-0.903251    1.842426     81.289466    81.339182    -0.124227    0.253394     11.179958   
1.457225     1.498245     39.752642    39.856188    0.060704     0.062413     1.655992    
0.041577     -1.163337    46.381169    46.437515    0.006743     -0.188657    7.521586    
-1.225371    -0.495077    45.784781    45.846131    -0.047693    -0.019269    1.781991    
1.432899     0.326432     11.630476    11.887080    0.048163     0.010972     0.390923    
-0.746245    -0.740880    85.207767    85.236989    -0.034770    -0.034520    3.970123    
0.916903     0.474953     87.626203    87.654394    0.028536     0.014781     2.727104    
-1.237721    -0.403628    15.044371    15.228359    -0.016421    -0.005355    0.199597    
0.660055     -1.277156    23.133608    23.261676    0.061183     -0.118384    2.144331    
-0.192894    0.506286     46.168621    46.213743    -0.017555    0.046076     4.201740    
-0.693026    1.129201     18.929220    19.077361    -0.054491    0.088787     1.488361    
-0.051063    1.450490     37.591753    37.671228    -0.003611    0.102563     2.658084    
-0.586999    -0.268558    5.886096     6.240014     -0.148156    -0.067783    1.485627    
-0.877237    -0.229268    37.260252    37.323230    -0.155790    -0.040716    6.617115    
-0.671525    0.553739     16.004638    16.148714    -0.120055    0.098997     2.861299    
-0.675022    -0.569605    30.138471    30.215601    -0.021952    -0.018523    0.980099    
2.363879     -2.294798    50.063351    50.210239    0.518784     -0.503623    10.987049   
-0.485811    -0.544629    69.358977    69.390744    -0.077647    -0.087048    11.085693   
-2.007417    1.416657     68.950449    69.022286    -0.143761    0.101454     4.937891    
2.345814     -0.391392    24.248244    24.443983    0.162700     -0.027146    1.681804    
0.236467     -0.400102    20.309417    20.409885    0.026699     -0.045174    2.293079    
-0.076188    0.118769     114.808571   114.825532   -0.019896    0.031015     29.981028   
1.645415     -0.164787    160.907123   160.927659   0.083573     -0.008370    8.172702    
0.191737     -0.784505    19.524379    19.639973    0.020853     -0.085322    2.123465    
-0.604978    -0.443355    29.756581    29.831052    -0.125642    -0.092076    6.179840    
1.337416     -0.345404    15.972121    16.152139    0.001142     -0.000295    0.013634    
0.568740     -0.577291    19.759001    19.873344    0.066419     -0.067417    2.307504    
-0.252566    0.040945     25.102835    25.181199    -0.009288    0.001506     0.923110    
1.205303     1.192004     25.742474    25.873220    0.009542     0.009437     0.203796    
-0.105878    -0.108247    57.526516    57.560385    -0.006849    -0.007002    3.721324    
-0.172065    -0.036173    21.142910    21.235077    -0.008739    -0.001837    1.073875    
-1.169400    0.840084     60.587592    60.636659    -0.163244    0.117272     8.457790    
0.330904     -0.054665    9.736322     9.938984     0.009252     -0.001528    0.272225    
0.905845     -0.766380    30.923102    31.008403    0.006502     -0.005501    0.221956    
-1.229774    1.902674     20.044563    20.268003    -0.254038    0.393040     4.140657    
0.244724     -0.434799    19.792953    19.896856    0.011552     -0.020524    0.934292    
-0.979560    -0.641223    49.382681    49.435765    -0.146957    -0.096199    7.408569    
-0.545663    0.104106     37.783181    37.838503    -0.035128    0.006702     2.432354    
-3.116930    0.314141     27.082590    27.334147    -0.221269    0.022301     1.922579    
0.896146     1.365525     27.230007    27.349881    0.054323     0.082776     1.650638    
-0.448711    -0.736743    43.200409    43.253837    -0.014232    -0.023367    1.370168    
-0.417863    -0.358464    29.611894    29.682357    -0.105255    -0.090293    7.458929    
0.402317     2.902839     38.184091    38.346944    0.001163     0.008390     0.110359    
-0.037374    -1.849487    110.991029   111.023896   -0.001329    -0.065773    3.947159    
1.035349     1.474094     79.825159    79.869743    0.003008     0.004283     0.231933    
-0.196250    -0.526426    14.699809    14.841664    -0.013610    -0.036508    1.019451    
-0.759638    0.585125     50.710648    50.757898    -0.084529    0.065110     5.642865    
0.340739     -0.985792    45.724022    45.778259    0.002302     -0.006660    0.308897    
-0.905333    -0.662389    72.719027    72.754314    -0.014306    -0.010467    1.149098    
-0.682598    0.835070     6.011967     6.417319     -0.015954    0.019517     0.140511    
-0.034360    -0.426839    7.918693     8.170925     -0.003902    -0.048466    0.899142    
-0.605481    1.544627     84.482660    84.521874    -0.030557    0.077954     4.263659    
-0.920508    1.320417     27.771439    27.887607    -0.304332    0.436547     9.181594    
0.618310     0.446828     20.424109    20.532928    0.029700     0.021463     0.981054    
-0.653324    0.864163     38.287185    38.353058    -0.030770    0.040700     1.803246    
-0.363399    0.760065     25.106040    25.197182    -0.106790    0.223357     7.377787    
-1.137733    0.485841     26.887281    26.987614    -0.051079    0.021812     1.207118    
-0.157199    -0.145965    16.456283    16.574988    -0.015501    -0.014394    1.622739    
-0.058385    1.048525     23.269335    23.376050    -0.014375    0.258163     5.729259    
-0.500725    1.110591     26.797704    26.897510    -0.045886    0.101774     2.455721    
2.270216     -1.706315    52.520308    52.633858    0.138770     -0.104301    3.210370    
1.289199     0.426520     79.553648    79.589584    0.040366     0.013355     2.490913    
0.337775     -0.911650    28.916459    28.999686    0.042683     -0.115200    3.654015    
1.081609     1.535380     61.522008    61.582138    0.035005     0.049691     1.991113    
-1.549876    0.620734     90.256358    90.293258    -0.029340    0.011751     1.708577    
-1.246986    0.716269     39.351997    39.427436    -0.004199    0.002412     0.132508    
0.616031     -0.510195    20.521516    20.631223    0.056211     -0.046554    1.872524    
-0.309352    1.163008     13.065056    13.267212    -0.005461    0.020530     0.230629    
-0.246291    0.594173     5.572222     5.944604     -0.033098    0.079848     0.748826    
1.369069     -0.295516    42.517696    42.586278    0.250294     -0.054026    7.773109    
1.389547     0.621962     30.160719    30.263205    0.053118     0.023776     1.152954    
-0.897791    -1.059791    52.938099    52.992890    -0.255104    -0.301135    15.042139   
1.045167     -0.844348    115.981616   116.006101   0.098460     -0.079542    10.926111   
-1.568905    2.723246     44.444555    44.599001    -0.079309    0.137661     2.246690    
1.033747     0.756283     246.711669   246.722847   0.015567     0.011389     3.715273    
-0.260008    -1.039373    34.108293    34.181845    -0.010903    -0.043584    1.430249    
0.960834     -0.914649    51.198853    51.253851    0.105000     -0.099952    5.594991    
0.918968     0.579144     19.902132    20.028723    0.000791     0.000499     0.017134    
-1.282357    -0.493702    41.209751    41.279617    -0.017568    -0.006764    0.564565    
-0.416547    -0.502851    32.573856    32.639813    -0.112872    -0.136258    8.826560    
0.616580     0.668402     36.009136    36.074364    0.111934     0.121341     6.537087    
-0.146802    0.791972     17.064129    17.196169    -0.007473    0.040318     0.868698    
-0.860919    0.023735     127.032828   127.050998   -0.052655    0.001452     7.769561    
-0.683169    0.097536     33.090004    33.155686    -0.121561    0.017355     5.887937    
-0.586064    -0.546577    78.878586    78.907214    -0.189407    -0.176646    25.492364   
0.331778     1.969577     55.437517    55.508401    0.028031     0.166404     4.683767    
0.065385     -0.266542    36.076248    36.130955    0.000170     -0.000694    0.093919    
0.962059     1.271758     43.506002    43.579698    0.246596     0.325978     11.151502   
0.104669     -1.551526    28.605336    28.715125    0.014936     -0.221394    4.081823    
-1.045315    0.577402     54.069819    54.118817    -0.134958    0.074547     6.980811    
1.072670     -0.115981    51.435864    51.484825    0.173224     -0.018730    8.306295    
-0.217060    0.427429     85.234203    85.258279    -0.016495    0.032482     6.477234    
1.734091     0.301229     29.087018    29.206632    0.039703     0.006897     0.665967    
-0.834941    -0.396358    6.161527     6.534033     -0.060841    -0.028882    0.448982    
-0.422900    0.001505     9.130165     9.349530     -0.002373    0.000008     0.051234    
0.437215     -0.721008    27.506929    27.590163    0.015679     -0.025856    0.986417    
-0.855234    0.666166     29.234603    29.320849    -0.069724    0.054310     2.383397    
-0.644861    -0.942278    188.126943   188.140706   -0.130042    -0.190019    37.937501   
0.865827     -0.043839    12.930169    13.107852    0.051663     -0.002616    0.771523    
0.239342     -0.338984    122.824597   122.841071   0.010715     -0.015176    5.498868    
-0.253474    1.536847     66.372548    66.419999    -0.001875    0.011369     0.491017    
-1.075154    0.616411     20.079489    20.213777    -0.023765    0.013625     0.443828    
0.332310     0.320817     14.860787    14.997709    0.109570     0.105780     4.899924    
0.115849     -0.456125    59.653368    59.687693    0.000964     -0.003796    0.496407    
-0.481636    0.041438     31.454017    31.519262    -0.110832    0.009536     7.238039    
-0.153589    -0.191127    37.971760    38.023541    -0.006007    -0.007475    1.484995    
-0.515292    -0.200682    210.061638   210.071589   -0.006704    -0.002611    2.732862    
0.255991     0.129667     60.461583    60.494300    0.021291     0.010785     5.028636    
-0.918304    0.034316     46.237178    46.288185    -0.043708    0.001633     2.200734    
1.739459     1.993987     35.556948    35.709568    0.318935     0.365604     6.519474    
-2.089623    1.354818     18.734096    19.001141    -0.167604    0.108667     1.502619    
-1.326067    1.250726     21.335104    21.503125    -0.061513    0.058018     0.989686    
-0.917284    0.671790     49.051901    49.104548    -0.212399    0.155554     11.358082   
-0.810758    0.092419     42.069024    42.122958    -0.121256    0.013822     6.291770    
-0.029250    -0.510320    24.123961    24.209538    -0.001729    -0.030171    1.426240    
-0.482138    -0.341999    14.125102    14.273853    -0.041264    -0.029270    1.208906    
0.159627     -0.190078    17.099820    17.214540    0.005355     -0.006377    0.573692    
-2.225110    -0.103657    103.839881   103.882423   -0.493499    -0.022990    23.030255   
-0.733435    0.152552     21.225269    21.329515    -0.019373    0.004030     0.560656    
1.241081     -0.186736    17.501266    17.656285    0.226688     -0.034108    3.196675    
-1.733409    0.516542     24.842943    24.986363    -0.080576    0.024011     1.154799    
-0.476469    -0.853790    108.316253   108.338550   -0.008577    -0.015369    1.949846    
0.251957     0.872363     13.378239    13.552739    0.003822     0.013232     0.202927    
0.676215     1.390667     61.942454    61.993014    0.042785     0.087989     3.919177    
0.212418     0.705411     15.081305    15.227063    0.034975     0.116148     2.483180    
0.445900     -0.142658    9.908948     10.113426    0.042605     -0.013631    0.946787    
-1.418916    0.963059     28.451172    28.570701    -0.117034    0.079435     2.346698    
1.325377     -0.433308    29.112107    29.211883    0.110239     -0.036041    2.421416    
-0.762785    -0.867783    26.876705    26.973452    -0.000617    -0.000702    0.021753    
1.564245     -0.380596    103.455708   103.486957   0.072018     -0.017523    4.763123    
-1.930656    1.021823     20.829706    21.036234    -0.009524    0.005041     0.102752    
-0.352780    -0.284330    14.706636    14.844709    -0.007214    -0.005814    0.300730    
0.269838     -0.532852    17.250798    17.373017    0.010524     -0.020781    0.672769    
-0.179894    -0.792736    88.754488    88.780037    -0.026318    -0.115973    12.984270   
-0.488249    0.082022     48.784450    48.826659    -0.022694    0.003813     2.267567    
0.339598     0.586346     62.562011    62.596640    0.037978     0.065573     6.996524    
0.398806     0.347850     25.303427    25.385398    0.061435     0.053586     3.897941    
1.389745     -0.040398    15.624860    15.809625    0.021976     -0.000639    0.247074    
-0.833594    0.368440     35.073021    35.140040    -0.097466    0.043079     4.100820    
-3.107251    1.062177     31.630863    31.861727    -0.049410    0.016890     0.502980    
-0.862726    -0.467655    41.179605    41.238305    -0.000134    -0.000072    0.006382    
0.170757     -0.761791    44.609495    44.659730    0.001059     -0.004723    0.276572    
0.387170     -0.804743    10.121172    10.349424    0.027900     -0.057990    0.729339    
-0.163648    -1.241808    57.193643    57.241215    -0.000170    -0.001290    0.059423    
-0.844297    -1.323424    25.119970    25.245834    -0.180581    -0.283058    5.372739    
-1.052869    -0.453592    83.831255    83.862200    -0.045378    -0.019550    3.613072    
1.378891     1.563143     14.513653    14.794115    0.048569     0.055059     0.511214    
0.945905     1.757682     30.103806    30.234058    0.041680     0.077450     1.326479    
-0.163222    0.558076     24.083571    24.170880    -0.003753    0.012832     0.553739    
-0.460552    0.130017     18.669755    18.779342    -0.012607    0.003559     0.511067    
1.430332     -0.732870    89.533743    89.569800    0.114455     -0.058644    7.164474    
0.487820     -0.097556    11.465070    11.643464    0.000155     -0.000031    0.003654    
-0.795625    -0.618112    21.722539    21.834805    -0.087978    -0.068349    2.402008    
0.313106     0.327739     71.510963    71.539487    0.034447     0.036056     7.867321    
0.800254     0.157561     7.887533     8.170273     0.007436     0.001464     0.073295    
1.351942     0.406317     15.983262    16.165780    0.256789     0.077176     3.035871    
0.054916     1.469688     19.703326    19.855957    0.001658     0.044375     0.594916    
-0.069962    0.078522     27.530271    27.600758    -0.000658    0.000739     0.258985    
0.483302     -0.794107    30.790220    30.867082    0.024752     -0.040670    1.576901    
0.449666     1.711051     66.574927    66.627515    0.059177     0.225177     8.761367    
0.586310     -0.490392    20.686835    20.794334    0.077033     -0.064431    2.717974    
-0.080312    -0.310669    15.921685    16.046120    -0.000674    -0.002608    0.133670    
-0.317682    0.998182     19.319053    19.447315    -0.020109    0.063185     1.222890    
-0.599924    0.471309     22.938367    23.035314    -0.065365    0.051352     2.499261    
0.439918     -0.670453    60.769184    60.806346    0.022389     -0.034121    3.092711    
1.993367     -0.787592    25.110745    25.278811    0.048352     -0.019104    0.609094    
-0.194243    -0.758201    11.977797    12.163683    -0.013162    -0.051377    0.811630    
-0.692159    1.318393     22.256041    22.392489    -0.028175    0.053667     0.905967    
-1.002358    -0.340509    116.605347   116.626766   -0.083906    -0.028503    9.760848    
-0.557867    0.249583     41.293391    41.344802    -0.126466    0.056579     9.361019    
-0.863364    -1.168575    54.496747    54.551639    -0.062250    -0.084256    3.929289    
2.821638     -1.523319    35.010199    35.211804    0.071449     -0.038573    0.886517    
-0.270633    0.463147     10.622242    10.816410    -0.021385    0.036597     0.839344    
0.197622     0.862359     11.202855    11.408840    0.018040     0.078722     1.022667    
-0.651873    0.217003     18.206997    18.325984    -0.068994    0.022967     1.927012    
0.071281     -0.169998    13.468487    13.612828    0.009384     -0.022380    1.773110    
-1.043300    0.712364     13.873497    14.069286    -0.081535    0.055672     1.084233    
0.036100     -0.205968    13.625424    13.768473    0.000112     -0.000637    0.042134    
-0.947542    0.937744     72.672223    72.711100    -0.065247    0.064573     5.004168    
0.239834     0.634339     17.109218    17.235434    0.028901     0.076441     2.061750    
-1.066080    1.197529     71.241093    71.286316    -0.044716    0.050230     2.988160    
-1.280355    0.530307     26.711763    26.820025    -0.224850    0.093130     4.690997    
-0.895014    -0.748638    32.313984    32.394907    -0.045195    -0.037804    1.631745    
-1.238489    0.316105     33.635049    33.716840    -0.137727    0.035153     3.740394    
0.308237     1.790296     140.644132   140.669638   0.002024     0.011757     0.923612    
1.109101     -1.611702    44.841697    44.927502    0.037530     -0.054538    1.517383    
1.114134     -0.142309    25.835466    25.934683    0.013956     -0.001783    0.323621    
0.773951     -2.743005    20.227136    20.521575    0.055925     -0.198207    1.461598    
-0.907792    -0.627866    10.586225    10.824112    -0.058417    -0.040403    0.681227    
0.658364     -2.104117    34.210417    34.337856    0.004275     -0.013662    0.222122    
-0.138445    -0.391637    15.045431    15.179344    -0.022049    -0.062374    2.396196    
1.855402     -0.062704    25.806003    25.947470    0.327591     -0.011071    4.556321    
1.990349     -0.127039    66.633166    66.692064    0.221260     -0.014123    7.407370    
-0.675083    -0.742641    17.303055    17.443564    -0.046630    -0.051296    1.195172    
0.348397     1.950999     74.636057    74.688311    0.004938     0.027655     1.057953    
-0.107201    0.679920     13.487854    13.648111    -0.009188    0.058276     1.156040    
-0.207563    -0.488266    44.517821    44.564480    -0.004883    -0.011486    1.047201    
2.611034     1.773816     47.842244    47.986657    0.680520     0.462314     12.469239   
0.843149     0.776871     33.631203    33.708266    0.006389     0.005887     0.254834    
-0.621909    -1.388995    11.649321    11.912082    -0.050464    -0.112708    0.945269    
-0.292399    0.090049     51.688655    51.727030    -0.005856    0.001804     1.035241    
0.391234     0.043914     28.524573    28.595126    0.004139     0.000465     0.301796    
0.879916     2.167166     53.396602    53.484044    0.157954     0.389030     9.585269    
0.443593     0.923385     13.795678    13.973013    0.007596     0.015812     0.236236    
0.792410     0.713025     32.938595    33.014577    0.020019     0.018013     0.832141    
1.575945     -0.718181    49.770891    49.839903    0.409124     -0.186444    12.920796   
0.075846     -0.589869    37.664171    37.720265    0.000204     -0.001583    0.101061    
-0.111702    1.104402     20.565537    20.689332    -0.004345    0.042957     0.799920    
-0.241357    -1.811587    23.053194    23.209153    -0.029250    -0.219545    2.793797    
1.700119     -0.327606    40.875802    40.959783    0.018273     -0.003521    0.439345    
0.541283     -0.024177    116.601995   116.619869   0.073570     -0.003286    15.848320   
-0.443781    -0.855252    80.094168    80.124148    -0.011143    -0.021475    2.011129    
0.368288     0.065951     53.671845    53.709234    0.001431     0.000256     0.208581    
-0.702666    -0.461640    18.012211    18.138951    -0.137740    -0.090493    3.530843    
-0.824975    0.409033     18.122042    18.251883    -0.006158    0.003053     0.135270    
1.192929     0.906298     75.441058    75.481605    0.064838     0.049259     4.100393    
-1.464340    0.418529     26.522543    26.639064    -0.048489    0.013859     0.878239    
1.449197     -1.484718    40.197601    40.299214    0.325477     -0.333455    9.028040    
-1.113981    0.420301     67.435126    67.474357    -0.050228    0.018951     3.040574    
0.180281     -0.063263    27.220370    27.292123    0.014796     -0.005192    2.234001    
0.832360     1.755413     104.727000   104.763514   0.013114     0.027657     1.650030    
0.619233     0.903137     25.031584    25.132733    0.025836     0.037682     1.044395    
-0.876704    0.324105     30.565339    30.642921    -0.071328    0.026369     2.486779    
-0.579685    0.241829     20.946107    21.047776    -0.001668    0.000696     0.060286    
-0.717771    1.265256     33.690268    33.779065    -0.033683    0.059375     1.580995    
-1.642153    0.086202     47.722087    47.790969    -0.055880    0.002933     1.623912    
0.137707     -0.714207    19.258698    19.372698    0.000118     -0.000612    0.016497    
0.945035     1.138973     27.924030    28.032423    0.015044     0.018131     0.444524    
-0.672285    -0.937202    77.278858    77.312529    -0.071725    -0.099989    8.244772    
-0.029304    -1.916209    35.870625    35.975678    -0.000570    -0.037252    0.697351    
-1.433415    0.706534     20.610757    20.766130    -0.054462    0.026844     0.783092    
0.692378     0.697680     22.184138    22.292983    0.082664     0.083297     2.648594    
1.169900     -0.465599    12.514018    12.730320    0.219324     -0.087287    2.346035    
-1.096053    -1.517404    97.986782    98.024427    -0.022115    -0.030617    1.977110    
-0.590985    -0.195586    37.841781    37.898059    -0.012976    -0.004294    0.830864    
-1.544988    -1.321889    58.307929    58.376570    -0.198312    -0.169675    7.484287    
0.395000     2.276056     75.189448    75.250678    0.021313     0.122810     4.057031    
1.220499     -0.237992    64.528474    64.570466    0.037164     -0.007247    1.964882    
0.169753     0.747678     17.418150    17.545790    0.005065     0.022311     0.519762    
-0.602015    -0.573741    41.378397    41.433540    -0.036905    -0.035171    2.536571    
0.944484     0.728091     20.982567    21.108417    0.006152     0.004742     0.136662    
1.085756     0.885064     76.183922    76.222222    0.206601     0.168413     14.496509   
0.310654     -1.173055    23.816777    23.928777    0.011295     -0.042650    0.865924    
-3.816682    -1.373547    50.114081    50.316496    -0.397199    -0.142944    5.215334    
-0.023764    -1.051958    34.949533    35.020736    -0.000170    -0.007510    0.249517    
1.416445     0.844104     51.302430    51.366654    0.069943     0.041681     2.533259    
0.385961     -0.444120    39.745606    39.798673    0.020755     -0.023882    2.137308    
-0.143452    0.647504     7.498691     7.781077     -0.004877    0.022012     0.254913    
-1.204303    -2.875793    43.960744    44.115105    -0.061664    -0.147250    2.250935    
-0.065294    0.044027     10.822706    11.000551    -0.015641    0.010546     2.592462    
-1.832398    -0.200014    29.913642    30.034957    -0.045050    -0.004917    0.735439    
0.579801     0.168508     31.630908    31.697852    0.001267     0.000368     0.069114    
-0.179382    -2.812894    76.987048    77.063773    -0.017033    -0.267092    7.310142    
-0.939231    -0.396882    11.213032    11.430079    -0.060906    -0.025737    0.727129    
1.066289     -1.671896    59.508238    59.573800    0.062631     -0.098202    3.495345    
-1.866662    -2.023756    59.696798    59.792664    -0.151792    -0.164566    4.854370    
1.342660     0.778528     80.267749    80.306883    0.016693     0.009679     0.997962    
1.099659     -0.635589    14.267409    14.458462    0.002880     -0.001665    0.037365    
0.766445     -1.487673    11.471686    11.759046    0.021783     -0.042280    0.326031    
0.047288     1.546010     30.235919    30.339383    0.001758     0.057483     1.124223    
0.623011     -1.575184    49.657111    49.724974    0.016884     -0.042689    1.345770    
-0.451975    -0.347071    61.265138    61.299403    -0.040143    -0.030826    5.441392    
0.479531     -0.318761    71.785612    71.814906    0.010416     -0.006924    1.559283    
-0.058482    -0.936520    42.941764    42.997099    -0.003028    -0.048491    2.223410    
-1.000602    1.662161     60.083825    60.147361    -0.037578    0.062423     2.256472    
-0.007170    -0.740000    42.376379    42.428530    -0.000194    -0.020051    1.148214    
-0.427913    -0.530548    20.224683    20.331683    -0.052314    -0.064861    2.472529    
0.794604     -0.648876    83.313823    83.343389    0.002002     -0.001635    0.209908    
-1.194622    0.460916     53.080976    53.132895    -0.110548    0.042652     4.912010    
0.165546     0.637179     24.369823    24.458058    0.028342     0.109086     4.172159    
0.182670     1.127324     9.659419     9.923888     0.024062     0.148493     1.272359    
0.138181     0.083707     30.319206    30.383471    0.002912     0.001764     0.638986    
-0.112089    0.366673     36.097653    36.153319    -0.002880    0.009420     0.927345    
-0.044743    -0.364271    68.400061    68.429365    -0.006969    -0.056734    10.653017   
0.230649     -0.344609    64.435332    64.466727    0.037434     -0.055930    10.457780   
1.354501     -0.199480    70.867363    70.907916    0.245852     -0.036207    12.862929   
-0.509501    0.645716     21.857806    21.961675    -0.090264    0.114396     3.872367    
-0.172970    -1.228099    103.548140   103.574274   -0.008609    -0.061125    5.153798    
1.283616     -0.693152    122.165604   122.190171   0.032680     -0.017647    3.110239    
0.569775     -1.127491    51.167225    51.220657    0.069243     -0.137020    6.218157    
-0.571418    1.060546     40.399381    40.465247    -0.054232    0.100654     3.834201    
0.760396     -0.257188    138.461110   138.477429   0.030205     -0.010216    5.500060    
1.354389     2.012513     53.709528    53.800306    0.031974     0.047510     1.267947    
0.751537     -0.019640    44.210752    44.260940    0.017616     -0.000460    1.036296    
-0.563124    -1.919448    50.603158    50.680923    -0.014438    -0.049213    1.297428    
0.459671     -1.136144    37.200502    37.272704    0.052586     -0.129975    4.255731    
0.195543     -0.272507    5.894455     6.223507     0.002255     -0.003142    0.067965    
-0.643281    -0.379190    46.115269    46.163303    -0.023591    -0.013906    1.691198    
-1.502231    -0.335491    40.750678    40.827221    -0.119512    -0.026690    3.241983    
0.415298     1.258571     97.037914    97.066927    0.138824     0.420711     32.437507   
-0.520887    -0.490167    65.357167    65.390717    -0.044288    -0.041676    5.556988    
-0.383543    0.640761     33.694963    33.760675    -0.130928    0.218733     11.502276   
1.618461     0.394480     204.882954   204.899182   0.097767     0.023830     12.376472   
-1.283525    -0.295532    58.067985    58.116268    -0.019273    -0.004438    0.871952    
-0.094817    1.197208     50.726909    50.779293    -0.006058    0.076488     3.240884    
0.260648     0.191344     45.176414    45.220436    0.006853     0.005031     1.187823    
0.089606     0.612608     38.582486    38.637630    0.002485     0.016991     1.070092    
0.907784     2.013831     36.386827    36.506927    0.050408     0.111825     2.020497    
0.376101     0.079990     29.723164    29.790758    0.015341     0.003263     1.212394    
1.176901     0.773888     17.218056    17.387364    0.062932     0.041382     0.920700    
0.873977     1.874832     56.464515    56.536671    0.089284     0.191530     5.768345    
0.427686     0.073069     6.631279     6.930878     0.057427     0.009811     0.890413    
0.244429     0.882001     173.896284   173.909834   0.008028     0.028970     5.711775    
-2.192517    0.281342     143.515816   143.546336   -0.004969    0.000638     0.325269    
0.078376     -0.945867    86.624519    86.652081    0.004802     -0.057956    5.307775    
-0.319389    -1.648912    129.461712   129.487570   -0.052583    -0.271469    21.313930   
-0.804292    -1.431626    22.512439    22.657919    -0.155531    -0.276842    4.353363    
-1.872230    0.862077     29.491744    29.629147    -0.033651    0.015495     0.530071    
0.101012     -0.629855    12.342608    12.514865    0.006273     -0.039113    0.766455    
0.826275     -0.590516    70.846744    70.881363    0.080640     -0.057631    6.914228    
0.257693     1.535181     77.108399    77.149228    0.037217     0.221715     11.136185   
-0.010888    0.266887     36.570640    36.624555    -0.001125    0.027571     3.777952    
-0.104168    0.223273     20.757999    20.852582    -0.005140    0.011018     1.024334    
1.804202     -1.076416    40.801748    40.903195    0.290182     -0.173127    6.562428    
-0.584074    1.777808     110.668006   110.701329   -0.020122    0.061247     3.812619    
-0.669089    0.415853     29.050127    29.127400    -0.014205    0.008829     0.616759    
0.308597     -0.614388    5.540510     5.919874     0.048173     -0.095909    0.864900    
0.606334     -0.367656    11.110019    11.305321    0.153671     -0.093180    2.815761    
-0.747361    -0.288665    40.767044    40.822404    -0.051876    -0.020037    2.829739    
0.424206     0.072357     57.965195    58.000206    0.013869     0.002366     1.895167    
-2.182636    1.674335     39.433441    39.578258    -0.109273    0.083825     1.974222    
-1.070768    -1.037373    68.287659    68.332291    -0.076213    -0.073836    4.860443    
-1.166749    1.195279     9.677980     10.016399    -0.003264    0.003344     0.027077    
-2.011010    -0.099814    70.160881    70.217365    -0.321132    -0.015939    11.203768   
-1.660900    -0.365827    13.846360    14.088614    -0.066131    -0.014566    0.551310    
1.031502     1.299121     37.444462    37.532844    0.005668     0.007138     0.205750    
-0.372704    0.127668     14.772225    14.908011    -0.009246    0.003167     0.366458    
-0.027165    -1.039935    11.240078    11.458469    -0.003244    -0.124190    1.342301    
-0.266977    -0.013558    70.677299    70.705212    -0.038319    -0.001946    10.144398   
-1.469002    -0.897992    108.322820   108.354384   -0.031260    -0.019109    2.305085    
-0.762059    -0.683579    63.405736    63.444545    -0.006983    -0.006264    0.581012    
-0.609893    0.032781     7.012748     7.309353     -0.007831    0.000421     0.090043    
1.177491     -0.698665    9.686556     9.978925     0.222558     -0.132055    1.830858    
1.564680     -0.869977    18.271139    18.463871    0.037093     -0.020624    0.433138    
-1.956414    1.354640     44.598802    44.705601    -0.188199    0.130311     4.290217    
-0.511134    0.066958     12.073824    12.244097    -0.047349    0.006203     1.118454    
-1.032177    0.333032     11.889796    12.100351    -0.094842    0.030601     1.092497    
-1.414072    -1.827397    30.524547    30.675102    -0.092802    -0.119928    2.003253    
0.329315     -2.000917    63.850753    63.913267    0.008133     -0.049418    1.576980    
0.810437     1.116822     103.568610   103.596506   0.005285     0.007283     0.675396    
0.955676     1.265861     21.322900    21.472232    0.209692     0.277752     4.678614    
0.757252     -0.270518    83.535365    83.562424    0.012149     -0.004340    1.340250    
0.675359     -0.039600    41.501098    41.553264    0.028290     -0.001659    1.738407    
-1.553040    0.278839     14.956897    15.168171    -0.052516    0.009429     0.505766    
0.775516     -0.205976    66.359450    66.393489    0.053282     -0.014152    4.559242    
-0.032516    0.551579     23.369745    23.459011    -0.002805    0.047578     2.015842    
0.591731     -0.217692    10.282446    10.488145    0.009498     -0.003494    0.165044    
-1.395468    -1.311768    52.433542    52.505422    -0.185295    -0.174181    6.962288    
2.730009     -0.777708    65.308155    65.399449    0.046099     -0.013132    1.102796    
-0.423876    -0.406398    36.626561    36.684122    -0.019248    -0.018454    1.663174    
1.010442     0.338717     34.860921    34.932714    0.208586     0.069921     7.196349    
-0.066739    -0.370723    109.036185   109.054603   -0.013324    -0.074012    21.768288   
1.164726     -1.516374    15.038555    15.286892    0.037831     -0.049252    0.488455    
-1.024607    -1.084666    27.982677    28.091484    -0.050593    -0.053559    1.381735    
1.891337     -1.952897    63.306859    63.395775    0.094933     -0.098023    3.177595    
1.280861     2.259006     47.884705    47.995455    0.167261     0.294993     6.253030    
1.315290     0.355581     19.191113    19.339861    0.298259     0.080633     4.351836    
0.729289     -1.008022    24.259826    24.371337    0.009355     -0.012930    0.311178    
0.053218     -0.513572    28.823961    28.895713    0.002525     -0.024367    1.367607    
-0.941316    0.157387     24.827207    24.923403    -0.335838    0.056152     8.857721    
-0.205085    0.161181     60.210671    60.243405    -0.028114    0.022096     8.254024    
-0.470507    1.677991     20.148022    20.318828    -0.075055    0.267673     3.214012    
-0.277988    -0.650084    50.695395    50.738525    -0.001012    -0.002366    0.184479    
-1.070097    0.640341     47.591928    47.648943    -0.087512    0.052367     3.892036    
-0.987142    0.409835     27.520229    27.611236    -0.013913    0.005776     0.387873    
0.167177     0.049633     59.857744    59.890357    0.024520     0.007280     8.779523    
1.443990     2.201934     20.186357    20.452325    0.444633     0.678019     6.215780    
0.760802     -0.402626    10.653650    10.868125    0.059604     -0.031543    0.834648    
0.122695     1.806289     38.420103    38.513075    0.009576     0.140970     2.998455    
-0.202368    -0.716671    21.775022    21.876496    -0.006261    -0.022174    0.673720    
-0.339061    0.261532     60.128602    60.162339    -0.009734    0.007508     1.726215    
-1.738093    -1.059595    83.858252    83.906049    -0.061475    -0.037477    2.965988    
0.143336     -0.063620    32.905993    32.965193    0.001095     -0.000486    0.251359    
-0.224589    1.116837     33.124155    33.202144    -0.017037    0.084723     2.512797    
2.208863     -0.946907    40.475310    40.594351    0.040890     -0.017529    0.749276    
0.489305     0.090041     147.809685   147.823630   0.016937     0.003117     5.116332    
-0.273839    -0.079371    32.109053    32.170600    -0.027622    -0.008006    3.238790    
-0.394991    0.454576     62.838692    62.872401    -0.017342    0.019958     2.758909    
2.500488     0.684742     31.117095    31.286897    0.063076     0.017273     0.784938    
0.375551     -0.256790    8.719547     8.950555     0.007140     -0.004882    0.165783    
-1.319429    -1.860565    40.362634    40.474928    -0.090644    -0.127819    2.772876    
1.198490     -1.422170    167.899884   167.921723   0.191040     -0.226694    26.763300   
1.862088     0.419168     9.956654     10.327294    0.149390     0.033629     0.798793    
-0.005819    -0.669469    67.537173    67.569171    -0.000485    -0.055826    5.631805    
-0.519131    -0.289763    39.644301    39.697594    -0.014596    -0.008147    1.114676    
-0.917260    -0.279595    34.121463    34.191647    -0.231868    -0.070677    8.625333    
1.046945     -0.065872    11.115645    11.337238    0.019752     -0.001243    0.209708    
1.039493     0.105686     21.949694    22.062542    0.039121     0.003977     0.826074    
-0.649973    0.641152     12.146044    12.338350    -0.074966    0.073949     1.400894    
0.421193     0.065452     8.548737     8.782798     0.018333     0.002849     0.372086    
-0.547771    -1.153540    114.314576   114.338655   -0.007856    -0.016544    1.639511    
0.110937     -0.969270    34.266088    34.336446    0.000367     -0.003209    0.113431    
1.821863     -0.564324    65.874257    65.931255    0.211705     -0.065576    7.654757    
1.243675     -0.426155    58.991752    59.039225    0.035162     -0.012049    1.667858    
0.346623     -0.344441    39.314261    39.366545    0.028456     -0.028277    3.227518    
0.732593     0.097743     40.666902    40.721224    0.042418     0.005659     2.354673    
-0.491875    -0.423312    30.675564    30.745509    -0.068203    -0.058696    4.253473    
-0.932037    -0.259583    49.549062    49.597586    -0.003883    -0.001082    0.206451    
0.462390     1.384385     26.333254    26.447033    0.018686     0.055945     1.064167    
-1.349394    -0.715820    81.852761    81.890676    -0.008786    -0.004661    0.532934    
1.096825     0.065085     37.340552    37.408542    0.090334     0.005360     3.075349    
1.017976     -1.950336    20.593296    20.803819    0.310981     -0.595807    6.291035    
-0.053083    2.306468     27.006656    27.176406    -0.001776    0.077152     0.903380    
0.970090     2.293001     32.543875    32.698282    0.078761     0.186168     2.642228    
0.141070     0.137612     54.190874    54.226973    0.044147     0.043065     16.958726   
1.957623     -0.513620    65.248613    65.309667    0.167307     -0.043896    5.576438    
-0.673239    0.649617     94.328891    94.354066    -0.017504    0.016890     2.452568    
0.896135     -0.335519    22.748725    22.853776    0.004645     -0.001739    0.117904    
-0.497279    1.271651     91.926049    91.957261    -0.010623    0.027165     1.963722    
2.110340     0.536306     40.180516    40.287591    0.007731     0.001965     0.147205    
0.359529     1.291145     23.940841    24.058993    0.000524     0.001880     0.034869    
-0.231671    -0.865361    10.081470    10.310844    -0.037469    -0.139957    1.630504    
-0.645697    -1.016592    13.210100    13.410149    -0.047399    -0.074626    0.969721    
-2.842125    2.075949     37.275839    37.493338    -0.622812    0.454915     8.168482    
-0.175262    -0.496914    54.708502    54.746441    -0.060960    -0.172838    19.028850   
-1.617874    -0.250628    18.627817    18.802948    -0.046463    -0.007198    0.534962    
0.555836     -1.085954    13.154488    13.356787    0.051438     -0.100497    1.217349    
0.368335     1.669303     31.833943    31.940524    0.057336     0.259846     4.955323    
0.685687     -0.836952    43.767232    43.824836    0.107747     -0.131516    6.877471    
-0.454156    0.199440     71.273313    71.302217    -0.003721    0.001634     0.583893    
1.733847     0.547835     97.286815    97.323716    0.176922     0.055901     9.927150    
-1.034052    0.033765     72.816864    72.850813    -0.016858    0.000550     1.187142    
0.769544     0.157502     60.174751    60.212064    0.081354     0.016651     6.361507    
-0.769986    -0.548136    79.507340    79.537320    -0.081572    -0.058069    8.422996    
1.588267     -0.260497    76.370701    76.413018    0.049078     -0.008050    2.359904    
-0.759320    1.057021     32.669593    32.754711    -0.012980    0.018069     0.558470    
0.543098     -0.879389    26.896639    26.988375    0.024384     -0.039482    1.207583    
1.404728     1.443653     123.168417   123.200614   0.016465     0.016922     1.443710    
0.153794     -0.756912    9.638579     9.867813     0.000349     -0.001720    0.021897    
-1.564199    0.718531     19.587401    19.761181    -0.365666    0.167973     4.578992    
0.808748     -0.306617    10.785370    10.997602    0.084786     -0.032144    1.130694    
-0.198184    0.165048     11.651876    11.819801    -0.007944    0.006616     0.467049    
1.102699     0.893847     17.277464    17.447081    0.031666     0.025669     0.496158    
0.028511     0.360376     9.826778     10.028519    0.001193     0.015074     0.411054    
-0.266195    -1.620354    41.643883    41.722708    -0.015005    -0.091335    2.347352    
1.211980     -1.234219    24.061995    24.204272    0.030481     -0.031040    0.605156    
0.324060     0.745165     55.677989    55.718702    0.010755     0.024730     1.847807    
-0.094889    -0.204993    28.221585    28.291056    -0.008501    -0.018366    2.528474    
0.330921     -1.440207    12.129700    12.376925    0.008002     -0.034827    0.293322    
0.010986     -0.859077    10.356191    10.576568    0.000050     -0.003920    0.047255    
-0.074964    -0.333107    18.523888    18.631317    -0.006467    -0.028738    1.598126    
-1.307454    0.007350     17.430975    17.590433    -0.006633    0.000037     0.088426    
0.888588     0.509423     122.412678   122.432789   0.106241     0.060908     14.635911   
-0.019447    0.106417     53.071160    53.107765    -0.000488    0.002671     1.332265    
0.818798     -1.425183    31.276819    31.381777    0.020415     -0.035534    0.779825    
0.337241     0.000050     11.776725    11.944871    0.002833     0.000000     0.098937    
0.835615     1.974790     19.272290    19.490874    0.097193     0.229695     2.241631    
-1.544204    -1.139227    30.525863    30.649399    -0.100173    -0.073902    1.980218    
-0.487219    -0.091832    32.884824    32.947419    -0.041657    -0.007852    2.811666    
0.203442     -0.559443    16.391338    16.519845    0.000558     -0.001534    0.044934    
1.203098     0.426634     56.715491    56.763997    0.264813     0.093906     12.483612   
0.260295     0.230741     14.773164    14.907794    0.011194     0.009923     0.635333    
-0.903439    0.217813     43.315846    43.370510    -0.004125    0.000995     0.197778    
0.400495     0.561769     14.056413    14.210338    0.001074     0.001507     0.037710    
-0.510415    -0.985326    37.488370    37.556414    -0.083287    -0.160781    6.117196    
-0.164141    1.044386     26.228570    26.323574    -0.000690    0.004390     0.110242    
1.341936     1.288904     130.417255   130.445381   0.007019     0.006741     0.682130    
-1.632752    -1.252673    25.958015    26.113762    -0.143841    -0.110357    2.286835    
-0.082373    0.318965     22.437243    22.525838    -0.004773    0.018484     1.300216    
-1.731584    -0.915975    16.855102    17.082354    -0.001549    -0.000820    0.015081    
0.052724     1.364712     45.512740    45.575758    0.003976     0.102916     3.432231    
-0.084191    -1.274080    29.122035    29.216404    -0.002456    -0.037173    0.849677    
-3.080115    0.751883     91.783338    91.859178    -0.368989    0.090074     10.995395   
-0.917207    0.419762     21.252868    21.367659    -0.064133    0.029351     1.486041    
-1.281114    0.915244     15.584838    15.787370    -0.087019    0.062167     1.058592    
-0.528205    -2.295034    38.737242    38.858654    -0.065265    -0.283575    4.786377    
1.071940     -0.411447    32.706235    32.785532    0.059821     -0.022961    1.825213    
-0.569531    0.063929     25.416905    25.499460    -0.059440    0.006672     2.652672    
-0.262524    0.350319     50.961300    51.001183    -0.005608    0.007484     1.088662    
0.383068     -0.276396    87.478263    87.501684    0.031309     -0.022590    7.149758    
-0.035662    0.487208     53.936415    53.974535    -0.003514    0.048003     5.314195    
-1.115089    -1.390131    23.992258    24.138750    -0.008667    -0.010805    0.186483    
1.258559     1.844709     24.395252    24.576212    0.043418     0.063639     0.841588    
0.460082     0.803521     75.267408    75.298837    0.024132     0.042146     3.947930    
0.567437     -1.400812    16.553425    16.738432    0.014748     -0.036407    0.430223    
-1.037590    -0.983485    45.409230    45.474355    -0.049175    -0.046611    2.152111    
1.397824     -0.883142    20.716298    20.875196    0.010526     -0.006650    0.155995    
0.620871     1.147881     90.080851    90.111807    0.004885     0.009032     0.708819    
0.435071     -1.362367    54.331031    54.385487    0.056269     -0.176199    7.026797    
0.136965     0.894213     43.984621    44.037940    0.016028     0.104640     5.147050    
-0.005269    0.280876     23.278353    23.363125    -0.000513    0.027340     2.265850    
0.617929     0.431933     23.465918    23.560405    0.006027     0.004213     0.228876    
0.400955     0.219575     26.386346    26.463620    0.045715     0.025035     3.008433    
-1.247068    -1.078940    49.676189    49.742517    -0.045865    -0.039682    1.827002    
2.282103     1.139158     110.036413   110.083572   0.003873     0.001933     0.186736    
0.021271     -2.496121    70.102705    70.174748    0.007947     -0.932596    26.191644   
0.244903     0.756649     28.894830    28.972723    0.016302     0.050366     1.923385    
0.323206     0.527016     10.727889    10.924503    0.022815     0.037202     0.757272    
1.188179     0.640736     45.260832    45.323726    0.405436     0.218635     15.444126   
0.022895     -0.339609    56.874738    56.909811    0.000989     -0.014670    2.456812    
1.798009     -2.868585    42.409874    42.590304    0.093834     -0.149705    2.213269    
0.049398     -0.589190    26.060834    26.141759    0.000097     -0.001161    0.051352    
1.073324     -0.025646    6.668089     7.034987     0.006115     -0.000146    0.037993    
0.410568     -0.521404    21.831627    21.930237    0.012361     -0.015699    0.657312    
-0.056038    1.129143     7.032037     7.389357     -0.001526    0.030751     0.191512    
0.850488     -0.424987    11.834188    12.034405    0.042648     -0.021311    0.593435    
-0.460839    0.657568     106.568095   106.589299   -0.033124    0.047265     7.659969    
-0.117012    0.668893     6.577439     6.899186     -0.025991    0.148576     1.460993    
-0.898901    -0.440749    56.718579    56.761558    -0.082861    -0.040628    5.228342    
-0.913984    -0.921956    43.638366    43.702029    -0.027191    -0.027428    1.298237    
0.619108     0.166369     89.877153    89.900993    0.093785     0.025202     13.614958   
-0.202875    0.330141     3.214150     3.788913     -0.007591    0.012353     0.120263    
-0.116801    1.186471     24.890620    24.996785    -0.016315    0.165728     3.476761    
0.442658     -0.962435    50.575870    50.625248    0.005938     -0.012910    0.678431    
0.143765     -1.862221    27.579255    27.712430    0.001486     -0.019245    0.285018    
-0.397081    0.365533     68.006757    68.037381    -0.023658    0.021778     4.051826    
-1.653221    0.479821     76.595786    76.640412    -0.181734    0.052745     8.419975    
1.069306     0.513956     55.241100    55.288893    0.052201     0.025090     2.696747    
0.729938     -0.270122    30.985086    31.057307    0.008303     -0.003073    0.352452    
-0.216283    0.989208     17.439944    17.579873    -0.011427    0.052265     0.921450    
0.150121     -0.111321    10.546969    10.730724    0.045503     -0.033743    3.196922    
-1.408237    1.487022     34.398320    34.515413    -0.032578    0.034401     0.795777    
0.910865     -1.011314    79.269900    79.306017    0.013456     -0.014940    1.171010    
-0.372484    1.065671     17.840480    17.984218    -0.003002    0.008588     0.143771    
-1.071057    -1.145181    67.840751    67.887415    -0.062647    -0.066983    3.968076    
0.021145     0.268753     76.655545    76.681290    0.000372     0.004727     1.348145    
0.697633     -1.905176    20.798795    20.990027    0.047937     -0.130913    1.429174    
0.307189     -0.579543    38.086834    38.143310    0.021024     -0.039665    2.606711    
0.277650     -0.912485    80.324386    80.354164    0.034199     -0.112392    9.893678    
0.584338     1.224102     83.277188    83.311493    0.169339     0.354740     24.133399   
0.455306     1.678055     27.599357    27.724044    0.070647     0.260373     4.282418    
-1.238718    0.560185     77.185772    77.222838    -0.115934    0.052429     7.223972    
-1.605733    -0.941575    21.717294    21.885629    -0.063924    -0.037484    0.864567    
1.443026     -0.351353    53.667263    53.723886    0.114405     -0.027856    4.254811    
-0.999921    0.026976     31.241379    31.319312    -0.010373    0.000280     0.324089    
-0.570356    1.687466     24.918426    25.059444    -0.087277    0.258220     3.813072    
-1.640101    1.013134     80.921888    80.968780    -0.072891    0.045026     3.596388    
1.951422     -0.446532    46.154875    46.240187    0.174260     -0.039875    4.121582    
1.679553     -0.449583    86.997019    87.036655    0.228586     -0.061188    11.840245   
0.547736     -0.506242    16.155046    16.291616    0.029798     -0.027540    0.878862    
-0.528510    1.145150     9.816096     10.090658    -0.042964    0.093092     0.797973    
0.413049     -0.341696    42.962044    43.010459    0.004987     -0.004125    0.518669    
0.635234     -0.059153    39.778161    39.831948    0.004320     -0.000402    0.270504    
0.203712     -0.089750    13.355168    13.501297    0.031081     -0.013694    2.037647    
1.386870     -0.603662    14.059105    14.276597    0.104842     -0.045635    1.062814    
0.076296     1.973178     34.105400    34.219183    0.011812     0.305487     5.280187    
-0.712339    -1.004878    25.796644    25.900946    -0.023362    -0.032956    0.846014    
-1.526880    -0.382022    43.001812    43.075609    -0.004031    -0.001008    0.113516    
-0.511617    1.464178     11.541251    11.810207    -0.011911    0.034087     0.268687    
0.026125     -0.019630    24.239933    24.319753    0.002421     -0.001819    2.246323    
-0.947907    -0.595636    19.389700    19.521494    -0.017921    -0.011261    0.366571    
0.422412     -1.243132    25.264421    25.374982    0.028144     -0.082827    1.683313    
0.194570     -0.039587    79.340298    79.364963    0.011902     -0.002422    4.853230    
-0.130482    -0.234671    16.855244    16.971927    -0.000846    -0.001521    0.109264    
-0.107208    -1.176729    113.999440   114.022556   -0.015682    -0.172126    16.675278   
2.132688     -0.529681    27.264249    27.423405    0.280976     -0.069784    3.591994    
-1.307160    0.195118     22.746402    22.869642    -0.015244    0.002275     0.265260    
1.251667     0.559154     46.535864    46.597649    0.004079     0.001822     0.151643    
0.484678     -0.769324    69.936070    69.969676    0.033115     -0.052563    4.778240    
-1.100649    -0.916073    29.958230    30.056965    -0.009556    -0.007953    0.260098    
-1.151396    0.151356     62.063999    62.106067    -0.086174    0.011328     4.645081    
0.446056     2.836412     32.470932    32.657014    0.007938     0.050477     0.577853    
-1.002774    0.089039     38.469564    38.533048    -0.078193    0.006943     2.999739    
0.692192     1.537017     18.616956    18.796477    0.146563     0.325445     3.941921    
0.473498     -0.237563    6.560772     6.870176     0.046887     -0.023524    0.649667    
-1.712056    0.154649     57.177251    57.236947    -0.243856    0.022027     8.144006    
0.007545     0.557443     78.175390    78.202157    0.000539     0.039794     5.580742    
-0.868220    0.908452     170.364004   170.380010   -0.016966    0.017752     3.329088    
-0.549830    -0.312329    139.561778   139.577093   -0.000340    -0.000193    0.086389    
0.773730     0.510306     55.539865    55.582467    0.152350     0.100481     10.935949   
0.954639     -0.203637    272.045626   272.054499   0.028429     -0.006064    8.101566    
-0.084891    0.275593     18.795893    18.900892    -0.009334    0.030302     2.066648    
0.097520     0.714095     20.657512    20.763602    0.007086     0.051890     1.501097    
-1.734798    2.087999     41.501683    41.636930    -0.004885    0.005880     0.116868    
0.100943     -0.257334    25.862586    25.938865    0.005621     -0.014329    1.440116    
-1.319564    2.001766     90.015241    90.068679    -0.013162    0.019966     0.897827    
0.485673     0.322198     65.932583    65.964537    0.048107     0.031915     6.530791    
2.289304     -1.034088    18.409758    18.684335    0.089863     -0.040591    0.722644    
-2.006243    -0.680251    14.966278    15.243103    -0.176536    -0.059858    1.316933    
0.874961     0.983695     17.319926    17.481075    0.022388     0.025170     0.443173    
1.498089     -0.785239    22.621443    22.769838    0.064855     -0.033994    0.979322    
-0.483619    -0.454038    90.382290    90.406157    -0.028106    -0.026387    5.252678    
-0.796548    -0.799218    36.003194    36.074619    -0.102298    -0.102641    4.623791    
0.563604     0.818526     60.412145    60.452376    0.052265     0.075905     5.602260    
0.113445     -0.209711    85.067245    85.090352    0.042047     -0.077727    31.529401   
-0.423579    2.106119     16.554674    16.809145    -0.014126    0.070236     0.552073    
0.365128     -0.125886    20.822632    20.919038    0.076683     -0.026438    4.373123    
-0.513163    -2.054278    81.192925    81.244380    -0.028964    -0.115948    4.582715    
1.621018     -0.478960    13.517555    13.764315    0.288697     -0.085301    2.407424    
-0.551856    1.011643     27.630585    27.724576    -0.003927    0.007199     0.196622    
-0.277847    0.260278     42.271264    42.318786    -0.001442    0.001350     0.219308    
0.147738     1.460570     32.107497    32.201264    0.018573     0.183617     4.036415    
0.427151     -0.033066    9.789080     9.994228     0.039426     -0.003052    0.903528    
-0.290540    -0.279466    120.705388   120.722112   -0.018032    -0.017345    7.491373    
-0.292493    0.888461     58.552057    58.592604    -0.014853    0.045117     2.973338    
0.161320     -0.715694    33.918828    33.983821    0.001134     -0.005033    0.238512    
0.026437     -0.004435    103.270960   103.289723   0.002123     -0.000356    8.294968    
1.099273     -2.532711    44.911912    45.039736    0.035378     -0.081511    1.445418    
-0.806031    -0.574525    14.977403    15.138603    -0.028580    -0.020371    0.531058    
0.619446     -0.409702    207.820578   207.831227   0.041063     -0.027159    13.776363   
0.192536     0.502472     33.973893    34.035127    0.008460     0.022079     1.492805    
-0.754262    -1.969041    20.899062    21.097198    -0.029054    -0.075847    0.805027    
0.019025     -0.349014    9.583006     9.789337     0.001509     -0.027689    0.760278    
-1.405027    0.550977     72.805742    72.847983    -0.046964    0.018417     2.433580    
0.326104     -0.639156    9.067780     9.306689     0.097116     -0.190345    2.700443    
-1.077234    -0.743606    67.836609    67.877786    -0.007216    -0.004981    0.454419    
-2.029423    0.482877     26.763184    26.916439    -0.018226    0.004337     0.240360    
0.139139     -0.007976    53.527522    53.563887    0.010541     -0.000604    4.055237    
-1.637980    -0.731395    67.129609    67.182418    -0.232496    -0.103815    9.528437    
1.163268     -1.732465    55.101492    55.176118    0.090013     -0.134058    4.263742    
-0.273577    -0.237128    6.874743     7.160176     -0.009216    -0.007989    0.231601    
-2.019070    0.706632     104.089269   104.129856   -0.003796    0.001329     0.195696    
0.223134     -0.422204    24.553458    24.636868    0.012348     -0.023365    1.358783    
0.336314     -1.203399    64.380057    64.422263    0.023127     -0.082753    4.427183    
-0.205707    -0.903687    5.956942     6.341852     -0.015055    -0.066140    0.435981    
-0.869097    -1.201794    38.781475    38.859714    -0.012162    -0.016818    0.542708    
-2.492425    2.091697     55.550234    55.680255    -0.244032    0.204797     5.438885    
0.278980     0.231334     41.766652    41.814585    0.011188     0.009277     1.674938    
0.573287     0.228146     53.281364    53.321285    0.060740     0.024172     5.645212    
1.089106     -0.304260    13.880642    14.065059    0.079291     -0.022151    1.010561    
-0.086206    0.233197     83.287308    83.310938    -0.014760    0.039927     14.259988   
-1.315401    -0.678978    11.498569    11.759393    -0.010801    -0.005575    0.094421    
0.263080     -0.854654    39.933466    39.991953    0.013464     -0.043741    2.043775    
0.590795     0.693936     37.471645    37.534380    0.008461     0.009939     0.536677    
-0.857173    0.065285     56.762625    56.803253    -0.022669    0.001727     1.501146    
-0.633028    0.043979     20.341323    20.446199    -0.052835    0.003671     1.697765    
0.535339     -0.931132    40.624864    40.686707    0.017734     -0.030845    1.345754    
-0.591798    1.575488     45.599436    45.672923    -0.011844    0.031531     0.912600    
0.338439     -1.108698    31.310026    31.393255    0.025309     -0.082911    2.341444    
0.868307     0.940616     74.095747    74.132944    0.163147     0.176733     13.921898   
-0.618940    -1.201231    82.493414    82.527961    -0.065954    -0.128003    8.790476    
-0.001004    0.926575     54.313864    54.357422    -0.000012    0.011172     0.654875    
-1.239794    -1.701307    22.585623    22.768769    -0.094832    -0.130133    1.727573    
-0.144676    -0.667546    27.808687    27.886638    -0.029116    -0.134342    5.596412    
-0.109615    -0.380987    16.350846    16.473685    -0.016370    -0.056898    2.441916    
-1.364198    -0.986190    26.197171    26.324900    -0.142844    -0.103263    2.743077    
-2.006139    -0.443047    47.411822    47.497123    -0.096891    -0.021398    2.289865    
-0.887771    0.307491     86.714036    86.741464    -0.025647    0.008883     2.505111    
-0.593698    -1.949420    54.489054    54.562668    -0.025113    -0.082458    2.304817    
-0.350445    0.987358     82.674333    82.704401    -0.010149    0.028595     2.394359    
-1.420305    -0.898935    52.229209    52.293313    -0.125604    -0.079497    4.618849    
-0.428447    0.018318     15.448105    15.578922    -0.016437    0.000703     0.592638    
-0.814513    0.100292     13.233370    13.404123    -0.134436    0.016553     2.184181    
0.345057     0.080702     16.369016    16.490762    0.030287     0.007084     1.436777    
0.152333     0.004787     16.142046    16.262344    0.002956     0.000093     0.313227    
0.180118     0.086093     54.861317    54.896985    0.010386     0.004964     3.163512    
-0.882526    -1.045274    11.500977    11.748144    -0.008668    -0.010267    0.112965    
1.335166     0.437245     42.200130    42.269371    0.008539     0.002796     0.269889    
0.200778     0.418472     8.834046     9.062602     0.065205     0.135905     2.868981    
-0.334668    -1.675832    9.715612     10.059248    -0.020186    -0.101081    0.586013    
-0.530588    0.693142     72.955953    72.987725    -0.023005    0.030052     3.163142    
-2.205526    0.217671     44.198018    44.297308    -0.113763    0.011228     2.279776    
1.168334     -0.761387    14.649666    14.846966    0.015178     -0.009891    0.190316    
-0.605373    1.132999     28.245648    28.343284    -0.081809    0.153111     3.817050    
0.901589     -0.575739    45.561295    45.616345    0.000451     -0.000288    0.022809    
-0.704629    0.277122     18.813610    18.931460    -0.187773    0.073849     5.013533    
-0.470706    -0.168859    58.343477    58.378818    -0.107613    -0.038605    13.338535   
0.091036     0.486449     36.632388    36.688578    0.001665     0.008895     0.669811    
0.521161     1.061177     25.006262    25.111467    0.107640     0.219173     5.164747    
1.511166     1.613929     17.850465    18.094265    0.011376     0.012149     0.134372    
0.988171     -0.826805    46.578950    46.638328    0.021834     -0.018268    1.029165    
-1.238591    0.057218     61.471520    61.515528    -0.150538    0.006954     7.471230    
-1.440409    -0.528300    51.273367    51.334073    -0.239706    -0.087917    8.532684    
2.436736     -0.294249    103.653885   103.701626   0.038569     -0.004657    1.640640    
-0.258538    -0.579246    13.534751    13.691852    -0.003062    -0.006861    0.160325    
0.443916     0.358484     38.973925    39.027777    0.032085     0.025910     2.816949    
1.617917     0.137211     73.665080    73.709263    0.246391     0.020896     11.218375   
-0.421776    -0.114170    47.840422    47.882897    -0.081688    -0.022112    9.265529    
1.057841     -0.270181    26.011733    26.108949    0.035164     -0.008981    0.864661    
-0.509747    0.556866     53.846555    53.887813    -0.020975    0.022914     2.215652    
-0.901094    0.989686     20.532909    20.670432    -0.010808    0.011870     0.246269    
0.711657     0.248871     36.796416    36.856744    0.000644     0.000225     0.033282    
-1.253780    -0.188674    33.420442    33.502365    -0.115900    -0.017441    3.089414    
-1.103205    1.139556     58.301022    58.355803    -0.072308    0.074691     3.821265    
0.494544     -1.023590    16.305029    16.462723    0.102867     -0.212911    3.391512    
0.941392     -1.435017    66.889413    66.940377    0.141360     -0.215483    10.044143   
0.402457     -0.288959    20.621326    20.720992    0.000048     -0.000035    0.002477    
1.220361     -0.364560    143.460085   143.479243   0.011940     -0.003567    1.403558    
-0.319030    -0.257764    12.710152    12.868222    -0.041626    -0.033632    1.658378    
-0.438016    0.312440     66.996709    67.027781    -0.006963    0.004967     1.064997    
-2.124826    0.649785     32.087506    32.224527    -0.148408    0.045384     2.241139    
0.300601     0.052505     39.142047    39.192702    0.018104     0.003162     2.357370    
0.882699     -1.219778    262.903710   262.915391   0.020567     -0.028422    6.125801    
-0.279580    0.053893     15.827352    15.951837    -0.028214    0.005439     1.597205    
1.327488     -0.206979    155.014807   155.033127   0.043103     -0.006721    5.033302    
0.943590     2.348776     43.071805    43.190999    0.002885     0.007181     0.131687    
2.621235     -2.004437    134.832999   134.887735   0.017861     -0.013658    0.918752    
-1.784075    -0.705317    41.300964    41.392330    -0.018840    -0.007448    0.436145    
1.480646     0.833233     24.250766    24.389776    0.000282     0.000159     0.004624    
0.946582     0.127531     53.428785    53.473567    0.070966     0.009561     4.005623    
0.263020     0.797700     34.443310    34.509738    0.003955     0.011996     0.517966    
0.187627     0.791543     15.524348    15.669782    0.009624     0.040599     0.796258    
0.494168     0.528705     8.278872     8.540399     0.001026     0.001097     0.017181    
-0.849355    -0.735905    9.157913     9.434261     -0.151309    -0.131099    1.631447    
-0.161044    0.327836     192.859793   192.870184   -0.000675    0.001374     0.808408    
0.650897     0.040160     89.025840    89.049989    0.053533     0.003303     7.321905    
0.096215     2.162920     56.295687    56.371684    0.000700     0.015727     0.409329    
-2.221223    -2.093335    42.592318    42.746888    -0.361971    -0.341130    6.940847    
-0.432426    -0.348506    81.736672    81.762259    -0.010406    -0.008387    1.967018    
-0.481402    0.419748     14.214432    14.364295    -0.063423    0.055300     1.872700    
-0.503794    -0.847124    11.793686    11.997392    -0.037956    -0.063823    0.888539    
-2.246389    0.969709     34.505599    34.648202    -0.013588    0.005866     0.208720    
-0.396908    1.202056     17.585160    17.740217    -0.003090    0.009358     0.136905    
-0.121642    0.085957     75.091324    75.117269    -0.009161    0.006474     5.655259    
0.243254     -0.539460    22.763403    22.856020    0.021314     -0.047267    1.994514    
1.390868     0.734408     36.570334    36.657034    0.069823     0.036868     1.835864    
0.182199     0.949818     14.198139    14.366540    0.012652     0.065954     0.985899    
-0.239454    1.034015     39.972284    40.034797    -0.021584    0.093206     3.603082    
-1.751359    0.376202     22.140108    22.299510    -0.068866    0.014793     0.870585    
-1.096736    0.606400     9.783342     10.057798    -0.021655    0.011973     0.193171    
0.474415     0.920147     22.470583    22.580385    0.002173     0.004214     0.102917    
0.088717     0.855840     32.525097    32.595970    0.005044     0.048658     1.849181    
-0.954349    -0.271350    19.869642    19.991549    -0.024131    -0.006861    0.502408    
-0.764435    0.211148     51.564320    51.607974    -0.042927    0.011857     2.895623    
-0.323823    -0.356402    78.200928    78.227182    -0.002252    -0.002479    0.543935    
-0.805627    -0.950995    39.908189    39.976142    -0.114173    -0.134774    5.655764    
-0.850511    0.178155     15.020658    15.173999    -0.027128    0.005682     0.479100    
1.391684     0.077948     24.902097    25.018638    0.013165     0.000737     0.235560    
0.151446     -0.489324    41.343763    41.393769    0.002314     -0.007475    0.631616    
-0.185499    -1.397000    26.288255    26.399495    -0.086613    -0.652284    12.274458   
1.822117     1.756248     24.696679    24.903924    0.033073     0.031878     0.448268    
0.388492     -0.532015    93.256496    93.279595    0.003971     -0.005437    0.953112    
-0.726326    0.291459     39.618491    39.675083    -0.028657    0.011500     1.563155    
0.443618     -0.359985    8.676281     8.915110     0.072381     -0.058735    1.415627    
0.423014     -0.170550    20.195610    20.296444    0.018733     -0.007553    0.894351    
-0.862695    0.328589     64.648551    64.685101    -0.135122    0.051466     10.125759   
0.572230     0.107708     43.989183    44.037056    0.012991     0.002445     0.998696    
-0.825526    0.386742     105.543348   105.565639   -0.036053    0.016890     4.609359    
1.716906     0.544908     130.614080   130.641332   0.008211     0.002606     0.624672    
0.455290     1.162488     19.361109    19.500927    0.057034     0.145625     2.425374    
-1.286057    1.643840     15.830066    16.087949    -0.085819    0.109694     1.056346    
-0.896446    -0.580108    30.179422    30.262396    -0.097784    -0.063278    3.291942    
2.219821     -1.221919    110.551917   110.598472   0.108718     -0.059845    5.414409    
0.174341     0.148140     43.871081    43.915818    0.025569     0.021726     6.434214    
1.291694     0.979827     63.979364    64.030169    0.061238     0.046453     3.033216    
0.442903     0.170091     161.572507   161.585194   0.026244     0.010078     9.573729    
0.012353     1.007711     23.227727    23.332764    0.001693     0.138106     3.183345    
-1.309541    0.225219     81.599340    81.633895    -0.023148    0.003981     1.442383    
0.029807     -1.009886    18.954730    19.083435    0.000461     -0.015628    0.293326    
-0.257077    -1.093388    15.333855    15.500440    -0.002519    -0.010713    0.150238    
0.921806     -1.371316    12.065048    12.335744    0.045540     -0.067748    0.596055    
1.011192     -0.445255    79.445112    79.477176    0.205487     -0.090481    16.144250   
-0.747908    0.813464     65.088604    65.127740    -0.130842    0.142311     11.386851   
0.723536     0.373009     17.762622    17.889895    0.211537     0.109055     5.193187    
0.520058     0.729316     74.425991    74.457407    0.017029     0.023882     2.437085    
2.443994     -1.665787    72.113383    72.200851    0.021645     -0.014753    0.638667    
-0.608766    1.421620     70.146280    70.190933    -0.076333    0.178256     8.795597    
-0.053312    0.685475     40.229392    40.283392    -0.008398    0.107980     6.337151    
-1.577483    -1.696483    122.005746   122.043613   -0.078029    -0.083915    6.034922    
-0.176553    2.681187     30.430936    30.612690    -0.028782    0.437101     4.961005    
0.307567     -0.940624    89.496724    89.523840    0.001747     -0.005342    0.508312    
0.594991     -0.639476    190.618829   190.630994   0.058107     -0.062452    18.615976   
-0.169598    -0.101410    13.891813    14.031980    -0.012210    -0.007301    1.000117    
-0.259119    -0.831720    60.297002    60.335415    -0.021596    -0.069320    5.025461    
0.258014     -0.082346    59.768350    59.801371    0.011254     -0.003592    2.606936    
-0.605947    0.002140     27.874343    27.950334    -0.009546    0.000034     0.439118    
0.397367     1.322325     12.229048    12.463186    0.016503     0.054917     0.507881    
0.990360     -1.905850    29.903832    30.045419    0.004678     -0.009002    0.141253    
1.591860     -0.645711    107.216042   107.247870   0.156743     -0.063580    10.557057   
0.643038     -0.589551    9.980671     10.210280    0.004843     -0.004440    0.075164    
1.389693     1.316780     27.470108    27.607009    0.065195     0.061774     1.288707    
2.228157     1.248478     11.852383    12.283213    0.023043     0.012912     0.122576    
-1.029638    -0.759421    49.048596    49.104751    -0.046724    -0.034462    2.225768    
-2.134090    0.489621     30.836420    30.976666    -0.223918    0.051373     3.235484    
1.216885     0.306511     27.005002    27.105716    0.020690     0.005212     0.459159    
1.892085     0.155518     29.826389    29.951504    0.006747     0.000555     0.106357    
-0.426226    1.196775     7.545845     7.901182     -0.054905    0.154164     0.972027    
-0.265636    -0.911288    44.102643    44.156756    -0.025704    -0.088178    4.267477    
1.181581     -1.747800    17.073449    17.315558    0.111643     -0.165143    1.613207    
-0.798815    0.386436     31.403443    31.477590    -0.093416    0.045191     3.672407    
-0.937334    0.678002     19.927347    20.057727    -0.035852    0.025933     0.762198    
1.883386     -0.155333    126.595108   126.624514   0.036796     -0.003035    2.473284    
2.081298     1.150849     118.008741   118.049117   0.069105     0.038212     3.918249    
-0.322438    -0.185332    13.793782    13.938497    -0.013816    -0.007941    0.591045    
-1.976053    -0.814139    84.565203    84.615106    -0.305031    -0.125673    13.053787   
1.289313     0.821750     43.898178    43.968882    0.076512     0.048766     2.605073    
-0.960945    1.245983     28.064323    28.177244    -0.025344    0.032862     0.740168    
-0.885556    0.692438     70.232564    70.269138    -0.071729    0.056087     5.688756    
-0.678634    -0.372530    23.515793    23.610734    -0.006991    -0.003838    0.242262    
0.191357     1.182448     21.008096    21.134092    0.007807     0.048241     0.857080    
0.148387     -1.178691    24.512967    24.620558    0.006107     -0.048510    1.008843    
1.721058     0.516204     51.329203    51.398352    0.101521     0.030450     3.027773    
0.675414     -0.038539    4.786815     5.219791     0.002678     -0.000153    0.018982    
-1.144056    1.274270     25.198223    25.332944    -0.159470    0.177621     3.512381    
0.156254     -0.472699    56.843830    56.880083    0.007496     -0.022677    2.727005    
-0.221864    0.029660     116.296627   116.313501   -0.014018    0.001874     7.347697    
1.949895     0.350978     60.970978    61.034912    0.534244     0.096163     16.705207   
0.208683     2.044966     61.146182    61.212384    0.007410     0.072610     2.171085    
0.250550     -0.395424    23.545482    23.632262    0.005338     -0.008424    0.501599    
-1.711878    0.851247     25.106036    25.255557    -0.012606    0.006268     0.184878    
2.219009     -1.553239    75.107294    75.181894    0.081604     -0.057121    2.762084    
-1.438550    0.901622     31.864122    31.969979    -0.172145    0.107893     3.813034    
-1.014737    0.152208     13.022482    13.210331    -0.034520    0.005178     0.443001    
0.210307     -0.596772    56.333533    56.371467    0.006908     -0.019602    1.850338    
-0.743403    -0.109452    34.453578    34.517946    -0.005413    -0.000797    0.250854    
-1.613911    0.341202     52.399875    52.462778    -0.187538    0.039648     6.088931    
-0.395958    -1.564765    42.169391    42.246156    -0.110574    -0.436973    11.776148   
-0.382261    0.482583     103.317831   103.338415   -0.100654    0.127070     27.204754   
-0.541618    0.120426     64.650047    64.682389    -0.068628    0.015259     8.191702    
1.674652     1.033089     36.424625    36.530809    0.104982     0.064763     2.283428    
0.488512     -0.764141    24.176300    24.273257    0.038535     -0.060277    1.907088    
0.063792     -0.596329    27.930320    28.006025    0.009344     -0.087345    4.090983    
-0.618227    1.034111     99.621084    99.647814    -0.053428    0.089369     8.609394    
2.312040     -1.021687    39.980889    40.109049    0.069181     -0.030571    1.196319    
-2.651777    -0.366460    40.014467    40.152195    -0.475610    -0.065727    7.176810    
0.350601     -1.461296    19.603630    19.759443    0.041804     -0.174239    2.337457    
0.206799     0.627920     6.404657     6.732877     0.017915     0.054398     0.554846    
0.145243     0.155973     9.789878     9.988097     0.001649     0.001771     0.111171    
0.752029     -1.126126    57.450994    57.500655    0.005604     -0.008391    0.428099    
-0.541416    0.321233     16.848888    16.975167    -0.054081    0.032087     1.683004    
-0.358145    -0.060791    4.231294     4.680894     -0.068582    -0.011641    0.810255    
0.205462     -0.023093    14.120300    14.258351    0.001603     -0.000180    0.110172    
1.093849     0.190704     19.430145    19.561145    0.090545     0.015786     1.608354    
0.217601     0.847909     49.789610    49.836197    0.012580     0.049021     2.878547    
-0.075663    0.006192     23.919304    24.000288    -0.003044    0.000249     0.962361    
-0.669465    0.410228     14.965333    15.114649    -0.037295    0.022853     0.833704    
-0.951995    -1.931007    32.284856    32.416384    -0.013606    -0.027598    0.461412    
-1.083229    -1.100175    75.016650    75.058354    -0.042453    -0.043117    2.940007    
-0.097093    0.638236     19.469037    19.578946    -0.000720    0.004736     0.144468    
-0.761673    -1.284438    57.539182    57.592207    -0.038664    -0.065201    2.920797    
-1.187041    -1.029590    86.683332    86.719917    -0.018156    -0.015748    1.325844    
2.457314     0.016780     72.194056    72.262683    0.052161     0.000356     1.532443    
-1.129687    1.183266     31.146738    31.251729    -0.071863    0.075271     1.981333    
-0.236223    -1.272983    76.671905    76.708097    -0.011615    -0.062592    3.769908    
-0.164877    -0.038168    23.381082    23.464411    -0.007668    -0.001775    1.087450    
0.046855     1.185124     22.954071    23.068832    0.002322     0.058735     1.137605    
-1.440648    1.320516     24.365706    24.523087    -0.038404    0.035201     0.649521    
0.004378     1.135443     50.884452    50.935171    0.000623     0.161472     7.236286    
-0.151212    -1.002075    20.094246    20.215853    -0.014170    -0.093903    1.882996    
0.586578     0.216903     57.629313    57.666314    0.041806     0.015459     4.107276    
-0.073955    0.272966     31.807995    31.870103    -0.005301    0.019564     2.279786    
0.410615     -0.695656    10.609576    10.820840    0.016046     -0.027185    0.414608    
-0.690951    -0.368146    16.389369    16.525717    -0.059553    -0.031731    1.412608    
0.394395     2.186145     161.183854   161.211180   0.041878     0.232132     17.115035   
-0.058806    -2.072379    16.269603    16.518872    -0.005045    -0.177779    1.395690    
-0.817092    -0.641858    86.258480    86.287194    -0.010031    -0.007880    1.058995    
-0.642637    0.481394     15.936923    16.078096    -0.035088    0.026284     0.870153    
1.121932     -1.445733    35.217344    35.319756    0.087537     -0.112801    2.747785    
0.497215     -0.240720    55.544543    55.582159    0.002054     -0.000994    0.229416    
-0.664224    -1.081855    63.293081    63.336409    -0.077076    -0.125537    7.344428    
-0.313480    1.788991     20.527154    20.701154    -0.053548    0.305593     3.506423    
0.822310     0.841571     40.186446    40.251830    0.013999     0.014327     0.684120    
-0.476297    -0.274321    8.852877     9.085730     -0.086632    -0.049895    1.610221    
0.991367     0.765742     19.334643    19.474921    0.077336     0.059735     1.508286    
0.710648     0.809593     27.097756    27.190509    0.046180     0.052610     1.760907    
0.895710     -0.160159    17.754806    17.886756    0.110582     -0.019773    2.191961    
-1.000282    -0.089556    37.671317    37.736079    -0.039637    -0.003549    1.492753    
0.398708     0.974407     9.443270     9.703542     0.038031     0.092945     0.900759    
-1.230724    -0.885097    69.722385    69.766639    -0.015400    -0.011076    0.872460    
0.676083     -1.076777    14.509167    14.697191    0.082074     -0.130716    1.761355    
-0.010254    2.105975     46.509983    46.599235    -0.000073    0.014936     0.329861    
0.399365     -3.249544    48.390399    48.540958    0.003341     -0.027187    0.404858    
0.767814     0.224742     43.822649    43.874133    0.000701     0.000205     0.040027    
0.561551     -0.157171    83.613612    83.638814    0.027785     -0.007777    4.137097    
0.011948     0.089591     5.566998     5.905471     0.000028     0.000207     0.012888    
0.701549     -1.356679    45.323965    45.392395    0.029404     -0.056862    1.899638    
-0.325111    -0.587531    54.038217    54.078228    -0.063007    -0.113864    10.472688   
-3.119151    -0.395299    49.843838    49.981682    -0.075675    -0.009590    1.209276    
2.331331     -0.627767    18.981876    19.235794    0.076908     -0.020709    0.626188    
-0.235774    0.721072     16.252309    16.388656    -0.013160    0.040247     0.907121    
-1.665898    1.352504     42.588230    42.687665    -0.004180    0.003394     0.106867    
0.927825     -0.540760    26.277079    26.372582    0.010629     -0.006195    0.301032    
0.917546     0.978329     97.416303    97.445421    0.091679     0.097753     9.733646    
1.019404     -1.191575    21.432315    21.579577    0.045135     -0.052759    0.948944    
-0.276976    1.171511     100.802586   100.828992   -0.002828    0.011960     1.029109    
-0.836254    0.284468     217.215887   217.226602   -0.025955    0.008829     6.741858    
-0.129326    0.477934     9.053981     9.278721     -0.038369    0.141796     2.686182    
0.541295     0.375735     77.651138    77.678880    0.030093     0.020889     4.316991    
-1.253461    -1.061401    61.094698    61.148465    -0.372260    -0.315221    18.144252   
-1.264792    0.439941     62.149060    62.194645    -0.051666    0.017971     2.538729    
-0.073993    0.835185     19.027573    19.147493    -0.013875    0.156609     3.567935    
0.454619     -0.117798    31.239766    31.305247    0.022417     -0.005809    1.540449    
-1.014459    0.224710     13.352756    13.537011    -0.000088    0.000020     0.001162    
0.135721     0.664275     50.691001    50.733739    0.017790     0.087073     6.644587    
0.518253     -0.285702    149.507431   149.521561   0.021766     -0.011999    6.279098    
1.232627     0.631330     22.391430    22.520414    0.101968     0.052226     1.852315    
-0.481559    -0.455559    48.601352    48.645718    -0.014648    -0.013857    1.478362    
-1.054358    -0.024023    29.724768    29.808540    -0.033027    -0.000752    0.931098    
0.404690     0.749962     9.994971     10.222554    0.022002     0.040773     0.543398    
0.321489     -0.656023    25.110713    25.198345    0.033690     -0.068746    2.631419    
0.539288     1.717515     24.586687    24.730969    0.047886     0.152507     2.183183    
1.148423     0.724313     22.344416    22.472014    0.071660     0.045196     1.394264    
-1.500818    -1.202702    24.607787    24.761202    -0.004209    -0.003373    0.069005    
-0.417844    -0.349931    40.157989    40.209900    -0.004280    -0.003584    0.411340    
0.577625     0.047948     23.318901    23.409016    0.076380     0.006340     3.083488    
-0.073119    1.363140     18.545218    18.699293    -0.000805    0.015009     0.204194    
-0.121810    0.788522     20.773454    20.881761    -0.001526    0.009877     0.260212    
-1.229445    -0.592920    68.067417    68.109554    -0.131957    -0.063639    7.305725    
-3.166937    -1.274493    75.083394    75.186733    -0.073523    -0.029589    1.743129    
-0.030921    -0.753845    28.723316    28.800574    -0.000806    -0.019655    0.748921    
-0.108077    1.566099     82.987566    83.025751    -0.007360    0.106652     5.651504    
-0.660795    -2.121865    27.718069    27.876608    -0.212145    -0.681214    8.898745    
-0.117894    -0.728543    43.354266    43.405207    -0.017196    -0.106267    6.323765    
-0.474641    -0.505687    131.950422   131.966927   -0.020561    -0.021906    5.716034    
-1.135873    -0.571059    60.153084    60.198711    -0.043231    -0.021734    2.289417    
0.389956     0.966252     141.971958   141.989428   0.033347     0.082628     12.140544   
-0.470634    0.203228     26.195155    26.274016    -0.029247    0.012629     1.627873    
0.014352     -0.091984    13.855088    13.994537    0.001371     -0.008787    1.323557    
-0.453420    0.291233     22.707414    22.798948    -0.002761    0.001773     0.138279    
0.307596     0.236838     14.585741    14.723094    0.010236     0.007882     0.485385    
-0.256755    -0.561442    93.949555    93.972203    -0.020553    -0.044943    7.520668    
-1.048941    1.118844     47.011523    47.077705    -0.009659    0.010303     0.432899    
0.817543     0.666409     15.036268    15.201210    0.070257     0.057269     1.292171    
0.674012     0.698625     40.642209    40.701431    0.014320     0.014843     0.863489    
-0.872328    -0.685299    119.993289   120.014561   -0.024343    -0.019124    3.348484    
-0.794476    -0.619745    142.841147   142.858263   -0.066765    -0.052081    12.003843   
0.275164     1.633933     17.863627    18.047980    0.012592     0.074773     0.817487    
0.665866     0.335019     97.690924    97.713598    0.014227     0.007158     2.087274    
0.695944     0.400913     29.002948    29.080768    0.016776     0.009664     0.699132    
-0.539193    0.250871     8.541025     8.785085     -0.012077    0.005619     0.191306    
0.970704     -1.098665    24.624548    24.746569    0.030491     -0.034510    0.773477    
1.266415     -0.460945    35.221547    35.302246    0.024807     -0.009029    0.689943    
-0.761967    -0.921360    17.132986    17.287095    -0.034080    -0.041209    0.766288    
-1.879546    1.204695     105.394726   105.436745   -0.406660    0.260649     22.803281   
1.000897     1.878495     68.760673    68.821768    0.180036     0.337894     12.368322   
1.204307     -0.236987    33.732604    33.812277    0.091589     -0.018023    2.565393    
-0.590012    -1.447871    25.074092    25.199791    -0.032907    -0.080752    1.398452    
-0.529686    -1.201475    22.445062    22.569446    -0.004433    -0.010055    0.187832    
0.645524     0.351358     41.730401    41.783268    0.011718     0.006378     0.757521    
-1.749761    -0.658335    51.971037    52.041893    -0.078094    -0.029382    2.319538    
0.075114     -0.345772    59.937652    59.971012    0.006484     -0.029846    5.173667    
0.249979     -0.262337    137.442180   137.456753   0.076076     -0.079837    41.827911   
-0.164362    1.907816     12.193740    12.499161    -0.003589    0.041658     0.266254    
-0.526790    -0.686337    67.890678    67.924720    -0.037407    -0.048736    4.820809    
0.565386     -1.088393    43.412588    43.474498    0.031041     -0.059755    2.383429    
1.064237     0.694691     92.991959    93.021474    0.088987     0.058087     7.775590    
-0.571002    0.073165     66.049300    66.081135    -0.005438    0.000697     0.629007    
0.926409     -0.335114    65.317594    65.354675    0.020342     -0.007358    1.434230    
-0.540648    1.407005     14.442805    14.654062    -0.021544    0.056068     0.575536    
1.201494     -0.711209    27.664461    27.769530    0.077632     -0.045953    1.787484    
-0.715463    0.180139     51.661491    51.704245    -0.027684    0.006970     1.998948    
1.219923     -1.281967    115.508765   115.539091   0.064320     -0.067592    6.090194    
-1.087882    -0.930155    39.342745    39.417955    -0.252914    -0.216245    9.146512    
1.106396     0.137246     33.684672    33.760554    0.095374     0.011831     2.903689    
1.255568     -0.446220    21.741203    21.870767    0.003624     -0.001288    0.062750    
0.391567     0.425875     47.582287    47.626502    0.004884     0.005311     0.593438    
-0.557352    0.970748     106.820869   106.844869   -0.035245    0.061386     6.754912    
-0.317653    -0.131058    7.214234     7.485867     -0.012952    -0.005344    0.294148    
-0.136078    -0.301242    3.388663     3.932843     -0.010440    -0.023111    0.259979    
0.609244     0.160126     15.135807    15.276270    0.097237     0.025557     2.415712    
0.903077     -0.679674    44.490792    44.548659    0.004290     -0.003229    0.211339    
-1.162945    -1.543326    18.409075    18.614599    -0.163293    -0.216704    2.584883    
-1.289070    1.233522     40.858010    40.944295    -0.006232    0.005964     0.197537    
1.417753     -1.167820    8.680662     9.088601     0.300788     -0.247762    1.841672    
-0.310228    -1.634787    62.130507    62.183950    -0.034629    -0.182480    6.935197    
-1.418262    -1.386918    69.897768    69.953613    -0.141546    -0.138418    6.975965    
-0.030405    -0.167243    28.115322    28.184662    -0.003096    -0.017030    2.862857    
2.986292     0.968950     49.884183    50.021630    0.336978     0.109338     5.629012    
-1.851135    -0.184986    40.740624    40.830556    -0.029176    -0.002916    0.642127    
0.394465     -1.307295    33.034544    33.121302    0.001655     -0.005486    0.138627    
0.066638     -0.398230    110.663736   110.681979   0.000102     -0.000608    0.168859    
0.613624     0.339750     202.447437   202.458223   0.088743     0.049135     29.278275   
0.473004     -0.018913    14.872614    15.009786    0.054152     -0.002165    1.702702    
-0.548925    -1.263547    15.968035    16.147785    -0.031376    -0.072224    0.912730    
1.448589     -0.209332    23.820601    23.946570    0.174973     -0.025285    2.877262    
0.525625     0.460378     34.636530    34.699458    0.015614     0.013676     1.028915    
0.467051     0.635104     37.554850    37.614668    0.005123     0.006967     0.411961    
1.285225     -1.273061    26.966282    27.098483    0.119913     -0.118778    2.515979    
0.686186     1.560917     23.086702    23.233125    0.022028     0.050110     0.741147    
-0.422761    0.237936     50.921662    50.962005    -0.066712    0.037547     8.035499    
0.070536     0.134405     24.171002    24.251502    0.005032     0.009588     1.724233    
0.526890     -0.696465    9.093465     9.344984     0.008230     -0.010878    0.142033    
-0.501315    -1.984386    84.931188    84.978649    -0.006479    -0.025645    1.097597    
0.578118     0.547998     21.364082    21.469361    0.091924     0.087134     3.396996    
-0.653994    1.174378     15.123874    15.310565    -0.146939    0.263859     3.398030    
-0.464956    1.318351     33.127810    33.215674    -0.066847    0.189541     4.762816    
-0.063035    -0.162071    8.272524     8.505283     -0.000992    -0.002550    0.130150    
-1.606879    0.177368     30.896312    31.001138    -0.036918    0.004075     0.709849    
0.008056     -0.198461    74.199840    74.226213    0.001256     -0.030935    11.565682   
1.066604     0.335185     34.153077    34.228024    0.134777     0.042354     4.315619    
0.148183     -0.181037    34.863274    34.919587    0.023190     -0.028332    5.455948    
-1.438911    -1.366697    14.395175    14.664049    -0.004355    -0.004136    0.043566    
-2.111373    1.344112     61.097392    61.180314    -0.154649    0.098450     4.475121    
0.422913     0.892739     22.403169    22.511170    0.002186     0.004615     0.115807    
0.304556     0.168161     11.547154    11.718906    0.041878     0.023123     1.587810    
-0.741692    -0.822460    19.465601    19.596201    -0.077371    -0.085796    2.030579    
1.011950     0.949358     49.004023    49.063169    0.032184     0.030194     1.558534    
-0.063901    1.015836     6.799900     7.151894     -0.004692    0.074589     0.499289    
0.265336     1.792766     24.117795    24.265766    0.006970     0.047095     0.633560    
-1.248184    2.750709     32.830860    33.028241    -0.158815    0.349991     4.177287    
-0.668588    -1.254455    83.584009    83.619270    -0.015889    -0.029812    1.986397    
3.005777     0.363689     55.271303    55.389158    0.072691     0.008795     1.336675    
-0.226630    -0.068751    12.855637    13.007630    -0.009216    -0.002796    0.522796    
-0.098490    -2.636724    60.418914    60.508529    -0.022652    -0.606427    13.895891   
0.508344     -0.079533    14.524838    14.666649    0.011739     -0.001837    0.335423    
0.302351     0.006995     12.877427    13.030523    0.025764     0.000596     1.097295    
0.223478     1.739371     52.431918    52.498156    0.003087     0.024029     0.724346    
-0.710125    -0.205371    26.819738    26.902040    -0.049097    -0.014199    1.854281    
-0.919526    -1.986396    44.643831    44.740786    -0.241221    -0.521094    11.711477   
-1.482394    0.437061     12.044641    12.301904    -0.056226    0.016577     0.456842    
0.516258     1.362115     36.815284    36.896639    0.018234     0.048109     1.300286    
-1.508110    -0.768291    52.453471    52.517676    -0.042175    -0.021486    1.466892    
-1.475992    0.279964     9.876561     10.182256    -0.049443    0.009378     0.330848    
1.147125     0.604722     161.947461   161.964616   0.025214     0.013292     3.559590    
-0.612229    1.169473     150.444062   150.462730   -0.218836    0.418018     53.774874   
0.090461     -0.792466    11.737737    11.928353    0.002061     -0.018051    0.267370    
0.493594     -0.316750    30.043158    30.113291    0.017025     -0.010925    1.036229    
-0.972461    -1.720424    72.604025    72.657587    -0.044504    -0.078734    3.322660    
0.642908     -0.502126    78.506644    78.535556    0.021022     -0.016419    2.567031    
1.594707     -1.341777    30.822945    30.955974    0.170596     -0.143539    3.297327    
0.459815     -0.998667    65.731750    65.770409    0.014721     -0.031973    2.104469    
1.761128     1.690541     72.441219    72.509066    0.249830     0.239817     10.276354   
0.429455     -0.715173    88.146369    88.172292    0.015916     -0.026505    3.266738    
-0.676751    -1.083219    33.989556    34.070459    -0.041801    -0.066907    2.099425    
0.382140     1.439281     55.749795    55.804410    0.006703     0.025247     0.977924    
0.801072     0.324547     106.534419   106.556109   0.000714     0.000289     0.094892    
-0.365031    -0.093132    85.154795    85.178377    -0.013162    -0.003358    3.070344    
0.237214     0.703269     5.310220     5.711764     0.022393     0.066387     0.501276    
1.111271     0.960283     32.977182    33.068513    0.157495     0.136096     4.673700    
0.124855     -0.533779    13.334223    13.489884    0.002517     -0.010760    0.268792    
