-0.946243    0.178861     23.684222    23.785389    -0.003711    0.000702     0.092894    
-0.087098    0.347826     32.246540    32.308557    -0.003231    0.012904     1.196303    
0.669512     -0.420682    9.279217     9.518615     0.010542     -0.006624    0.146113    
-0.552941    -0.271829    15.769243    15.903572    -0.027949    -0.013740    0.797080    
-0.131047    1.268867     10.532437    10.790477    -0.016203    0.156885     1.302253    
0.089742     -0.331076    95.220377    95.241340    0.009787     -0.036106    10.384340   
1.087719     -1.562385    37.249556    37.350081    0.250298     -0.359525    8.571607    
0.229431     0.436595     42.987844    43.035717    0.033813     0.064344     6.335411    
0.110205     0.708265     25.408499    25.494716    0.013563     0.087167     3.127048    
-0.485095    -1.575103    9.183084     9.535211     -0.000213    -0.000692    0.004034    
1.378655     2.232593     82.809011    82.873955    0.045617     0.073873     2.740018    
0.376384     -0.168188    61.284489    61.317481    0.019199     -0.008579    3.126089    
-0.866881    0.032072     41.410473    41.466308    -0.023211    0.000859     1.108787    
3.262480     -0.957365    34.274163    34.498602    0.079098     -0.023211    0.830966    
-0.581517    0.282984     19.037257    19.149683    -0.019502    0.009490     0.638452    
-0.270294    -0.069488    71.924373    71.951847    -0.030949    -0.007957    8.235507    
0.391389     -0.844060    36.318276    36.383482    0.053942     -0.116330    5.005459    
2.162059     0.236634     40.915474    41.020501    0.686990     0.075190     13.000807   
0.220535     0.201404     20.146726    20.244869    0.030261     0.027636     2.764445    
-1.429148    0.731326     28.415872    28.529178    -0.004454    0.002279     0.088566    
-0.478826    1.622062     34.428267    34.525945    -0.005131    0.017381     0.368906    
-1.539250    1.102415     119.713990   119.745142   -0.182416    0.130647     14.187248   
0.783330     -0.299638    16.869097    17.004258    0.067635     -0.025872    1.456536    
0.835017     -0.553730    63.989164    64.027274    0.025472     -0.016892    1.951986    
-1.721852    2.198350     11.632474    12.123816    -0.185536    0.236880     1.253441    
0.718770     0.266158     18.644163    18.763455    0.027283     0.010103     0.707682    
-0.100981    -0.080119    116.288620   116.305351   -0.005961    -0.004730    6.864796    
0.006546     0.802023     15.422376    15.568170    0.000515     0.063082     1.213030    
-0.969487    0.450744     53.385846    53.432823    -0.089007    0.041382     4.901240    
0.371789     -0.000755    36.484856    36.539813    0.126524     -0.000257    12.416213   
-0.879073    1.339572     21.487436    21.636823    -0.097586    0.148706     2.385329    
-1.919603    -0.809882    68.969620    69.029154    -0.219362    -0.092549    7.881465    
-0.599051    -0.362925    60.944298    60.980103    -0.003625    -0.002196    0.368766    
1.212186     -0.015113    142.087954   142.106760   0.033237     -0.000414    3.895913    
0.326644     0.583449     113.621146   113.640164   0.001902     0.003397     0.661510    
2.443969     -1.984512    16.931038    17.333386    0.051606     -0.041904    0.357510    
0.923349     0.804362     26.608050    26.708854    0.160341     0.139678     4.620517    
0.871104     2.021652     177.544148   177.568706   0.052828     0.122603     10.767124   
-1.251904    2.745168     53.678965    53.799716    -0.170301    0.373436     7.302161    
0.545898     0.593907     8.060812     8.336808     0.144407     0.157106     2.132330    
-0.034360    -0.426839    7.918693     8.170925     -0.003902    -0.048466    0.899142    
-2.277322    0.215443     90.989421    91.039455    -0.377476    0.035711     15.081873   
1.174285     0.313395     21.943741    22.065354    0.166611     0.044465     3.113435    
0.247588     1.026532     46.128772    46.182828    0.004590     0.019031     0.855195    
-0.647853    0.391725     12.952656    13.123240    -0.011107    0.006716     0.222061    
0.430017     0.263611     31.572234    31.637562    0.009262     0.005678     0.680007    
1.238764     0.056467     131.314217   131.334825   0.124402     0.005671     13.187115   
-2.203732    1.048729     26.577197    26.761514    -0.115836    0.055125     1.396994    
-0.563512    0.338462     4.788436     5.218829     -0.031154    0.018712     0.264728    
-1.920426    1.524548     19.591220    19.841954    -0.091493    0.072632     0.933361    
1.383220     -1.629205    100.062974   100.105151   0.044216     -0.052079    3.198625    
-0.965554    0.043778     63.547001    63.584829    -0.112015    0.005079     7.372190    
0.373785     -0.503410    98.572487    98.594134    0.014903     -0.020072    3.930236    
0.242505     -0.250527    28.729396    28.798867    0.012469     -0.012881    1.477145    
-0.341062    -0.906520    43.262923    43.318513    -0.042697    -0.113485    5.415983    
0.620992     -1.406555    49.198993    49.262357    0.013501     -0.030580    1.069636    
0.200927     1.006304     21.459961    21.574474    0.016476     0.082516     1.759690    
-0.359141    1.242379     75.332521    75.369332    -0.051207    0.177140     10.740976   
-0.592793    1.557289     45.598690    45.671567    -0.029644    0.077875     2.280253    
0.085800     0.194071     53.051751    53.088683    0.001840     0.004162     1.137702    
-0.366931    -0.352995    4.511592     4.948602     -0.130230    -0.125284    1.601237    
1.155828     -0.205938    31.423147    31.506626    0.252990     -0.045076    6.877975    
1.398680     0.771212     72.062802    72.107375    0.104663     0.057709     5.392430    
-0.344148    0.981274     91.969857    91.996798    -0.004172    0.011897     1.115022    
-0.623229    0.196781     51.856791    51.898255    -0.011124    0.003512     0.925624    
0.369294     0.456015     7.958105     8.218924     0.015658     0.019335     0.337431    
-1.528247    -0.577000    32.337833    32.438848    -0.137302    -0.051839    2.905329    
0.140573     -0.034230    31.784167    31.845395    0.014489     -0.003528    3.276018    
-0.515574    0.714356     17.858310    17.988060    -0.017889    0.024786     0.619619    
-1.053125    0.038555     69.139652    69.175696    -0.016024    0.000587     1.051975    
0.366900     0.318216     20.695408    20.794488    0.051516     0.044680     2.905804    
0.286197     -1.070465    9.903680     10.158033    0.031521     -0.117897    1.090750    
0.623954     -0.265809    115.343794   115.362583   0.000446     -0.000190    0.082497    
-0.457032    -0.258620    11.516765    11.695580    -0.006779    -0.003836    0.170824    
-1.434617    0.178755     35.191058    35.275708    -0.031731    0.003954     0.778358    
2.491232     -0.826419    67.154823    67.234919    0.110299     -0.036590    2.973273    
-0.452285    0.724423     43.746512    43.799105    -0.007071    0.011326     0.683957    
-0.855234    0.666166     29.234603    29.320849    -0.069724    0.054310     2.383397    
0.438968     1.109765     51.435858    51.487345    0.001234     0.003119     0.144556    
0.085359     1.801495     63.793033    63.848873    0.001035     0.021837     0.773272    
0.578714     0.152821     6.154664     6.489461     0.065822     0.017381     0.700017    
1.410340     0.112412     100.441314   100.470564   0.024167     0.001926     1.721156    
-1.326926    1.340856     22.196191    22.363016    -0.035359    0.035730     0.591462    
-0.050298    -0.897848    79.455088    79.484555    -0.002349    -0.041924    3.710046    
-1.152912    -1.440251    16.944189    17.157623    -0.053468    -0.066793    0.785805    
0.327562     0.874197     46.528998    46.579976    0.023761     0.063414     3.375201    
-0.807216    1.286168     18.411476    18.578569    -0.062007    0.098798     1.414289    
-1.589911    1.445563     56.790307    56.865028    -0.306169    0.278372     10.936099   
-0.917284    0.671790     49.051901    49.104548    -0.212399    0.155554     11.358082   
0.372690     1.056608     26.555015    26.651437    0.031112     0.088205     2.216804    
-1.543566    -0.641944    155.977556   155.998935   -0.004737    -0.001970    0.478723    
-0.032392    -1.117007    5.709817     6.142127     -0.002640    -0.091035    0.465345    
-0.788257    0.278978     53.742916    53.785455    -0.064525    0.022836     4.399255    
1.405828     1.004021     43.137589    43.217022    0.011115     0.007938     0.341061    
-0.511095    -0.274082    6.205175     6.535708     -0.005558    -0.002980    0.067475    
0.583569     -0.493558    26.079076    26.164429    0.022048     -0.018647    0.985294    
-0.594152    -0.676340    42.995862    43.050314    -0.003319    -0.003778    0.240193    
0.032555     -0.020330    78.248758    78.273524    0.000310     -0.000194    0.745341    
-0.370134    0.414092     17.055616    17.177819    -0.075777    0.084777     3.491792    
-0.402396    -0.845726    8.905739     9.168660     -0.052487    -0.110314    1.161640    
0.282722     -0.374297    23.399086    23.486426    0.009164     -0.012132    0.758436    
-0.226256    -0.310317    29.239652    29.308355    -0.044056    -0.060424    5.693476    
-0.145513    -0.712629    45.281601    45.330204    -0.014249    -0.069780    4.433953    
0.233680     -0.048170    7.880960     8.126587     0.011067     -0.002281    0.373224    
1.771518     -1.024960    44.128691    44.219963    0.064576     -0.037362    1.608585    
0.549868     -1.115355    29.049386    29.142549    0.002024     -0.004106    0.106953    
0.448786     -0.143190    9.894446     10.099353    0.042881     -0.013682    0.945401    
-1.769709    0.469131     20.828393    21.001163    -0.037990    0.010071     0.447124    
1.847526     0.742534     90.866968    90.910096    0.043465     0.017469     2.137756    
0.075315     0.326651     97.587426    97.607853    0.004199     0.018210     5.440284    
-0.264806    -0.678967    6.530204     6.859273     -0.014997    -0.038453    0.369836    
0.407696     0.663145     28.125764    28.205311    0.006430     0.010458     0.443558    
0.075861     -0.434287    67.195852    67.226125    0.004228     -0.024202    3.744732    
1.512360     -1.151233    52.287531    52.359081    0.002826     -0.002151    0.097700    
0.540367     0.955173     196.975988   196.988881   0.033533     0.059274     12.223579   
0.133066     0.563597     12.751351    12.915388    0.007184     0.030429     0.688454    
0.921139     -0.013833    32.830513    32.902374    0.233645     -0.003509    8.327391    
1.101159     2.657130     246.423703   246.448350   0.034411     0.083035     7.700740    
-0.155776    0.692019     69.592284    69.623732    -0.023004    0.102194     10.277084   
1.121709     0.327807     28.010107    28.103500    0.005463     0.001596     0.136408    
1.750626     2.285610     94.819391    94.883510    0.061195     0.079896     3.314520    
0.294553     -0.143184    18.575575    18.682457    0.044825     -0.021790    2.826804    
-0.536155    -0.365031    15.674681    15.811113    -0.024759    -0.016857    0.723845    
-0.686468    -0.439045    41.333156    41.388027    -0.032643    -0.020877    1.965450    
-0.785931    0.325705     11.580493    11.777374    -0.047746    0.019787     0.703528    
0.091351     -0.651457    39.914710    39.968635    0.000078     -0.000558    0.034162    
-0.566117    0.629921     10.124903    10.349199    -0.050979    0.056725     0.911755    
-0.115285    0.385781     37.637267    37.690860    -0.000464    0.001552     0.151417    
0.303250     0.222687     35.258919    35.315830    0.001891     0.001389     0.219851    
0.994305     0.411408     30.980061    31.061182    0.022282     0.009220     0.694258    
-1.938924    -0.745778    58.208181    58.278495    -0.006148    -0.002365    0.184571    
1.766852     -1.844010    104.323863   104.373682   0.102470     -0.106945    6.050335    
1.550178     -0.102557    97.398348    97.430625    0.265563     -0.017569    16.685462   
-0.484415    -0.533264    15.282072    15.425164    -0.187922    -0.206873    5.928481    
-0.641717    -0.039774    38.316656    38.372575    -0.098442    -0.006101    5.877910    
-1.361179    0.072559     75.641859    75.679746    -0.062644    0.003339     3.481167    
-0.768795    0.857056     55.475362    55.522214    -0.028946    0.032269     2.088677    
-1.026860    -0.931064    14.291647    14.493014    -0.102610    -0.093037    1.428105    
-0.218634    -0.823796    19.594337    19.711403    -0.016711    -0.062964    1.497633    
-1.025401    2.032354     77.185719    77.244366    -0.126257    0.250242     9.503823    
-0.993387    -0.442132    12.441025    12.642640    -0.023219    -0.010334    0.290785    
0.066301     0.466580     14.850285    14.987595    0.003202     0.022530     0.717090    
0.129961     -3.285705    37.692973    37.887305    0.005280     -0.133488    1.531349    
-1.192851    0.263644     20.113065    20.246055    -0.013812    0.003053     0.232881    
0.500115     0.886583     21.444174    21.558378    0.005686     0.010080     0.243808    
0.628994     -1.064014    10.905302    11.150261    0.024491     -0.041430    0.424625    
0.022981     -0.059513    11.643023    11.808430    0.003092     -0.008007    1.566498    
-0.794110    -0.189871    24.195679    24.289350    -0.048971    -0.011709    1.492094    
-0.325125    0.354233     88.432896    88.456110    -0.003200    0.003486     0.870332    
-0.146116    0.317123     21.124936    21.219326    -0.019599    0.042538     2.833610    
-0.461872    0.017153     16.777402    16.898810    -0.025561    0.000949     0.928516    
0.400621     -0.173411    10.485349    10.677456    0.007165     -0.003101    0.187517    
0.442777     0.679854     57.035947    57.075673    0.058619     0.090005     7.550946    
2.463908     -3.107792    41.093915    41.331755    0.055949     -0.070570    0.933142    
1.615112     -0.762475    15.668184    15.892038    0.184621     -0.087158    1.791011    
0.062121     -2.709521    54.356178    54.459291    0.000652     -0.028420    0.570146    
-1.051160    -0.197374    41.295969    41.356692    -0.104994    -0.019715    4.124816    
0.086511     -0.414741    10.114460    10.312941    0.017734     -0.085018    2.073366    
-1.031691    -1.032541    51.219919    51.278510    -0.070546    -0.070604    3.502383    
0.845678     0.477592     48.103283    48.153339    0.036003     0.020333     2.047907    
0.878932     1.793826     34.965745    35.078036    0.136710     0.279013     5.438601    
-0.788806    -0.829432    35.781532    35.853914    -0.080158    -0.084286    3.636100    
1.202137     -1.444904    26.959734    27.096773    0.019158     -0.023027    0.429646    
-0.099601    1.832107     35.426654    35.528711    -0.005793    0.106565     2.060605    
0.971465     0.065415     27.801771    27.888375    0.222267     0.014967     6.360926    
0.066973     -0.349896    13.586944    13.733423    0.000879     -0.004591    0.178281    
-0.310360    -1.288325    38.297857    38.371303    -0.008957    -0.037180    1.105255    
0.752857     0.999354     76.570812    76.606330    0.073576     0.097665     7.483159    
-0.450671    -1.095487    21.855618    21.976036    -0.012539    -0.030480    0.608090    
0.444674     -0.123440    6.054943     6.383593     0.008965     -0.002489    0.122071    
-1.959708    1.990195     33.212295    33.387615    -0.098298    0.099828     1.665919    
0.605082     0.661760     24.889322    24.983141    0.064318     0.070343     2.645660    
-0.366232    -0.828817    20.422600    20.537249    -0.063597    -0.143926    3.546432    
0.480636     0.064577     10.636185    10.827675    0.037547     0.005045     0.830888    
-0.109328    -2.093154    38.046595    38.155099    -0.005808    -0.111200    2.021245    
-0.367535    1.331206     37.110298    37.188121    -0.000513    0.001858     0.051793    
-1.886460    -0.423646    29.694435    29.822351    -0.018048    -0.004053    0.284083    
-1.112947    -0.267707    6.657302     7.035975     -0.105340    -0.025338    0.630108    
0.952960     -1.232546    16.615471    16.804051    0.024938     -0.032254    0.434810    
-1.251883    0.347489     34.966654    35.046109    -0.003434    0.000953     0.095910    
-0.673292    0.127470     95.026955    95.049811    -0.011830    0.002240     1.669655    
-0.331756    -1.586147    49.965366    50.030378    -0.109942    -0.525641    16.558249   
-0.287534    -1.082074    24.866535    24.969443    -0.011224    -0.042239    0.970677    
0.642205     -0.241010    101.634565   101.655941   0.040226     -0.015096    6.366039    
1.282115     0.112640     22.876440    22.997021    0.239211     0.021016     4.268171    
0.317516     0.007777     81.812290    81.836585    0.015283     0.000374     3.937916    
-0.133312    0.159702     95.917208    95.937631    -0.011168    0.013379     8.035622    
-1.020058    -1.052883    79.494395    79.532276    -0.056707    -0.058532    4.419238    
-1.399569    -0.897504    27.169534    27.291443    -0.217898    -0.139732    4.229999    
0.558695     0.436916     18.144853    18.265094    0.001734     0.001356     0.056307    
0.426086     -1.060709    86.106729    86.136812    0.016148     -0.040199    3.263254    
-1.185427    -0.895422    17.239124    17.414631    -0.123543    -0.093319    1.796625    
-1.995415    0.742862     93.950850    93.995589    -0.075531    0.028119     3.556248    
-0.783444    0.721215     111.847588   111.869977   -0.037714    0.034718     5.384174    
-0.206459    -0.044842    15.537645    15.663270    -0.005109    -0.001110    0.384526    
-0.675083    -0.742641    17.303055    17.443564    -0.046630    -0.051296    1.195172    
-0.762023    0.166515     27.894921    27.975167    -0.076201    0.016651     2.789451    
0.199568     -0.826205    15.821306    15.965936    0.007749     -0.032079    0.614301    
-1.408402    -1.403490    24.683723    24.841789    -0.063813    -0.063590    1.118381    
-0.227055    0.368673     50.190396    50.230850    -0.013628    0.022128     3.012437    
1.162813     0.230626     12.630573    12.837899    0.016619     0.003296     0.180513    
-0.904266    -1.159097    81.401455    81.438523    -0.039843    -0.051071    3.586635    
0.351232     -2.124173    19.283584    19.503001    0.015890     -0.096101    0.872419    
-0.616514    -0.543931    32.167585    32.238245    -0.092723    -0.081806    4.837956    
0.480006     0.920599     77.217646    77.249710    0.000078     0.000150     0.012623    
-0.121382    -0.351691    28.001613    28.073185    -0.002655    -0.007694    0.612586    
-1.424515    -0.055239    14.604939    14.805792    -0.167854    -0.006509    1.720935    
0.981542     -1.072662    31.416576    31.511747    0.177419     -0.193889    5.678701    
-0.278769    -0.003147    14.965199    15.096684    -0.008250    -0.000093    0.442869    
0.063917     -1.474885    28.892088    28.996674    0.005388     -0.124335    2.435641    
1.181347     0.181687     23.062192    23.176890    0.045877     0.007056     0.895602    
-0.153697    -1.149863    43.057826    43.118408    -0.032018    -0.239540    8.969831    
-0.392447    -0.087291    25.363414    25.442865    -0.044224    -0.009837    2.858165    
0.459157     0.222414     121.512912   121.529927   0.039846     0.019302     10.545124   
1.025689     -0.802814    25.222448    25.332655    0.003907     -0.003058    0.096082    
0.062476     -0.528928    21.711596    21.807155    0.001330     -0.011262    0.462288    
-0.234635    -1.866482    81.187036    81.232682    -0.052953    -0.421230    18.322395   
-0.055017    -0.829306    32.708843    32.778562    -0.002966    -0.044711    1.763439    
1.009226     -1.277064    22.770149    22.912967    0.086055     -0.108893    1.941569    
-0.253728    2.490287     49.318234    49.420938    -0.018808    0.184597     3.655800    
-0.702100    -0.292482    26.283932    26.368514    -0.015353    -0.006396    0.574748    
-1.014944    0.466635     11.057458    11.286726    -0.005509    0.002533     0.060018    
-1.596990    0.323908     37.947864    38.033809    -0.221048    0.044834     5.252578    
-0.708059    -0.149407    47.506949    47.553221    -0.009368    -0.001977    0.628560    
-0.422516    -0.711476    5.594157     5.987843     -0.011595    -0.019525    0.153521    
-2.067061    -0.939291    23.108279    23.302844    -0.014654    -0.006659    0.163823    
1.095451     -0.218107    67.876322    67.914045    0.000175     -0.000035    0.010857    
0.289253     -0.424590    41.249347    41.299485    0.012216     -0.017932    1.742106    
0.727479     -0.512750    18.983606    19.106135    0.069300     -0.048845    1.808393    
0.492160     0.391193     80.829922    80.856333    0.057184     0.045453     9.391596    
1.032300     0.626306     42.016289    42.079703    0.411112     0.249425     16.732912   
0.026789     -0.314332    13.163268    13.313380    0.001046     -0.012269    0.513775    
0.355707     -1.014536    10.230313    10.473302    0.016065     -0.045819    0.462025    
-2.309153    0.358489     80.060381    80.118663    -0.301361    0.046785     10.448465   
0.157376     0.192049     8.402310     8.633390     0.016451     0.020075     0.878301    
0.322944     2.583062     20.997460    21.249583    0.065832     0.526555     4.280315    
-0.764077    0.855325     55.547301    55.594002    -0.004885    0.005468     0.355137    
1.559754     0.650275     197.468005   197.485047   0.063547     0.026493     8.045170    
0.084158     -0.250015    27.096693    27.169382    0.002491     -0.007401    0.802126    
0.727195     -0.159024    12.223268    12.403118    0.017546     -0.003837    0.294934    
1.114685     0.187594     144.667601   144.685408   0.006976     0.001174     0.905376    
0.056866     0.031664     35.379203    35.433983    0.001844     0.001027     1.147068    
0.119543     -0.940702    26.403267    26.493521    0.000349     -0.002749    0.077150    
-1.165568    0.401290     162.802707   162.819274   -0.171186    0.058937     23.910717   
0.961303     -0.830349    30.073566    30.164680    0.005807     -0.005016    0.181655    
-0.220747    0.948789     12.695740    12.884320    -0.013677    0.058784     0.786592    
-0.379079    0.409716     28.485028    28.558420    -0.075377    0.081469     5.664056    
-0.797594    -2.093947    32.776015    32.911440    -0.021366    -0.056093    0.878013    
1.205371     -0.512169    12.326359    12.551068    0.007795     -0.003312    0.079717    
-0.760796    -0.848914    68.672760    68.710424    -0.060448    -0.067449    5.456303    
-0.611432    0.270835     100.464601   100.486110   -0.171033    0.075759     28.102474   
-0.300931    -1.305496    13.247372    13.459669    -0.022301    -0.096748    0.981740    
1.391492     -0.353269    39.986921    40.061077    0.005925     -0.001504    0.170276    
-0.743051    -0.238882    23.898611    23.992243    -0.005695    -0.001831    0.183160    
-0.556284    -0.543626    40.560276    40.615464    -0.019698    -0.019249    1.436216    
1.085388     -2.441146    54.471235    54.572224    0.038972     -0.087652    1.955858    
2.267918     0.470928     113.264790   113.305573   0.223724     0.046456     11.173283   
-0.174376    1.037856     25.689228    25.786022    -0.008370    0.049814     1.233013    
-0.096905    1.036366     9.207720     9.473147     -0.002212    0.023652     0.210140    
-0.341835    0.003069     11.430269    11.603571    -0.038157    0.000343     1.275893    
0.241222     0.636690     55.333047    55.372236    0.034755     0.091733     7.972248    
-0.230366    -0.476544    109.623712   109.642663   -0.011598    -0.023992    5.519036    
-1.271156    1.355447     56.446611    56.511485    -0.031472    0.033559     1.397548    
0.529567     -0.353856    40.961875    41.014093    0.013285     -0.008877    1.027567    
-1.468436    0.227079     53.014455    53.071793    -0.109685    0.016962     3.959923    
-2.419795    0.841205     61.060555    61.145968    -0.064865    0.022550     1.636801    
-0.414904    0.877703     16.264416    16.411846    -0.008535    0.018056     0.334593    
0.066649     -0.186216    65.348005    65.377946    0.007014     -0.019596    6.876655    
-0.293125    -0.107249    93.928389    93.949533    -0.005514    -0.002017    1.766781    
0.737844     1.151818     72.029078    72.068954    0.071423     0.111496     6.972394    
-0.512328    -0.465548    17.658949    17.781807    -0.045413    -0.041267    1.565306    
-0.028030    0.070346     14.571785    14.704340    -0.001167    0.002928     0.606600    
1.808401     1.045838     148.477176   148.504919   0.126197     0.072983     10.361320   
1.362279     1.052725     19.920032    20.090960    0.064120     0.049550     0.937606    
0.155087     0.686129     28.166531    28.243995    0.012140     0.053710     2.204864    
0.499834     0.048716     10.242329    10.441861    0.109447     0.010667     2.242728    
0.440845     0.258426     18.922731    19.031706    0.024852     0.014568     1.066724    
-0.281410    -1.450721    143.606509   143.627603   -0.002729    -0.014067    1.392478    
-1.516846    2.236645     59.851757    59.945068    -0.131310    0.193621     5.181233    
-0.822825    0.519221     188.528739   188.541526   -0.019695    0.012428     4.512554    
-1.639837    -2.019210    15.021881    15.371992    -0.016879    -0.020783    0.154617    
2.822159     0.418286     17.391165    17.733220    0.032889     0.004875     0.202677    
0.455997     -1.467321    27.187651    27.302093    0.017164     -0.055232    1.023373    
1.230410     0.391436     26.253426    26.358764    0.035590     0.011322     0.759378    
-1.334087    -0.260593    95.426409    95.456389    -0.070937    -0.013857    5.074110    
-0.512825    -0.583475    18.472206    18.593030    -0.027839    -0.031675    1.002789    
0.926365     -1.821692    155.395826   155.421730   0.134335     -0.264169    22.534412   
-1.212816    1.453145     58.761941    58.825362    -0.068993    0.082665     3.342785    
-2.681043    1.606558     32.467126    32.676571    -0.319048    0.191183     3.863636    
-0.204234    -0.765899    56.387518    56.427435    -0.020606    -0.077275    5.689176    
0.112733     -1.035381    31.155758    31.235251    0.012317     -0.113123    3.403985    
0.075840     0.715320     24.131168    24.222007    0.003758     0.035441     1.195608    
-0.849787    -0.202598    47.463233    47.512068    -0.043333    -0.010331    2.420276    
1.189933     1.097346     25.280471    25.408606    0.051900     0.047862     1.102638    
-0.470875    0.914301     169.524191   169.538739   -0.033321    0.064699     11.996144   
0.232350     -0.234897    41.690644    41.738399    0.062927     -0.063616    11.290940   
0.810888     0.469068     17.625236    17.759545    0.045424     0.026276     0.987321    
-0.829547    -0.520829    15.067257    15.226838    -0.095671    -0.060067    1.737703    
-0.863712    0.034914     56.690375    56.731127    -0.027260    0.001102     1.789219    
3.417739     1.830503     94.317492    94.417667    0.179702     0.096246     4.959128    
0.220741     -0.131771    20.978859    21.072579    0.007955     -0.004749    0.756070    
0.443382     -0.243949    40.336991    40.388165    0.057380     -0.031571    5.220214    
-0.914586    0.013833     5.658789     6.060817     -0.168827    0.002554     1.044576    
-0.665112    -0.307218    87.836622    87.861732    -0.032986    -0.015236    4.356191    
1.664293     0.356497     14.499935    14.731600    0.062434     0.013374     0.543950    
-0.708654    -0.378537    8.020028     8.297065     -0.157046    -0.083888    1.777334    
0.294916     -0.063509    105.291920   105.310752   0.002640     -0.000568    0.942417    
0.060350     0.090635     6.403774     6.700383     0.007698     0.011561     0.816830    
-0.462157    0.224238     10.037983    10.242067    -0.059208    0.028728     1.285982    
1.026127     0.301983     24.363999    24.466784    0.001408     0.000414     0.033422    
0.417805     -0.594307    112.856799   112.876303   0.027213     -0.038708    7.350604    
0.156892     0.746808     108.973737   108.994186   0.003449     0.016419     2.395908    
0.233510     -0.619719    4.146938     4.637955     0.011141     -0.029567    0.197854    
-0.378128    0.360940     69.814459    69.844162    -0.015910    0.015187     2.937540    
-0.602605    0.688132     8.359737     8.636945     -0.056464    0.064478     0.783304    
-0.991070    -0.325398    9.922417     10.169436    -0.097125    -0.031889    0.972398    
-0.699713    0.077282     40.955829    41.009150    -0.029666    0.003277     1.736411    
-0.227489    -0.056504    13.735249    13.877571    -0.016136    -0.004008    0.974283    
-0.027165    -1.039935    11.240078    11.458469    -0.003244    -0.124190    1.342301    
-1.877584    -0.518920    67.600338    67.657042    -0.042860    -0.011846    1.543130    
-1.904129    0.359630     46.597881    46.679680    -0.080344    0.015174     1.966173    
0.439374     0.368160     214.115270   214.125086   0.010972     0.009193     5.346761    
-0.272190    -0.350496    51.738787    51.778122    -0.025316    -0.032599    4.812170    
0.689529     -0.149618    82.624021    82.650479    0.008347     -0.001811    1.000227    
-1.109152    0.550063     81.955506    81.988491    -0.323822    0.160594     23.927301   
-1.252428    0.129625     52.495838    52.547820    -0.032987    0.003414     1.382670    
-0.253134    0.762475     52.936173    52.978853    -0.016702    0.050307     3.492681    
-0.125668    -0.326619    128.494720   128.510274   -0.008152    -0.021187    8.335208    
0.402369     -1.197452    14.966742    15.148403    0.020589     -0.061274    0.765851    
-2.996896    0.186150     179.964429   180.000241   -0.125038    0.007767     7.508587    
-1.056743    0.851358     36.339094    36.417663    -0.035132    0.028304     1.208127    
0.068597     0.340834     20.022508    20.122043    0.001847     0.009176     0.539034    
1.854076     -1.931388    50.291176    50.400845    0.430321     -0.448265    11.672321   
-0.947018    1.249870     36.823708    36.909612    -0.005890    0.007773     0.229012    
0.212927     -0.565613    17.538340    17.658811    0.024974     -0.066340    2.057060    
-0.075835    -0.005662    19.187056    19.287920    -0.009204    -0.000687    2.328762    
0.568594     1.752131     35.392978    35.495508    0.015161     0.046718     0.943710    
1.173856     -0.793742    16.320895    16.500137    0.052815     -0.035713    0.734320    
2.068994     -0.759273    87.949822    87.999451    0.079586     -0.029206    3.383096    
1.319181     -0.329966    11.725256    11.966858    0.114529     -0.028647    1.017967    
-0.634723    -0.198220    41.302784    41.355013    -0.010325    -0.003224    0.671877    
-0.607166    0.004967     58.949034    58.985017    -0.080272    0.000657     7.793535    
0.607207     1.333624     23.170516    23.300107    0.002483     0.005453     0.094737    
0.307658     0.784868     168.909097   168.922670   0.061742     0.157511     33.897403   
0.804359     -0.037388    40.622264    40.677901    0.026091     -0.001213    1.317688    
0.229801     1.801945     101.511740   101.547074   0.003469     0.027201     1.532347    
0.197906     -0.246068    55.900044    55.935584    0.019411     -0.024134    5.482694    
-0.563004    0.276023     10.770603    10.966951    -0.048556    0.023805     0.928901    
-1.633565    1.360570     6.560233     7.171562     -0.254385    0.211873     1.021586    
0.523992     0.180662     13.342232    13.498049    0.006526     0.002250     0.166166    
0.414679     0.546308     77.492863    77.520895    0.048128     0.063406     8.993983    
-1.873873    -1.008477    44.966784    45.060127    -0.110639    -0.059543    2.654966    
1.499939     0.234199     17.287687    17.465502    0.080002     0.012491     0.922072    
1.332355     -0.468551    34.751653    34.836002    0.067925     -0.023887    1.771675    
0.169804     -0.542665    77.821415    77.848384    0.012482     -0.039892    5.720684    
0.901728     -1.833705    41.802628    41.898810    0.010837     -0.022037    0.502374    
-0.882809    -0.357427    17.560677    17.696311    -0.014895    -0.006031    0.296298    
0.167177     0.049633     59.857744    59.890357    0.024520     0.007280     8.779523    
1.564607     -0.653322    58.011667    58.069814    0.075991     -0.031731    2.817543    
0.102642     -1.182498    48.111056    48.165937    0.000745     -0.008579    0.349037    
0.095883     -0.563489    33.260679    33.323782    0.001454     -0.008544    0.504350    
0.542752     0.516098     32.326443    32.394981    0.003261     0.003101     0.194231    
0.430294     -0.138265    57.755705    57.791009    0.022651     -0.007278    3.040251    
-0.390126    0.533035     22.416102    22.512061    -0.008738    0.011939     0.502074    
0.431213     -0.105577    123.102941   123.119479   0.002204     -0.000540    0.629253    
-0.286842    -0.609703    44.335958    44.384751    -0.018531    -0.039389    2.864295    
-0.960307    -0.133979    19.667389    19.789423    -0.016361    -0.002283    0.335074    
0.204348     -0.311751    9.589473     9.796524     0.000818     -0.001248    0.038401    
0.115927     -0.755342    52.678466    52.720771    0.008521     -0.055519    3.871932    
0.440226     0.482375     33.608607    33.672539    0.056567     0.061983     4.318579    
0.384749     0.621417     14.028513    14.184792    0.045739     0.073874     1.667709    
-0.414564    -0.216580    89.859298    89.882073    -0.009923    -0.005184    2.150883    
-1.301443    0.843296     69.151820    69.197211    -0.050519    0.032735     2.684308    
0.629957     0.164805     14.717010    14.862346    0.026931     0.007046     0.629164    
0.343839     -0.011999    38.177462    38.229726    0.020258     -0.000707    2.249353    
0.080046     -0.707519    25.174624    25.261505    0.001481     -0.013090    0.465762    
0.213808     1.134211     7.884272     8.207853     0.014621     0.077561     0.539153    
-0.404210    0.657124     5.278949     5.686603     -0.055028    0.089458     0.718654    
-1.048246    1.346844     28.352222    28.471675    -0.021680    0.027856     0.586387    
0.609689     0.532660     16.487991    16.624808    0.043042     0.037604     1.164008    
-0.391179    0.375713     150.054175   150.068067   -0.003155    0.003031     1.210409    
-0.150198    0.260862     113.786889   113.804313   -0.001417    0.002462     1.073722    
-0.702661    1.059907     66.193825    66.235297    -0.011865    0.017897     1.117733    
0.127190     -0.335930    146.748144   146.761786   0.011808     -0.031186    13.623211   
-1.009163    -0.775012    19.762991    19.901503    -0.163557    -0.125608    3.203031    
0.090476     -0.625014    11.973283    12.150444    0.007163     -0.049479    0.947861    
0.833239     -0.266828    15.893352    16.038674    0.103398     -0.033111    1.972240    
1.632567     -0.792300    41.593654    41.679731    0.007825     -0.003798    0.199361    
-0.321897    -0.121535    16.107023    16.230512    -0.007437    -0.002808    0.372146    
1.167716     -0.912959    11.035739    11.307499    0.032627     -0.025509    0.308352    
0.582463     0.909722     16.617503    16.768518    0.033591     0.052465     0.958347    
-1.342512    -0.457747    34.274801    34.360570    -0.009715    -0.003313    0.248031    
0.537836     1.583210     76.783911    76.827338    0.007533     0.022176     1.075512    
0.165391     0.129204     23.023697    23.108648    0.000404     0.000316     0.056240    
0.424871     -1.914015    9.858410     10.242420    0.044858     -0.202084    1.040863    
-0.658063    -1.189251    115.193059   115.217894   -0.015771    -0.028501    2.760628    
2.611583     -0.901379    54.587186    54.692492    0.791025     -0.273019    16.533961   
-0.357237    0.438347     40.927114    40.978328    -0.014436    0.017714     1.653899    
0.977211     -0.135401    29.951211    30.032037    0.200434     -0.027772    6.143236    
1.074038     1.110881     93.603920    93.637366    0.044466     0.045991     3.875268    
0.251325     -0.179891    36.003024    36.058122    0.002782     -0.001991    0.398568    
2.589347     0.876153     25.109784    25.334730    0.443869     0.150191     4.304349    
1.345099     0.218313     16.724399    16.894894    0.010631     0.001725     0.132177    
0.486408     0.260017     24.229363    24.315452    0.011510     0.006153     0.573335    
1.271478     0.868129     14.987484    15.194405    0.151779     0.103631     1.789091    
-0.273351    -0.227099    15.640371    15.767766    -0.000130    -0.000108    0.007455    
1.069460     -0.377539    12.393169    12.599677    0.085501     -0.030183    0.990803    
0.490342     1.264216     102.927437   102.955189   0.024736     0.063776     5.192350    
0.419911     1.695036     42.398155    42.479736    0.019654     0.079338     1.984494    
-1.239849    -0.780562    44.608392    44.675833    -0.028017    -0.017638    1.008005    
-0.132152    -0.045948    31.675156    31.736573    -0.008326    -0.002895    1.995714    
-0.277857    -1.408206    29.396591    29.497369    -0.008426    -0.042703    0.891428    
-0.416367    -1.020260    21.383240    21.501911    -0.020001    -0.049011    1.027204    
-0.877605    -1.356881    78.609682    78.650927    -0.040478    -0.062583    3.625691    
-1.377266    -1.405065    210.227575   210.245997   -0.163935    -0.167244    25.023278   
0.816911     -1.365910    27.218975    27.336433    0.030615     -0.051189    1.020057    
-1.460892    -0.670908    88.932234    88.968542    -0.081312    -0.037342    4.949915    
-1.005540    0.462987     52.757933    52.806249    -0.108219    0.049828     5.677967    
0.732850     -0.479480    7.620492     7.919206     0.008827     -0.005775    0.091789    
-0.891072    0.779783     266.905868   266.915753   -0.006218    0.005442     1.862534    
-0.733746    -0.681510    78.133091    78.164300    -0.042171    -0.039169    4.490613    
-0.033826    -1.000552    84.187698    84.216660    -0.002332    -0.068982    5.804249    
-1.067930    -0.876724    26.141555    26.251952    -0.009992    -0.008203    0.244590    
0.143465     0.515300     53.442822    53.481738    0.002790     0.010023     1.039482    
0.019120     0.384493     41.064143    41.113100    0.000942     0.018949     2.023755    
0.009460     1.127531     45.341326    45.398042    0.001869     0.222805     8.959659    
0.227626     -0.200479    62.824782    62.856346    0.004050     -0.003567    1.117856    
-1.452773    -1.075738    28.998704    29.121599    -0.015925    -0.011792    0.317875    
-0.196668    1.297295     19.661173    19.802988    -0.007856    0.051823     0.785402    
0.274332     -0.060805    61.249308    61.281577    0.088567     -0.019631    19.774016   
-1.053199    -0.346636    140.865829   140.883945   -0.125993    -0.041468    16.851608   
-1.281460    -0.821384    50.442806    50.504143    -0.036899    -0.023651    1.452472    
-0.216904    0.887047     203.709561   203.721118   -0.015615    0.063861     14.665590   
-0.404854    -0.809841    38.481413    38.542364    -0.049353    -0.098722    4.691001    
1.787724     0.599967     64.867321    64.924573    0.235589     0.079064     8.548306    
0.413330     0.500898     127.192632   127.209521   0.147588     0.178856     45.416819   
-0.947702    -0.824466    18.984457    19.127531    -0.001069    -0.000930    0.021419    
1.005514     1.381806     106.325628   106.357578   0.035480     0.048758     3.751782    
0.342416     -0.013412    35.483476    35.539688    0.014400     -0.000564    1.492224    
0.114803     0.943839     130.852017   130.870276   0.002778     0.022839     3.166387    
0.813487     0.796012     108.436496   108.460333   0.003412     0.003338     0.454758    
1.984671     -1.255092    15.394244    15.696238    0.147793     -0.093463    1.146364    
-0.259217    -0.130162    31.482875    31.545689    -0.055592    -0.027915    6.751807    
-2.071961    -2.956269    30.308486    30.586138    -0.108105    -0.154244    1.581351    
0.444532     -0.474847    12.287060    12.460733    0.016753     -0.017895    0.463060    
0.056241     -0.749708    47.672471    47.719018    0.002014     -0.026842    1.706824    
-1.517588    -1.079464    27.610153    27.742816    -0.010647    -0.007573    0.193699    
1.203098     0.426634     56.715491    56.763997    0.264813     0.093906     12.483612   
-0.121056    0.848042     33.693925    33.762248    -0.006519    0.045670     1.814525    
0.879497     -0.296304    39.447485    39.507472    0.046809     -0.015770    2.099480    
0.345297     -0.388060    12.904165    13.063776    0.051107     -0.057436    1.909921    
-0.335508    -1.531493    23.259477    23.395219    -0.079594    -0.363323    5.517956    
0.748166     0.016680     76.950733    76.979545    0.010012     0.000223     1.029776    
-0.844546    0.750236     24.367141    24.472610    -0.125590    0.111565     3.623569    
-0.887127    -0.490567    70.268330    70.303206    -0.234398    -0.129618    18.566386   
0.258525     -0.130646    117.089786   117.106690   0.041131     -0.020785    18.628610   
1.680586     0.196842     49.635428    49.703257    0.076730     0.008987     2.266187    
-0.031401    -0.240271    76.627704    76.653367    -0.001816    -0.013893    4.430622    
-2.030040    -0.666592    24.462669    24.634580    -0.133586    -0.043865    1.609762    
0.794356     -0.769700    44.515745    44.572973    0.013727     -0.013301    0.769277    
0.026032     0.065147     47.166892    47.208004    0.003595     0.008997     6.513742    
0.376446     0.146156     28.713585    28.783815    0.000379     0.000147     0.028946    
-1.616845    -0.597871    61.963927    62.019149    -0.166599    -0.061604    6.384738    
0.559225     0.078819     7.617103     7.887595     0.032567     0.004590     0.443583    
0.074620     1.143580     60.493313    60.536181    0.002748     0.042111     2.227606    
0.149711     -0.322740    46.565187    46.608134    0.001671     -0.003602    0.519685    
-0.538553    -0.051048    12.551697    12.716631    -0.032334    -0.003065    0.753594    
-1.961444    2.045177     66.721220    66.810375    -0.222520    0.232019     7.569314    
-0.348326    -0.783531    10.011532    10.239189    -0.003059    -0.006880    0.087908    
-0.204095    0.594991     124.449927   124.467084   -0.024057    0.070133     14.669279   
-0.248345    0.175969     191.024591   191.034976   -0.008239    0.005838     6.337357    
-0.016809    0.239382     51.619862    51.657939    -0.000200    0.002847     0.613850    
-0.255800    -0.108877    39.356902    39.407081    -0.016198    -0.006895    2.492252    
0.843159     -0.275568    72.965927    72.997865    0.004782     -0.001563    0.413826    
-0.081334    1.340053     96.239407    96.268899    -0.007196    0.118564     8.514975    
0.162479     0.588717     96.636425    96.658402    0.008745     0.031685     5.200984    
1.126445     -0.343510    26.267438    26.367407    0.119091     -0.036317    2.777079    
-0.978622    0.547820     35.205504    35.278326    -0.168607    0.094384     6.065564    
-0.186199    -0.458214    89.254788    89.277862    -0.007485    -0.018420    3.587953    
-0.511413    -0.461889    27.909653    27.987472    -0.006716    -0.006066    0.366527    
0.598412     -0.469765    17.289293    17.417617    0.022513     -0.017673    0.650432    
-0.315505    0.477039     46.002797    46.048446    -0.008397    0.012696     1.224299    
0.472127     -0.408266    63.986668    64.019983    0.016081     -0.013906    2.179465    
0.639501     0.690210     20.641258    20.756248    0.018581     0.020055     0.599751    
-0.310586    2.118658     32.014597    32.146455    -0.005255    0.035846     0.541662    
-0.616808    -1.341798    38.416840    38.495576    -0.025577    -0.055639    1.593003    
0.109981     1.848308     28.097152    28.226818    0.005979     0.100488     1.527581    
0.408132     0.357903     22.672169    22.763938    0.021338     0.018712     1.185335    
-0.723173    -0.368143    31.550160    31.621923    -0.041764    -0.021261    1.822055    
0.578485     0.021923     49.090998    49.133859    0.122229     0.004632     10.372481   
-0.543179    -0.268652    22.155988    22.251517    -0.049343    -0.024405    2.012676    
0.113362     0.329792     81.061322    81.085970    0.009914     0.028841     7.088969    
1.243754     -1.472592    55.262029    55.330663    0.024241     -0.028701    1.077047    
-0.380522    0.205574     14.080070    14.223586    -0.019497    0.010533     0.721411    
0.234172     -0.503180    18.559925    18.672274    0.016056     -0.034501    1.272564    
1.071061     -0.861697    18.971768    19.123091    0.204275     -0.164345    3.618342    
0.473341     -0.709492    21.121302    21.229973    0.089402     -0.134005    3.989269    
1.176576     1.017786     55.944928    56.001161    0.001997     0.001727     0.094941    
-0.955367    2.273047     85.455489    85.513713    -0.302332    0.719320     27.042920   
0.725085     0.737082     161.601582   161.616878   0.054189     0.055086     12.077317   
1.138010     0.665661     50.203521    50.259394    0.069488     0.040646     3.065478    
-0.852731    -1.087354    36.460509    36.539748    -0.149437    -0.190554    6.389529    
-0.703174    0.402896     23.446068    23.542511    -0.045354    0.025986     1.512249    
1.934892     0.919832     91.971216    92.017224    0.004572     0.002173     0.217301    
0.208380     -0.304826    41.668059    41.716165    0.004893     -0.007158    0.978485    
0.640281     -0.512582    18.563422    18.685510    0.002748     -0.002200    0.079679    
0.173923     1.011619     57.333019    57.375985    0.027894     0.162244     9.195114    
-0.877221    0.649604     59.901469    59.943744    -0.039884    0.029535     2.723485    
-0.273415    -0.473660    9.667888     9.881403     -0.080034    -0.138650    2.829995    
-0.504040    -1.320856    17.563193    17.729620    -0.072056    -0.188826    2.510789    
2.127663     -0.204368    28.368245    28.516679    0.559214     -0.053714    7.456035    
0.800741     1.154894     44.725273    44.790624    0.097205     0.140197     5.429365    
-0.170114    -1.411363    122.356126   122.380217   -0.000453    -0.003757    0.325694    
0.587787     2.037774     11.162626    11.531574    0.023733     0.082279     0.450710    
-0.281020    -0.560046    38.485410    38.540814    -0.004761    -0.009489    0.652078    
-0.249582    -0.283556    67.309193    67.339031    -0.030483    -0.034633    8.220981    
1.332912     -0.558482    10.802241    11.074833    0.022091     -0.009256    0.179031    
1.246117     0.169915     64.784099    64.826199    0.030061     0.004099     1.562830    
0.276105     -0.317054    74.429147    74.456360    0.006482     -0.007443    1.747339    
-1.161673    0.019653     16.392444    16.551043    -0.186942    0.003163     2.637951    
-0.470654    0.940046     108.591328   108.614256   -0.044869    0.089618     10.352401   
1.085898     0.738101     110.845034   110.870287   0.036495     0.024806     3.725275    
-0.734646    0.507648     65.380788    65.416510    -0.006565    0.004536     0.584246    
-1.036890    -0.893286    8.549373     8.879180     -0.183111    -0.157752    1.509792    
0.361292     0.836594     40.156966    40.215510    0.036700     0.084980     4.079110    
0.906084     -0.378862    30.970987    31.049018    0.013424     -0.005613    0.458831    
0.634611     -0.362823    17.437476    17.563453    0.016207     -0.009266    0.445316    
0.225914     1.767622     21.243858    21.409157    0.057281     0.448189     5.386477    
-1.419588    3.123893     28.353465    28.628096    -0.129190    0.284292     2.580323    
-1.362848    -0.870543    57.933191    57.989178    -0.113248    -0.072339    4.814029    
-0.420931    -1.469411    49.584591    49.647185    -0.002098    -0.007323    0.247121    
-0.018796    -1.121719    85.358151    85.388216    -0.001213    -0.072359    5.506237    
-0.344481    0.070305     81.446003    81.470547    -0.001911    0.000390     0.451717    
-0.997668    -1.856572    95.715119    95.758557    -0.062553    -0.116406    6.001286    
-0.222488    0.856113     17.360433    17.494057    -0.035126    0.135163     2.740872    
0.387432     0.592471     19.864659    19.974503    0.065639     0.100377     3.365491    
-1.982246    -0.261367    37.416971    37.522024    -0.039236    -0.005173    0.740617    
0.209155     0.638782     56.055886    56.094466    0.026081     0.079653     6.989875    
-1.180895    0.299928     60.039827    60.084443    -0.621883    0.157948     31.618163   
1.486139     1.183672     23.451285    23.610325    0.086950     0.069253     1.372072    
-0.027958    0.677727     11.567088    11.752981    -0.002305    0.055872     0.953602    
-0.628389    0.383634     46.113558    46.161426    -0.147769    0.090213     10.843820   
-0.698706    -0.111709    68.787210    68.819008    -0.020640    -0.003300    2.032022    
-0.388922    -0.529089    43.125714    43.175611    -0.021801    -0.029659    2.417465    
1.043802     -1.016221    34.758117    34.844281    0.028455     -0.027703    0.947546    
-0.101074    -1.834394    59.784331    59.844937    -0.000910    -0.016522    0.538465    
1.070607     -2.466738    16.208621    16.547668    0.004227     -0.009739    0.063995    
0.415831     0.547648     17.394146    17.518679    0.005219     0.006873     0.218294    
0.391239     0.866368     13.381565    13.558941    0.004786     0.010599     0.163701    
-0.377154    -0.802291    78.749296    78.778884    -0.011408    -0.024267    2.381920    
-1.492905    -2.317791    113.098795   113.149517   -0.020675    -0.032099    1.566295    
-0.859891    -0.272841    100.037486   100.060918   -0.017928    -0.005689    2.085709    
-1.682209    -1.066702    22.906821    23.077371    -0.198929    -0.126143    2.708840    
0.614243     -0.136349    18.138529    18.255878    0.065273     -0.014489    1.927508    
-0.517016    1.107551     33.044104    33.125243    -0.015305    0.032787     0.978210    
-0.130482    -0.234671    16.855244    16.971927    -0.003971    -0.007142    0.513003    
-1.200579    -1.843589    19.368189    19.591883    -0.302613    -0.464688    4.881874    
-0.839844    0.948167     23.634844    23.750477    -0.055707    0.062892     1.567691    
-0.208077    -1.196647    108.617361   108.641987   -0.004135    -0.023781    2.158552    
-0.504394    -0.849648    12.904807    13.091421    -0.003814    -0.006424    0.097573    
1.579954     -0.539791    34.153218    34.250619    0.236781     -0.080896    5.118393    
0.100582     2.003361     74.348960    74.402059    0.001687     0.033603     1.247094    
0.380063     -0.399506    55.397764    55.435470    0.018725     -0.019683    2.729304    
-1.073180    0.928244     43.197574    43.265676    -0.001887    0.001632     0.075970    
0.066950     -0.656212    19.198864    19.310785    0.003544     -0.034738    1.016347    
0.797970     -0.312729    65.304297    65.339580    0.047399     -0.018576    3.879058    
-0.971077    -0.380760    93.566583    93.593100    -0.182258    -0.071463    17.561148   
0.983864     -2.333745    22.828855    23.053111    0.022942     -0.054418    0.532318    
-0.451780    0.076181     18.424729    18.535250    -0.039137    0.006599     1.596101    
0.446056     2.836412     32.470932    32.657014    0.007938     0.050477     0.577853    
1.419905     0.719317     13.725205    13.956710    0.082683     0.041887     0.799234    
-0.431208    0.724851     10.481348    10.697895    -0.013225    0.022232     0.321470    
0.130704     -0.605198    51.205938    51.247502    0.002395     -0.011091    0.938430    
-1.408354    -0.736143    14.589405    14.807128    -0.153653    -0.080314    1.591716    
-0.444140    -1.683244    38.719635    38.808706    -0.011323    -0.042912    0.987097    
-1.492309    1.666907     36.090771    36.213592    -0.091071    0.101726     2.202510    
0.849353     -1.227838    54.011903    54.068379    0.020054     -0.028990    1.275253    
1.257892     0.588977     28.719176    28.820049    0.132820     0.062190     3.032429    
2.308146     -0.529133    20.487737    20.717862    0.135329     -0.031024    1.201215    
1.131270     0.246867     66.673573    66.712675    0.008668     0.001892     0.510876    
-0.732566    1.277238     30.286971    30.386569    -0.042040    0.073297     1.738074    
0.106057     -0.567163    12.873324    13.035734    0.000495     -0.002646    0.060058    
0.344757     0.151384     55.752253    55.788265    0.003810     0.001673     0.616143    
0.205549     0.129008     17.763890    17.874273    0.042248     0.026516     3.651162    
-0.571346    -2.825854    19.466284    19.776831    -0.029231    -0.144573    0.995910    
2.093610     0.629222     53.312209    53.393311    0.002052     0.000617     0.052245    
0.588922     -0.655453    13.370950    13.543770    0.082408     -0.091718    1.871007    
0.076012     -0.648821    10.405926    10.610607    0.000729     -0.006227    0.099862    
1.495553     0.944842     10.211587    10.548974    0.028232     0.017836     0.192764    
-0.035420    1.746603     36.539809    36.634472    -0.001535    0.075669     1.583036    
0.620649     0.190254     22.209745    22.306258    0.018346     0.005624     0.656494    
-0.817465    -0.340885    9.948021     10.179515    -0.001463    -0.000610    0.017800    
-0.220103    -0.657603    26.176152    26.259223    -0.047439    -0.141735    5.641808    
0.926562     -0.492962    9.780975     10.032146    0.065427     -0.034809    0.690661    
-0.427044    -0.159846    67.001612    67.032073    -0.039728    -0.014871    6.233232    
1.067362     -0.559159    53.313963    53.363897    0.012289     -0.006438    0.613822    
-0.271594    -0.000562    21.087988    21.181406    -0.009005    -0.000019    0.699194    
-0.236214    -1.668969    21.007748    21.166995    -0.024358    -0.172105    2.166327    
-0.481929    -0.642538    15.193594    15.341622    -0.041362    -0.055146    1.303992    
-0.474035    0.355378     45.877833    45.923867    -0.002960    0.002219     0.286452    
0.285307     -0.606877    9.931858     10.147239    0.009653     -0.020533    0.336032    
-0.219987    -0.922819    144.109476   144.126042   -0.010869    -0.045595    7.120231    
0.707638     -0.268341    25.308063    25.395783    0.058479     -0.022176    2.091464    
0.178580     -0.561343    92.006348    92.029289    0.013671     -0.042974    7.043590    
-1.007982    0.670471     30.423149    30.510793    -0.346897    0.230743     10.470124   
-1.328727    -0.203849    94.266890    94.297023    -0.036716    -0.005633    2.604804    
-1.101848    0.953098     22.663738    22.795667    -0.091755    0.079368     1.887298    
-1.024462    1.588876     112.963303   112.996269   -0.080171    0.124341     8.840170    
0.031195     -0.406856    60.739941    60.773200    0.006435     -0.083928    12.529632   
1.301462     0.493299     54.739788    54.792851    0.065599     0.024864     2.759115    
1.607970     1.861884     34.845753    34.987907    0.085709     0.099244     1.857376    
1.287036     -0.721948    17.144485    17.320104    0.039846     -0.022351    0.530787    
-0.655218    -0.669629    14.571009    14.733192    -0.039595    -0.040466    0.880533    
0.326104     -0.639156    9.067780     9.306689     0.097116     -0.190345    2.700443    
1.833160     -1.292003    23.957434    24.142563    0.001967     -0.001386    0.025704    
-1.255387    0.402565     12.989903    13.204188    -0.170499    0.054674     1.764205    
-0.540336    -0.403914    47.806257    47.851523    -0.093212    -0.069678    8.246902    
-1.076839    1.717066     55.488208    55.560095    -0.079665    0.127030     4.105064    
0.580109     -0.525658    16.780407    16.913600    0.076383     -0.069213    2.209476    
1.786180     2.613128     68.946708    69.047393    0.155635     0.227690     6.007529    
-0.140082    -0.205790    60.462036    60.494584    -0.022739    -0.033406    9.814793    
0.521253     2.308542     29.600808    29.760441    0.051979     0.230207     2.951784    
0.944592     0.087422     18.212375    18.342994    0.029644     0.002744     0.571554    
0.650979     -0.234758    19.990069    20.098674    0.051775     -0.018671    1.589899    
-1.162475    -0.866734    48.308672    48.370501    -0.011770    -0.008775    0.489108    
0.634677     1.221129     16.475822    16.649974    0.001021     0.001964     0.026493    
-0.141333    -0.005568    13.424425    13.568720    -0.007302    -0.000288    0.693567    
0.869514     2.053629     108.373904   108.414720   0.374435     0.884345     46.668557   
-1.274664    -0.877498    23.178419    23.313276    -0.010601    -0.007298    0.192764    
-1.251289    -0.450990    19.554821    19.698607    -0.012820    -0.004620    0.200341    
1.078112     0.453226     21.824635    21.944415    0.018691     0.007858     0.378378    
0.009012     1.522137     38.750224    38.830037    0.002860     0.483079     12.298111   
-0.757389    0.572941     18.384520    18.513980    -0.012059    0.009122     0.292709    
-1.031813    1.348222     57.806923    57.865341    -0.006578    0.008596     0.368549    
-0.569156    0.440119     18.356880    18.476137    -0.058708    0.045398     1.893494    
-0.295775    -0.585605    101.258324   101.279581   -0.013568    -0.026863    4.644883    
-0.454657    0.319988     66.179809    66.211413    -0.079600    0.056022     11.586521   
0.369185     -0.005662    7.666337     7.923636     0.037891     -0.000581    0.786828    
0.916975     0.332176     35.498986    35.566896    0.023181     0.008397     0.897412    
0.579631     -1.085593    111.317087   111.341292   0.001937     -0.003628    0.372025    
1.215929     -0.469612    78.088765    78.124447    0.046224     -0.017852    2.968564    
2.022706     -0.691878    31.609766    31.743067    0.120106     -0.041083    1.876952    
1.598361     -2.063065    74.692274    74.763773    0.011380     -0.014688    0.531775    
0.359744     -1.712379    11.597529    11.892825    0.015132     -0.072031    0.487845    
-0.942609    1.149173     35.844308    35.929076    -0.121291    0.147871     4.612291    
0.182976     1.408434     30.389185    30.485976    0.012791     0.098457     2.124361    
-1.307600    -0.728437    20.841323    20.987523    -0.112255    -0.062535    1.789190    
-0.454689    -0.680502    56.916701    56.956612    -0.010243    -0.015330    1.282216    
1.895358     -1.425090    31.914067    32.062531    0.011319     -0.008510    0.190584    
1.116151     0.478408     8.131695     8.454235     0.170062     0.072892     1.238981    
-0.318651    0.686418     24.797323    24.886842    -0.005973    0.012866     0.464781    
-1.274031    0.314743     25.901305    26.009129    -0.142128    0.035112     2.889496    
0.915891     -0.527554    26.968493    27.060890    0.055505     -0.031971    1.634337    
-1.458965    1.807313     30.776909    30.927141    -0.319589    0.395895     6.741733    
0.397328     -0.947755    31.508772    31.586924    0.060183     -0.143555    4.772579    
-1.885985    0.064305     13.437167    13.711072    -0.014032    0.000478     0.099977    
-1.525163    1.100306     29.823440    29.947443    -0.266201    0.192046     5.205359    
1.641264     -0.282138    95.276661    95.311544    0.132732     -0.022817    7.705173    
-0.142793    0.785802     147.794586   147.809852   -0.005055    0.027817     5.231867    
0.491478     0.571828     22.290283    22.389735    0.006569     0.007643     0.297915    
1.322579     1.519036     19.237237    19.442298    0.107619     0.123605     1.565351    
-0.440356    0.685576     100.320440   100.343060   -0.060064    0.093512     13.683645   
-0.522977    0.915671     27.155147    27.246815    -0.020949    0.036679     1.087765    
-1.881075    0.323834     71.198452    71.251231    -0.002959    0.000509     0.111988    
0.076526     1.994831     45.707904    45.793805    0.001265     0.032978     0.755632    
-1.793765    0.166374     109.313731   109.346294   -0.190415    0.017661     11.604080   
-0.418936    -1.069321    8.487609     8.788254     -0.003350    -0.008550    0.067867    
-0.647395    0.737905     31.853102    31.928963    -0.044934    0.051216     2.210845    
0.903445     0.928684     37.113253    37.187997    0.179333     0.184343     7.366943    
0.117797     0.209649     145.971495   145.984965   0.001420     0.002528     1.759863    
-0.296646    0.150168     65.385532    65.416002    -0.053675    0.027171     11.830829   
-0.386676    -0.685682    16.981960    17.113783    -0.002737    -0.004853    0.120193    
0.780924     0.984567     41.517858    41.583491    0.065141     0.082128     3.463244    
-0.269913    0.033765     56.998709    57.033339    -0.048206    0.006030     10.179883   
1.837821     -1.424918    77.600104    77.659894    0.195577     -0.151637    8.258026    
-0.396146    1.381124     30.828427    30.924607    -0.064696    0.225556     5.034690    
0.381957     0.073234     14.266671    14.407086    0.051640     0.009901     1.928837    
-0.038109    1.836702     55.637786    55.702901    -0.003256    0.156923     4.753560    
0.231912     0.578337     14.111089    14.261348    0.024095     0.060087     1.466098    
-0.327009    -0.972983    24.170256    24.271998    -0.016433    -0.048896    1.214634    
-1.749558    -0.584988    62.860644    62.918508    -0.274639    -0.091829    9.867611    
-0.470126    -0.248831    34.935471    34.994929    -0.026813    -0.014192    1.992471    
1.195351     0.853768     24.657623    24.779651    0.092955     0.066392     1.917462    
-1.101754    0.951133     63.471358    63.518554    -0.057454    0.049600     3.309917    
0.499982     -1.042340    26.031055    26.130963    0.011141     -0.023227    0.580062    
-3.034907    0.013180     65.289529    65.389666    -0.168172    0.000730     3.617870    
0.285130     0.342900     99.641369    99.661809    0.010772     0.012954     3.764262    
-0.372525    -0.770047    22.751809    22.852823    -0.069563    -0.143793    4.248500    
0.952640     -1.138384    57.682995    57.735659    0.028856     -0.034482    1.747225    
-0.418634    -1.412522    16.056764    16.243925    -0.042740    -0.144210    1.639303    
-0.034202    -0.239925    41.160115    41.207872    -0.002154    -0.015112    2.592511    
0.700976     2.689100     75.457927    75.534736    0.008911     0.034185     0.959248    
0.685868     1.127280     58.774520    58.822277    0.020372     0.033482     1.745714    
1.082920     0.209395     48.833004    48.885108    0.058204     0.011254     2.624641    
-0.069538    0.155630     14.712585    14.844668    -0.012492    0.027957     2.642978    
-1.620323    -1.727785    51.140515    51.233172    -0.064841    -0.069141    2.046501    
-0.457163    -1.197329    52.447730    52.500304    -0.026483    -0.069360    3.038254    
-0.021893    0.494709     33.547752    33.609104    -0.001302    0.029422     1.995209    
1.129901     0.150625     12.545507    12.750062    0.022140     0.002951     0.245821    
-1.286751    0.229433     42.307651    42.373584    -0.050814    0.009060     1.670730    
1.131961     -0.397383    15.743656    15.911534    0.169752     -0.059593    2.360962    
1.719021     0.462308     166.657273   166.678404   0.265608     0.071432     25.750391   
-1.187032    -1.230780    47.907535    47.978440    -0.243798    -0.252783    9.839455    
0.714320     -0.531850    6.908968     7.238916     0.058732     -0.043729    0.568063    
-0.104384    -0.866387    34.057994    34.125993    -0.006852    -0.056868    2.235515    
-1.018192    0.022832     72.370859    72.404789    -0.215493    0.004832     15.316790   
0.961138     -0.213738    19.804051    19.925984    0.226425     -0.050353    4.665440    
1.918206     -1.539380    68.546018    68.618370    0.147869     -0.118667    5.284025    
-0.243047    0.038397     25.158442    25.236535    -0.042358    0.006692     4.384632    
0.460607     0.693455     45.770234    45.820109    0.021821     0.032852     2.168330    
-0.603866    0.550644     15.599063    15.744002    -0.028504    0.025992     0.736322    
1.218909     0.119350     68.563586    68.602772    0.142080     0.013912     7.991988    
-0.627913    0.008355     180.903586   180.915386   -0.108434    0.001443     31.240122   
0.034355     1.248362     142.754394   142.773428   0.002869     0.104263     11.922803   
1.889473     -0.243375    45.815297    45.897121    0.322160     -0.041496    7.811632    
-1.091665    0.964688     18.982438    19.139756    -0.001907    0.001685     0.033152    
0.954760     0.102688     24.461185    24.559044    0.066506     0.007153     1.703909    
-0.403770    -2.605327    43.663149    43.786942    -0.014636    -0.094436    1.582672    
-1.057188    0.887789     82.599546    82.634531    -0.045910    0.038554     3.587016    
0.920900     -1.581098    11.906608    12.206154    0.005322     -0.009138    0.068814    
1.255024     0.304322     14.172694    14.366904    0.042725     0.010360     0.482480    
-0.808407    -0.172711    16.256974    16.396570    -0.007416    -0.001584    0.149140    
-0.429135    -0.638852    18.974577    19.091931    -0.001513    -0.002253    0.066910    
-1.108478    -0.587357    37.476664    37.549288    -0.071636    -0.037958    2.421957    
-0.329289    -1.358557    14.835904    15.031071    -0.025129    -0.103677    1.132187    
1.746859     0.639897     122.536943   122.566873   0.018899     0.006923     1.325674    
0.491462     0.631378     13.746912    13.910166    0.111170     0.142819     3.109576    
0.967130     0.458643     25.281200    25.380302    0.062157     0.029477     1.624799    
-0.340729    -1.397353    95.829760    95.860766    -0.002430    -0.009965    0.683382    
-0.140448    -0.153160    24.566158    24.645776    -0.007703    -0.008400    1.347321    
0.595119     0.737058     36.686282    36.751267    0.037855     0.046884     2.333597    
-1.089776    -2.485772    97.156799    97.214635    -0.035330    -0.080588    3.149808    
1.091441     2.726963     50.326817    50.450877    0.060298     0.150653     2.780344    
0.425199     0.827241     192.742456   192.754752   0.025098     0.048829     11.376831   
0.165419     -0.040057    8.859283     9.076939     0.000308     -0.000074    0.016477    
1.641294     2.463493     45.046029    45.186086    0.059804     0.089763     1.641359    
-0.630175    -2.301995    43.407016    43.517127    -0.012801    -0.046762    0.881754    
-0.287716    0.314229     33.401787    33.462455    -0.016400    0.017912     1.903961    
-1.309660    0.002942     15.785698    15.961781    -0.381101    0.000856     4.593518    
0.195107     -1.549983    112.382128   112.410222   0.006407     -0.050900    3.690541    
1.555582     -1.447698    37.524779    37.636414    0.022846     -0.021261    0.551099    
-0.798186    1.355761     79.118204    79.158324    -0.065332    0.110970     6.475866    
-0.979582    -0.466267    52.690119    52.738037    -0.010734    -0.005109    0.577370    
-0.682750    -0.308997    28.775724    28.852710    -0.016396    -0.007420    0.691039    
-3.226940    -0.284347    24.692268    24.981535    -0.435663    -0.038389    3.333655    
0.887751     -0.485927    19.891989    20.014755    0.015220     -0.008331    0.341042    
-1.300917    0.070271     13.811023    14.011304    -0.001661    0.000090     0.017629    
-0.886859    -0.381956    155.675995   155.691435   -0.003333    -0.001436    0.585128    
-1.291290    0.646929     29.157908    29.259947    -0.067490    0.033812     1.523953    
-1.085067    -0.458728    19.073784    19.211246    -0.034958    -0.014779    0.614502    
2.443994     -1.665787    72.113383    72.200851    0.046904     -0.031969    1.383961    
-1.320697    0.815654     27.305985    27.420818    -0.016623    0.010266     0.343695    
0.978949     -0.678762    55.074308    55.122349    0.120871     -0.083807    6.800053    
-1.394574    -0.652752    37.344322    37.427854    -0.029954    -0.014021    0.802130    
0.478392     1.763549     20.880238    21.052274    0.128485     0.473650     5.607968    
0.859021     0.658095     23.796864    23.902650    0.041066     0.031461     1.137620    
-0.354843    -0.517418    67.994847    68.026228    -0.040887    -0.059620    7.834721    
-1.147160    -0.827941    88.889467    88.922515    -0.251131    -0.181249    19.459307   
-1.198317    1.695861     116.526384   116.561507   -0.027401    0.038778     2.664489    
-0.732070    -0.642221    24.368233    24.467000    -0.070095    -0.061492    2.333224    
0.050743     0.779350     9.955141     10.177905    0.000023     0.000351     0.004483    
0.128158     0.552660     35.644294    35.703116    0.009108     0.039278     2.533279    
1.064103     -2.093746    65.999948    66.071054    0.087375     -0.171921    5.419373    
-0.045225    0.983485     12.392345    12.586280    -0.005977    0.129977     1.637768    
0.854546     0.340024     7.627504     7.930929     0.135881     0.054067     1.212846    
-1.104638    0.128053     12.754845    12.953673    -0.151740    0.017590     1.752088    
0.096345     1.032652     18.475908    18.609400    0.001863     0.019966     0.357222    
0.497410     -0.251833    5.382321     5.758053     0.014967     -0.007578    0.161955    
-0.606652    -0.718077    108.259965   108.281941   -0.010758    -0.012734    1.919887    
-0.931888    0.442798     38.189305    38.253921    -0.058656    0.027871     2.403759    
-0.128803    -0.213924    15.623605    15.749106    -0.003426    -0.005690    0.415588    
-0.501016    -0.113582    55.030889    55.068481    -0.007018    -0.001591    0.770838    
-0.430276    -0.007357    42.235181    42.283220    -0.040442    -0.000692    3.969723    
-0.176348    -0.216321    16.143920    16.265884    -0.000914    -0.001121    0.083630    
1.643297     1.143955     34.128593    34.243902    0.054642     0.038038     1.134831    
-0.026309    1.287033     57.539863    57.587914    -0.000041    0.001996     0.089219    
-1.078297    -0.041237    51.340500    51.389555    -0.047552    -0.001819    2.264088    
0.188459     -0.496805    16.854820    16.977699    0.000017     -0.000045    0.001514    
3.751586     1.263618     94.658740    94.761929    0.298296     0.100473     7.526516    
0.626247     -1.782564    33.358360    33.469760    0.025611     -0.072901    1.364250    
1.095413     -1.547851    46.303183    46.383784    0.056603     -0.079982    2.392622    
-0.328462    -0.044122    12.633901    12.790631    -0.036801    -0.004943    1.415509    
-1.290133    1.873061     129.520461   129.555384   -0.056379    0.081854     5.660108    
0.021758     0.359326     21.218868    21.313022    0.011927     0.196981     11.632071   
-0.030941    0.525099     13.681437    13.832331    -0.005298    0.089912     2.342652    
0.146514     -0.460312    103.253785   103.273678   0.001310     -0.004115    0.923014    
-0.789939    0.256669     74.734147    74.764681    -0.003739    0.001215     0.353781    
0.030170     -0.033950    19.799366    19.897033    0.000541     -0.000608    0.354854    
-0.146772    0.224074     85.514087    85.537160    -0.017960    0.027420     10.464188   
0.477178     1.470191     36.663766    36.749093    0.056368     0.173672     4.331040    
0.174450     -1.095144    39.165469    39.230583    0.003998     -0.025100    0.897652    
0.135843     -1.179248    61.010168    61.053457    0.010539     -0.091491    4.733412    
0.361391     -0.132626    55.976872    56.012796    0.016899     -0.006202    2.617562    
-1.547396    0.285849     75.368045    75.410167    -0.061005    0.011269     2.971317    
-0.402816    -0.359037    161.026628   161.039563   -0.090620    -0.080772    36.225737   
1.174826     0.095118     115.231501   115.254341   0.071190     0.005764     6.982575    
-2.156847    -0.375034    78.110014    78.165477    -0.031467    -0.005471    1.139567    
0.201693     1.214936     63.157291    63.199961    0.006505     0.039185     2.037006    
-1.388282    -0.177177    56.719087    56.770489    -0.097042    -0.012385    3.964707    
-1.138008    -0.716327    22.601456    22.726833    -0.080941    -0.050949    1.607531    
0.071046     -0.201934    27.761469    27.831995    0.004863     -0.013822    1.900265    
0.968485     -1.017262    22.883955    23.011370    0.136449     -0.143322    3.224109    
1.055884     -1.677260    103.597245   103.634899   0.074752     -0.118743    7.334246    
1.351915     0.669347     19.747246    19.902371    0.024592     0.012176     0.359214    
0.112595     -0.237583    25.022911    25.101597    0.002653     -0.005599    0.589683    
1.437657     0.806914     18.853921    19.027960    0.001778     0.000998     0.023317    
-4.985833    2.299111     47.219744    47.578604    -0.057173    0.026364     0.541473    
-0.318262    1.642489     36.586120    36.677216    -0.035236    0.181844     4.050530    
0.566612     0.237410     8.238307     8.492471     0.088988     0.037286     1.293852    
-0.765757    0.258230     19.263017    19.380192    -0.074746    0.025206     1.880285    
0.957571     -0.439356    39.044287    39.108072    0.023539     -0.010800    0.959792    
-0.753338    -0.118065    13.910692    14.069959    -0.010532    -0.001651    0.194470    
0.322535     1.059039     19.789310    19.917765    0.007862     0.025816     0.482392    
1.822459     -1.206975    29.470954    29.617398    0.017621     -0.011670    0.284942    
0.904408     -2.424273    24.448962    24.664179    0.090534     -0.242677    2.447419    
-1.313499    -1.763060    18.081133    18.320370    -0.054454    -0.073091    0.749587    
-0.676045    1.382012     12.733929    12.976705    -0.141344    0.288944     2.662348    
-0.728817    1.355954     39.681647    39.760255    -0.086272    0.160508     4.697239    
-1.972839    -0.263222    17.774106    17.993199    -0.137561    -0.018354    1.239341    
1.397141     0.407714     40.523480    40.597360    0.022070     0.006441     0.640138    
-1.496339    0.477190     74.621039    74.663519    -0.098203    0.031317     4.897295    
1.835378     0.404228     127.558903   127.587933   0.231775     0.051047     16.108359   
-0.584810    1.216362     30.262349    30.356322    -0.011746    0.024432     0.607847    
-0.832389    0.532452     8.358106     8.643453     -0.030546    0.019539     0.306717    
0.058386     -0.043049    13.973216    14.111378    0.000265     -0.000195    0.063326    
1.413346     0.826306     31.689438    31.792700    0.178394     0.104297     3.999863    
1.755335     -0.617734    65.722029    65.777829    0.100556     -0.035387    3.764933    
-0.034715    -0.156078    5.992790     6.309838     -0.005824    -0.026185    1.005411    
-1.232103    0.085596     8.591269     8.900014     -0.022980    0.001596     0.160236    
-1.230724    -0.885097    69.722385    69.766639    -0.015400    -0.011076    0.872460    
-1.561616    -1.798060    49.062888    49.160082    -0.014265    -0.016424    0.448166    
-0.512920    1.703027     23.266146    23.416915    -0.010979    0.036452     0.497992    
-0.308738    0.899588     195.481949   195.494174   -0.009458    0.027559     5.988648    
0.892011     0.248828     74.684019    74.715696    0.008625     0.002406     0.722120    
0.090617     -0.309308    143.215806   143.229697   0.005294     -0.018070    8.366657    
-0.000614    0.706568     23.554074    23.646746    -0.000032    0.036395     1.213277    
0.879534     0.448043     31.103534    31.181390    0.101167     0.051536     3.577650    
0.720503     1.337286     90.206609    90.240871    0.021041     0.039054     2.634371    
1.340600     0.019365     43.433721    43.498973    0.004545     0.000066     0.147238    
-0.332865    -1.668428    21.349496    21.507450    -0.001162    -0.005825    0.074537    
0.135687     0.734513     6.711804     7.034286     0.003851     0.020846     0.190488    
-0.535630    -0.205198    14.273769    14.420279    -0.067445    -0.025838    1.797306    
0.863716     -0.401720    41.874692    41.931756    0.201469     -0.093705    9.767637    
0.032434     -0.216885    11.475141    11.644823    0.000862     -0.005762    0.304865    
-0.986936    1.250978     69.066894    69.113311    -0.071317    0.090396     4.990819    
-1.069922    -0.428630    28.191737    28.283873    -0.027904    -0.011179    0.735262    
0.215690     -0.053778    15.709650    15.834060    0.003690     -0.000920    0.268755    
-0.016420    1.225016     18.688639    18.831918    -0.000513    0.038298     0.584271    
-0.315227    -0.053923    26.059031    26.135231    -0.043237    -0.007396    3.574264    
0.185635     0.508432     74.853350    74.881186    0.001405     0.003849     0.566679    
0.801368     -0.536910    58.059694    58.101062    0.022743     -0.015238    1.647740    
0.931357     1.121083     47.008874    47.072640    0.018540     0.022316     0.935761    
3.552329     0.523713     59.555064    59.695678    0.013902     0.002050     0.233065    
1.360086     1.782652     110.401239   110.441551   0.096067     0.125914     7.797966    
0.737194     0.455253     57.911979    57.951902    0.063594     0.039272     4.995749    
-0.966433    0.175883     37.351472    37.416204    -0.033085    0.006021     1.278706    
1.048276     -0.188387    29.619730    29.704170    0.094121     -0.016915    2.659458    
1.124772     0.172384     45.446305    45.503147    0.010373     0.001590     0.419115    
0.434904     -0.989492    30.592582    30.674896    0.013411     -0.030514    0.943401    
1.043366     0.091001     67.427941    67.464798    0.030000     0.002617     1.938766    
-2.091228    -0.961191    27.306411    27.473845    -0.294886    -0.135539    3.850507    
-0.120541    -1.361728    21.255418    21.390104    -0.002972    -0.033571    0.524016    
-3.166937    -1.274493    75.083394    75.186733    -0.073523    -0.029589    1.743129    
-0.993713    -0.436221    11.180611    11.404331    -0.048624    -0.021345    0.547085    
-0.233324    -0.820297    22.164457    22.268036    -0.009903    -0.034815    0.940710    
0.926767     -1.710724    25.232423    25.383767    0.153598     -0.283528    4.181915    
0.254802     -0.865339    20.098659    20.214964    0.001485     -0.005044    0.117144    
0.375141     -0.201536    79.467239    79.492757    0.058173     -0.031252    12.322900   
-0.208778    1.046237     43.491515    43.549111    -0.004458    0.022342     0.928741    
0.970525     -0.285012    9.079359     9.345205     0.043816     -0.012867    0.409906    
0.137197     -1.992611    28.383179    28.521380    0.002519     -0.036581    0.521066    
-0.755262    0.560723     82.845792    82.874513    -0.015411    0.011442     1.690474    
0.347806     1.976580     30.839013    30.966878    0.010095     0.057368     0.895067    
0.176915     -1.407501    62.038918    62.086348    0.040078     -0.318850    14.054076   
0.146462     0.586135     4.667364     5.101397     0.006027     0.024121     0.192077    
-0.623295    -0.318634    14.756246    14.903414    -0.020705    -0.010585    0.490182    
0.409721     -0.276131    9.800436     10.008378    0.031693     -0.021360    0.758102    
0.772637     -0.238979    29.515784    29.592407    0.081331     -0.025156    3.106955    
0.817149     -0.038627    20.725561    20.834900    0.110129     -0.005206    2.793233    
-0.094639    1.688236     24.962557    25.097078    -0.004415    0.078753     1.164452    
0.394499     -0.122564    2.948261     3.569012     0.021442     -0.006662    0.160244    
1.103907     0.691338     31.882584    31.969840    0.041505     0.025993     1.198730    
-0.781643    0.016539     51.194862    51.238658    -0.221103    0.004678     14.481438   
-0.839911    -0.583239    55.290455    55.334935    -0.125410    -0.087085    8.255579    
-0.906479    -0.625487    26.670164    26.765379    -0.010681    -0.007370    0.314260    
-1.349530    0.237106     69.533553    69.574905    -0.050190    0.008818     2.586009    
-0.743467    -0.304645    57.728217    57.767357    -0.089524    -0.036684    6.951291    
-0.769693    0.969927     22.075126    22.197282    -0.025675    0.032354     0.736367    
0.491361     0.006301     11.285838    11.466759    0.007325     0.000094     0.168238    
1.186912     -1.281125    48.783388    48.854313    0.037437     -0.040409    1.538703    
-0.031451    0.159992     24.512877    24.592329    -0.002165    0.011014     1.687565    
0.061182     0.859775     26.225300    26.313195    0.002406     0.033816     1.031465    
0.198472     0.501731     95.099547    95.121449    0.033570     0.084863     16.085171   
-1.813818    0.527516     24.360193    24.512490    -0.167504    0.048716     2.249636    
0.092114     -1.208118    11.424605    11.656097    0.001196     -0.015689    0.148365    
0.273199     1.256579     11.070889    11.317826    0.025716     0.118280     1.042085    
-0.052738    -0.670104    40.241701    40.295425    -0.001398    -0.017765    1.066830    
1.488584     -0.620469    35.301962    35.393563    0.029616     -0.012345    0.702350    
1.027681     -0.578683    43.008006    43.069184    0.136601     -0.076919    5.716685    
0.955447     0.982403     33.775683    33.860740    0.148980     0.153183     5.266550    
0.443695     1.116675     12.084543    12.302641    0.021493     0.054092     0.585381    
-0.385551    0.142614     34.023029    34.082406    -0.021882    0.008094     1.930954    
-0.366961    -1.717340    71.763894    71.812362    -0.008777    -0.041077    1.716525    
0.232702     -0.502724    58.371410    58.407220    0.000586     -0.001265    0.146911    
1.001510     -1.660499    9.357404     9.756856     0.010624     -0.017614    0.099260    
-1.871164    -0.612647    50.678792    50.755212    -0.098533    -0.032261    2.668667    
0.644682     3.273975     46.077456    46.240041    0.008483     0.043079     0.606291    
0.143214     1.636254     107.614062   107.644597   0.014435     0.164919     10.846466   
0.781565     -0.409847    35.900595    35.965351    0.028679     -0.015039    1.317334    
0.021904     -0.783404    75.686118    75.715769    0.000417     -0.014919    1.441400    
0.542803     -0.555253    50.741869    50.785974    0.076135     -0.077882    7.117230    
-0.657821    -1.442367    27.120454    27.237972    -0.226004    -0.495546    9.317622    
0.666193     1.246089     220.391933   220.405253   0.036255     0.067814     11.994102   
-0.408497    0.346136     112.223754   112.242294   -0.032468    0.027511     8.919588    
1.681660     -1.354756    42.943480    43.042779    0.119937     -0.096622    3.062747    
-0.648017    -0.288953    41.196231    41.249338    -0.021498    -0.009586    1.366717    
-0.029906    -0.130833    143.114576   143.128177   -0.000710    -0.003107    3.398476    
0.464359     -2.303697    89.634901    89.687308    0.002460     -0.012204    0.474850    
0.467962     0.258166     34.345081    34.405598    0.008082     0.004459     0.593170    
1.364762     1.350459     38.069016    38.168197    0.125060     0.123750     3.488461    
0.220201     -0.633297    43.954075    44.003241    0.017421     -0.050104    3.477481    
0.652512     0.058883     54.148561    54.188291    0.011465     0.001035     0.951422    
0.732655     -0.383479    14.481721    14.638273    0.015030     -0.007867    0.297087    
-1.883772    0.058813     43.435182    43.520593    -0.287110    0.008964     6.620068    
-0.299160    0.685120     16.802452    16.933878    -0.010829    0.024799     0.608192    
-0.675866    0.852926     38.829688    38.894780    -0.149618    0.188814     8.595828    
0.006704     0.862050     7.062520     7.382229     0.000375     0.048284     0.395574    
0.285502     0.586748     9.309546     9.537735     0.020646     0.042431     0.673221    
-0.153402    -1.161537    40.953579    41.017597    -0.010353    -0.078388    2.763813    
-1.518834    0.735696     76.033480    76.077678    -0.042303    0.020491     2.117704    
0.631451     0.359699     17.512376    17.637641    0.034732     0.019785     0.963233    
1.435314     -0.110270    96.963995    96.994657    0.040336     -0.003099    2.724921    
1.487406     -0.412086    61.079784    61.130983    0.222530     -0.061652    9.138115    
1.192049     -1.596799    15.673536    15.921854    0.078394     -0.105012    1.030758    
-0.545871    -1.391152    30.905785    31.004448    -0.034735    -0.088522    1.966611    
0.090467     0.084611     15.230638    15.357820    0.005271     0.004930     0.887477    
1.654800     -0.596478    28.480568    28.602654    0.244981     -0.088304    4.216346    
1.054416     -0.002420    86.927371    86.956050    0.035768     -0.000082    2.948755    
0.770825     -0.611239    17.614128    17.751063    0.019164     -0.015196    0.437906    
1.490733     -0.050744    102.302818   102.332626   0.031157     -0.001061    2.138152    
-0.426490    -0.459589    44.460757    44.508730    -0.050348    -0.054255    5.248653    
0.718752     0.231558     71.526226    71.557293    0.019988     0.006439     1.989090    
-0.228412    0.110933     70.266072    70.294099    -0.016307    0.007920     5.016633    
0.955238     -0.346720    96.304019    96.329496    0.103633     -0.037615    10.447930   
0.877316     -0.443924    37.397268    37.461945    0.155949     -0.078910    6.647616    
0.364724     -0.881273    43.781680    43.836288    0.017080     -0.041269    2.050250    
-0.240959    0.292760     55.706068    55.742127    -0.005432    0.006600     1.255845    
0.257046     -0.306087    36.002473    36.058463    0.012721     -0.015148    1.781678    
0.915622     -0.538179    131.904896   131.923859   0.040292     -0.023683    5.804521    
-0.480837    -0.182724    13.819125    13.968098    -0.000297    -0.000113    0.008545    
-0.915295    -0.072726    24.618060    24.713699    -0.023791    -0.001890    0.639893    
-0.476535    0.312532     152.339932   152.353716   -0.000641    0.000420     0.204897    
1.058447     0.995356     31.230110    31.325800    0.029544     0.027783     0.871710    
-1.282482    -0.510853    125.347790   125.370846   -0.075814    -0.030199    7.409899    
0.095390     0.457925     10.920265    11.106121    0.003863     0.018546     0.442277    
-1.012077    -0.556219    22.640960    22.755696    -0.000240    -0.000132    0.005377    
-0.132909    0.706725     93.869626    93.893017    -0.012357    0.065708     8.727583    
0.442827     2.209260     9.766712     10.214721    0.037363     0.186404     0.824058    
-1.439243    0.262489     10.779798    11.055285    -0.224498    0.040944     1.681466    
-0.840519    -1.194654    15.634458    15.825451    -0.047963    -0.068171    0.892151    
-0.710216    0.208649     37.552924    37.611766    -0.034977    0.010276     1.849410    
0.031135     0.097128     5.485530     5.828927     0.006421     0.020030     1.131218    
1.550557     -2.124610    92.742856    92.801026    0.115707     -0.158544    6.920709    
-0.214983    0.294443     49.827697    49.867898    -0.008630    0.011820     2.000298    
2.702129     -1.012993    50.399911    50.520824    0.026847     -0.010064    0.500743    
0.062859     1.509690     11.763870    12.022758    0.002040     0.049003     0.381841    
-1.486890    0.725349     32.264529    32.366831    -0.028011    0.013665     0.607826    
0.539898     0.231248     8.529056     8.772954     0.022026     0.009434     0.347953    
-0.886217    0.409125     71.103039    71.136979    -0.023961    0.011062     1.922456    
0.044131     0.917514     54.243733    54.287212    0.003170     0.065903     3.896234    
1.070665     0.647231     17.372730    17.528604    0.156310     0.094491     2.536303    
-1.465769    -2.484958    125.390848   125.439480   -0.095458    -0.161833    8.166098    
0.643180     0.909849     115.473693   115.495845   0.072889     0.103109     13.086085   
-0.666881    0.090015     54.645146    54.684730    -0.013586    0.001834     1.113238    
-1.019240    0.183111     45.187385    45.242094    -0.023328    0.004191     1.034244    
0.144028     0.920537     29.161910    29.243121    0.000639     0.004087     0.129468    
-0.934641    0.429247     117.176212   117.197258   -0.190999    0.087719     23.945548   
-0.749632    0.920717     20.270675    20.400610    -0.051112    0.062777     1.382113    
0.380507     0.264699     53.359561    53.397870    0.039873     0.027738     5.591568    
1.070079     -0.720646    26.290311    26.395451    0.078837     -0.053093    1.936905    
0.570085     0.048955     47.994541    48.038301    0.027462     0.002358     2.311963    
-0.188808    0.820313     56.096768    56.137607    -0.001210    0.005259     0.359651    
-0.249447    0.189227     16.079696    16.202765    -0.013704    0.010396     0.883390    
3.051528     -4.008684    94.685180    94.839547    0.091673     -0.120428    2.844505    
-0.006466    -0.912902    92.576391    92.601817    -0.000392    -0.055372    5.615189    
-1.809802    -1.170660    21.015779    21.217534    -0.064531    -0.041742    0.749348    
-0.934743    0.030950     31.226634    31.302593    -0.151121    0.005004     5.048457    
1.071341     -1.709565    130.656590   130.686992   0.077452     -0.123591    9.445700    
0.555712     0.112318     179.435419   179.447112   0.019322     0.003905     6.238877    
-0.500687    -0.623957    12.187740    12.371579    -0.129036    -0.160805    3.141004    
0.937643     -1.216574    61.115083    61.166066    0.000919     -0.001192    0.059877    
-0.488181    -0.261660    15.059177    15.197386    -0.042392    -0.022722    1.307702    
-0.878955    1.641000     14.773343    15.019723    -0.013521    0.025244     0.227259    
-0.869105    0.347522     33.035480    33.107310    -0.072373    0.028939     2.750951    
3.257750     -1.079468    48.701772    48.862212    0.002248     -0.000745    0.033601    
-0.832663    1.032841     64.558112    64.601740    -0.068680    0.085192     5.324933    
-1.349485    0.831097     52.471685    52.532509    -0.107960    0.066489     4.197784    
-0.141744    -1.357062    56.908064    56.958445    -0.006785    -0.064959    2.724052    
0.092018     0.029170     113.864379   113.881434   0.003575     0.001133     4.423963    
-0.326699    -0.422384    7.630624     7.898513     -0.004813    -0.006223    0.112415    
