0.330118     -0.151404    11.902385    12.069533    0.006853     -0.003143    0.247089    
-0.921756    0.886727     14.379284    14.569649    -0.015913    0.015309     0.248245    
-0.556643    -0.514007    84.463499    84.489831    -0.021461    -0.019817    3.256451    
-1.757779    1.466827     16.870651    17.138704    -0.100106    0.083537     0.960793    
-0.054985    0.170357     34.217519    34.274562    -0.002031    0.006294     1.264128    
-0.018498    0.581171     78.187802    78.214739    -0.000985    0.030951     4.163989    
0.098388     -0.737697    23.310434    23.405238    0.007355     -0.055145    1.742517    
-1.815319    -1.069189    41.875085    41.974233    -0.076543    -0.045082    1.765656    
0.369134     -0.039953    44.079484    44.124979    0.013379     -0.001448    1.597614    
0.853263     0.021562     39.341154    39.399618    0.047594     0.001203     2.194412    
-1.456597    -1.207454    38.404354    38.501286    -0.020254    -0.016790    0.534022    
0.362046     -0.031502    31.310673    31.374596    0.001568     -0.000136    0.135597    
0.805799     0.429692     15.854250    16.002066    0.073656     0.039277     1.449205    
1.711145     -1.132782    30.107511    30.241501    0.091145     -0.060338    1.603692    
2.083502     0.656177     38.969984    39.080765    0.073471     0.023139     1.374198    
0.771128     0.955487     35.813349    35.888417    0.164236     0.203501     7.627596    
-0.117726    -0.332328    82.056511    82.080876    -0.002561    -0.007230    1.785313    
-1.357048    -1.610938    59.406073    59.475988    -0.005236    -0.006215    0.229197    
-1.197861    1.237350     8.527230     8.919333     -0.033708    0.034820     0.239960    
0.867142     -0.557664    35.412746    35.482397    0.016400     -0.010547    0.669732    
0.480773     -0.514324    10.357323    10.566209    0.027201     -0.029099    0.585997    
-0.028396    1.352717     30.034156    30.128991    -0.002865    0.136464     3.029878    
-0.906525    1.857511     44.734459    44.825427    -0.061133    0.125264     3.016722    
1.000345     -1.001837    83.763009    83.798097    0.284885     -0.285310    23.854600   
-0.110074    -0.618561    22.936561    23.029448    -0.007854    -0.044135    1.636563    
1.629688     -0.044845    44.785731    44.858606    0.073526     -0.002023    2.020571    
0.338376     -0.489428    9.264914     9.490396     0.021623     -0.031276    0.592060    
-0.420571    -0.110880    38.034386    38.087775    -0.049670    -0.013095    4.491895    
0.219359     0.105387     23.715450    23.798251    0.008153     0.003917     0.881490    
-0.966482    -1.489062    79.599116    79.643239    -0.056171    -0.086543    4.626257    
-1.133223    0.574468     17.270621    17.428813    -0.073116    0.037065     1.114310    
-0.478467    -0.950746    37.242899    37.310070    -0.052809    -0.104935    4.110540    
-2.102722    1.153532     62.987743    63.064117    -0.584019    0.320387     17.494487   
1.121315     0.251495     84.465366    84.496116    0.061217     0.013730     4.611276    
2.332701     -1.312324    42.456246    42.586048    0.027988     -0.015745    0.509387    
1.176119     0.555179     18.444367    18.594652    0.181873     0.085852     2.852203    
-0.270231    -1.860543    50.033937    50.107928    -0.057424    -0.395367    10.632255   
0.578499     -0.993748    6.642044     7.022385     0.003510     -0.006030    0.040302    
-0.626892    1.288877     15.306997    15.499461    -0.022132    0.045502     0.540391    
-0.443137    1.130485     32.737015    32.818615    -0.005592    0.014265     0.413103    
1.171261     -0.786992    29.332687    29.432511    0.163011     -0.109530    4.082397    
-0.117441    2.620348     62.597451    62.683297    -0.005745    0.128181     3.062104    
1.898172     -0.987438    38.332829    38.442930    0.191228     -0.099478    3.861782    
-0.101134    -0.521910    39.416074    39.468778    -0.001064    -0.005491    0.414705    
0.649995     -0.930088    13.165392    13.360017    0.005320     -0.007613    0.107760    
0.109206     -0.172842    30.643342    30.707184    0.036612     -0.057946    10.273339   
0.539574     -0.314166    42.071688    42.122342    0.011749     -0.006841    0.916067    
0.142632     -0.886947    24.748294    24.842706    0.000280     -0.001743    0.048647    
0.933288     1.235537     28.658854    28.768080    0.324562     0.429672     9.966447    
-1.233726    1.366229     106.429256   106.463375   -0.086045    0.095287     7.422821    
0.424284     0.480421     52.166354    52.207416    0.015787     0.017876     1.941084    
-0.783434    -0.829624    16.869101    17.021855    -0.151250    -0.160168    3.256763    
-0.755822    -1.763414    50.811483    50.885780    -0.006803    -0.015872    0.457331    
1.230688     -0.629778    17.209438    17.376735    0.461206     -0.236012    6.449320    
0.254866     -0.009062    10.070273    10.264033    0.009566     -0.000340    0.377970    
0.965424     -0.810803    30.763160    30.851846    0.016412     -0.013783    0.522962    
0.452392     0.247744     21.084001    21.181976    0.025662     0.014053     1.195981    
1.139478     1.620115     60.826286    60.890354    0.093681     0.133196     5.000772    
-0.542226    -0.292432    22.274897    22.370193    -0.029183    -0.015739    1.198863    
1.662304     -2.043784    32.376837    32.543430    0.043971     -0.054062    0.856435    
-1.194313    0.042208     18.895722    19.035531    -0.003745    0.000132     0.059249    
0.312364     0.246952     20.055637    20.155945    0.003902     0.003085     0.250551    
-0.980980    1.831618     52.710522    52.788173    -0.061826    0.115436     3.322045    
-1.019788    2.020477     98.908047    98.953520    -0.000773    0.001531     0.074932    
-0.624841    -0.047653    66.094216    66.126493    -0.030952    -0.002360    3.273993    
0.010295     -0.907401    20.809540    20.922127    0.000922     -0.081266    1.863683    
1.765898     -0.679842    58.256998    58.320951    0.051771     -0.019931    1.707927    
-0.963222    -1.237965    123.069680   123.095416   -0.004676    -0.006009    0.597420    
0.311466     0.253236     26.623913    26.699604    0.010257     0.008339     0.876722    
-0.856503    -0.962225    66.328183    66.369890    -0.036098    -0.040554    2.795470    
-0.837471    -0.009664    112.022607   112.043032   -0.136515    -0.001575    18.260665   
1.433013     1.007497     34.237729    34.338981    0.037061     0.026056     0.885468    
0.534277     -0.640001    165.426139   165.439951   0.027058     -0.032412    8.377778    
-0.619680    -1.658410    25.984052    26.118580    -0.015254    -0.040824    0.639629    
0.204726     -0.427867    20.478736    20.578595    0.008324     -0.017397    0.832640    
-1.625756    1.608169     85.733966    85.787045    -0.223771    0.221351     11.800542   
-0.324277    0.505932     8.966280     9.199470     -0.092049    0.143614     2.545168    
1.322018     2.181618     31.645163    31.808779    0.053458     0.088218     1.279635    
-1.584936    -0.530759    42.624795    42.702948    -0.061996    -0.020761    1.667293    
-0.235181    -0.361452    19.711668    19.814408    -0.005779    -0.008881    0.484340    
0.362008     0.129142     18.100353    18.211135    0.052586     0.018759     2.629279    
0.163044     0.334433     32.814544    32.875640    0.003884     0.007967     0.781763    
-0.543663    -0.004456    128.024553   128.040840   -0.002737    -0.000022    0.644533    
-1.349759    0.164349     86.643356    86.676381    -0.024286    0.002957     1.558936    
-0.499724    0.244786     46.106288    46.151645    -0.036879    0.018065     3.402615    
0.226618     0.495068     40.488524    40.540005    0.012291     0.026850     2.195909    
-0.666385    1.344106     18.110599    18.278935    -0.058842    0.118685     1.599171    
0.490840     0.305283     43.033226    43.082103    0.051861     0.032255     4.546767    
0.055673     -0.263256    11.174322    11.349574    0.005784     -0.027348    1.160847    
-1.051294    -0.792452    28.594205    28.692101    -0.181081    -0.136496    4.925222    
-1.627927    -0.304316    110.487415   110.517358   -0.056242    -0.010514    3.817136    
1.674541     -0.034307    50.095314    50.161944    0.240515     -0.004927    7.195210    
1.124225     0.194339     31.456098    31.538274    0.030863     0.005335     0.863565    
1.498360     1.296267     48.026751    48.107891    0.122289     0.105795     3.919710    
1.179563     -0.814661    28.737853    28.840842    0.089126     -0.061554    2.171386    
-0.295818    0.414079     31.112379    31.178744    -0.012571    0.017596     1.322102    
0.219750     -0.992702    20.171250    20.292561    0.027783     -0.125509    2.550285    
-0.109842    -0.558461    56.834451    56.871379    -0.006823    -0.034690    3.530365    
-0.505609    0.060893     6.057476     6.389625     -0.015646    0.001884     0.187450    
0.993513     0.175773     15.235350    15.395090    0.041629     0.007365     0.638381    
0.282049     -0.301917    131.918646   131.933979   0.034002     -0.036397    15.903310   
0.822636     0.440644     46.879557    46.930147    0.108823     0.058291     6.201498    
-0.549699    1.054687     12.816668    13.021385    -0.023873    0.045805     0.556624    
2.444607     0.344525     30.907358    31.068224    0.729055     0.102748     9.217496    
-0.798971    -0.214879    76.931147    76.960775    -0.038448    -0.010340    3.702069    
-0.036046    0.794711     68.528707    68.561589    -0.000208    0.004579     0.394815    
0.564696     -1.199354    38.783337    38.855881    0.045085     -0.095756    3.096442    
-0.159142    -0.154612    140.418994   140.432967   -0.004589    -0.004458    4.048987    
-0.028277    0.560342     18.946714    19.056959    -0.002448    0.048510     1.640250    
1.716023     0.757459     52.828862    52.898791    0.077617     0.034261     2.389499    
0.113396     -0.194998    64.577861    64.608250    0.002651     -0.004558    1.509581    
0.457157     0.388887     13.096672    13.257376    0.003610     0.003071     0.103413    
-0.911366    0.280216     34.541183    34.610365    -0.212459    0.065324     8.052276    
-0.003088    1.005112     24.932881    25.030657    -0.000118    0.038539     0.956003    
0.264893     -0.532614    8.734944     8.973743     0.018144     -0.036483    0.598321    
-0.948709    -0.481830    25.150534    25.249882    -0.050485    -0.025640    1.338370    
-0.870355    -1.172585    37.583994    37.663829    -0.010888    -0.014669    0.470175    
-1.544381    -1.139350    47.020894    47.101196    -0.024132    -0.017803    0.734734    
0.076154     0.803572     97.438463    97.461687    0.010599     0.111844     13.561853   
-0.468801    0.102426     48.334483    48.376931    -0.131050    0.028632     13.511514   
-1.195268    -0.148887    53.693649    53.743220    -0.009914    -0.001235    0.445376    
0.732143     -1.824923    127.553166   127.583508   0.040734     -0.101533    7.096667    
-0.028185    -0.342507    131.165167   131.180388   -0.001193    -0.014496    5.551485    
1.652364     -1.019075    9.959442     10.336066    0.006567     -0.004050    0.039580    
-2.813671    -2.434427    121.014048   121.087232   -0.505277    -0.437173    21.731610   
-0.154034    -0.116750    49.491069    49.530578    -0.028521    -0.021618    9.163904    
1.516160     0.669464     38.717853    38.803273    0.165831     0.073223     4.234784    
0.041075     -0.587728    51.801289    51.842026    0.001888     -0.027019    2.381400    
0.922963     0.107067     36.033567    36.099255    0.047831     0.005549     1.867376    
-2.526110    2.311682     37.027409    37.237468    -0.131491    0.120329     1.927378    
-1.089650    -0.145063    134.411993   134.430901   -0.002657    -0.000354    0.327761    
-0.354586    0.505459     27.150436    27.228704    -0.000719    0.001026     0.055087    
-0.612209    0.082356     27.127575    27.205915    -0.009398    0.001264     0.416425    
0.370756     -0.018909    4.439331     4.870362     0.021499     -0.001096    0.257418    
0.915795     -1.068597    15.160915    15.352813    0.027931     -0.032591    0.462390    
0.046673     0.102955     13.321176    13.466308    0.003354     0.007398     0.957213    
-0.997854    1.081135     19.614730    19.768084    -0.179395    0.194367     3.526349    
-0.264281    -0.101104    120.157357   120.173813   -0.006910    -0.002644    3.141766    
-0.641814    0.263186     35.114447    35.176420    -0.109649    0.044963     5.999014    
-0.771216    1.902928     10.001736    10.398345    -0.128355    0.316708     1.664611    
0.789072     1.396726     35.781521    35.871516    0.014748     0.026105     0.668753    
0.062042     -0.650900    10.170947    10.380301    0.009166     -0.096165    1.502672    
-0.355315    -0.836734    14.789140    14.947240    -0.008008    -0.018858    0.333313    
0.523552     0.390402     10.370252    10.575614    0.067948     0.050667     1.345871    
-0.563786    -1.140990    99.906063    99.933558    -0.133674    -0.270530    23.687810   
0.646383     -1.534458    13.680459    13.921289    0.008455     -0.020072    0.178954    
0.812192     -1.018189    83.813715    83.846945    0.075284     -0.094378    7.768866    
0.410479     -0.177766    37.811367    37.865216    0.004450     -0.001927    0.409877    
-0.373503    -0.685292    30.572002    30.645250    -0.008578    -0.015738    0.702091    
0.706344     -1.427959    26.470327    26.591186    0.233299     -0.471642    8.742918    
0.251847     0.445864     10.129942    10.332129    0.002983     0.005282     0.120001    
-0.021647    0.819933     40.608975    40.664931    -0.000008    0.000316     0.015667    
-0.389826    -0.168057    14.515686    14.654702    -0.006854    -0.002955    0.255212    
-0.037346    1.114691     44.083607    44.141628    -0.002313    0.069047     2.730646    
-0.436173    0.075241     79.347800    79.373448    -0.029964    0.005169     5.450937    
0.238823     0.537380     29.962472    30.032824    0.013025     0.029309     1.634161    
-2.369045    -0.309766    69.902354    69.970868    -0.172553    -0.022562    5.091453    
-1.563249    -0.025382    63.148545    63.198561    -0.014298    -0.000232    0.577565    
-1.513932    -1.110328    74.206006    74.255849    -0.051392    -0.037692    2.519021    
0.869604     -0.067136    23.263727    23.363148    0.105783     -0.008167    2.829921    
0.560995     1.297839     38.451365    38.527672    0.026573     0.061475     1.821339    
0.801738     -0.823177    88.508027    88.537372    0.019631     -0.020156    2.167223    
-1.051169    0.689915     11.350171    11.588023    -0.251406    0.165005     2.714595    
1.499993     0.961730     72.382545    72.431227    0.195644     0.125438     9.440832    
1.481633     0.822272     13.211696    13.464592    0.042144     0.023389     0.375795    
1.114800     -0.177794    30.855295    30.938626    0.030093     -0.004799    0.832914    
0.265621     0.007003     49.837242    49.876810    0.003828     0.000101     0.718264    
0.421389     0.678850     13.051334    13.223112    0.048510     0.078149     1.502459    
0.665565     0.535879     80.559704    80.588281    0.017044     0.013723     2.062968    
0.404539     0.917114     43.375996    43.432209    0.024739     0.056086     2.652640    
-0.358394    -0.203265    14.749300    14.885784    -0.142599    -0.080876    5.868511    
0.041803     1.762093     89.700457    89.739366    0.004060     0.171158     8.712887    
0.546527     0.269400     13.633160    13.788012    0.037345     0.018409     0.931576    
0.949841     -1.005735    30.425527    30.520507    0.023391     -0.024767    0.749266    
0.336578     0.957474     33.285772    33.359371    0.028672     0.081563     2.835485    
-1.135310    0.911709     62.076742    62.125011    -0.056076    0.045032     3.066140    
-1.736500    0.170847     92.163355    92.200887    -0.067811    0.006672     3.599035    
0.225126     0.792399     50.337275    50.382485    0.016487     0.058029     3.686324    
1.729399     -0.791562    62.750364    62.810035    0.039325     -0.018000    1.426900    
-0.684649    -0.296733    8.949453     9.193719     -0.131926    -0.057178    1.724481    
-1.008911    0.218880     38.318436    38.382852    -0.117453    0.025481     4.460855    
-0.712279    0.889815     17.360682    17.509065    -0.054039    0.067509     1.317124    
0.928144     1.153605     140.843558   140.865095   0.036061     0.044821     5.472144    
2.911211     2.175433     68.105290    68.230588    0.033827     0.025278     0.791364    
1.051996     -0.996019    18.415983    18.577463    0.142067     -0.134507    2.486987    
-0.977699    -0.008713    87.059157    87.086898    -0.019339    -0.000172    1.722066    
0.229455     -0.051873    14.215352    14.352928    0.016086     -0.003637    0.996587    
0.386151     -0.262358    5.722060     6.069174     0.034612     -0.023516    0.512894    
-0.290231    -0.489675    62.366432    62.400086    -0.006700    -0.011304    1.439665    
-0.480258    0.284618     54.867961    54.906099    -0.016084    0.009532     1.837522    
0.682742     -0.025702    62.711645    62.746252    0.002214     -0.000083    0.203349    
-0.338746    -0.344158    29.479516    29.549112    -0.025225    -0.025628    2.195219    
-0.664504    -0.602853    37.978206    38.039769    -0.003969    -0.003601    0.226841    
-0.122563    0.319872     48.315638    48.356935    -0.000297    0.000774     0.116940    
-0.110857    -0.652199    71.271981    71.302229    -0.002428    -0.014285    1.561103    
0.903269     1.806195     21.257991    21.444239    0.215655     0.431228     5.075332    
1.542655     0.767926     28.732671    28.851531    0.133630     0.066520     2.488927    
0.064172     0.145719     20.890879    20.984021    0.005391     0.012241     1.754930    
-1.386273    -1.151089    64.138130    64.193625    -0.144940    -0.120351    6.705873    
1.105706     0.951448     15.900980    16.088628    0.057724     0.049671     0.830125    
1.797535     0.662022     88.194798    88.237558    0.062503     0.023020     3.066688    
0.186263     -1.036778    26.832173    26.924897    0.015828     -0.088103    2.280146    
-1.172204    0.019557     61.582755    61.625361    -0.217351    0.003626     11.418744   
-0.703213    -0.922209    30.708215    30.793090    -0.066206    -0.086825    2.891136    
-0.909463    -0.435317    16.116386    16.267436    -0.031296    -0.014980    0.554592    
-1.448450    -0.298425    38.961504    39.039222    -0.015893    -0.003275    0.427515    
0.277760     -1.236346    90.934405    90.964535    0.018815     -0.083746    6.159632    
0.618051     -0.439900    24.169538    24.261431    0.003780     -0.002691    0.147833    
0.166500     -0.660420    84.786271    84.811854    0.025580     -0.101463    13.026052   
0.660291     -0.719865    35.124709    35.193385    0.156287     -0.170388    8.313817    
1.680179     -0.812508    37.323620    37.422062    0.158907     -0.076845    3.529981    
-0.285216    -0.550906    19.682182    19.790100    -0.024728    -0.047764    1.706447    
0.548494     -1.248365    23.583547    23.704808    0.012180     -0.027720    0.523681    
1.297174     -1.023752    18.220722    18.401098    0.315371     -0.248896    4.429850    
-0.314549    -0.512521    28.639305    28.713174    -0.016483    -0.026857    1.500737    
-0.785281    -0.807956    26.095041    26.193426    -0.006155    -0.006333    0.204540    
-1.907318    1.052065     69.561978    69.623907    -0.123703    0.068234     4.511581    
0.309564     0.317730     30.097329    30.164895    0.046297     0.047518     4.501197    
0.236051     0.572165     30.587663    30.657188    0.005868     0.014225     0.760445    
-0.802020    -0.402790    5.512643     5.921965     -0.036620    -0.018391    0.251706    
-0.967019    0.183980     58.459897    58.501312    -0.018292    0.003480     1.105817    
-2.284334    0.656503     27.335242    27.508900    -0.218505    0.062797     2.614716    
-0.283645    -0.156581    15.145370    15.276196    -0.043944    -0.024258    2.346404    
0.252443     0.428248     78.765510    78.791672    0.004078     0.006918     1.272473    
-1.403093    0.018069     20.788991    20.929073    -0.004909    0.000063     0.072741    
-0.030299    -0.487848    6.305775     6.623947     -0.000881    -0.014185    0.183349    
0.532127     -0.400919    76.325876    76.354163    0.009423     -0.007100    1.351636    
-1.116456    -2.083878    46.173651    46.276020    -0.122637    -0.228904    5.071956    
-1.237913    0.268209     27.266294    27.366587    -0.006682    0.001448     0.147185    
0.081756     1.622171     45.991858    46.062611    0.012552     0.249058     7.061312    
-0.145660    -1.462840    68.214805    68.259034    -0.002207    -0.022163    1.033501    
-0.034459    -0.008266    35.355551    35.410326    -0.010098    -0.002422    10.360849   
0.047392     -0.733266    99.778781    99.800902    0.001030     -0.015936    2.168504    
1.962146     0.940379     39.747659    39.855811    0.348264     0.166909     7.054869    
0.769284     -0.180117    46.836748    46.884754    0.012938     -0.003029    0.787738    
0.162872     0.995514     11.168551    11.385476    0.001529     0.009346     0.104853    
-1.017824    -0.299795    119.018121   119.039128   -0.116443    -0.034298    13.616155   
-1.387157    1.038706     25.043220    25.180170    -0.169579    0.126981     3.061521    
0.657482     3.661618     61.812399    61.955528    0.025899     0.144237     2.434885    
1.100057     -0.198876    29.385927    29.472994    0.064949     -0.011742    1.734985    
-0.280629    -0.694264    13.119552    13.287526    -0.011591    -0.028676    0.541901    
-0.523306    -0.154950    54.207008    54.245484    -0.059899    -0.017736    6.204630    
-0.715739    0.056561     20.861533    20.966497    -0.026194    0.002070     0.763487    
-0.928156    0.455544     26.778859    26.871011    -0.103570    0.050833     2.988165    
0.137901     -0.709303    24.582355    24.671629    0.002177     -0.011197    0.388041    
-0.853145    0.049024     9.790872     10.023292    -0.102428    0.005886     1.175481    
-0.478554    -0.344803    10.640777    10.837388    -0.018618    -0.013415    0.413981    
1.270506     0.575413     35.278955    35.361348    0.021572     0.009770     0.598997    
-0.471714    -0.574943    75.718076    75.747310    -0.013568    -0.016537    2.177868    
-0.138430    -1.195155    47.867355    47.922919    -0.003487    -0.030104    1.205680    
1.285917     0.714407     45.049696    45.116671    0.017316     0.009620     0.606625    
-0.514529    -1.389814    33.779375    33.869123    -0.019254    -0.052007    1.264033    
-0.032112    -0.938633    30.540173    30.617955    -0.001398    -0.040866    1.329650    
1.022598     0.544827     14.765606    14.941238    0.167143     0.089051     2.413424    
-0.688716    0.070117     59.011739    59.048620    -0.063408    0.006455     5.433006    
-0.832245    0.285338     49.278054    49.325203    -0.145559    0.049905     8.618686    
-0.260624    -2.127326    110.078787   110.117245   -0.044350    -0.362007    18.732097   
0.255582     -0.174098    13.046164    13.197461    0.004697     -0.003200    0.239782    
1.131809     0.184563     145.458359   145.476198   0.037936     0.006186     4.875515    
0.834898     0.228291     53.168346    53.211814    0.010406     0.002845     0.662659    
-0.269565    0.597984     71.807836    71.837807    -0.029622    0.065711     7.890754    
0.152210     0.130517     54.812189    54.847892    0.007855     0.006735     2.828537    
1.662021     1.050559     31.400771    31.523790    0.198363     0.125385     3.747706    
-0.496469    0.809270     31.581857    31.657386    -0.155981    0.254258     9.922433    
1.116020     -0.863440    29.616943    29.715809    0.105568     -0.081675    2.801553    
1.010327     2.315335     68.196037    68.271194    0.147391     0.337772     9.948771    
1.579656     -0.598474    83.149924    83.190374    0.156541     -0.059308    8.239994    
-0.666533    -0.243904    71.134688    71.165459    -0.075112    -0.027486    8.016188    
-0.385952    0.560503     13.879806    14.035209    -0.010975    0.015939     0.394687    
-0.855197    0.459926     54.675931    54.719971    -0.007385    0.003972     0.472159    
0.518151     0.673716     10.704997    10.917614    0.031707     0.041226     0.655068    
-0.350536    0.337007     9.745798     9.954495     -0.084885    0.081609     2.360021    
0.874459     0.209020     41.028265    41.085299    0.030899     0.007386     1.449747    
1.273941     0.420983     34.403635    34.486015    0.125232     0.041384     3.381988    
-0.343778    -2.091444    59.416649    59.487019    -0.026165    -0.159178    4.522160    
1.150461     -0.808355    29.786981    29.885050    0.001791     -0.001259    0.046383    
0.170533     -0.409291    18.647731    18.756584    0.008170     -0.019610    0.893431    
-3.182104    0.185064     29.279751    29.518448    -0.229699    0.013359     2.113552    
0.099758     -0.816506    32.030476    32.101448    0.000574     -0.004699    0.184343    
-0.765762    0.507910     52.775178    52.819870    -0.054901    0.036414     3.783692    
0.227733     -0.287770    30.534847    30.600434    0.048188     -0.060891    6.461076    
-0.346463    1.603944     79.023952    79.065496    -0.002743    0.012701     0.625740    
0.283770     0.163729     22.524143    22.612370    0.007011     0.004045     0.556530    
0.581487     -0.997929    23.366425    23.477622    0.129379     -0.222036    5.198962    
-0.377454    -0.875453    29.822139    29.902237    -0.015058    -0.034925    1.189716    
1.241494     -0.298765    21.435487    21.563525    0.103261     -0.024850    1.782890    
0.703936     0.419589     72.131404    72.162913    0.035235     0.021002     3.610444    
-0.437569    0.130866     9.932495     10.135975    -0.049730    0.014873     1.128842    
0.308679     0.463886     70.464932    70.494624    0.019850     0.029831     4.531327    
-0.328363    -1.030005    66.469584    66.507513    -0.014165    -0.044433    2.867389    
0.805307     -1.046823    82.144945    82.179142    0.008243     -0.010715    0.840815    
0.568515     -0.213800    37.019797    37.077072    0.083747     -0.031495    5.453320    
-1.686235    -0.994165    18.022846    18.235397    -0.192340    -0.113399    2.055770    
1.506254     -0.130443    15.846367    16.039580    0.019124     -0.001656    0.201187    
0.685576     0.457354     74.209360    74.240038    0.059901     0.039961     6.483923    
-1.200581    0.773144     13.724100    13.937898    -0.169072    0.108878     1.932693    
0.774273     -0.486175    91.002049    91.027928    0.006463     -0.004058    0.759596    
0.676784     -1.378360    48.024617    48.089465    0.044837     -0.091317    3.181655    
1.143360     2.012699     28.450540    28.612347    0.024597     0.043299     0.612053    
-1.163777    -0.684507    15.311690    15.496636    -0.101152    -0.059495    1.330840    
-0.809596    -0.407266    10.784918    11.000487    -0.038530    -0.019382    0.513269    
0.154726     0.074121     72.401114    72.428072    0.021884     0.010483     10.240083   
0.701825     -0.161145    13.865092    14.022634    0.074687     -0.017149    1.475503    
-0.297152    0.176232     64.751271    64.782107    -0.009204    0.005458     2.005544    
-0.097220    -0.766286    41.695835    41.749422    -0.005704    -0.044961    2.446480    
0.806370     1.171266     59.523697    59.573212    0.054192     0.078715     4.000316    
0.703989     0.072902     69.646719    69.678126    0.280207     0.029017     27.721288   
-0.350210    -0.000728    113.017747   113.035432   -0.002668    -0.000006    0.861083    
-0.066028    0.333578     8.255749     8.493997     -0.000694    0.003505     0.086744    
0.324879     -0.539757    44.510656    44.558617    0.027522     -0.045726    3.770758    
1.098529     -0.194418    22.141391    22.256701    0.120924     -0.021401    2.437287    
2.188537     0.234221     88.525701    88.574936    0.162364     0.017376     6.567568    
0.819134     -0.834780    23.543770    23.654849    0.035143     -0.035814    1.010089    
-1.074531    0.520215     24.018482    24.128565    -0.075756    0.036676     1.693338    
1.504451     -0.562848    31.212058    31.315295    0.264059     -0.098790    5.478303    
-0.916448    -0.758820    8.302078     8.614820     -0.108479    -0.089821    0.982711    
1.664293     0.356497     14.499935    14.731600    0.062434     0.013374     0.543950    
1.147022     0.223896     43.203627    43.264236    0.318770     0.062223     12.006748   
0.203764     -0.579521    47.616351    47.660982    0.000560     -0.001593    0.130920    
-0.383892    -1.170504    79.387150    79.421106    -0.027715    -0.084504    5.731319    
1.682802     0.121160     48.625871    48.694936    0.087296     0.006285     2.522494    
0.436073     1.236722     58.970880    59.018296    0.119571     0.339109     16.169806   
0.598787     0.117252     7.274927     7.561204     0.075095     0.014705     0.912357    
-0.209576    0.108307     5.915122     6.238532     -0.033814    0.017475     0.954364    
0.060350     0.090635     6.403774     6.700383     0.007698     0.011561     0.816830    
0.020909     -0.436715    5.514810     5.871903     0.006330     -0.132205    1.669473    
-1.244232    0.109696     33.941544    34.021515    -0.040541    0.003574     1.105936    
0.767517     -0.420527    28.692714    28.773472    0.019297     -0.010573    0.721400    
-0.068872    0.473922     52.287581    52.326814    -0.011675    0.080338     8.863640    
1.838259     0.310051     35.721310    35.824046    0.025142     0.004241     0.488567    
-0.067953    -0.265495    13.297222    13.444931    -0.001908    -0.007453    0.373285    
0.293398     -0.640471    22.389968    22.487373    0.019368     -0.042279    1.478008    
-1.975754    -0.167732    39.431821    39.530687    -0.324925    -0.027585    6.484806    
-0.123051    -0.253953    165.483085   165.495033   -0.031275    -0.064546    42.060290   
-1.782908    0.486001     62.623542    62.681719    -0.035901    0.009786     1.260990    
-2.115155    0.359984     19.565036    19.780522    -0.203778    0.034682     1.884935    
-0.014974    0.959116     36.800279    36.865372    -0.000908    0.058171     2.231944    
0.050230     0.009398     53.544577    53.580774    0.012789     0.002393     13.632542   
0.454474     0.079530     26.522460    26.599412    0.013106     0.002293     0.764858    
1.983065     0.431390     19.648254    19.850629    0.344692     0.074983     3.415213    
1.155258     -0.865851    82.258156    82.294371    0.121216     -0.090850    8.630969    
0.201538     0.522141     26.942615    27.020228    0.005415     0.014029     0.723874    
-1.194455    1.317742     123.927849   123.956242   -0.176803    0.195052     18.343747   
0.328713     0.489744     22.430823    22.524757    0.069047     0.102872     4.711634    
-2.528496    1.015954     84.949133    85.015620    -0.008296    0.003333     0.278706    
0.660726     -0.043832    5.283479     5.677022     0.025866     -0.001716    0.206835    
0.408797     0.000841     17.978854    18.090916    0.001388     0.000003     0.061028    
-0.472523    -0.197514    22.546689    22.638252    -0.011152    -0.004661    0.532113    
-0.523918    -0.354097    204.383539   204.393997   -0.188763    -0.127578    73.637408   
1.016530     0.129779     45.609799    45.663759    0.083024     0.010600     3.725141    
-1.195566    -0.759107    8.612002     8.946907     -0.014725    -0.009350    0.106072    
0.752819     -0.265890    83.395651    83.422701    0.012078     -0.004266    1.338009    
-0.014617    1.791100     19.951876    20.128600    -0.001875    0.229710     2.558849    
-0.847021    0.659372     24.569659    24.671751    -0.038921    0.030299     1.129000    
0.205857     0.446595     31.057874    31.124079    0.005270     0.011433     0.795114    
-0.019007    -0.787310    41.952641    42.006181    -0.004236    -0.175484    9.350863    
0.443002     1.246849     20.153145    20.292242    0.024254     0.068263     1.103352    
0.670385     0.926715     109.420743   109.444425   0.088721     0.122645     14.481142   
1.533534     -1.873186    55.218287    55.306371    0.436698     -0.533419    15.724283   
0.820563     0.570318     56.311549    56.354805    0.008736     0.006072     0.599521    
1.473312     0.394120     63.053087    63.102240    0.033018     0.008832     1.413056    
0.248932     0.716806     45.862828    45.911325    0.003238     0.009324     0.596573    
0.461460     -1.024922    38.800249    38.866408    0.070341     -0.156231    5.914388    
-1.261164    -1.186042    48.787140    48.857519    -0.076802    -0.072227    2.971015    
-1.057431    0.729663     22.095451    22.220137    -0.066256    0.045719     1.384455    
-1.003865    -0.856991    34.796245    34.876866    -0.085001    -0.072565    2.946342    
-0.492861    -0.274461    44.996819    45.043390    -0.003555    -0.001980    0.324585    
-0.547951    -1.471661    22.845463    22.983824    -0.002166    -0.005817    0.090300    
0.247261     -0.278160    11.532109    11.704828    0.016278     -0.018312    0.759204    
0.881653     0.553953     9.216854     9.482063     0.056167     0.035290     0.587174    
0.850614     0.415213     22.048733    22.156659    0.013758     0.006716     0.356618    
2.119765     0.957610     55.402765    55.486501    0.000498     0.000225     0.013008    
-0.834762    -0.022964    109.165025   109.185965   -0.114253    -0.003143    14.941364   
0.273400     0.805234     11.194708    11.398227    0.001677     0.004941     0.068686    
-2.170755    0.800495     42.251727    42.360788    -0.051806    0.019104     1.008355    
-1.833787    -1.923784    46.562445    46.679759    -0.069834    -0.073261    1.773186    
0.092679     0.591646     20.530018    20.632867    0.003688     0.023543     0.816921    
0.352585     -0.153935    72.736053    72.763702    0.004317     -0.001885    0.890556    
0.579228     1.039833     15.164147    15.337635    0.012472     0.022389     0.326505    
-0.909414    0.407648     43.052427    43.108928    -0.000083    0.000037     0.003930    
1.021148     1.176459     42.653934    42.727741    0.272396     0.313826     11.378122   
0.778457     -0.136110    15.219163    15.366274    0.053112     -0.009287    1.038369    
-1.339348    1.131225     100.662712   100.697220   -0.129537    0.109408     9.735775    
1.227919     0.455006     16.253825    16.424878    0.066670     0.024705     0.882509    
-0.883805    0.433672     20.766601    20.882908    -0.059117    0.029008     1.389065    
-1.004077    0.700578     74.797175    74.833090    -0.080953    0.056484     6.030493    
1.707649     -0.343733    102.343696   102.377445   0.133212     -0.026814    7.983734    
-1.237625    1.261937     30.584200    30.698411    -0.043952    0.044815     1.086132    
0.793715     0.240756     14.372918    14.530783    0.022421     0.006801     0.406016    
-0.876250    -0.357790    4.016702     4.572163     -0.067603    -0.027604    0.309890    
-0.771710    0.058896     60.011254    60.048519    -0.074418    0.005679     5.787036    
0.066033     1.664300     12.402822    12.668038    0.016562     0.417435     3.110843    
0.512548     0.139896     81.416311    81.441837    0.008165     0.002229     1.296990    
0.582463     0.909722     16.617503    16.768518    0.039141     0.061133     1.116691    
-0.149940    0.594238     27.607593    27.684467    -0.012217    0.048418     2.249460    
-1.174432    -0.705999    12.651763    12.877103    -0.070524    -0.042395    0.759729    
-0.265923    -0.386399    8.536658     8.773226     -0.038541    -0.056003    1.237256    
1.864096     -1.008464    123.978258   124.011997   0.078848     -0.042656    5.244045    
-0.274895    0.025287     108.551952   108.570150   -0.008666    0.000797     3.422170    
-0.445210    0.200997     12.372980    12.538110    -0.002924    0.001320     0.081251    
0.404869     1.106405     41.292963    41.356641    0.012220     0.033395     1.246377    
0.962398     -0.513460    57.101178    57.145510    0.100363     -0.053546    5.954744    
1.655690     1.932998     109.046196   109.093655   0.016139     0.018842     1.062958    
-0.999099    0.114320     57.992093    58.034206    -0.055244    0.006321     3.206595    
-0.131827    0.514500     6.206112     6.532447     -0.018550    0.072397     0.873285    
-0.008965    -0.121783    40.382451    40.430585    -0.001016    -0.013802    4.576608    
-0.559896    -0.296007    54.584138    54.623294    -0.016913    -0.008942    1.648869    
1.094477     -0.444504    58.230902    58.276138    0.031525     -0.012803    1.677271    
0.869313     0.269287     56.837953    56.879312    0.001486     0.000460     0.097177    
0.411681     1.521531     45.035704    45.106254    0.033320     0.123146     3.644978    
-2.362534    0.901566     36.135560    36.277376    -0.048876    0.018652     0.747575    
-1.457741    0.517004     71.448250    71.492095    -0.083925    0.029765     4.113393    
-0.566479    0.141586     17.051768    17.174943    -0.061973    0.015490     1.865483    
0.658479     -1.056147    64.360971    64.403095    0.005854     -0.009390    0.572201    
0.435457     -0.726531    52.855253    52.898679    0.047913     -0.079939    5.815575    
1.292876     0.913216     47.078613    47.146328    0.031607     0.022326     1.150944    
-0.532662    1.615734     111.179099   111.209537   -0.024168    0.073311     5.044518    
-0.463845    0.535541     98.074017    98.096329    -0.059518    0.068717     12.584261   
0.375134     -0.891964    37.742453    37.806138    0.013162     -0.031295    1.324213    
0.829411     0.137585     23.589324    23.686241    0.086424     0.014336     2.457995    
0.107977     -0.581150    14.521598    14.666327    0.002097     -0.011286    0.282006    
-0.057489    1.524105     46.362384    46.429213    -0.001646    0.043646     1.327675    
0.555201     -0.259335    7.550356     7.826770     0.031188     -0.014568    0.424138    
0.971596     1.361132     25.765116    25.894262    0.031785     0.044529     0.842896    
0.991438     1.052286     54.988733    55.042947    0.031509     0.033443     1.747600    
-1.358961    1.052574     95.036981    95.072906    -0.185032    0.143315     12.939940   
-0.704494    -0.088544    18.516743    18.634615    -0.002015    -0.000253    0.052971    
1.117340     0.666244     18.381270    18.532091    0.010401     0.006202     0.171106    
-0.674918    1.007634     45.502346    45.561050    -0.045026    0.067223     3.035634    
0.760775     -0.107783    130.620275   130.637366   0.003276     -0.000464    0.562534    
0.243160     0.034433     27.152980    27.225349    0.064857     0.009184     7.242446    
0.042716     -2.422248    66.037934    66.111670    0.001931     -0.109502    2.985357    
-0.196421    -0.741405    76.959161    76.988153    -0.024556    -0.092688    9.621176    
-0.591915    -0.113839    13.680425    13.834461    -0.010500    -0.002019    0.242675    
0.882585     1.385779     97.042021    97.075888    0.055404     0.086993     6.091830    
0.674398     -1.219597    83.563937    83.598737    0.167885     -0.303608    20.802495   
0.387740     0.679428     144.461093   144.476622   0.083296     0.145957     31.033670   
1.437020     -0.267127    64.165778    64.212603    0.103167     -0.019178    4.606602    
-1.593261    0.380866     82.982643    83.022151    -0.055606    0.013292     2.896141    
-0.823065    0.057508     24.139005    24.233185    -0.024907    0.001740     0.730492    
0.795243     0.428814     65.398693    65.434550    0.158716     0.085583     13.052362   
-0.023518    -0.397502    16.903682    17.022572    -0.003958    -0.066906    2.845155    
-0.099412    -0.702959    16.409671    16.542560    -0.003313    -0.023424    0.546793    
0.193603     -1.234428    14.712805    14.896405    0.007508     -0.047873    0.570587    
-0.019369    0.160210     29.545583    29.611526    -0.000367    0.003038     0.560275    
0.313912     -0.207419    6.617075     6.913913     0.025109     -0.016591    0.529291    
0.406778     -0.754267    73.815089    73.846305    0.093331     -0.173058    16.936024   
0.513290     0.669940     75.953068    75.983260    0.007468     0.009747     1.105053    
0.530385     0.621507     45.439476    45.489433    0.091225     0.106898     7.815503    
1.222988     1.235456     27.706788    27.830974    0.067984     0.068677     1.540172    
0.509144     -0.301562    3.363709     3.942037     0.014909     -0.008830    0.098497    
0.525324     0.604282     7.738044     8.024550     0.024718     0.028433     0.364096    
-1.245294    2.627874     167.511908   167.548711   -0.008440    0.017811     1.135338    
-1.042787    -1.529493    73.897157    73.946545    -0.083915    -0.123081    5.946648    
-0.951483    1.612990     10.236045    10.590497    -0.009567    0.016218     0.102917    
-0.543569    -0.308978    11.039254    11.230807    -0.036531    -0.020765    0.741909    
-0.581175    0.232750     16.287061    16.417529    -0.008107    0.003247     0.227201    
-0.963150    1.007179     39.147419    39.221645    -0.291184    0.304495     11.835231   
0.254921     -0.383503    80.117837    80.143340    0.031780     -0.047810    9.988054    
2.004868     0.175283     21.127244    21.313977    0.519043     0.045379     5.469663    
-0.441364    -0.428892    49.486707    49.529666    -0.005679    -0.005518    0.636733    
-0.381688    -0.715520    7.561609     7.855605     -0.002148    -0.004026    0.042545    
1.409052     -0.892939    37.109521    37.199116    0.013869     -0.008789    0.365269    
-0.741259    -0.410092    22.440556    22.542651    -0.041117    -0.022748    1.244763    
-1.348185    1.160720     45.247650    45.325376    -0.107383    0.092451     3.603971    
-0.749378    1.095024     135.099000   135.119856   -0.185797    0.271495     33.495822   
1.662342     0.860033     55.390989    55.457548    0.018294     0.009465     0.609591    
-0.454165    0.507007     10.225625    10.435597    -0.063716    0.071129     1.434570    
1.666921     0.063280     31.500204    31.605702    0.016961     0.000644     0.320517    
-0.607923    -0.768003    23.590982    23.693222    -0.019812    -0.025029    0.768813    
-0.575110    -1.349236    23.170094    23.299772    -0.019230    -0.045114    0.774738    
0.109935     -0.428313    17.366962    17.483759    0.004079     -0.015891    0.644356    
-0.815480    1.020857     37.307739    37.382476    -0.104687    0.131052     4.789351    
0.741251     -0.101765    42.332540    42.384888    0.037516     -0.005151    2.142547    
-0.106472    0.304264     17.158139    17.273697    -0.004826    0.013791     0.777691    
0.054624     -0.508684    35.918742    35.976280    0.001209     -0.011255    0.794705    
0.364167     -1.278092    66.486205    66.528615    0.011296     -0.039646    2.062373    
-0.392321    -1.512676    12.352317    12.605427    -0.024509    -0.094501    0.771684    
0.789523     -2.786478    40.567127    40.717988    0.160042     -0.564840    8.223260    
-0.180749    0.879374     30.544441    30.620970    -0.016018    0.077929     2.706825    
1.773703     -0.777941    41.769580    41.860769    0.301274     -0.132138    7.094805    
1.166500     1.070964     34.921987    35.013252    0.024930     0.022888     0.746345    
1.534291     0.218338     12.081828    12.338851    0.083127     0.011829     0.654589    
-0.866223    -0.385565    57.093859    57.135652    -0.071073    -0.031635    4.684537    
0.210870     -0.529804    69.430976    69.461216    0.015577     -0.039137    5.128965    
-0.405712    0.367052     17.012171    17.134417    -0.029941    0.027088     1.255489    
-2.036722    1.769970     20.642619    20.911090    -0.050267    0.043684     0.509469    
-1.288228    -0.015400    71.170060    71.208933    -0.085015    -0.001016    4.696787    
-0.722817    2.410184     120.367918   120.410307   -0.050074    0.166968     8.338620    
0.642166     0.520094     33.333463    33.401760    0.059120     0.047882     3.068812    
-1.469529    -0.003059    63.257529    63.305209    -0.059313    -0.000123    2.553179    
1.819998     0.195040     11.572132    11.880219    0.106927     0.011459     0.679878    
-0.033053    0.904677     15.206501    15.360084    -0.003347    0.091618     1.539984    
-0.445834    0.104494     128.444921   128.460821   -0.005050    0.001184     1.454923    
0.459498     0.358588     61.173405    61.207844    0.022370     0.017457     2.978153    
0.547509     -0.272892    68.452726    68.483756    0.027184     -0.013549    3.398645    
-0.657483    0.181171     2.646754     3.368288     -0.001699    0.000468     0.006838    
-0.446854    0.256151     73.264019    73.292269    -0.021862    0.012532     3.584386    
-0.914027    -1.027884    167.647884   167.665083   -0.005568    -0.006262    1.021262    
-1.005222    -0.995509    89.151892    89.184843    -0.011130    -0.011023    0.987132    
-0.269784    -0.426968    21.420678    21.516865    -0.011918    -0.018863    0.946320    
1.272304     0.217597     17.669822    17.825927    0.136059     0.023270     1.889592    
0.120681     -0.150503    13.505775    13.649840    0.003347     -0.004174    0.374603    
-0.198208    1.276230     33.516180    33.598769    -0.011491    0.073991     1.943147    
0.935344     0.391227     21.557158    21.670578    0.002498     0.001045     0.057576    
-0.305603    -1.384876    44.505748    44.571828    -0.006479    -0.029360    0.943544    
1.514799     -1.370277    42.016907    42.112560    0.049012     -0.044336    1.359464    
-0.200463    1.007343     67.897798    67.934092    -0.026256    0.131937     8.892955    
0.493706     0.346857     14.149749    14.298756    0.021471     0.015084     0.615356    
0.457993     -0.954691    62.968118    63.007778    0.000278     -0.000580    0.038246    
1.455555     1.003459     59.931289    59.989665    0.064308     0.044334     2.647829    
1.320752     -0.677557    31.062418    31.160106    0.039815     -0.020425    0.936392    
0.408693     1.289202     14.268078    14.466585    0.015445     0.048720     0.539204    
1.277150     1.302416     45.431494    45.510691    0.388617     0.396305     13.824091   
-0.535418    2.101294     26.733384    26.893325    -0.058921    0.231240     2.941909    
0.256551     -0.392189    61.207888    61.241327    0.014100     -0.021555    3.363990    
0.321796     -0.353243    15.536852    15.668346    0.024562     -0.026963    1.185910    
0.110532     1.006247     25.466911    25.562928    0.037345     0.339981     8.604524    
0.928765     0.204160     23.093248    23.196495    0.156217     0.034339     3.884245    
-1.120067    1.148473     18.042441    18.220268    -0.194359    0.199288     3.130808    
0.072358     -1.378869    21.630137    21.763371    0.000252     -0.004807    0.075407    
0.076296     1.973178     34.105400    34.219183    0.011812     0.305487     5.280187    
0.093614     1.486053     98.782351    98.813182    0.001891     0.030021     1.995553    
-0.271178    -0.299982    7.422686     7.689912     -0.042363    -0.046863    1.159571    
-0.036329    0.273231     71.640879    71.668448    -0.010261    0.077171     20.234084   
-0.098350    0.122575     45.846035    45.888545    -0.001869    0.002329     0.871273    
0.655257     0.328353     68.767860    68.799932    0.090562     0.045381     9.504329    
1.784647     0.397595     76.292490    76.339780    0.029101     0.006483     1.244035    
-0.027706    0.115165     88.703050    88.724969    -0.004676    0.019437     14.970795   
-0.431314    0.831700     55.591275    55.634006    -0.029656    0.057186     3.822310    
-0.623946    -0.199501    40.237608    40.291055    -0.009604    -0.003071    0.619349    
-0.416501    -0.609700    24.983612    25.071917    -0.063447    -0.092877    3.805825    
-0.235692    0.530272     9.818487     10.030672    -0.000211    0.000475     0.008794    
1.336570     0.740373     33.890950    33.982437    0.011179     0.006193     0.283474    
-0.942771    -0.943892    39.069671    39.141971    -0.065920    -0.065998    2.731808    
-0.642464    -0.464080    41.849411    41.903178    -0.062074    -0.044839    4.043412    
1.254166     0.707502     27.907135    28.013508    0.009186     0.005182     0.204413    
0.450013     -0.187258    6.155255     6.480717     0.001552     -0.000646    0.021230    
0.451370     0.082337     47.384852    47.427942    0.080046     0.014602     8.403270    
-0.364512    -0.754122    52.261627    52.305394    -0.068585    -0.141893    9.833382    
-0.391084    0.297584     25.066253    25.148231    -0.036447    0.027733     2.336018    
-0.235613    -0.858790    37.711505    37.773345    -0.007333    -0.026727    1.173652    
-0.769357    1.151320     14.654786    14.851100    -0.060474    0.090498     1.151919    
-0.842366    -0.607466    21.740063    21.853693    -0.018956    -0.013670    0.489216    
-0.483706    -1.507370    49.366380    49.430968    -0.044547    -0.138822    4.546410    
0.694513     -0.280700    10.922494    11.123712    0.037938     -0.015333    0.596644    
-0.444140    -1.683244    38.719635    38.808706    -0.011323    -0.042912    0.987097    
1.853787     0.510683     64.870815    64.929153    0.013198     0.003636     0.461844    
1.606191     -0.777265    7.898416     8.333302     0.273595     -0.132398    1.345400    
0.546620     -0.828732    38.994832    39.057105    0.107725     -0.163322    7.684888    
-1.164378    -0.950559    17.513344    17.687608    -0.121932    -0.099541    1.833973    
2.495854     0.988679     24.249331    24.476760    0.110347     0.043712     1.072114    
1.537521     -2.119260    40.608734    40.740637    0.032668     -0.045029    0.862829    
-0.808818    0.665292     23.565073    23.670327    -0.001047    0.000861     0.030495    
0.216673     -0.906668    47.653953    47.703702    0.008050     -0.033685    1.770482    
1.027238     0.572691     23.862937    23.972858    0.095110     0.053025     2.209431    
-0.856381    0.931353     105.809271   105.835143   -0.068718    0.074734     8.490351    
-1.071082    0.105128     53.587911    53.634853    -0.114047    0.011194     5.705963    
0.277094     -0.000894    24.149905    24.231584    0.022461     -0.000072    1.957544    
1.424193     -2.089718    69.061735    69.136050    0.129073     -0.189390    6.259010    
0.446857     0.361483     24.296786    24.383173    0.003284     0.002657     0.178580    
0.401771     0.221071     29.155594    29.225569    0.009125     0.005021     0.662146    
0.995006     1.068610     49.089732    49.150877    0.001833     0.001968     0.090415    
0.500283     -0.441665    116.522781   116.541318   0.112816     -0.099597    26.276338   
-2.564854    -0.212775    137.769831   137.807928   -0.410719    -0.034072    22.061539   
-0.820085    -0.195787    7.237818     7.547969     -0.020921    -0.004995    0.184645    
-1.593085    1.255434     23.274159    23.445159    -0.055444    0.043693     0.810013    
-0.498466    -1.534627    26.583245    26.704820    -0.048240    -0.148515    2.572625    
1.041243     0.644970     43.010253    43.072694    0.087846     0.054414     3.628645    
0.598922     -1.270307    27.994454    28.098698    0.017178     -0.036435    0.802938    
-0.849742    0.787455     15.443577    15.611571    -0.096278    0.089221     1.749798    
-0.693449    0.110371     20.913956    21.018124    -0.165126    0.026282     4.980097    
-0.788728    0.358185     116.149497   116.169406   -0.068733    0.031214     10.121686   
1.129349     0.063602     52.358841    52.408040    0.217278     0.012237     10.073455   
-0.172683    -0.731017    7.614532     7.900649     -0.008943    -0.037857    0.394328    
0.365614     1.519906     73.897324    73.940065    0.000523     0.002176     0.105780    
1.334139     0.767241     33.119697    33.213820    0.156380     0.089932     3.882101    
0.590407     -0.283718    43.948959    43.997897    0.067002     -0.032198    4.987543    
0.147716     -0.015382    34.630657    34.686877    0.016182     -0.001685    3.793759    
0.227139     -0.462985    14.413481    14.556419    0.006819     -0.013899    0.432703    
0.093976     -0.775698    15.030908    15.179384    0.000005     -0.000039    0.000756    
-0.567099    0.725920     61.665262    61.703550    -0.003475    0.004448     0.377817    
1.499406     -0.933311    54.907152    54.970807    0.142715     -0.088833    5.226114    
-0.574681    0.043792     21.688701    21.785474    -0.145317    0.011074     5.484316    
0.557029     1.308197     21.579654    21.715848    0.040424     0.094936     1.566033    
-1.544242    0.773716     32.390151    32.495848    -0.106282    0.053251     2.229247    
-1.054094    -1.564337    82.052286    82.097569    -0.166841    -0.247602    12.987147   
0.758437     -0.783948    96.648749    96.674947    0.021441     -0.022162    2.732262    
0.592519     0.325178     11.260328    11.451059    0.024038     0.013192     0.456818    
0.308138     -0.819310    25.401047    25.492241    0.060385     -0.160559    4.977803    
-0.449767    -0.646681    93.609469    93.633478    -0.001089    -0.001566    0.226753    
-1.405027    0.550977     72.805742    72.847983    -0.046964    0.018417     2.433580    
0.978996     0.502812     133.534514   133.553558   0.063114     0.032415     8.608673    
0.574105     0.722621     9.491845     9.737651     0.020632     0.025969     0.341112    
0.690252     0.168915     28.378358    28.455423    0.020751     0.005078     0.853136    
0.010822     0.403700     92.997973    93.019681    0.000113     0.004215     0.970878    
-0.513502    -2.060439    36.045036    36.161149    -0.023576    -0.094599    1.654906    
-1.175788    -1.287363    43.672839    43.751932    -0.108474    -0.118767    4.029097    
-0.882763    0.652472     67.301774    67.339504    -0.007625    0.005636     0.581342    
0.849359     -0.846504    55.696625    55.744300    0.027682     -0.027589    1.815219    
0.235033     0.018737     141.669086   141.682958   0.080660     0.006430     48.618679   
1.166093     -1.039393    34.537644    34.628946    0.034246     -0.030525    1.014304    
1.289449     0.389459     15.390261    15.573999    0.084615     0.025557     1.009923    
0.037492     0.314219     4.696416     5.102099     0.000296     0.002477     0.037027    
-0.213986    -1.552245    49.418793    49.482798    -0.028564    -0.207202    6.596684    
0.334672     -0.026969    83.661887    83.685716    0.006292     -0.000507    1.572876    
1.228923     1.631435     48.658637    48.741253    0.064775     0.085990     2.564720    
-0.133735    0.197324     55.731376    55.766639    -0.007183    0.010598     2.993202    
1.181751     -0.553444    17.536524    17.694843    0.103122     -0.048294    1.530267    
0.046071     -0.650989    20.839006    20.941944    0.005918     -0.083626    2.676980    
1.082058     -0.519018    20.541882    20.670852    0.044738     -0.021459    0.849305    
-0.792709    -0.044451    42.413747    42.466825    -0.007599    -0.000426    0.406564    
0.163138     -0.809198    51.614667    51.658787    0.002348     -0.011648    0.742949    
0.428641     0.138604     43.080745    43.128047    0.041699     0.013484     4.190974    
-0.079279    1.490884     57.895557    57.948248    -0.003754    0.070603     2.741721    
-0.495281    -0.003740    32.168339    32.232318    -0.113049    -0.000854    7.342486    
-0.950407    0.666003     62.091569    62.133604    -0.080304    0.056273     5.246369    
0.374312     -0.822333    78.920164    78.949880    0.034505     -0.075805    7.275110    
0.426035     -0.016689    26.353818    26.430673    0.023746     -0.000930    1.468859    
0.297510     -0.866923    10.852099    11.067208    0.000578     -0.001685    0.021088    
-1.377334    0.940600     60.184873    60.240149    -0.034613    0.023637     1.512452    
-0.695550    0.488804     12.903402    13.080347    -0.018375    0.012913     0.340883    
0.419560     -0.524675    14.147922    14.299999    0.033362     -0.041721    1.125010    
-2.412854    0.242183     25.575119    25.765135    -0.046874    0.004705     0.496840    
0.862134     0.560381     15.233161    15.394202    0.124531     0.080944     2.200359    
0.734178     1.068620     17.119616    17.281122    0.011935     0.017372     0.278312    
0.800479     1.053456     11.836428    12.071724    0.008406     0.011063     0.124301    
0.852597     -0.520679    18.709956    18.839730    0.140709     -0.085931    3.087818    
-0.426839    0.026281     23.968094    24.052596    -0.004360    0.000268     0.244851    
0.415767     0.908559     44.163504    44.218643    0.001347     0.002944     0.143090    
-1.274031    0.314743     25.901305    26.009129    -0.142128    0.035112     2.889496    
-0.651415    -1.516383    56.332445    56.390984    -0.115528    -0.268929    9.990495    
1.320006     -0.319913    8.069294     8.416248     0.063330     -0.015349    0.387142    
0.012110     0.169534     38.492947    38.543622    0.000568     0.007954     1.805942    
0.718608     0.184406     34.642642    34.706454    0.146825     0.037678     7.078143    
-0.839859    -1.296452    17.813397    17.988280    -0.431733    -0.666447    9.157061    
-0.440830    -0.285262    23.565177    23.653081    -0.024101    -0.015596    1.288340    
0.261664     -1.370446    43.744472    43.810962    0.030339     -0.158898    5.072013    
1.701457     -1.778194    59.008663    59.092760    0.093439     -0.097653    3.240577    
-0.091003    0.333589     25.591111    25.669037    -0.002664    0.009766     0.749158    
-0.072627    -0.572806    13.400955    13.557062    -0.009929    -0.078309    1.832056    
-1.239942    0.620311     79.330639    79.367169    -0.062169    0.031102     3.977537    
-0.285165    -0.554865    75.609901    75.638095    -0.020194    -0.039293    5.354379    
1.327807     -0.689110    23.040552    23.172828    0.043598     -0.022627    0.756531    
0.052587     0.132861     9.909674     10.104306    0.002316     0.005851     0.436397    
-1.173262    1.091709     53.850578    53.910371    -0.076756    0.071421     3.522971    
-2.448559    0.415567     52.325991    52.421870    -0.099989    0.016970     2.136768    
-0.230285    -0.737124    48.750055    48.795893    -0.025197    -0.080654    5.334113    
-0.482832    0.261679     23.586658    23.675029    -0.021450    0.011625     1.047855    
1.856132     0.875022     74.383287    74.437619    0.198060     0.093370     7.937138    
0.473155     -0.729114    49.841443    49.887873    0.170447     -0.262653    17.954638   
0.157211     -0.453155    65.285203    65.316635    0.021683     -0.062502    9.004496    
-0.384245    0.405266     161.488754   161.501717   -0.053064    0.055967     22.301531   
-2.441578    0.070345     41.295402    41.414386    -0.305956    0.008815     5.174766    
-0.451289    -0.289000    23.959866    24.046565    -0.164732    -0.105493    8.745968    
-0.806112    0.835968     147.786601   147.804273   -0.024135    0.025029     4.424748    
1.108600     -1.567778    78.944044    78.991923    0.018041     -0.025513    1.284688    
1.099601     0.188741     29.448905    29.535702    0.030252     0.005193     0.810191    
0.259924     0.650651     22.985631    23.080405    0.014345     0.035909     1.268566    
0.388091     -1.660163    22.680091    22.829109    0.004530     -0.019379    0.264747    
0.501764     0.067172     56.283828    56.320516    0.001047     0.000140     0.117446    
0.454758     -0.955277    25.236723    25.335479    0.042681     -0.089658    2.368595    
1.234883     -0.720759    59.159389    59.209397    0.011321     -0.006608    0.542365    
0.637543     0.325555     23.940325    24.031782    0.044077     0.022507     1.655121    
1.366901     -0.341311    27.076035    27.184030    0.096913     -0.024199    1.919692    
-1.384205    1.022693     165.620149   165.640788   -0.051834    0.038296     6.201885    
1.004719     0.067450     60.374788    60.415263    0.078999     0.005303     4.747169    
-1.166028    -1.045697    39.286554    39.367009    -0.002380    -0.002135    0.080200    
0.456601     -0.460784    87.808524    87.832981    0.124061     -0.125197    23.858005   
-0.258538    -0.579246    13.534751    13.691852    -0.003062    -0.006861    0.160325    
0.210229     0.110290     5.321952     5.679304     0.003078     0.001615     0.077919    
0.461243     0.643905     7.387117     7.685819     0.010133     0.014146     0.162287    
-0.159247    0.646019     45.576220    45.623563    -0.010312    0.041831     2.951158    
-0.336748    2.163991     25.906593    26.073411    -0.014219    0.091374     1.093903    
0.821159     0.758594     35.110316    35.183220    0.011768     0.010871     0.503146    
0.442801     -0.087663    17.106858    17.225659    0.045664     -0.009040    1.764149    
2.029342     -0.047705    24.801957    24.962622    0.882989     -0.020757    10.791606   
1.189284     0.496747     89.976408    90.007167    0.016371     0.006838     1.238559    
-0.218056    -1.138971    85.090137    85.120804    -0.035849    -0.187248    13.988922   
-0.316778    0.760104     33.671510    33.739052    -0.004951    0.011880     0.526250    
0.919430     0.451475     43.589297    43.645743    0.178933     0.087863     8.483027    
-1.221273    -0.583255    106.867767   106.894464   -0.002516    -0.001202    0.220179    
-0.092703    -0.044280    17.417896    17.529079    -0.001482    -0.000708    0.278470    
-1.446796    -0.806967    18.155296    18.336688    -0.109479    -0.061063    1.373811    
-0.946093    0.315023     49.761065    49.809968    -0.018879    0.006286     0.992988    
0.987576     -1.203536    253.961200   253.973601   0.112632     -0.137261    28.963885   
0.478274     0.782438     23.270431    23.371540    0.015682     0.025655     0.763011    
0.558615     0.695627     79.463341    79.492726    0.018910     0.023549     2.690026    
-0.330934    0.551672     78.046082    78.073553    -0.006533    0.010890     1.540616    
0.236773     0.115005     23.261747    23.346372    0.000242     0.000118     0.023812    
0.745969     -0.645299    49.407795    49.456830    0.074273     -0.064250    4.919322    
1.725060     0.022911     58.150223    58.209104    0.195383     0.002595     6.586187    
0.951630     0.347809     46.693966    46.746422    0.169868     0.062085     8.334986    
1.370160     -1.562713    29.188492    29.328525    0.005454     -0.006221    0.116197    
-0.638688    0.348594     40.280758    40.335392    -0.045077    0.024603     2.842907    
0.253596     1.338476     45.698645    45.761303    0.044460     0.234657     8.011715    
-0.486141    0.288257     8.259565     8.509689     -0.023698    0.014052     0.402634    
0.172494     0.303408     12.649404    12.806412    0.007952     0.013988     0.583155    
0.192583     -0.123966    48.714762    48.755055    0.016218     -0.010440    4.102423    
1.343658     -0.281714    21.330806    21.465392    0.051756     -0.010851    0.821642    
0.429505     -1.153944    53.045487    53.096277    0.118093     -0.317277    14.584877   
0.124265     0.376989     105.727583   105.746651   0.005100     0.015473     4.339515    
2.641449     0.067788     69.728269    69.806077    0.307268     0.007885     8.111181    
-0.044352    0.728579     106.963596   106.984198   -0.011573    0.190108     27.909941   
-0.644126    -1.436152    21.274180    21.422958    -0.033516    -0.074729    1.106983    
0.502012     0.776321     6.208575     6.578453     0.076706     0.118619     0.948648    
0.736091     -0.457064    38.658747    38.718528    0.117340     -0.072861    6.162595    
0.986022     -0.621624    46.755130    46.811065    0.010593     -0.006678    0.502306    
1.822117     1.756248     24.696679    24.903924    0.033073     0.031878     0.448268    
-1.206944    1.419673     43.947560    44.031070    -0.155808    0.183270     5.673322    
0.785459     0.744267     87.176293    87.205229    0.062899     0.059601     6.981052    
0.690124     -0.337327    9.299867     9.536904     0.027526     -0.013455    0.370934    
-1.093737    -0.698040    17.583342    17.740699    -0.317868    -0.202869    5.110175    
0.339401     -0.993668    20.848406    20.967440    0.021566     -0.063140    1.324748    
-0.354128    -0.128501    7.539514     7.801355     -0.047264    -0.017151    1.006273    
0.617481     0.227622     29.618743    29.691379    0.070515     0.025994     3.382391    
-0.189112    0.074405     45.225012    45.268289    -0.031139    0.012252     7.446758    
0.082060     0.660644     49.571265    49.614801    0.000686     0.005521     0.414291    
-1.660238    -0.360735    23.939469    24.080275    -0.391834    -0.085137    5.649973    
0.706800     1.147155     70.353605    70.394035    0.028642     0.046486     2.850954    
-0.079789    -1.087995    27.743833    27.834966    -0.001333    -0.018183    0.463660    
-0.341140    0.459604     101.449679   101.470389   -0.013499    0.018186     4.014312    
-1.435560    0.368374     27.775165    27.884248    -0.038869    0.009974     0.752044    
0.586519     0.671713     55.060729    55.103121    0.014206     0.016269     1.333601    
-0.458599    -0.626497    51.429676    51.473191    -0.032782    -0.044783    3.676308    
-1.163211    -0.330263    39.227484    39.295453    -0.044102    -0.012522    1.487277    
-0.263115    -0.233541    19.415087    19.517795    -0.026235    -0.023287    1.935895    
0.123173     -0.083608    8.519356     8.745086     0.013700     -0.009300    0.947605    
-1.247136    -0.764592    8.039228     8.405004     -0.072679    -0.044558    0.468503    
0.783085     -0.724924    16.759246    16.908165    0.042722     -0.039549    0.914313    
-0.602165    -0.398681    56.891301    56.929928    -0.054607    -0.036154    5.159186    
0.307567     -0.940624    89.496724    89.523840    0.001747     -0.005342    0.508312    
-0.104267    -0.634417    10.115454    10.325247    -0.008920    -0.054276    0.865403    
-0.318334    -0.549039    68.785210    68.816298    -0.083013    -0.143175    17.937363   
1.330245     -0.433288    47.461415    47.522817    0.127968     -0.041682    4.565717    
-0.785437    0.389387     37.448824    37.510771    -0.147479    0.073114     7.031639    
0.275807     1.135667     21.465929    21.587655    0.004189     0.017250     0.326052    
1.500823     0.658970     23.729731    23.867589    0.050618     0.022225     0.800327    
0.635150     -1.371420    21.299984    21.444077    0.086071     -0.185845    2.886424    
0.862573     0.029113     62.539692    62.576616    0.046218     0.001560     3.350989    
1.450164     -1.374516    92.190309    92.232968    0.011037     -0.010461    0.701632    
-0.670103    0.070653     26.503512    26.585055    -0.054858    0.005784     2.169721    
0.447952     0.123822     60.307872    60.341779    0.027639     0.007640     3.721046    
0.321030     -1.292586    15.311459    15.494823    0.012674     -0.051029    0.604464    
0.561834     1.127646     10.273674    10.536156    0.021696     0.043546     0.396731    
-0.361164    0.506208     37.345336    37.402350    -0.022893    0.032087     2.367223    
0.908168     -0.617564    36.199012    36.269127    0.065775     -0.044728    2.621756    
-0.482584    0.940663     12.188821    12.391935    -0.017515    0.034140     0.442374    
-0.107215    -0.446169    93.631746    93.653561    -0.011934    -0.049661    10.421707   
0.015671     -0.191890    88.207341    88.229513    0.001533     -0.018768    8.627054    
0.596122     -0.032015    26.223497    26.304052    0.022438     -0.001205    0.987063    
-0.601368    -0.288639    55.454358    55.493294    -0.055626    -0.026699    5.129519    
0.072521     0.146134     26.804018    26.876699    0.007709     0.015533     2.849113    
0.758047     0.931503     20.933117    21.059740    0.049947     0.061376     1.379257    
-0.530143    0.325423     22.668231    22.762043    -0.007722    0.004740     0.330169    
0.525178     0.779533     12.346340    12.537566    0.032115     0.047669     0.754986    
-0.709289    0.665321     18.606065    18.735164    -0.029341    0.027523     0.769684    
-0.342440    -0.634414    35.525640    35.587438    -0.038614    -0.071537    4.005914    
0.029305     -0.862247    17.760503    17.890074    0.006327     -0.186150    3.834311    
-1.202942    0.544795     18.841232    18.989756    -0.057765    0.026161     0.904746    
0.632143     -0.116390    40.225558    40.278823    0.002108     -0.000388    0.134145    
-0.011036    -0.265156    23.345789    23.430136    -0.000824    -0.019786    1.742103    
-1.049718    0.491058     49.654060    49.706576    -0.317081    0.148330     14.998645   
-1.255574    -0.267082    90.711354    90.741790    -0.073493    -0.015633    5.309635    
0.496476     -0.109282    91.615415    91.637970    0.053750     -0.011831    9.918657    
0.889553     -0.102270    10.625140    10.842984    0.165121     -0.018984    1.972268    
2.628605     -2.188300    19.336998    19.735568    0.073320     -0.061039    0.539370    
-0.208753    -0.565949    24.252608    24.339840    -0.001192    -0.003233    0.138523    
1.275885     -0.746027    32.218115    32.312015    0.025577     -0.014955    0.645856    
-0.984273    0.258459     32.749594    32.824479    -0.127327    0.033435     4.236543    
0.851922     -1.180587    31.676823    31.771302    0.070175     -0.097248    2.609309    
-0.321751    -0.107718    13.902160    14.044932    -0.002050    -0.000686    0.088597    
1.202013     0.919294     30.703960    30.804189    0.042970     0.032863     1.097620    
0.004948     -2.180248    40.792847    40.898470    0.000072     -0.031764    0.594319    
-0.364438    0.128510     11.119058    11.298572    -0.002407    0.000849     0.073446    
0.368496     1.371486     66.314565    66.358973    0.025849     0.096206     4.651770    
0.272838     0.266543     38.324502    38.376919    0.025781     0.025186     3.621384    
-0.797240    0.295723     10.716878    10.929294    -0.050734    0.018819     0.681996    
-0.084871    -1.491050    100.107263   100.137753   -0.003517    -0.061785    4.148165    
-1.283139    -0.178499    56.751621    56.800526    -0.023218    -0.003230    1.026910    
-0.013568    0.294851     30.608846    30.673499    -0.000876    0.019038     1.976324    
-0.739695    -0.000508    131.293193   131.310033   -0.001037    -0.000001    0.184093    
-0.415193    -0.279180    29.295824    29.366146    -0.005556    -0.003736    0.392045    
-0.905451    0.326150     32.860478    32.933451    -0.018482    0.006658     0.670761    
-1.141515    1.026407     40.637278    40.713878    -0.015580    0.014009     0.554643    
-0.970709    -0.312819    22.168711    22.279291    -0.112103    -0.036126    2.560170    
0.950800     -0.789715    20.606929    20.737602    0.011389     -0.009459    0.246835    
0.296216     1.054891     24.129475    24.234418    0.045725     0.162837     3.724712    
0.099899     -0.521923    19.413279    19.520060    0.004228     -0.022090    0.821644    
1.386887     -2.093057    47.341565    47.448952    0.476515     -0.719145    16.265905   
-1.614459    1.246710     37.842710    37.948734    -0.014221    0.010982     0.333338    
1.055884     -1.677260    103.597245   103.634899   0.074752     -0.118743    7.334246    
-0.562032    0.042945     64.268026    64.300636    -0.044532    0.003403     5.092185    
-1.556301    -0.233140    65.430157    65.478675    -0.050111    -0.007507    2.106765    
1.152394     1.437620     57.472737    57.535947    0.022409     0.027955     1.117569    
0.858278     -0.110958    23.389005    23.487645    0.152407     -0.019703    4.153259    
0.996107     -0.211326    19.147870    19.275704    0.026082     -0.005533    0.501372    
0.589115     0.973809     20.245832    20.373120    0.020286     0.033533     0.697166    
1.577944     0.570345     19.133118    19.307158    0.052677     0.019040     0.638732    
1.061731     0.995634     10.874887    11.147048    0.195252     0.183097     1.999889    
0.834611     -0.098270    42.434810    42.488755    0.034128     -0.004018    1.735194    
-0.561012    0.365331     61.565161    61.600261    -0.014583    0.009497     1.600375    
0.848441     0.073393     47.831172    47.879235    0.022064     0.001909     1.243892    
0.884767     0.086577     21.907882    22.014099    0.025211     0.002467     0.624243    
0.836354     0.310572     31.470743    31.544865    0.161949     0.060138     6.093893    
-1.041392    0.826169     15.736238    15.914496    -0.030726    0.024376     0.464292    
0.623559     0.199847     46.053813    46.100514    0.038624     0.012379     2.852647    
1.454104     1.039459     37.830158    37.923485    0.028851     0.020624     0.750600    
-1.173558    -0.234696    40.848332    40.913244    -0.044912    -0.008982    1.563269    
-0.457189    -1.334477    70.754296    70.795728    -0.016450    -0.048014    2.545732    
-0.354372    -1.148876    23.458900    23.572027    -0.068383    -0.221699    4.526867    
-1.109659    0.015970     54.625876    54.672597    -0.003040    0.000044     0.149672    
0.638809     -0.323850    55.902432    55.941664    0.112202     -0.056882    9.818850    
-0.315737    -0.843226    64.883610    64.919708    -0.006668    -0.017809    1.370343    
2.658385     -0.652350    46.004422    46.127805    0.211512     -0.051904    3.660304    
-0.625730    0.668842     13.454528    13.628579    -0.073173    0.078215     1.573382    
1.912260     -0.910752    98.820959    98.863255    0.089758     -0.042749    4.638485    
0.417556     -1.432741    83.635592    83.672064    0.015891     -0.054526    3.182955    
0.090112     -2.202296    73.561943    73.621278    0.005333     -0.130334    4.353472    
0.796939     0.816173     6.918569     7.283049     0.139415     0.142780     1.210321    
-0.458969    0.616080     8.515962     8.774211     -0.035879    0.048161     0.665718    
-0.824641    -0.317947    20.180501    20.295534    -0.117587    -0.045337    2.877580    
-0.129235    -0.633044    26.935666    27.015228    -0.031006    -0.151879    6.462362    
-0.079685    0.059144     20.039109    20.135807    -0.007562    0.005612     1.901558    
-0.118444    1.178312     30.083031    30.170617    -0.005004    0.049778     1.270851    
-0.792165    0.871954     79.414892    79.448020    -0.017342    0.019089     1.738570    
-0.763646    -1.232881    15.031912    15.229461    -0.059523    -0.096098    1.171677    
-1.295866    0.942883     49.934570    49.999046    -0.026875    0.019555     1.035603    
-1.701502    -0.294585    30.670478    30.782057    -0.333229    -0.057693    6.006638    
1.252391     -0.292370    30.671596    30.761595    0.304244     -0.071026    7.451080    
-0.682479    0.354662     46.222656    46.270946    -0.070048    0.036402     4.744201    
0.367006     0.189486     38.098361    38.151417    0.039186     0.020232     4.067846    
1.048600     -0.530151    170.974852   170.990220   0.006431     -0.003251    1.048498    
1.750234     -0.344034    73.274840    73.322976    0.143803     -0.028267    6.020401    
-1.298354    -0.766764    146.683911   146.704868   -0.384663    -0.227169    43.457961   
-0.740712    0.994905     15.019133    15.198283    -0.046672    0.062688     0.946342    
1.057417     0.057791     33.108247    33.183617    0.055660     0.003042     1.742728    
-0.222443    0.816128     41.047864    41.103742    -0.006828    0.025053     1.260044    
-0.084650    0.852830     18.362010    18.487099    -0.005342    0.053817     1.158720    
-0.489052    0.402434     156.466707   156.480370   -0.031080    0.025576     9.943811    
0.261054     -1.438761    34.040949    34.129157    0.023324     -0.128549    3.041461    
0.046820     0.036608     10.653189    10.833694    0.001086     0.000849     0.247034    
-0.447921    1.235414     33.670351    33.753435    -0.022534    0.062152     1.693910    
0.375370     0.414951     20.857015    20.957174    0.006382     0.007055     0.354616    
-2.588930    0.817473     36.024481    36.180229    -0.108418    0.034234     1.508609    
-0.775137    -0.138866    87.641669    87.667310    -0.049378    -0.008846    5.582962    
1.714485     1.352275     44.722621    44.819146    0.367695     0.290014     9.591383    
1.153333     0.827514     32.505417    32.595890    0.058163     0.041732     1.639251    
-0.040381    0.141354     5.425585     5.773521     -0.004155    0.014545     0.558291    
0.050246     -0.124601    32.244046    32.304357    0.011787     -0.029228    7.563663    
0.204938     -0.768541    53.589691    53.631731    0.028543     -0.107040    7.463819    
1.491288     0.817403     16.472200    16.676343    0.309137     0.169444     3.414606    
-0.326412    1.857948     44.902235    44.984933    -0.009412    0.053576     1.294806    
-1.453847    -0.688245    30.663060    30.768256    -0.007876    -0.003728    0.166111    
-0.014755    0.419533     9.578225     9.787419     -0.000955    0.027145     0.619750    
-0.749113    -0.115609    10.982497    11.183234    -0.071158    -0.010982    1.043225    
0.108912     -1.757491    43.341962    43.422359    0.001676     -0.027040    0.666836    
-0.483479    1.187312     144.264581   144.283706   -0.054843    0.134681     16.364441   
0.141993     0.063357     9.439028     9.643359     0.008356     0.003728     0.555462    
-0.106085    0.420473     4.028804     4.504916     -0.006356    0.025193     0.241386    
-0.113590    0.487074     14.449318    14.591363    -0.023073    0.098936     2.934988    
-0.053848    -0.454012    4.086163     4.558586     -0.006583    -0.055501    0.499517    
-0.752287    -0.225231    8.882408     9.131746     -0.063798    -0.019101    0.753275    
0.973070     0.366995     39.702139    39.764511    0.113078     0.042648     4.613685    
-1.901961    0.063246     23.518785    23.677619    -0.065388    0.002174     0.808556    
-0.178543    -0.257752    39.450162    39.500488    -0.004959    -0.007159    1.095661    
0.137531     0.905382     17.397224    17.532170    0.020869     0.137381     2.639820    
-0.525097    -0.977601    144.952784   144.970397   -0.022530    -0.041945    6.219355    
1.587977     1.557940     122.513656   122.549662   0.159947     0.156921     12.340018   
-0.389100    1.331324     32.580039    32.668910    -0.055937    0.191391     4.683702    
-0.602946    0.345280     15.322633    15.464178    -0.010786    0.006177     0.274105    
-0.061007    0.422055     36.070637    36.126827    -0.000795    0.005497     0.469831    
1.739444     0.436869     24.109250    24.255874    0.172261     0.043264     2.387593    
-1.122100    -1.077836    61.567654    61.618762    -0.023023    -0.022115    1.263217    
-0.369875    -0.056346    19.231305    19.335409    -0.017770    -0.002707    0.923930    
0.280243     -0.271871    86.045209    86.068608    0.098998     -0.096040    30.396064   
-1.099623    0.141828     29.879698    29.964989    -0.016613    0.002143     0.451407    
-0.801839    -0.367261    18.284168    18.410964    -0.032091    -0.014699    0.731774    
0.820835     0.097042     131.962771   131.980041   0.008128     0.000961     1.306748    
-1.268396    -0.246177    82.014899    82.048693    -0.084721    -0.016443    5.478101    
1.277563     1.319659     79.857081    79.902453    0.477719     0.493460     29.860958   
1.109801     0.777886     59.052357    59.100698    0.166621     0.116789     8.865869    
0.544942     0.640647     113.501685   113.521870   0.024998     0.029388     5.206591    
0.187281     0.596892     162.293534   162.306677   0.018340     0.058453     15.893106   
0.451099     -3.346897    22.625444    22.960638    0.084103     -0.623994    4.218281    
-2.140865    -1.350709    42.132473    42.254325    -0.161829    -0.102101    3.184814    
0.280409     1.193454     35.857045    35.931958    0.000219     0.000931     0.027986    
-0.246514    0.083814     33.792710    33.850997    -0.002604    0.000885     0.357016    
0.854495     -0.988189    182.716784   182.732057   0.054880     -0.063466    11.734901   
0.036596     -0.912939    77.145757    77.176276    0.002983     -0.074415    6.288278    
-0.586947    0.220093     124.690641   124.707754   -0.069673    0.026126     14.801327   
0.103259     0.469719     39.662866    39.714597    0.009443     0.042955     3.627106    
-0.070792    -0.932577    26.552191    26.641481    -0.003616    -0.047629    1.356076    
-0.490962    0.642189     10.181960    10.401957    -0.001599    0.002091     0.033158    
-0.729091    0.274847     69.286401    69.318738    -0.017341    0.006537     1.647907    
-0.689478    1.245176     51.699204    51.756241    -0.072489    0.130913     5.435461    
0.362718     -0.124911    26.785571    26.860546    0.024989     -0.008605    1.845324    
-0.359265    -0.822117    85.275506    85.302942    -0.082734    -0.189324    19.637949   
-0.317747    0.750723     30.089787    30.165126    -0.025556    0.060381     2.420117    
0.483586     -0.079746    77.890051    77.916463    0.005128     -0.000846    0.826020    
-1.270712    -0.072195    32.424425    32.509048    -0.038704    -0.002199    0.987595    
2.228860     -1.169081    14.809305    15.150083    0.151838     -0.079642    1.008863    
0.328996     0.031837     74.649235    74.675917    0.067982     0.006579     15.425058   
-0.910286    2.031556     68.836181    68.900295    -0.019104    0.042637     1.444678    
0.852041     0.071582     33.419785    33.488627    0.007590     0.000638     0.297718    
-0.409321    0.898416     82.518768    82.548148    -0.003250    0.007133     0.655123    
-0.882690    -0.112191    25.796837    25.887129    -0.020341    -0.002585    0.594458    
0.702919     -2.013400    59.324712    59.395659    0.005796     -0.016600    0.489127    
0.670056     0.007388     40.233457    40.287157    0.047147     0.000520     2.830914    
-0.054520    0.240575     13.157095    13.305824    -0.004712    0.020792     1.137140    
-0.456702    -1.018686    62.784455    62.825226    -0.046232    -0.103121    6.355641    
-0.149352    -0.726651    20.432642    20.540646    -0.033197    -0.161518    4.541701    
-0.086440    -0.552891    31.499652    31.566060    -0.010143    -0.064878    3.696278    
1.621752     0.196420     22.041800    22.189740    0.216367     0.026206     2.940722    
2.145859     -0.133832    27.523813    27.677750    0.419236     -0.026147    5.377322    
-0.955546    -0.957315    38.560315    38.634213    -0.095563    -0.095740    3.856374    
-0.478453    0.059306     10.601704    10.793680    -0.010331    0.001281     0.228908    
-0.382922    -0.307620    27.838047    27.911881    -0.029168    -0.023432    2.120477    
0.128473     1.613759     39.656121    39.737936    0.002806     0.035243     0.866041    
0.064713     0.209508     43.852715    43.897422    0.008358     0.027058     5.663645    
-0.134298    0.946081     22.843138    22.947701    -0.007677    0.054081     1.305789    
1.862171     -0.428262    84.008305    84.053087    0.204443     -0.047018    9.223075    
0.280001     0.592543     40.139487    40.193070    0.008188     0.017327     1.173774    
-1.789423    -1.259570    23.929283    24.109626    -0.204867    -0.144205    2.739609    
-0.505081    0.059826     5.405925     5.775609     -0.145539    0.017239     1.557712    
-0.665995    0.159960     22.668728    22.764343    -0.121033    0.029070     4.119636    
-0.493937    -0.102583    66.197204    66.228388    -0.128065    -0.026597    17.163171   
-0.182792    0.628312     158.362743   158.376329   -0.041262    0.141830     35.747475   
0.834428     -0.938261    35.444763    35.521582    0.036852     -0.041438    1.565408    
0.426651     0.848833     21.834919    21.944046    0.092609     0.184248     4.739485    
0.341396     -2.514927    28.169250    28.351773    0.016530     -0.121770    1.363919    
-0.671973    -0.528636    48.876225    48.923321    -0.005670    -0.004461    0.412412    
0.574460     1.369490     96.668242    96.699687    0.030052     0.071644     5.057127    
-0.077739    -0.901211    25.049853    25.143355    -0.000471    -0.005461    0.151781    
0.475481     0.076032     34.361553    34.421260    0.011529     0.001844     0.833163    
-0.343037    1.703244     94.826476    94.862818    -0.008935    0.044362     2.469838    
-0.187249    -0.929326    7.396540     7.712487     -0.067204    -0.333536    2.654627    
-2.045420    0.193194     81.868816    81.918246    -0.417653    0.039448     16.716748   
0.226853     2.363548     69.297514    69.366117    0.020372     0.212257     6.223209    
0.160440     0.501764     66.016140    66.047583    0.023386     0.073137     9.622458    
1.337409     0.776821     30.843636    30.945063    0.098327     0.057113     2.267650    
-1.432476    0.185195     126.061124   126.084766   -0.234390    0.030303     20.626887   
-0.522340    0.765899     126.195195   126.213952   -0.000263    0.000385     0.063446    
-0.448847    1.141925     93.498874    93.527642    -0.050245    0.127830     10.466535   
-1.487788    0.257300     39.687017    39.764481    -0.154734    0.026760     4.127570    
0.149563     -0.400803    14.156190    14.298800    0.029689     -0.079561    2.810074    
-0.481386    0.099446     38.494912    38.548344    -0.004403    0.000910     0.352097    
-1.076390    -3.265760    60.561593    60.691064    -0.002962    -0.008987    0.166652    
-0.556045    1.064965     29.958096    30.046727    -0.175329    0.335800     9.446252    
0.571565     -0.930779    32.057484    32.136432    0.026367     -0.042937    1.478824    
0.950454     -0.745282    33.141682    33.222054    0.296705     -0.232656    10.345890   
0.233734     -0.045836    8.929737     9.147234     0.009512     -0.001865    0.363390    
0.167168     -1.100669    90.771920    90.800088    0.067253     -0.442806    36.518138   
-0.840519    -1.194654    15.634458    15.825451    -0.047963    -0.068171    0.892151    
0.143496     -0.283818    50.756300    50.795454    0.006586     -0.013026    2.329492    
0.134472     -0.014771    103.620585   103.639370   0.003674     -0.000404    2.831316    
0.295542     0.469996     7.882603     8.143624     0.058767     0.093457     1.567421    
-0.238530    0.119855     56.382119    56.417104    -0.021216    0.010661     5.014991    
1.413101     -0.711424    26.404392    26.524891    0.119985     -0.060406    2.241973    
-1.104718    -0.418254    25.268176    25.372249    -0.028880    -0.010934    0.660572    
-0.479590    0.504133     16.034061    16.169422    -0.010025    0.010538     0.335155    
-0.414231    1.088694     35.112748    35.187169    -0.045092    0.118511     3.822233    
0.194266     -0.332531    5.061255     5.444224     0.015195     -0.026009    0.395869    
-0.646821    -0.782808    22.663200    22.771183    -0.010197    -0.012341    0.357281    
-0.822730    -0.266446    34.120426    34.188102    -0.023403    -0.007579    0.970563    
-0.204462    -1.735408    45.423528    45.499729    -0.008695    -0.073796    1.931582    
-0.301165    -2.671773    48.539694    48.653940    -0.040563    -0.359852    6.537652    
0.481907     1.437550     48.572024    48.635535    0.009335     0.027846     0.940876    
-1.964143    -1.462393    71.548022    71.616973    -0.036311    -0.027035    1.322714    
-1.026707    -0.385712    65.642920    65.681586    -0.050579    -0.019002    3.233809    
-1.455108    1.136971     49.641652    49.714973    -0.021141    0.016519     0.721237    
-0.332191    0.192584     17.281272    17.397263    -0.001510    0.000875     0.078535    
-0.882740    -0.967675    51.198167    51.252735    -0.033004    -0.036180    1.914211    
-0.520841    -0.272668    75.078623    75.106726    -0.053851    -0.028192    7.762529    
-0.169318    -0.207029    69.656752    69.685075    -0.060292    -0.073720    24.803720   
2.557011     0.131390     129.616384   129.656614   0.694885     0.035706     35.224138   
-1.392091    1.053375     14.031804    14.276344    -0.099535    0.075317     1.003277    
-0.033136    0.017252     68.496368    68.524658    -0.001142    0.000595     2.360624    
-1.064261    1.609262     55.411392    55.479904    -0.022551    0.034100     1.174146    
-0.393599    0.662740     25.245546    25.333904    -0.065475    0.110246     4.199558    
-0.019550    0.358772     63.715795    63.747209    -0.001101    0.020202     3.587762    
-0.694635    -0.121560    52.305531    52.347310    -0.063154    -0.011052    4.755491    
-1.115097    0.061457     8.916563     9.199308     -0.173113    0.009541     1.384252    
2.146142     0.650351     56.700609    56.779070    0.310138     0.093982     8.193780    
0.531400     -0.220042    108.187833   108.207269   0.008856     -0.003667    1.802955    
-0.281208    -0.166494    29.871429    29.938003    -0.000078    -0.000046    0.008285    
-0.038010    -0.476861    40.169856    40.220904    -0.026675    -0.334660    28.191062   
1.721434     0.941495     25.435573    25.586970    0.163764     0.089567     2.419746    
-0.432951    -0.700167    16.063257    16.204347    -0.002107    -0.003407    0.078173    
-0.961007    1.219121     14.944561    15.153370    -0.166346    0.211024     2.586838    
-1.076173    -2.586917    56.173701    56.277970    -0.062202    -0.149521    3.246786    
0.744609     0.737066     18.551437    18.684980    0.035070     0.034715     0.873750    
-0.938706    -0.218970    22.851054    22.955931    -0.020347    -0.004746    0.495319    
0.147066     -1.443205    19.677999    19.829348    0.032602     -0.319931    4.362235    
0.297791     -0.675955    26.322733    26.406568    0.007696     -0.017470    0.680300    
2.141539     -0.286843    43.172553    43.271385    0.164057     -0.021974    3.307320    
-0.493890    0.779448     33.956375    34.025899    -0.027711    0.043733     1.905214    
0.382847     -0.291107    11.734199    11.907883    0.013118     -0.009974    0.402052    
0.698767     0.153474     17.878435    18.000700    0.003455     0.000759     0.088390    
-0.374673    -0.972318    48.106039    48.157572    -0.010196    -0.026459    1.309069    
