0.236883     0.033454     129.788145   129.803292   0.004746     0.000670     2.600340    
1.432899     0.326432     11.630476    11.887080    0.048163     0.010972     0.390923    
-0.746245    -0.740880    85.207767    85.236989    -0.034770    -0.034520    3.970123    
-1.083930    1.629677     24.268628    24.426871    -0.019558    0.029405     0.437892    
-0.015086    -0.552839    22.146243    22.240434    -0.000046    -0.001689    0.067645    
-0.337240    1.174070     11.131190    11.369719    -0.012636    0.043991     0.417069    
1.385096     0.959722     54.480155    54.541743    0.130201     0.090215     5.121215    
0.600222     -0.571016    45.536058    45.586115    0.056991     -0.054218    4.323676    
-0.119661    -0.035292    14.088527    14.225931    -0.010772    -0.003177    1.268315    
-0.681744    0.679479     4.146298     4.689691     -0.056696    0.056508     0.344821    
-0.914775    -0.869097    18.241906    18.391146    -0.036717    -0.034883    0.732184    
0.125992     0.394548     83.056623    83.080979    0.019980     0.062568     13.171324   
-0.225403    0.431377     25.507727    25.588200    -0.006298    0.012054     0.712745    
-0.218754    0.485844     90.221394    90.244439    -0.002923    0.006493     1.205708    
-0.028791    -1.219189    44.844560    44.904307    -0.002611    -0.110586    4.067603    
1.120786     -0.489227    20.421048    20.552120    0.025299     -0.011043    0.460964    
0.928719     -0.189109    60.704912    60.744214    0.048778     -0.009932    3.188305    
1.216924     -1.534285    14.523708    14.786750    0.130034     -0.163946    1.551931    
-0.119112    -0.969744    11.622041    11.827991    -0.002563    -0.020870    0.250117    
0.635415     -0.920425    34.077969    34.153094    0.042871     -0.062100    2.299200    
0.525508     -1.630074    46.435849    46.509100    0.023485     -0.072847    2.075190    
-0.975765    1.416720     42.856908    42.936566    -0.064360    0.093445     2.826792    
1.314506     0.417872     23.062651    23.187570    0.028434     0.009039     0.498861    
0.709534     0.592363     5.291037     5.720521     0.183370     0.153089     1.367402    
-0.795148    -1.229037    48.053835    48.116409    -0.001527    -0.002361    0.092301    
0.924882     1.415722     58.309411    58.367131    0.118315     0.181106     7.459223    
-0.834245    -0.552412    29.161172    29.244658    -0.175984    -0.116531    6.151537    
-0.021630    0.945165     18.901524    19.027253    -0.000094    0.004091     0.081805    
1.378070     -1.167191    71.175700    71.225815    0.166868     -0.141333    8.618524    
2.107101     -2.262486    45.538725    45.685984    0.069681     -0.074820    1.505951    
-0.320805    0.902383     52.981833    53.027039    -0.042264    0.118883     6.980009    
-0.521082    0.160346     17.209842    17.330633    -0.018029    0.005548     0.595445    
0.999490     1.837737     42.506643    42.603590    0.136353     0.250710     5.798887    
0.431432     0.882239     19.201907    19.327511    0.000087     0.000179     0.003891    
-0.172636    0.612988     14.361069    14.509336    -0.000235    0.000834     0.019542    
-0.473019    0.809263     27.002511    27.090389    -0.115570    0.197722     6.597345    
0.040755     -0.082799    110.539419   110.556984   0.000590     -0.001199    1.601191    
-0.381935    0.309863     10.962664    11.148849    -0.028301    0.022961     0.812325    
-0.373661    0.450666     15.058083    15.197484    -0.007120    0.008587     0.286929    
-0.804348    0.732476     61.328517    61.369744    -0.028531    0.025982     2.175402    
-0.101134    -0.521910    39.416074    39.468778    -0.001064    -0.005491    0.414705    
-0.463410    -1.446035    38.337338    38.417863    -0.012758    -0.039811    1.055480    
-0.582917    -0.511722    30.083032    30.157344    -0.007142    -0.006270    0.368601    
0.887624     -0.028987    78.931656    78.961193    0.026940     -0.000880    2.395644    
0.337751     -0.911552    28.919852    29.003065    0.042680     -0.115188    3.654444    
0.577442     -0.587732    38.759169    38.817870    0.037750     -0.038423    2.533858    
1.107589     0.863478     50.444026    50.501951    0.014305     0.011152     0.651522    
-1.961016    -0.423525    43.653797    43.744187    -0.129274    -0.027920    2.877735    
-0.904434    0.228235     138.582949   138.600068   -0.046467    0.011726     7.119945    
0.566906     0.088353     28.991175    29.063592    0.054916     0.008559     2.808392    
0.857889     1.571245     66.453719    66.506966    0.035855     0.065670     2.777414    
1.175740     0.511897     77.029731    77.065549    0.041193     0.017935     2.698785    
1.043232     -0.345133    24.909111    25.010921    0.005884     -0.001947    0.140492    
2.281743     -1.011627    132.385102   132.423261   0.338071     -0.149886    19.614627   
1.226129     1.072427     21.795709    21.944963    0.048041     0.042018     0.853970    
-1.358300    1.146612     57.080615    57.142203    -0.035990    0.030381     1.512435    
0.011102     -0.144766    12.719459    12.871700    0.002573     -0.033546    2.947445    
0.029609     -0.277586    23.092441    23.177871    0.000343     -0.003215    0.267438    
-0.715690    -0.092554    10.583830    10.789494    -0.015154    -0.001960    0.224096    
-0.485229    0.468117     169.432922   169.445698   -0.023095    0.022281     8.064428    
-0.033004    -0.547798    26.411853    26.490793    -0.005397    -0.089583    4.319195    
-0.648024    -0.841204    27.663006    27.753278    -0.006192    -0.008038    0.264342    
-0.628895    0.156620     35.233271    35.294169    -0.021715    0.005408     1.216551    
-1.257554    -0.089925    71.270625    71.308951    -0.120084    -0.008587    6.805648    
-0.361986    1.115187     61.045886    61.088868    -0.006190    0.019070     1.043879    
1.302548     0.108086     37.399843    37.474412    0.063596     0.005277     1.826029    
-0.304353    -0.165907    40.597793    40.646967    -0.013715    -0.007477    1.829515    
0.954142     0.478095     14.435225    14.607862    0.145925     0.073119     2.207707    
0.647384     -1.805024    27.684901    27.820962    0.084643     -0.236000    3.619701    
0.145977     -1.322466    66.491328    66.533765    0.025413     -0.230226    11.575378   
-0.563923    -0.304849    23.758661    23.848687    -0.036498    -0.019730    1.537682    
-0.544178    1.384013     23.543824    23.672732    -0.003960    0.010071     0.171316    
-0.471030    0.241465     24.009095    24.095472    -0.012220    0.006264     0.622884    
0.941496     2.214006     87.917318    87.972257    0.075353     0.177200     7.036525    
-1.732066    -2.162723    33.552067    33.723783    -0.060886    -0.076024    1.179428    
0.120272     -0.559073    12.232144    12.402715    0.003632     -0.016881    0.369344    
0.739117     -1.216621    26.430964    26.542368    0.020993     -0.034556    0.750715    
-0.251222    -0.697944    107.886344   107.906851   -0.004691    -0.013032    2.014492    
-1.614291    0.923472     36.761953    36.861564    -0.248264    0.142022     5.653675    
0.299230     0.148999     10.404292    10.594149    0.004009     0.001996     0.139388    
1.426049     1.362961     19.560736    19.758254    0.264705     0.252994     3.630884    
0.333711     0.421973     26.502654    26.581103    0.007746     0.009795     0.615187    
-0.486025    -0.527504    38.627101    38.683877    -0.007644    -0.008296    0.607492    
-0.788642    -0.579440    25.350902    25.446039    -0.018558    -0.013635    0.596552    
0.168549     0.246559     115.488859   115.506021   0.000142     0.000207     0.097157    
-0.967360    1.775221     30.142430    30.274217    -0.008337    0.015300     0.259784    
-1.796112    -0.501675    72.730925    72.781455    -0.202737    -0.056627    8.209525    
0.290514     0.127523     26.839845    26.913805    0.002462     0.001081     0.227426    
-0.360499    0.284094     6.162786     6.485797     -0.035232    0.027765     0.602301    
0.080749     1.136019     31.440162    31.522307    0.000624     0.008777     0.242922    
-1.425719    -0.943642    42.732576    42.812044    -0.083610    -0.055339    2.506000    
-0.204404    -1.151773    17.442584    17.592244    -0.003254    -0.018336    0.277689    
-0.346419    0.932312     15.281668    15.439999    -0.050679    0.136391     2.235604    
0.526734     0.136219     32.441456    32.505676    0.026770     0.006923     1.648731    
-0.440336    0.613077     8.239336     8.504785     -0.008382    0.011670     0.156843    
-0.875078    0.955031     59.448724    59.495408    -0.100211    0.109366     6.807841    
-1.326067    1.250726     21.335104    21.503125    -0.061513    0.058018     0.989686    
-1.023122    0.714240     50.367441    50.421335    -0.011223    0.007834     0.552478    
0.382055     0.028407     43.390685    43.437003    0.004427     0.000329     0.502828    
-0.769110    0.252156     58.064571    58.103567    -0.074991    0.024586     5.661491    
0.181233     0.710302     161.926383   161.940007   0.005457     0.021389     4.875958    
1.726850     0.235765     88.353158    88.392268    0.202018     0.027581     10.336112   
-1.459932    -1.269892    26.122364    26.267792    -0.285213    -0.248087    5.103285    
0.374107     0.313729     9.324678     9.542691     0.037131     0.031138     0.925492    
-0.964097    -0.144557    13.828661    14.002042    -0.052285    -0.007840    0.749961    
1.556621     -0.856246    43.529141    43.609831    0.043053     -0.023682    1.203917    
-0.809722    1.344553     16.000782    16.197637    -0.067770    0.112533     1.339193    
1.091834     -0.383071    9.942860     10.201680    0.072145     -0.025312    0.656990    
-0.955857    -0.456414    112.717704   112.739867   -0.004694    -0.002241    0.553478    
1.746248     0.650321     22.303653    22.467759    0.075018     0.027938     0.958161    
0.970800     0.645009     25.177634    25.281351    0.039735     0.026400     1.030513    
1.804998     -2.047890    69.564568    69.645933    0.175196     -0.198772    6.752053    
1.535646     0.123722     18.749053    18.914954    0.128756     0.010373     1.572009    
-0.805461    -0.829739    24.084985    24.192947    -0.013061    -0.013454    0.390537    
0.239998     0.760603     59.613373    59.651197    0.020878     0.066167     5.185948    
-0.648467    -2.636437    74.489753    74.565204    -0.035337    -0.143669    4.059207    
-0.598817    -0.509168    7.446571     7.742364     -0.048860    -0.041545    0.607595    
-1.836996    -0.661938    34.064270    34.176925    -0.030696    -0.011061    0.569212    
-0.145626    -0.660390    24.431412    24.519914    -0.008081    -0.036646    1.355728    
0.115893     -0.530068    27.655591    27.730868    0.005657     -0.025876    1.350031    
0.934377     1.861327     37.931881    38.039981    0.012434     0.024770     0.504787    
-0.917116    -2.185170    55.417280    55.502846    -0.070562    -0.168126    4.263778    
-0.208859    2.108040     72.331476    72.389259    -0.001238    0.012493     0.428646    
-1.654056    0.081539     101.946165   101.978616   -0.086314    0.004255     5.319868    
-1.281783    -1.653287    41.195953    41.295978    -0.124161    -0.160146    3.990466    
0.253204     0.133691     33.927807    33.986071    0.014505     0.007659     1.943599    
-1.241481    -2.802853    30.712057    30.927377    -0.112222    -0.253359    2.776163    
1.440213     1.990108     159.238613   159.269726   0.018620     0.025729     2.058695    
1.057805     -0.079237    163.862434   163.877690   0.067701     -0.005071    10.487389   
0.534286     0.370694     59.214722    59.251001    0.000143     0.000099     0.015865    
0.523213     -0.325403    23.217967    23.309409    0.040251     -0.025033    1.786160    
0.905661     -1.285683    88.036263    88.072310    0.058766     -0.083424    5.712402    
0.682097     0.351017     84.660565    84.686921    0.020817     0.010712     2.583708    
-0.381172    -0.763286    13.686310    13.853444    -0.003224    -0.006456    0.115756    
0.252385     -0.639739    125.833078   125.850353   0.032583     -0.082591    16.245237   
1.615616     0.985258     33.108157    33.220565    0.025069     0.015288     0.513730    
0.068692     -0.687411    71.959078    71.989313    0.001068     -0.010686    1.118625    
0.746797     -1.015810    41.594455    41.660091    0.102955     -0.140042    5.734305    
1.903675     0.761826     52.381119    52.458183    0.180529     0.072245     4.967403    
0.740370     0.210969     57.018024    57.057187    0.050295     0.014332     3.873390    
0.181704     1.835833     14.873635    15.116324    0.001181     0.011931     0.096660    
-2.067012    -0.550296    28.479899    28.627870    -0.063485    -0.016902    0.874718    
-0.065666    1.024413     54.839245    54.884164    -0.001784    0.027829     1.489772    
-0.776552    -0.583547    7.636437     7.945670     -0.005613    -0.004218    0.055194    
0.136306     0.224521     70.306368    70.334411    0.010188     0.016781     5.254769    
-0.493920    -1.122957    35.704224    35.779485    -0.066793    -0.151858    4.828288    
-0.220029    -0.630463    13.496850    13.655980    -0.006763    -0.019379    0.414853    
-0.436173    0.075241     79.347800    79.373448    -0.029964    0.005169     5.450937    
-0.253576    0.420524     18.802821    18.911958    -0.006002    0.009953     0.445027    
-0.799381    -0.061826    17.145470    17.276716    -0.293376    -0.022690    6.292453    
-0.820324    -1.657226    52.100000    52.169956    -0.045291    -0.091497    2.876480    
1.767959     -0.084292    60.327126    60.385180    0.133143     -0.006348    4.543181    
-1.511192    0.516885     12.376148    12.633086    -0.010349    0.003540     0.084755    
-0.099722    -2.965412    90.556458    90.626435    -0.026067    -0.775140    23.670876   
-0.522747    -0.650566    89.037937    89.063605    -0.160294    -0.199489    27.302469   
0.423050     1.081898     35.063795    35.138215    0.077150     0.197303     6.394482    
-0.202247    0.003192     21.136987    21.229415    -0.001756    0.000028     0.183538    
-0.183081    -0.798248    9.985683     10.210756    -0.017586    -0.076678    0.959209    
0.255657     0.315170     19.420737    19.524464    0.059867     0.073802     4.547707    
-0.970628    -0.777131    19.040543    19.182369    -0.005935    -0.004752    0.116423    
-1.439352    2.158970     35.961205    36.108394    -0.382790    0.574169     9.563735    
0.874619     -0.730406    21.908876    22.026626    0.059463     -0.049659    1.489537    
0.032091     -0.194006    12.277660    12.436018    0.000572     -0.003459    0.218908    
-0.941473    -1.433182    52.679561    52.744208    -0.177701    -0.270510    9.943158    
-0.013612    0.882244     13.777200    13.945061    -0.000133    0.008623     0.134655    
0.049799     0.075502     18.365404    18.470820    0.000203     0.000307     0.074698    
0.647895     0.270608     108.268494   108.288664   0.003688     0.001540     0.616321    
0.093829     -1.174115    25.176337    25.280630    0.016941     -0.211995    4.545763    
-0.782795    1.234539     11.402361    11.663003    -0.046584    0.073467     0.678552    
-1.442791    0.723463     22.634920    22.777612    -0.057251    0.028707     0.898168    
0.747648     -0.680696    39.290052    39.352324    0.069538     -0.063311    3.654313    
0.599092     -1.027631    26.953256    27.051209    0.006421     -0.011013    0.288863    
0.038564     0.607841     10.008708    10.218618    0.008647     0.136297     2.244271    
-0.898904    0.308010     17.772523    17.906435    -0.051204    0.017545     1.012374    
1.363847     0.200051     38.367550    38.442736    0.006625     0.000972     0.186384    
0.049839     -1.161927    37.786009    37.855118    0.003485     -0.081257    2.642493    
-0.563332    0.368238     26.339581    26.421609    -0.062266    0.040702     2.911349    
2.752979     1.076331     29.936551    30.146466    0.159661     0.062423     1.736197    
-0.541757    0.895581     26.380140    26.474182    -0.040599    0.067115     1.976922    
-0.143135    -0.339940    11.642295    11.813299    -0.013056    -0.031007    1.061941    
0.325653     -1.498995    22.260849    22.400299    0.019113     -0.087979    1.306531    
0.363251     1.305489     30.906147    30.998405    0.075387     0.270935     6.414108    
-0.934932    0.372462     84.100026    84.129080    -0.051841    0.020652     4.663218    
0.411648     0.047126     37.384942    37.439024    0.011822     0.001353     1.073655    
0.252267     0.254048     28.481575    28.551765    0.010258     0.010330     1.158133    
-0.231338    0.981451     59.358265    59.399455    -0.016023    0.067979     4.111376    
-1.220155    -1.114595    24.760770    24.893810    -0.044757    -0.040885    0.908269    
1.713298     1.786845     20.942201    21.179682    0.079268     0.082671     0.968919    
-1.818473    -0.011503    24.439173    24.585669    -0.087008    -0.000550    1.169332    
-0.553587    0.619361     16.491478    16.629308    -0.045679    0.051106     1.360791    
0.558695     0.436916     18.144853    18.265094    0.001734     0.001356     0.056307    
0.407734     1.411062     29.727495    29.828782    0.006243     0.021607     0.455204    
-0.313556    -0.808216    27.586673    27.670399    -0.042311    -0.109060    3.722536    
-0.103767    -0.866583    14.742777    14.899200    -0.000168    -0.001406    0.023920    
-1.228646    -1.212420    22.837113    22.986697    -0.308634    -0.304558    5.736643    
1.223309     0.905884     26.329975    26.447299    0.008687     0.006433     0.186974    
0.628306     -0.738803    55.894377    55.937437    0.065666     -0.077215    5.841706    
1.511307     -0.391265    64.903515    64.952123    0.001772     -0.000459    0.076107    
1.622274     0.263810     25.412944    25.542005    0.073742     0.011992     1.155169    
-0.208787    0.724769     58.609208    58.647106    -0.054591    0.189503     15.324330   
1.982267     -0.775586    17.545310    17.783244    0.045149     -0.017665    0.399623    
-1.142861    0.093368     70.636913    70.673639    -0.091920    0.007510     5.681299    
0.672191     -0.729612    29.364890    29.447511    0.002440     -0.002649    0.106607    
1.187165     0.146917     24.223793    24.333065    0.119173     0.014748     2.431693    
0.665652     1.268684     12.072384    12.315440    0.044045     0.083947     0.798814    
-1.479475    -1.454091    25.720511    25.879004    -0.003476    -0.003417    0.060436    
-0.497989    -0.142498    70.173621    70.203137    -0.002076    -0.000594    0.292526    
-0.012463    0.010085     14.028529    14.165975    -0.000491    0.000397     0.552254    
-1.508080    1.687618     26.023803    26.196099    -0.068281    0.076410     1.178278    
-0.995088    0.649924     119.940075   119.962115   -0.095938    0.062660     11.563624   
-0.150909    -0.192965    33.737211    33.795479    -0.008011    -0.010244    1.790956    
0.915296     -0.240282    42.030711    42.087423    0.009557     -0.002509    0.438860    
0.863244     -1.122316    9.676631     9.975817     0.063527     -0.082592    0.712108    
-0.386660    -0.286204    32.897550    32.959903    -0.005271    -0.003902    0.448483    
-1.327160    -0.229831    98.416861    98.445760    -0.193318    -0.033478    14.335669   
2.011656     -0.993530    31.129391    31.272157    0.401993     -0.198539    6.220643    
-0.458854    -0.929906    21.792202    21.905486    -0.074141    -0.150252    3.521141    
-0.109295    -0.075414    17.983136    18.091041    -0.001200    -0.000828    0.197424    
-1.730423    -1.059915    23.336623    23.507248    -0.248765    -0.152373    3.354858    
0.215340     0.979676     9.333900     9.591808     0.012168     0.055358     0.527430    
1.205053     0.972399     81.268679    81.307262    0.005012     0.004045     0.338030    
-0.457007    -0.051255    12.952790    13.109585    -0.006854    -0.000769    0.194250    
1.199133     -1.598260    34.414410    34.528523    0.077383     -0.103140    2.220847    
0.094808     -0.743649    90.554523    90.579019    0.008301     -0.065110    7.928496    
0.143573     -0.991262    33.082716    33.156361    0.008857     -0.061154    2.040972    
0.074309     -0.181346    45.462528    45.505547    0.007737     -0.018881    4.733395    
-1.161464    1.067982     13.936383    14.162885    -0.148603    0.136643     1.783087    
-0.581986    -0.011926    79.526379    79.552868    -0.122748    -0.002515    16.773062   
0.285535     0.454477     35.184913    35.244023    0.005239     0.008339     0.645564    
-1.684010    -0.899322    12.165233    12.470466    -0.061372    -0.032775    0.443352    
1.667561     0.161871     25.817956    25.947038    0.001264     0.000123     0.019569    
0.426838     -1.829643    108.375384   108.409541   0.080102     -0.343359    20.338227   
-0.242814    1.416898     17.605159    17.773102    -0.002076    0.012115     0.150527    
0.456258     -1.083800    16.408733    16.568171    0.008958     -0.021280    0.322173    
-0.075556    -0.650570    17.355356    17.478910    -0.009363    -0.080621    2.150749    
0.397330     1.370184     36.543337    36.624113    0.023302     0.080355     2.143098    
0.890747     0.645116     17.128159    17.275948    0.024611     0.017824     0.473243    
1.246169     0.910187     25.578520    25.700526    0.035805     0.026151     0.734921    
0.836884     0.394207     39.872913    39.932191    0.084995     0.040036     4.049555    
-0.650049    0.757636     15.652445    15.807294    -0.067356    0.078504     1.621855    
0.963768     -1.202958    21.630736    21.774748    0.288667     -0.360309    6.478827    
1.979725     -0.828443    85.426494    85.476117    0.464408     -0.194338    20.039505   
1.753034     2.086338     60.722013    60.814996    0.253202     0.301343     8.770456    
-0.660337    -0.092045    15.822981    15.958891    -0.036761    -0.005124    0.880871    
-1.000892    -1.262705    31.301326    31.404525    -0.030845    -0.038913    0.964630    
0.711141     -2.200172    54.421462    54.506119    0.012769     -0.039504    0.977144    
-0.017269    0.930294     35.426742    35.493588    -0.003315    0.178568     6.800083    
0.177988     -0.584344    25.774144    25.856423    0.006520     -0.021405    0.944119    
-0.174204    0.119198     34.648948    34.705462    -0.011883    0.008131     2.363554    
0.819578     0.227047     26.573882    26.660259    0.015839     0.004388     0.513557    
-0.548034    0.801142     16.433189    16.579108    -0.125376    0.183281     3.759490    
1.116133     0.327750     28.396022    28.487931    0.005985     0.001757     0.152254    
-0.165280    1.238713     24.174544    24.286730    -0.000043    0.000319     0.006218    
0.469989     -0.345726    64.019127    64.052042    0.007256     -0.005338    0.988427    
0.287199     2.658666     39.661288    39.800047    0.007209     0.066740     0.995605    
0.537516     -0.543459    34.078109    34.143473    0.000515     -0.000520    0.032621    
-0.822448    1.051353     15.693373    15.872576    -0.070510    0.090134     1.345418    
-0.096205    0.827252     20.673624    20.783823    -0.000055    0.000471     0.011772    
-0.023052    -0.113718    5.007792     5.382044     -0.000170    -0.000838    0.036901    
0.874297     0.966022     44.077966    44.141133    0.019663     0.021726     0.991326    
0.870051     0.276653     160.556373   160.571036   0.043257     0.013755     7.982502    
0.372926     0.236290     11.263280    11.442523    0.062270     0.039455     1.880719    
0.432354     -0.706233    22.823448    22.923142    0.006375     -0.010413    0.336516    
0.030874     1.203943     59.820872    59.865367    0.001833     0.071475     3.551417    
1.617649     0.464347     14.207449    14.441571    0.302276     0.086768     2.654822    
-0.299813    0.143770     8.143930     8.385052     -0.010826    0.005191     0.294060    
-1.381840    -0.424625    11.619679    11.873570    -0.032803    -0.010080    0.275833    
-0.257684    -0.067540    40.829939    40.878232    -0.074357    -0.019489    11.781802   
0.549207     -1.177691    105.436768   105.463148   0.077453     -0.166086    14.869429   
0.518715     0.240255     7.856911     8.119901     0.097953     0.045369     1.483688    
-0.118304    0.796032     76.154302    76.183990    -0.003967    0.026695     2.553807    
-0.007170    -0.740000    42.376379    42.428530    -0.000194    -0.020051    1.148214    
-0.683138    1.762925     9.482347     9.867342     -0.006148    0.015867     0.085343    
-0.886094    0.374588     22.875882    22.980566    -0.190037    0.080337     4.906110    
-0.906471    0.262074     8.273121     8.556276     -0.007420    0.002145     0.067724    
-0.323590    -0.511175    13.704306    13.858174    -0.009242    -0.014599    0.391402    
0.385928     0.155694     9.138342     9.357213     0.057288     0.023112     1.356521    
0.409707     -0.430623    10.865408    11.058270    0.006934     -0.007288    0.183891    
0.343788     -0.397518    31.917480    31.982443    0.011423     -0.013209    1.060560    
-0.248803    0.047511     90.508743    90.530501    -0.003908    0.000746     1.421702    
-0.327891    0.261599     17.360266    17.476548    -0.002515    0.002006     0.133151    
1.480720     1.288118     28.483235    28.618550    0.063595     0.055323     1.223313    
-0.705861    0.581896     10.645858    10.864902    -0.023099    0.019043     0.348387    
-1.041317    1.070518     24.392389    24.517217    -0.052077    0.053538     1.219888    
2.377644     0.677325     17.667926    17.948329    0.009274     0.002642     0.068912    
-0.841618    -1.048920    36.258495    36.336785    -0.211036    -0.263017    9.091829    
-0.019736    2.214420     47.030054    47.123296    -0.001148    0.128789     2.735225    
-0.038370    -0.143363    10.311546    10.498808    -0.004829    -0.018041    1.297637    
-0.701359    0.690901     9.127584     9.389196     -0.086752    0.085459     1.129007    
-1.774229    0.310011     58.537524    58.598299    -0.079026    0.013808     2.607312    
-0.390862    -0.075036    16.749709    16.869680    -0.017841    -0.003425    0.764536    
1.577181     0.799634     94.363354    94.400448    0.007755     0.003932     0.463989    
1.225738     -0.833309    57.687517    57.740120    0.036266     -0.024655    1.706797    
-0.000257    -0.430375    152.094615   152.107962   -0.000007    -0.011186    3.952995    
-0.349742    0.527801     38.458086    38.513637    -0.004583    0.006917     0.503973    
0.351738     1.671207     62.213817    62.268376    0.063327     0.300883     11.200955   
0.321903     0.200104     68.266231    68.295658    0.111862     0.069536     23.722645   
0.388599     1.455617     39.475874    39.553627    0.008308     0.031119     0.843947    
-0.309503    -0.976658    93.552184    93.578500    -0.008844    -0.027908    2.673292    
0.054950     -0.103722    7.421006     7.678545     0.001582     -0.002987    0.213677    
0.791768     1.388141     18.339839    18.514278    0.016512     0.028949     0.382474    
-0.181093    0.359269     45.653804    45.697994    -0.011691    0.023193     2.947222    
0.113103     -1.552416    22.209329    22.350660    0.000757     -0.010397    0.148738    
-0.681721    0.073621     17.932986    18.053728    -0.001367    0.000148     0.035967    
0.831865     0.900609     22.521477    22.640560    0.007437     0.008052     0.201345    
0.742015     1.104785     56.814335    56.864003    0.192215     0.286188     14.717425   
-0.381510    0.102027     36.868736    36.923361    -0.024932    0.006668     2.409404    
-0.887038    1.455800     40.124043    40.208457    -0.007727    0.012681     0.349513    
0.160214     -0.200391    107.207602   107.225979   0.009840     -0.012308    6.584551    
0.769222     0.670151     18.615950    18.747516    0.011792     0.010273     0.285374    
3.090932     2.713328     50.321463    50.527622    0.278132     0.244154     4.528080    
0.926353     -0.160947    15.814491    15.964245    0.005580     -0.000969    0.095260    
-0.630390    -0.195686    38.659438    38.715149    -0.021875    -0.006791    1.341531    
-0.311406    -0.165875    8.030387     8.275660     -0.012116    -0.006454    0.312430    
0.840003     -2.283935    108.425394   108.470563   0.013864     -0.037695    1.789500    
-0.104115    -0.355746    29.142982    29.211740    -0.009516    -0.032514    2.663572    
0.511200     -1.269617    35.622802    35.703392    0.010458     -0.025973    0.728747    
0.023688     -0.103365    35.710280    35.764651    0.002262     -0.009873    3.410741    
1.150180     0.032061     76.251670    76.285753    0.022494     0.000627     1.491251    
-0.825396    -2.160199    15.976148    16.262226    -0.002504    -0.006555    0.048476    
0.582143     -0.194548    65.152836    65.185456    0.096763     -0.032337    10.829566   
1.609221     -1.165338    37.552240    37.656251    0.239019     -0.173088    5.577660    
-0.592916    -0.958466    62.869034    62.909941    -0.034137    -0.055183    3.619659    
0.967302     0.181370     57.375085    57.417278    0.038195     0.007162     2.265520    
1.451094     0.394995     78.955911    78.994763    0.044662     0.012157     2.430113    
-0.259160    -0.316665    84.741349    84.765197    -0.036772    -0.044932    12.024010   
-0.553171    0.084393     121.621721   121.638937   -0.000365    0.000056     0.080347    
-0.085784    -1.746645    45.840319    45.915879    -0.001349    -0.027470    0.720940    
-0.242287    -1.838541    25.156929    25.301877    -0.019228    -0.145911    1.996514    
0.117854     -0.382032    32.595537    32.657370    0.000171     -0.000553    0.047216    
0.799839     -1.275195    25.012526    25.134981    0.047262     -0.075351    1.477985    
0.110821     0.378990     30.621290    30.687038    0.014829     0.050713     4.097453    
-0.577177    1.656968     15.781897    16.000684    -0.045578    0.130846     1.246253    
-1.425674    -1.135939    22.759334    22.916918    -0.283131    -0.225592    4.519886    
0.691251     -1.081403    10.579066    10.836920    0.004777     -0.007473    0.073106    
0.280820     -0.408241    21.021581    21.119360    0.019043     -0.027684    1.425530    
0.575017     0.837650     26.774784    26.866268    0.018733     0.027288     0.872253    
-0.542597    -0.023317    43.738924    43.786566    -0.018620    -0.000800    1.500942    
0.530135     -1.074755    37.052290    37.123891    0.040620     -0.082349    2.838993    
1.294683     1.406601     120.305116   120.336406   0.039802     0.043243     3.698545    
0.007462     -0.062882    176.389941   176.400936   0.000013     -0.000106    0.296380    
1.365680     0.003727     12.455599    12.683927    0.040386     0.000110     0.368334    
-0.627385    0.574992     69.014454    69.047766    -0.003113    0.002853     0.342475    
1.321076     -0.693173    58.312351    58.364638    0.003906     -0.002049    0.172397    
-0.001377    -0.466856    64.021376    64.053334    -0.000193    -0.065358    8.962756    
-0.312919    -0.798810    19.844161    19.960002    -0.058034    -0.148148    3.680316    
-1.740266    0.655535     71.908257    71.959229    -0.082692    0.031149     3.416858    
0.701752     -0.200176    12.503315    12.678343    0.113626     -0.032412    2.024510    
0.176729     -0.186272    9.865417     10.063167    0.008286     -0.008733    0.462517    
-1.934997    -1.275332    17.764889    18.023233    -0.360432    -0.237556    3.309062    
-0.163897    -1.162952    13.961767    14.148682    -0.011356    -0.080576    0.967351    
0.158835     -0.028407    90.333995    90.355585    0.021647     -0.003871    12.311050   
0.166079     0.098058     23.810930    23.892939    0.015217     0.008984     2.181631    
-1.055015    -0.946324    54.267312    54.321494    -0.062055    -0.055662    3.191974    
0.199806     -0.251756    9.929689     10.128030    0.016668     -0.021002    0.828359    
-0.680480    -0.498225    38.537575    38.597032    -0.013273    -0.009718    0.751711    
1.336529     -0.648913    18.960085    19.119811    0.252152     -0.122425    3.577042    
-1.127334    0.473912     77.266198    77.300943    -0.013296    0.005589     0.911270    
-0.076377    -0.029083    52.592602    52.629492    -0.001139    -0.000434    0.784540    
-0.195168    0.447542     119.968759   119.985901   -0.001256    0.002880     0.772122    
2.223989     3.054311     51.038824    51.216320    0.148427     0.203842     3.406279    
0.223178     -1.202019    33.374326    33.454675    0.004555     -0.024535    0.681210    
-0.107964    3.042531     91.894745    91.966232    -0.003026    0.085270     2.575447    
-0.601545    0.675720     26.553907    26.642136    -0.102119    0.114711     4.507812    
-0.171418    1.093607     123.683289   123.703906   -0.054581    0.348217     39.382187   
-0.987954    1.397368     51.759980    51.825661    -0.057473    0.081290     3.011068    
-1.304468    -1.008763    34.779002    34.873674    -0.102127    -0.078976    2.722847    
-1.618279    -1.622046    15.169670    15.467504    -0.120410    -0.120691    1.128721    
-1.468484    1.449906     130.535553   130.566704   -0.034713    0.034273     3.085647    
0.264540     1.094825     127.874619   127.894729   0.033771     0.139764     16.324282   
1.632804     -1.614060    67.167576    67.235626    0.098976     -0.097840    4.071500    
-1.858508    -0.608372    56.459071    56.527214    -0.021994    -0.007199    0.668138    
1.078501     0.401897     42.506989    42.568107    0.001720     0.000641     0.067782    
0.269029     -1.444515    35.382409    35.467574    0.008310     -0.044619    1.092912    
-1.147985    0.084831     42.820581    42.881257    -0.138922    0.010266     5.181880    
0.760802     -0.402626    10.653650    10.868125    0.059604     -0.031543    0.834648    
1.669506     0.919453     52.600130    52.671447    0.336796     0.185485     10.611244   
-0.360718    -0.773152    65.244995    65.280259    -0.027360    -0.058643    4.948757    
-0.172130    0.170760     43.186406    43.231925    -0.027474    0.027255     6.892995    
1.114479     -0.695830    203.558868   203.572626   0.217004     -0.135487    39.635595   
1.456210     -2.139493    77.143329    77.211827    0.005354     -0.007866    0.283614    
1.508434     -0.642650    30.976733    31.082492    0.000192     -0.000082    0.003935    
-0.232540    -1.452422    12.199344    12.444378    -0.003007    -0.018780    0.157736    
0.463086     1.127368     36.661174    36.734208    0.128725     0.313378     10.190811   
0.208998     0.397270     20.434981    20.534481    0.026285     0.049963     2.570021    
2.027127     -0.304159    61.853726    61.918981    0.173599     -0.026047    5.297016    
3.083666     -0.175515    70.171755    70.267276    0.160249     -0.009121    3.646615    
-1.173099    1.908338     21.113064    21.322625    -0.218205    0.354964     3.927178    
0.489305     0.090041     147.809685   147.823630   0.016937     0.003117     5.116332    
1.275951     0.562774     25.547793    25.661439    0.139075     0.061341     2.784643    
-0.358332    -0.727387    79.976322    80.004653    -0.000645    -0.001309    0.143893    
-0.636148    -1.719261    39.622364    39.713565    -0.051543    -0.139302    3.210374    
0.455404     2.557394     80.659097    80.724919    0.009786     0.054955     1.733265    
-0.284283    0.742012     18.742155    18.861991    -0.011009    0.028736     0.725827    
-1.856550    -0.476274    98.317966    98.356347    -0.190904    -0.048974    10.109781   
0.190031     0.435562     39.791886    39.843381    0.008226     0.018855     1.722568    
-0.035686    -0.719215    9.678575     9.902945     -0.001442    -0.029070    0.391203    
0.299075     -0.547092    55.946727    55.984819    0.029213     -0.053438    5.464663    
1.039493     0.105686     21.949694    22.062542    0.039121     0.003977     0.826074    
0.855095     -0.186482    11.325388    11.528458    0.061402     -0.013391    0.813246    
0.324547     0.920158     53.736226    53.781121    0.013496     0.038265     2.234655    
0.193971     0.845919     16.015166    16.159013    0.040049     0.174654     3.306602    
0.597013     -0.455894    41.228109    41.281912    0.042969     -0.032812    2.967302    
-1.029252    -0.361444    44.666978    44.723639    -0.038763    -0.013612    1.682216    
-0.090162    0.634089     64.602671    64.635828    -0.000340    0.002394     0.243927    
1.157669     1.799913     89.550913    89.598108    0.069719     0.108397     5.393066    
-0.552784    0.340918     94.900421    94.923057    -0.029396    0.018129     5.046549    
-0.004600    -0.251202    5.801764     6.131765     -0.000700    -0.038200    0.882262    
-0.232155    -0.952964    29.115817    29.198763    -0.014893    -0.061133    1.867792    
1.043503     0.794934     41.211443    41.279279    0.107625     0.081988     4.250462    
-0.551066    1.928988     35.179263    35.291361    -0.010560    0.036964     0.674123    
0.991944     -0.620418    44.042463    44.101954    0.012274     -0.007677    0.544976    
1.863619     1.610232     52.581053    52.675497    0.259616     0.224317     7.324929    
-0.899187    -0.066686    12.879164    13.059893    -0.018817    -0.001396    0.269520    
0.845449     1.263993     37.819978    37.901691    0.169251     0.253039     7.571183    
-0.227941    -0.218051    52.002923    52.041123    -0.004458    -0.004265    1.017123    
0.903462     0.058601     26.008787    26.098882    0.105466     0.006841     3.036159    
-1.365454    1.095467     112.466019   112.496867   -0.065726    0.052730     5.413518    
0.361659     0.022270     8.853251     9.076690     0.029444     0.001813     0.720770    
-1.329230    -0.752490    22.490826    22.628418    -0.157259    -0.089026    2.660853    
0.793641     -1.422810    27.134391    27.254438    0.025493     -0.045703    0.871607    
0.146285     -0.749287    8.087117     8.358185     0.002760     -0.014139    0.152605    
-0.290798    1.161547     125.966414   125.987484   -0.032519    0.129893     14.086523   
-2.711926    2.102332     38.799541    39.000689    -0.088144    0.068331     1.261077    
1.312781     0.540678     40.571264    40.643796    0.038536     0.015871     1.190941    
-0.426351    1.282567     88.289665    88.321949    -0.000004    0.000011     0.000770    
2.178001     -0.750173    79.049960    79.108012    0.538758     -0.185565    19.554062   
0.676307     1.113100     16.711787    16.877653    0.131612     0.216614     3.252191    
0.070893     -0.584492    48.839466    48.882666    0.006024     -0.049670    4.150380    
1.411893     -0.744037    69.441025    69.487250    0.000430     -0.000227    0.021148    
0.235891     -0.064115    18.032725    18.141496    0.000203     -0.000055    0.015491    
-0.841727    1.339466     144.803510   144.825530   -0.034010    0.054121     5.850819    
0.411046     -0.789660    22.507660    22.611108    0.056732     -0.108988    3.106495    
-0.942206    -0.893839    19.648913    19.789932    -0.085995    -0.081581    1.793362    
-0.894761    -1.061314    70.288938    70.330198    -0.008135    -0.009650    0.639075    
-0.216657    1.443713     45.458890    45.524904    -0.006101    0.040656     1.280150    
-0.308141    1.321874     31.716798    31.806800    -0.008790    0.037706     0.904704    
0.557527     1.271957     67.655604    67.698481    0.000664     0.001515     0.080587    
-2.387820    0.139156     94.488973    94.539738    -0.375044    0.021857     14.840972   
-0.094889    -0.204993    28.221585    28.291056    -0.008501    -0.018366    2.528474    
0.103457     1.358243     62.714357    62.760027    0.004406     0.057848     2.671014    
-0.390727    1.444563     98.816813    98.847746    -0.123256    0.455692     31.172093   
-1.355405    0.012964     38.009081    38.084150    -0.028317    0.000271     0.794086    
-0.574218    0.406554     8.188901     8.451513     -0.010508    0.007440     0.149853    
1.592154     -0.185721    36.776678    36.864189    0.204867     -0.023897    4.732162    
-0.662470    -2.092849    34.941146    35.065332    -0.078307    -0.247384    4.130205    
-0.465645    0.090462     12.238585    12.404955    -0.035806    0.006956     0.941099    
0.762072     -0.850781    17.783151    17.928190    0.013042     -0.014561    0.304347    
-0.808217    -0.327533    11.594680    11.792881    -0.382909    -0.155175    5.493210    
1.203098     0.426634     56.715491    56.763997    0.264813     0.093906     12.483612   
1.150912     -1.711661    52.780705    52.857660    0.253580     -0.377130    11.629161   
0.888452     0.406031     47.802824    47.853309    0.023759     0.010858     1.278367    
0.433271     -1.011877    40.910214    40.972335    0.001609     -0.003757    0.151882    
0.027368     -0.284391    12.531393    12.688278    0.008062     -0.083771    3.691277    
0.515924     0.027056     23.011682    23.101502    0.032915     0.001726     1.468108    
0.558780     0.536427     38.562056    38.620035    0.004746     0.004556     0.327512    
1.843254     -1.497071    204.492889   204.516149   0.122154     -0.099212    13.551899   
-0.063135    -0.357891    4.943418     5.333330     -0.000406    -0.002301    0.031784    
-0.139539    1.657645     21.187558    21.343731    -0.017680    0.210032     2.684569    
-0.115347    -0.949578    8.970152     9.233287     -0.001128    -0.009283    0.087691    
0.007409     0.973316     47.559290    47.609961    0.000522     0.068534     3.348796    
0.012627     -0.865605    95.817298    95.841426    0.000898     -0.061545    6.812685    
0.588768     0.128071     56.412363    56.449913    0.026821     0.005834     2.569851    
-0.615939    -1.039001    24.793253    24.900588    -0.094334    -0.159127    3.797186    
0.347051     -0.503148    160.850303   160.863509   0.046999     -0.068138    21.782871   
0.976201     0.484787     56.073747    56.118874    0.047432     0.023555     2.724525    
-0.236948    1.310782     125.413250   125.435771   -0.036806    0.203608     19.480824   
-0.049140    1.868162     19.285467    19.475539    -0.002156    0.081963     0.846118    
-0.705445    -0.995460    61.160534    61.204366    -0.081240    -0.114638    7.043316    
1.835295     1.084526     82.924357    82.975108    0.246144     0.145453     11.121547   
0.181253     0.077893     70.910006    70.937598    0.002069     0.000889     0.809389    
0.710972     -1.345631    47.640814    47.705747    0.003659     -0.006924    0.245150    
0.204571     -0.253040    53.997232    54.034080    0.019534     -0.024162    5.156076    
-0.496405    -0.473377    41.833941    41.885846    -0.014919    -0.014227    1.257297    
0.361257     0.468698     54.192864    54.231833    0.017687     0.022947     2.653220    
-0.512449    0.576071     35.592518    35.655248    -0.069165    0.077752     4.803889    
0.410216     -1.326824    29.535878    29.633963    0.018758     -0.060671    1.350569    
0.374046     1.666611     94.632947    94.668829    0.008439     0.037601     2.135019    
-0.519700    1.160009     16.420316    16.586664    -0.054895    0.122529     1.734445    
0.509900     0.105180     22.234261    22.327301    0.001407     0.000290     0.061359    
-0.129959    -0.473147    110.079447   110.098139   -0.005125    -0.018660    4.341207    
-0.073847    -2.724234    19.205772    19.497783    -0.008480    -0.312810    2.205303    
-1.269485    0.561069     20.023060    20.167406    -0.019571    0.008650     0.308681    
-0.776414    1.063822     71.931985    71.970966    -0.006606    0.009051     0.611993    
-1.368637    -0.977314    36.701291    36.792499    -0.102633    -0.073288    2.752212    
-0.396960    0.780775     13.328970    13.501984    -0.035323    0.069476     1.186060    
1.204905     -0.503275    20.640893    20.775623    0.017438     -0.007284    0.298720    
0.530790     -1.892772    34.498782    34.610768    0.015578     -0.055550    1.012479    
0.795666     -1.384782    105.343241   105.373736   0.003284     -0.005716    0.434839    
-0.510074    1.013245     85.770805    85.800890    -0.023852    0.047382     4.010869    
-0.273096    0.206675     70.132381    70.160838    -0.004535    0.003432     1.164734    
-2.304645    -0.703565    38.233490    38.359890    -0.235881    -0.072010    3.913200    
0.733107     1.299053     21.797137    21.936616    0.012443     0.022050     0.369976    
0.170232     0.809789     24.263047    24.356829    0.003917     0.018632     0.558249    
0.215188     -0.310634    131.208667   131.223976   0.031480     -0.045443    19.194600   
-0.911785    -0.236779    55.633765    55.676549    -0.057308    -0.014882    3.496752    
0.225050     0.140636     29.032992    29.100859    0.000337     0.000211     0.043466    
-0.300611    0.095480     6.608007     6.902187     -0.007608    0.002416     0.167236    
-0.242634    0.302962     113.163692   113.181477   -0.051133    0.063846     23.848110   
0.099876     0.298708     14.489212    14.625710    0.007013     0.020976     1.017464    
-0.569375    0.596190     18.265968    18.390219    -0.039264    0.041114     1.259631    
-0.769430    -0.129765    121.385199   121.403667   -0.014363    -0.002422    2.265957    
2.701606     -0.953996    90.324021    90.390887    0.363642     -0.128410    12.157795   
0.581629     -0.774053    21.751535    21.861877    0.036063     -0.047994    1.348672    
-0.947744    0.003312     28.002015    28.087115    -0.156154    0.000546     4.613722    
-0.322105    -2.293212    146.837741   146.869192   -0.032667    -0.232570    14.891780   
-0.474652    -1.282715    14.733426    14.927138    -0.042347    -0.114439    1.314463    
0.154512     0.914041     124.899404   124.918355   0.010389     0.061455     8.397534    
1.108226     0.173781     18.115681    18.256813    0.044035     0.006905     0.719828    
1.390423     -0.670974    60.442127    60.493877    0.012989     -0.006268    0.564655    
1.126837     0.258514     27.220316    27.315877    0.008924     0.002047     0.215581    
0.562740     -0.746426    96.770505    96.795038    0.000505     -0.000670    0.086916    
-0.206699    -0.716992    55.357402    55.397416    -0.000926    -0.003212    0.247971    
-2.073414    0.715905     17.632296    17.876924    -0.013936    0.004812     0.118515    
0.970711     1.549095     14.712576    14.955829    0.026898     0.042925     0.407681    
1.201273     0.489011     38.666812    38.738604    0.087279     0.035529     2.809339    
0.448770     -0.104593    28.232731    28.305024    0.045635     -0.010636    2.870988    
0.859085     1.260580     25.238506    25.361077    0.005926     0.008696     0.174102    
0.943031     -0.255158    11.090907    11.306529    0.027436     -0.007423    0.322675    
-0.411147    -1.488431    50.959428    51.020807    -0.035669    -0.129128    4.420968    
-0.583306    -0.131449    22.254413    22.349304    -0.003980    -0.000897    0.151828    
0.475682     0.312818     109.128846   109.148084   0.057730     0.037965     13.244265   
0.669081     0.244717     101.157137   101.178797   0.072214     0.026412     10.917899   
0.038800     1.077836     14.676110    14.846763    0.000898     0.024954     0.339775    
0.206112     -0.861523    11.301663    11.505965    0.002080     -0.008693    0.114033    
-0.269838    1.604056     20.466442    20.625131    -0.001402    0.008334     0.106331    
-0.099391    0.855748     21.642770    21.749175    -0.003975    0.034220     0.865465    
0.201845     -1.009748    120.667363   120.687812   0.005689     -0.028458    3.400853    
0.562067     -0.427941    16.356284    16.489452    0.008920     -0.006792    0.259578    
0.901724     -0.018041    58.939034    58.978794    0.084452     -0.001690    5.519981    
0.057563     -0.558069    52.936925    52.976483    0.005710     -0.055355    5.250864    
2.778346     -0.826378    67.035000    67.126509    0.061477     -0.018285    1.483299    
0.954120     -0.157153    14.367631    14.534057    0.068283     -0.011247    1.028245    
-0.864869    -0.123732    57.738133    57.778285    -0.162450    -0.023241    10.845090   
-0.407190    -0.219101    24.085806    24.170536    -0.027011    -0.014534    1.597736    
0.695797     0.334710     9.142711     9.384044     0.004324     0.002080     0.056817    
1.424962     0.355136     23.595633    23.723100    0.071965     0.017935     1.191654    
0.361292     0.836594     40.156966    40.215510    0.036700     0.084980     4.079110    
-0.368424    0.535587     29.038206    29.112110    -0.018008    0.026179     1.419335    
0.593936     -0.788831    15.741890    15.895190    0.063773     -0.084699    1.690255    
-0.183432    -0.124874    27.295588    27.367377    -0.045553    -0.031011    6.778461    
0.715985     1.559943     57.765050    57.824061    0.000841     0.001832     0.067829    
1.095965     -0.853244    87.358185    87.391399    0.036381     -0.028324    2.899871    
-2.610056    -1.240095    40.600034    40.750312    -0.131506    -0.062481    2.045604    
-1.467602    -0.402207    65.916689    65.963630    -0.118443    -0.032460    5.319823    
1.305621     -1.714248    93.331664    93.377287    0.037586     -0.049350    2.686846    
0.243927     1.027522     12.923448    13.115097    0.010948     0.046117     0.580022    
-0.358047    0.121552     14.181831    14.322788    -0.017539    0.005954     0.694715    
0.549647     0.273614     43.064060    43.113399    0.013492     0.006716     1.057092    
1.943321     0.589852     37.141739    37.249271    0.291855     0.088586     5.578080    
1.378042     0.077515     50.463897    50.521133    0.079665     0.004481     2.917334    
0.694287     1.381985     25.726499    25.848010    0.022640     0.045065     0.838903    
-0.243426    0.217645     37.269310    37.322688    -0.007443    0.006655     1.139593    
0.520932     0.274308     67.744184    67.775335    0.018628     0.009809     2.422513    
-0.326061    -0.907442    50.731040    50.778372    -0.005481    -0.015253    0.852751    
-0.890869    -0.162629    93.809340    93.834361    -0.082519    -0.015064    8.689308    
-0.200712    0.044846     56.136374    56.171254    -0.012043    0.002691     3.368275    
1.512227     0.559479     75.223411    75.266436    0.156837     0.058025     7.801639    
0.076296     1.973178     34.105400    34.219183    0.011812     0.305487     5.280187    
-1.800062    1.869153     31.970711    32.136198    -0.016963    0.017614     0.301272    
-0.346064    -1.051027    88.152372    88.181291    -0.054991    -0.167013    14.007840   
-0.325549    -1.199516    22.493031    22.613187    -0.041239    -0.151950    2.849320    
-0.562439    0.991260     135.389262   135.408368   -0.008204    0.014459     1.974891    
0.165416     -0.341954    25.406844    25.485819    0.005136     -0.010617    0.788847    
-0.345060    1.573895     12.247772    12.509160    -0.045202    0.206178     1.604437    
1.404347     -1.136009    76.085396    76.132287    0.080624     -0.065219    4.368080    
-0.294585    1.027814     23.143612    23.251773    -0.014243    0.049694     1.118984    
1.660920     -0.695160    32.920981    33.028894    0.054501     -0.022811    1.080263    
-0.497214    -1.294643    24.777143    24.893877    -0.037349    -0.097248    1.861158    
-0.962734    0.208634     33.758963    33.830650    -0.116262    0.025195     4.076816    
0.016811     -1.353528    111.373379   111.398999   0.001770     -0.142496    11.725097   
-0.387060    0.713011     66.259237    66.293436    -0.010396    0.019151     1.779649    
1.315023     0.435987     10.567581    10.838270    0.067120     0.022253     0.539381    
-0.119767    -0.085328    35.546348    35.601116    -0.001807    -0.001288    0.536396    
-0.266244    0.933114     54.573731    54.617842    -0.008262    0.028955     1.693441    
0.002865     -0.665599    28.440460    28.516272    0.000569     -0.132168    5.647410    
-0.144196    0.406109     12.631968    12.791688    -0.005380    0.015151     0.471282    
-0.589097    -0.743809    81.009960    81.039428    -0.001470    -0.001856    0.202108    
-0.409413    -1.100797    13.448820    13.642766    -0.042710    -0.114835    1.402976    
-1.319337    -0.188593    137.810769   137.831271   -0.171118    -0.024461    17.874059   
-1.407481    -0.426983    36.536358    36.618898    -0.023239    -0.007050    0.603262    
-1.120364    -1.792862    43.605578    43.701155    -0.079290    -0.126884    3.086039    
-0.549830    -0.312329    139.561778   139.577093   -0.000340    -0.000193    0.086389    
-1.996325    -0.389834    18.691967    18.905075    -0.316584    -0.061821    2.964235    
-0.199533    0.684573     22.085587    22.184602    -0.035139    0.120556     3.889354    
-0.913610    -2.005605    67.324461    67.389281    -0.001370    -0.003007    0.100931    
0.536203     -1.645806    13.449123    13.702192    0.002171     -0.006664    0.054457    
-1.066126    -2.004249    34.032434    34.164823    -0.295210    -0.554975    9.423563    
0.889646     0.851443     55.250433    55.299202    0.138848     0.132885     8.622971    
1.646948     -0.361362    19.290828    19.464173    0.039670     -0.008704    0.464654    
1.359724     -0.333203    39.287314    39.361502    0.153739     -0.037674    4.442068    
0.401720     0.443261     17.835912    17.954179    0.086563     0.095514     3.843296    
-0.588391    0.330987     17.965856    18.085981    -0.023751    0.013360     0.725196    
0.365909     2.001027     38.335182    38.439551    0.016740     0.091546     1.753823    
3.081867     -0.453569    53.787018    53.913096    0.117379     -0.017275    2.048587    
0.961451     -0.183463    57.736563    57.778402    0.025210     -0.004811    1.513905    
-0.195140    -0.551968    14.618188    14.761745    -0.046631    -0.131900    3.493194    
0.807393     0.716330     20.585334    20.707388    0.000918     0.000815     0.023414    
0.608120     0.377721     94.803649    94.826786    0.030213     0.018766     4.710112    
-0.442500    -1.115983    46.131478    46.189062    -0.035398    -0.089274    3.690329    
-0.654301    1.545102     112.928621   112.958239   -0.068315    0.161322     11.790743   
-1.107507    1.061286     17.762640    17.937091    -0.009303    0.008915     0.149202    
-0.818825    -0.630118    26.494214    26.587325    -0.000558    -0.000429    0.018049    
0.102404     0.469664     51.374453    51.414399    0.003755     0.017222     1.883799    
-0.664752    0.135161     18.106818    18.226134    -0.033697    0.006851     0.917842    
0.312002     0.045524     6.382415     6.686523     0.017373     0.002535     0.355391    
0.157699     0.188688     50.840384    50.879073    0.005561     0.006654     1.792769    
-0.483548    0.634489     27.467224    27.549224    -0.022260    0.029208     1.264437    
1.193475     0.035953     69.373889    69.412082    0.112348     0.003384     6.530505    
1.205609     0.159560     33.077989    33.158819    0.043822     0.005800     1.202339    
1.252520     -0.746912    67.564822    67.609221    0.164939     -0.098358    8.897336    
-0.684663    -1.093564    11.415151    11.655268    -0.046042    -0.073539    0.767641    
0.972186     0.431070     33.109578    33.185088    0.087449     0.038775     2.978236    
-0.717867    -0.376378    105.367620   105.389123   -0.033492    -0.017560    4.915885    
-0.922905    -0.517408    59.563108    59.605019    -0.021086    -0.011821    1.360847    
0.603734     -0.256715    20.071065    20.178033    0.003480     -0.001480    0.115683    
0.337980     1.043250     75.476713    75.510342    0.000822     0.002537     0.183572    
1.733346     -0.169350    48.946288    49.016805    0.145093     -0.014176    4.097128    
-1.225857    -0.835715    20.102750    20.253312    -0.017280    -0.011780    0.283366    
1.228713     0.341299     15.353794    15.531908    0.079835     0.022176     0.997607    
-0.896139    0.616756     11.760013    11.973150    -0.007233    0.004978     0.094917    
1.349982     0.541642     21.600567    21.738796    0.204113     0.081895     3.265943    
0.909437     -0.878782    24.742536    24.852915    0.028133     -0.027185    0.765409    
0.933867     -0.832998    10.300168    10.560985    0.007310     -0.006520    0.080626    
2.216675     -1.213258    20.283122    20.534498    0.008857     -0.004848    0.081043    
0.642018     -0.127063    62.126830    62.161454    0.001153     -0.000228    0.111583    
0.219592     -0.773685    18.669829    18.790537    0.008876     -0.031274    0.754682    
-0.766718    0.012549     49.740741    49.785583    -0.124606    0.002039     8.083820    
0.286548     0.536190     16.743029    16.869308    0.001288     0.002411     0.075276    
-1.857899    -0.226583    143.336141   143.361875   -0.239466    -0.029205    18.474737   
-0.235402    0.435300     10.003963    10.207797    -0.059896    0.110757     2.545401    
0.402943     -1.456024    41.487943    41.562083    0.009709     -0.035082    0.999632    
0.208517     0.005381     69.944537    69.972543    0.011467     0.000296     3.846413    
0.895488     -1.403653    20.004617    20.170072    0.036968     -0.057947    0.825847    
-0.524564    -1.639540    148.114679   148.137762   -0.011326    -0.035399    3.197896    
0.048877     0.134488     110.960793   110.978345   0.003818     0.010505     8.666993    
1.104380     -0.080159    32.446082    32.524595    0.138385     -0.010044    4.065684    
-1.712778    0.844272     56.219085    56.285938    -0.033430    0.016478     1.097283    
0.080759     0.263223     40.533727    40.582432    0.000470     0.001532     0.235881    
-0.090642    2.248734     14.057241    14.371708    -0.013579    0.336889     2.105954    
1.178118     -1.639809    103.980958   104.019188   0.051158     -0.071206    4.515195    
1.260136     2.279082     35.004328    35.156224    0.126726     0.229196     3.520210    
-0.369746    -1.697048    49.650457    49.719810    -0.012443    -0.057110    1.670857    
-0.894632    -1.041521    31.855380    31.945662    -0.025939    -0.030198    0.923612    
-0.341788    -0.101734    48.422221    48.463529    -0.076598    -0.022799    10.851856   
1.382667     0.541136     80.258165    80.296031    0.029294     0.011465     1.700412    
0.837925     0.423043     19.365053    19.487466    0.141912     0.071647     3.279684    
-2.806283    -0.369820    22.184541    22.450853    -0.066475    -0.008760    0.525502    
-1.525163    1.100306     29.823440    29.947443    -0.266201    0.192046     5.205359    
-1.929544    -0.453496    42.436330    42.528177    -0.210466    -0.049465    4.628769    
-1.556830    0.793382     48.130969    48.202887    -0.141180    0.071947     4.364725    
-0.984392    1.364989     86.510070    86.548827    -0.128277    0.177872     11.273159   
-0.255920    -0.488811    44.659746    44.706513    -0.011859    -0.022650    2.069435    
-1.590883    -1.130123    75.991829    76.042364    -0.165296    -0.117422    7.895721    
-0.035938    -0.121791    35.126029    35.181373    -0.002681    -0.009086    2.620410    
-0.293957    1.317947     50.439011    50.495467    -0.024233    0.108646     4.157983    
-0.714589    -0.136816    51.645034    51.687656    -0.088996    -0.017039    6.431956    
-0.499266    -0.438571    8.320282     8.575760     -0.013031    -0.011447    0.217158    
-0.338352    -0.711684    225.241921   225.251901   -0.004558    -0.009588    3.034603    
1.011908     0.322925     104.985193   105.009018   0.085125     0.027166     8.831723    
-1.237296    0.009058     8.764667     9.067818     -0.008633    0.000063     0.061155    
1.076018     -1.133011    87.478109    87.514205    0.333102     -0.350745    27.080522   
0.796355     1.403590     17.945738    18.125361    0.033510     0.059062     0.755137    
-0.691139    -1.716278    32.004090    32.117908    -0.095208    -0.236425    4.408711    
-0.877313    -0.733300    20.315293    20.442443    -0.010338    -0.008641    0.239389    
0.665422     -0.073870    24.592327    24.680068    0.001882     -0.000209    0.069537    
-0.634312    -1.035513    34.509054    34.586477    -0.033282    -0.054333    1.810681    
3.238959     1.389172     144.964213   145.020408   0.056670     0.024306     2.536356    
1.548060     -0.623672    63.989658    64.041680    0.438168     -0.176526    18.111836   
0.346763     -0.701438    10.121035    10.340336    0.000081     -0.000165    0.002379    
-0.704629    0.277122     18.813610    18.931460    -0.187773    0.073849     5.013533    
-0.484130    0.128366     11.105912    11.290133    -0.105628    0.028007     2.423094    
-0.052102    0.290392     36.428211    36.482552    -0.005489    0.030596     3.838070    
0.255496     0.379023     90.065610    90.088279    0.028540     0.042338     10.060540   
1.239722     0.917129     9.675542     9.993453     0.117707     0.087078     0.918660    
-0.464357    0.358562     106.237204   106.257059   -0.006791    0.005244     1.553598    
0.398131     -1.121481    71.024157    71.061396    0.019920     -0.056111    3.553575    
1.738376     2.182440     41.730479    41.869951    0.211719     0.265802     5.082397    
0.801642     0.257652     22.531762    22.633256    0.031650     0.010173     0.889591    
-1.923454    -0.880673    40.247516    40.351119    -0.031295    -0.014329    0.654842    
-1.334641    0.148727     33.105002    33.190654    -0.005642    0.000629     0.139939    
0.192536     -0.077928    22.201250    22.289316    0.001872     -0.000758    0.215845    
0.554580     -0.684755    19.015176    19.137093    0.078504     -0.096932    2.691725    
-1.641597    0.194124     18.028087    18.210420    -0.203018    0.024008     2.229552    
-0.705603    -0.736330    16.514501    16.662645    -0.006099    -0.006364    0.142736    
-1.537053    -0.570116    24.740997    24.873268    -0.141512    -0.052489    2.277828    
0.304220     -1.610688    59.485202    59.540331    0.005181     -0.027430    1.013049    
-0.888419    -1.346105    35.320771    35.412330    -0.001559    -0.002362    0.061975    
0.264658     0.520363     96.298220    96.320107    0.065440     0.128665     23.810790   
-1.134524    0.388547     16.153750    16.317374    -0.068572    0.023484     0.976348    
1.896969     -1.609933    18.875580    19.140346    0.032982     -0.027991    0.328180    
-1.014924    -1.352285    12.656623    12.919899    -0.125503    -0.167220    1.565089    
-1.200321    1.357302     30.965751    31.081115    -0.006354    0.007185     0.163911    
-1.305617    -1.202133    31.300921    31.412933    -0.229182    -0.211016    5.494410    
1.531985     -0.012645    50.357205    50.418947    0.027943     -0.000231    0.918494    
-0.068502    0.046241     38.772671    38.822697    -0.004691    0.003167     2.655394    
-0.427749    0.307228     75.597050    75.624509    -0.017918    0.012869     3.166616    
0.681984     -0.105247    59.633871    59.670342    0.079525     -0.012273    6.953820    
-0.600476    -1.065462    92.679652    92.708623    -0.124981    -0.221761    19.289992   
0.439846     -0.150755    9.066003     9.288894     0.001516     -0.000520    0.031255    
0.843428     0.529861     12.312288    12.508378    0.023439     0.014725     0.342159    
0.543368     -0.409559    11.855643    12.037202    0.005290     -0.003987    0.115427    
1.365567     1.762494     52.012406    52.097375    0.349666     0.451303     13.318260   
0.248576     0.839513     48.872323    48.919786    0.008605     0.029062     1.691876    
-0.245769    -0.537860    7.934147     8.196056     -0.032369    -0.070839    1.044973    
-0.548460    -0.317447    29.852593    29.924135    -0.005260    -0.003044    0.286275    
-0.813809    0.787297     22.923594    23.035803    -0.048271    0.046698     1.359706    
0.443920     -0.344860    52.162536    52.202693    0.021257     -0.016514    2.497816    
-0.223442    0.289699     55.493701    55.529809    -0.000230    0.000298     0.057136    
-0.036677    -0.046430    34.617456    34.673430    -0.000034    -0.000043    0.032049    
3.061701     -0.038129    49.049376    49.184263    0.135412     -0.001686    2.169340    
0.824555     -0.297643    31.522051    31.595619    0.137422     -0.049606    5.253526    
1.063450     0.460705     34.182767    34.259009    0.137800     0.059697     4.429335    
-1.943988    -0.619875    25.169181    25.328363    -0.287228    -0.091588    3.718800    
1.014436     0.349040     23.433309    23.540302    0.025053     0.008620     0.578716    
-0.268530    -0.933151    26.375883    26.467055    -0.010277    -0.035711    1.009398    
-1.091665    0.964688     18.982438    19.139756    -0.001907    0.001685     0.033152    
-1.821688    0.356238     46.545643    46.624213    -0.132569    0.025924     3.387235    
0.373525     0.542761     8.487392     8.737556     0.014801     0.021506     0.336305    
0.128387     1.578351     72.712454    72.756330    0.000557     0.006853     0.315730    
-0.946389    0.415338     8.917569     9.190546     -0.008574    0.003763     0.080792    
-2.081604    -1.112439    22.154079    22.366242    -0.050211    -0.026834    0.534387    
0.433343     1.014309     17.078781    17.227197    0.027889     0.065279     1.099159    
-0.605493    -0.009526    14.702009    14.845563    -0.023142    -0.000364    0.561913    
-1.158764    0.737075     14.285273    14.485510    -0.091949    0.058487     1.133547    
0.151446     -0.489324    41.343763    41.393769    0.002314     -0.007475    0.631616    
0.986022     -0.621624    46.755130    46.811065    0.010593     -0.006678    0.502306    
1.259804     -0.652997    45.276674    45.341655    0.052779     -0.027357    1.896834    
0.785788     1.575236     49.033439    49.104500    0.103604     0.207690     6.464914    
-1.514287    -0.411821    47.337252    47.404146    -0.002057    -0.000559    0.064288    
0.572230     0.107708     43.989183    44.037056    0.012991     0.002445     0.998696    
0.044108     -0.047355    40.864111    40.911547    0.004819     -0.005174    4.464904    
1.289436     -0.096330    50.805119    50.859679    0.142276     -0.010629    5.605811    
1.602125     -0.016098    14.967188    15.180867    0.032034     -0.000322    0.299262    
-0.345045    1.493790     42.184498    42.258222    -0.042162    0.182529     5.154594    
-0.420327    -0.942074    98.359495    98.384599    -0.042048    -0.094241    9.839450    
0.142149     -0.774234    73.808162    73.838604    0.000015     -0.000082    0.007859    
-1.124981    1.339432     32.884206    32.989478    -0.076877    0.091531     2.247171    
0.661519     0.356648     18.429186    18.549250    0.017116     0.009228     0.476819    
0.622393     -0.309579    63.809170    63.843311    0.023450     -0.011664    2.404200    
0.049720     0.359491     90.721224    90.743303    0.008521     0.061613     15.548550   
2.253682     0.058178     90.523357    90.572819    0.275950     0.007124     11.084037   
-0.390563    -1.083814    140.382761   140.401288   -0.033284    -0.092363    11.963422   
-0.834429    0.134062     42.556883    42.610767    -0.079813    0.012823     4.070566    
2.026944     1.346443     79.062078    79.124007    0.089032     0.059142     3.472755    
1.011746     -0.684807    51.489364    51.541461    0.034542     -0.023380    1.757910    
-1.994397    2.297956     60.691665    60.799765    -0.229730    0.264696     6.990928    
-1.980995    2.402310     67.119223    67.220239    -0.041213    0.049978     1.396350    
-2.090760    0.257267     111.879195   111.916338   -0.483516    0.059497     25.873552   
0.559142     0.963815     20.286848    20.412563    0.061319     0.105698     2.224782    
-0.129520    0.381365     46.069414    46.113209    -0.001309    0.003856     0.465774    
0.035915     0.544287     18.532132    18.644366    0.001344     0.020366     0.693443    
-1.414400    -0.470362    18.589643    18.752908    -0.014719    -0.004895    0.193456    
0.796984     -0.119705    91.603985    91.628677    0.000649     -0.000097    0.074556    
-2.054121    0.586255     20.550015    20.754305    -0.334091    0.095351     3.342346    
0.595534     -0.837290    47.520992    47.572843    0.068460     -0.096252    5.462833    
-0.969768    0.956140     69.361746    69.403036    -0.002254    0.002222     0.161197    
0.235927     -0.642473    25.988880    26.072308    0.034426     -0.093750    3.792295    
-0.599238    -0.115455    14.043780    14.194194    -0.094627    -0.018232    2.217693    
-0.394004    2.390354     26.567175    26.749931    -0.005572    0.033802     0.375691    
1.581639     1.529446     50.728006    50.813840    0.111605     0.107923     3.579529    
0.709618     -0.132442    17.406409    17.532231    0.133546     -0.024925    3.275773    
0.945436     -0.371153    45.081209    45.135595    0.020674     -0.008116    0.985796    
-0.867320    0.600956     29.140954    29.226419    -0.014342    0.009937     0.481879    
-0.143936    0.882899     19.609422    19.728270    -0.019069    0.116970     2.597929    
-0.454382    -0.330332    18.548505    18.661125    -0.009342    -0.006792    0.381361    
0.620418     -0.913725    26.416595    26.512851    0.007390     -0.010883    0.314641    
-0.844776    0.193565     24.687494    24.781009    -0.105985    0.024284     3.097267    
-0.626972    -1.304718    65.742947    65.788338    -0.018554    -0.038611    1.945564    
-0.027033    -0.694490    13.406784    13.568340    -0.000267    -0.006847    0.132172    
0.948003     -2.597881    34.447570    34.614415    0.156821     -0.429748    5.698403    
-0.600589    0.304498     57.318454    57.356199    -0.102431    0.051932     9.775696    
0.756596     -0.391611    12.728494    12.907955    0.003747     -0.001939    0.063035    
1.645814     -0.024114    28.984430    29.097791    0.035775     -0.000524    0.630035    
-0.456667    -1.326242    22.040250    22.172394    -0.001860    -0.005402    0.089779    
-0.427545    -0.173035    45.378845    45.423862    -0.010187    -0.004123    1.081279    
1.703950     -0.655510    136.897200   136.923524   0.063705     -0.024507    5.118151    
-0.942752    0.934191     21.695970    21.825480    -0.025715    0.025481     0.591790    
0.395123     0.482027     8.356330     8.607652     0.049750     0.060693     1.052156    
-0.065735    -1.481252    98.601585    98.632378    -0.000843    -0.018993    1.264297    
-0.097588    -0.107467    7.520392     7.775109     -0.005995    -0.006602    0.461987    
-0.927440    1.017392     70.699239    70.740036    -0.017735    0.019455     1.351974    
-0.381366    0.828015     11.107550    11.317406    -0.002383    0.005174     0.069402    
0.163693     -0.730372    8.582378     8.836991     0.006858     -0.030597    0.359541    
-0.244672    1.081851     27.808891    27.900532    -0.010005    0.044241     1.137200    
-0.964053    -1.183756    126.351015   126.375570   -0.124984    -0.153467    16.380672   
-0.531747    0.586719     59.908201    59.945763    -0.020396    0.022505     2.297885    
0.217062     0.808841     16.981421    17.115634    0.014771     0.055043     1.155604    
0.042308     -0.858735    7.357912     7.665053     0.004153     -0.084291    0.722234    
-0.667281    0.015569     62.283060    62.317735    -0.030416    0.000710     2.838955    
0.837970     -0.375992    7.545652     7.852094     0.047628     -0.021370    0.428877    
0.568144     -1.081299    28.575685    28.669439    0.001312     -0.002497    0.065988    
0.440224     -0.654282    87.932964    87.958530    0.070730     -0.105122    14.127986   
-0.562561    -0.810517    13.692861    13.868771    -0.049903    -0.071898    1.214645    
-0.622754    -0.509234    14.322505    14.479511    -0.077983    -0.063768    1.793505    
0.565800     -1.569205    47.861074    47.930574    0.008983     -0.024914    0.759868    
0.680814     0.901225     29.673000    29.759664    0.045066     0.059656     1.964178    
0.636650     0.849045     21.545450    21.661199    0.056902     0.075885     1.925665    
0.555548     0.337064     74.850254    74.878953    0.047940     0.029086     6.459081    
-2.234615    0.760930     46.038020    46.140511    -0.016660    0.005673     0.343236    
0.434155     1.724462     102.216867   102.251284   0.050098     0.198989     11.795016   
0.909819     -0.327976    16.343291    16.489799    0.002243     -0.000809    0.040300    
-0.432181    -0.738012    23.752489    23.849258    -0.006412    -0.010950    0.352407    
-1.136325    -0.211996    53.004754    53.053888    -0.125343    -0.023384    5.846733    
-0.239712    0.048127     144.063409   144.077064   -0.004978    0.000999     2.991782    
-0.124489    -0.191516    17.953968    18.063003    -0.007368    -0.011335    1.062574    
1.202148     1.011452     87.466960    87.503213    0.127120     0.106955     9.249101    
0.118506     0.449674     78.695085    78.721075    0.023121     0.087734     15.353936   
1.020412     -0.181774    18.089417    18.225703    0.007797     -0.001389    0.138226    
0.867111     -1.494869    39.928879    40.014708    0.040418     -0.069679    1.861165    
0.549334     0.333091     132.160656   132.176876   0.003168     0.001921     0.762154    
-0.470664    -1.443445    42.256705    42.329766    -0.103075    -0.316113    9.254163    
-0.688306    0.357106     144.966654   144.982092   -0.028869    0.014978     6.080140    
-0.127183    0.214537     8.145856     8.384040     -0.030350    0.051195     1.943856    
0.996107     -0.211326    19.147870    19.275704    0.026082     -0.005533    0.501372    
-0.472937    -0.130494    8.503358     8.742010     -0.025878    -0.007140    0.465286    
-0.409867    0.148640     77.763550    77.789683    -0.001375    0.000499     0.260807    
-0.089054    0.652363     99.031641    99.053391    -0.003922    0.028732     4.361675    
1.523241     -0.701327    11.993166    12.268786    0.188009     -0.086563    1.480278    
0.246709     0.499553     35.850242    35.908567    0.026625     0.053912     3.869010    
1.874118     -0.953921    49.737881    49.821221    0.361123     -0.183811    9.583972    
-0.001567    0.533854     30.900237    30.967477    -0.000090    0.030488     1.764691    
-0.067103    0.131527     29.258786    29.325302    -0.000718    0.001407     0.312907    
-0.659709    1.156424     20.217554    20.356743    -0.017952    0.031469     0.550163    
-0.367973    -1.144877    23.487006    23.600011    -0.029880    -0.092967    1.907203    
1.790783     1.260897     89.697304    89.745630    0.084155     0.059254     4.215183    
0.339374     0.263188     187.309331   187.320167   0.056026     0.043448     30.922067   
0.065194     -0.321929    83.462712    83.486569    0.012833     -0.063372    16.429702   
-0.710479    -0.478320    8.150641     8.428610     -0.106144    -0.071460    1.217688    
0.121373     0.479443     9.755336     9.964243     0.000201     0.000793     0.016129    
-0.255998    0.075702     40.716116    40.764547    -0.023018    0.006807     3.661047    
-1.130311    -0.772838    59.996132    60.044032    -0.114461    -0.078261    6.075503    
0.491106     -0.685581    65.258859    65.293987    0.058512     -0.081683    7.775210    
-0.115113    -1.127120    46.602494    46.657808    -0.026466    -0.259141    10.714597   
0.424243     -0.377898    97.923036    97.944467    0.008685     -0.007737    2.004732    
-0.971925    -0.034137    73.413580    73.446406    -0.041497    -0.001458    3.134456    
-0.236724    -0.615037    41.419883    41.471870    -0.081234    -0.211055    14.213535   
-0.062597    -1.976348    21.124906    21.308366    -0.000215    -0.006778    0.072452    
4.428433     -3.644828    59.535549    59.843566    0.126616     -0.104211    1.702214    
-0.374495    0.419493     74.047634    74.075929    -0.004213    0.004719     0.832964    
-1.876941    0.073736     13.912915    14.176477    -0.002399    0.000094     0.017779    
-0.028775    -0.171820    5.763818     6.093185     -0.000978    -0.005838    0.195838    
-1.409342    -0.639235    20.005332    20.161427    -0.032369    -0.014682    0.459475    
0.240334     0.412585     41.904848    41.953775    0.005393     0.009258     0.940337    
-0.898297    1.084061     40.095959    40.168931    -0.048274    0.058257     2.154746    
1.224703     -0.126878    64.527095    64.568855    0.041909     -0.004342    2.208107    
-1.205606    0.376605     34.992961    35.071037    -0.050995    0.015930     1.480132    
-0.522471    0.570032     40.855992    40.910695    -0.026497    0.028910     2.072038    
1.925461     0.103870     65.110527    65.168811    0.126837     0.006842     4.289068    
0.396465     -0.784325    19.707565    19.825121    0.048731     -0.096404    2.422330    
-0.088048    0.190229     11.136238    11.310822    -0.006907    0.014923     0.873630    
-0.081890    -0.566791    67.076562    67.107884    -0.006121    -0.042366    5.013803    
-0.336502    0.619385     45.694677    45.742489    -0.007290    0.013419     0.989984    
0.091063     1.494865     57.107039    57.160579    0.003823     0.062761     2.397585    
-0.943996    -0.535164    20.357841    20.481556    -0.132080    -0.074878    2.848389    
0.310484     0.302301     106.503592   106.522663   0.018515     0.018027     6.350960    
0.294284     -0.598795    25.849985    25.933412    0.042807     -0.087102    3.760190    
-0.466851    -1.285716    23.550461    23.672140    -0.025097    -0.069117    1.266017    
0.240530     -0.082435    51.129272    51.167783    0.034301     -0.011756    7.291393    
-0.512725    -1.574127    17.366021    17.555467    -0.017809    -0.054675    0.603185    
-1.062416    -0.789510    75.126145    75.163586    -0.119770    -0.089004    8.469213    
0.982804     0.378211     54.286093    54.331978    0.022658     0.008719     1.251544    
0.036160     0.875687     105.809546   105.831484   0.006533     0.158212     19.116800   
0.212399     1.155911     25.027164    25.131955    0.002766     0.015055     0.325954    
0.872083     -1.429429    29.617115    29.729653    0.004230     -0.006933    0.143644    
-0.236780    0.599516     40.999316    41.051606    -0.001508    0.003819     0.261160    
-0.060954    -1.114376    91.161027    91.189108    -0.004961    -0.090702    7.419873    
-0.295676    0.532162     9.905938     10.117964    -0.018894    0.034005     0.632993    
1.370643     -0.449161    19.296625    19.450323    0.071720     -0.023503    1.009713    
0.120055     2.793538     27.050365    27.265647    0.018407     0.428320     4.147504    
0.939444     -0.587561    37.524254    37.592185    0.073978     -0.046268    2.954890    
1.183081     -1.152712    21.518190    21.671084    0.110143     -0.107316    2.003312    
-2.046044    0.301566     95.466439    95.509126    -0.379720    0.055967     17.717359   
1.005591     -1.788546    37.155150    37.263792    0.025816     -0.045917    0.953873    
0.050705     0.527282     70.582047    70.611479    0.000684     0.007112     0.951951    
-0.417844    -0.349931    40.157989    40.209900    -0.004280    -0.003584    0.411340    
-0.015332    1.023887     16.984054    17.128386    -0.000724    0.048371     0.802367    
-0.162861    0.823655     156.579486   156.594110   -0.000899    0.004546     0.864152    
0.405859     -0.226024    14.111472    14.255680    0.015254     -0.008495    0.530360    
0.442259     -1.469040    26.190272    26.308915    0.001812     -0.006018    0.107281    
-0.077816    -1.106506    16.721166    16.873137    -0.001007    -0.014325    0.216481    
0.648701     0.295039     15.656219    15.795569    0.035159     0.015991     0.848553    
-2.121473    -1.207289    68.154246    68.226347    -0.071792    -0.040855    2.306368    
-0.794870    0.019862     19.481989    19.597323    -0.012438    0.000311     0.304840    
0.349743     0.097541     8.223409     8.463524     0.017877     0.004986     0.420333    
0.275164     1.633933     17.863627    18.047980    0.012592     0.074773     0.817487    
-0.251173    0.652425     26.264942    26.347882    -0.017039    0.044258     1.781699    
-1.429860    -0.446187    24.152512    24.278847    -0.077490    -0.024181    1.308923    
0.146462     0.586135     4.667364     5.101397     0.006027     0.024121     0.192077    
0.574516     0.907064     58.723781    58.766575    0.036693     0.057932     3.750519    
1.993668     1.449861     18.046546    18.320197    0.011938     0.008682     0.108065    
0.201152     -0.079138    74.406715    74.433063    0.001323     -0.000521    0.489394    
0.354299     0.212060     10.889396    11.073590    0.023488     0.014058     0.721898    
0.148341     -0.377662    62.741818    62.774002    0.009075     -0.023103    3.838154    
0.402708     1.206565     17.525376    17.681395    0.010678     0.031992     0.464691    
0.534723     -0.200892    9.440643     9.660589     0.124215     -0.046667    2.193036    
-0.537994    -0.882193    53.884934    53.930777    -0.005512    -0.009038    0.552041    
0.212023     -0.645275    13.034699    13.199987    0.006310     -0.019204    0.387924    
0.299170     -0.599474    32.767155    32.833066    0.059287     -0.118798    6.493480    
0.082281     -0.426052    34.686149    34.744671    0.002107     -0.010912    0.888346    
1.377997     1.079724     49.149082    49.219629    0.056516     0.044283     2.015745    
-1.347741    -0.073445    40.517758    40.587997    -0.008241    -0.000449    0.247760    
-0.962683    -0.037902    32.138298    32.212938    -0.037283    -0.001468    1.244643    
1.103598     -0.840570    41.654984    41.724538    0.077396     -0.058950    2.921298    
1.109881     -2.161472    94.497588    94.549315    0.058928     -0.114761    5.017256    
0.190632     0.316926     16.679910    16.799736    0.005277     0.008773     0.461715    
0.906917     -0.512671    18.872078    19.003042    0.019502     -0.011024    0.405809    
-0.103105    -0.501774    27.766858    27.841260    -0.028084    -0.136674    7.563195    
0.129952     0.024726     35.236098    35.291289    0.004745     0.000903     1.286487    
0.519413     -1.071116    27.008117    27.105911    0.007635     -0.015745    0.396998    
0.307980     0.987223     29.584678    29.668124    0.009885     0.031687     0.949576    
-0.166496    -0.599568    32.161730    32.227924    -0.012144    -0.043734    2.345931    
-1.288382    0.471212     124.555115   124.578223   -0.091626    0.033511     8.858000    
0.211830     -0.150800    87.823757    87.846200    0.010937     -0.007786    4.534401    
-0.039167    0.458971     60.099486    60.133480    -0.000275    0.003222     0.421905    
-0.029354    0.798670     13.200983    13.370851    -0.003680    0.100139     1.655163    
-0.439186    0.561178     52.119537    52.161565    -0.040194    0.051358     4.769907    
-0.748764    1.248684     39.756048    39.831372    -0.024328    0.040571     1.291727    
-2.344455    -0.511732    69.679311    69.748402    -0.131004    -0.028595    3.893561    
0.608879     -0.046776    76.736208    76.763881    0.041060     -0.003154    5.174761    
0.190079     -0.431622    38.543334    38.596450    0.003157     -0.007170    0.640230    
0.289203     0.352422     39.219281    39.271297    0.040778     0.049692     5.529985    
0.823955     -0.953444    24.317614    24.429680    0.177361     -0.205235    5.234510    
-0.561735    0.101888     197.687953   197.698577   -0.098562    0.017877     34.686453   
-0.229383    -0.246107    86.826334    86.849297    -0.012511    -0.013423    4.735650    
1.049774     -0.193428    13.558897    13.742564    0.108900     -0.020066    1.406551    
2.453381     -1.303955    24.431843    24.667981    0.105166     -0.055895    1.047286    
-0.163441    -2.238750    31.089874    31.232898    -0.022615    -0.309776    4.301907    
-0.711288    -0.599468    31.154484    31.230468    -0.043199    -0.036408    1.892114    
0.432475     -0.108695    19.879499    19.981699    0.034986     -0.008793    1.608192    
1.375568     -1.084952    54.264813    54.328760    0.027434     -0.021638    1.082231    
0.681651     -1.169139    81.548363    81.583344    0.035310     -0.060561    4.224209    
-0.078408    0.908882     17.902727    18.033713    -0.005187    0.060126     1.184342    
-0.651143    0.280216     10.831979    11.032191    -0.059974    0.025809     0.997682    
-1.041752    -0.792084    39.125608    39.196949    -0.121363    -0.092277    4.558104    
0.272726     -0.686070    26.636415    26.719255    0.006126     -0.015410    0.598280    
1.649684     -1.563084    87.533777    87.585397    0.007656     -0.007254    0.406249    
0.294421     -0.478736    49.308370    49.350848    0.003303     -0.005370    0.553136    
-0.297745    0.781225     14.666412    14.821524    -0.055042    0.144420     2.711282    
-0.035284    -1.045194    18.252057    18.387665    -0.000770    -0.022802    0.398182    
-0.280563    0.239845     38.540353    38.592357    -0.001162    0.000994     0.159665    
-0.143116    2.178358     68.017596    68.081084    -0.000742    0.011295     0.352664    
0.220727     -1.496680    34.119341    34.209547    0.008130     -0.055128    1.256728    
0.329490     1.010855     11.188943    11.410424    0.071110     0.218162     2.414794    
0.691810     -0.396441    36.079924    36.142380    0.144470     -0.082789    7.534565    
1.454832     0.176874     33.159999    33.250688    0.141402     0.017191     3.222973    
0.092100     1.098616     61.188042    61.229625    0.000427     0.005094     0.283718    
1.058447     0.995356     31.230110    31.325800    0.029544     0.027783     0.871710    
-1.282482    -0.510853    125.347790   125.370846   -0.075814    -0.030199    7.409899    
-0.438659    -0.298771    25.203890    25.286216    -0.017693    -0.012051    1.016591    
0.588740     -0.444671    116.230817   116.249827   0.012899     -0.009742    2.546479    
-1.394926    0.591854     26.813299    26.928128    -0.015174    0.006438     0.291674    
-0.528227    0.031682     13.701568    13.852362    -0.131175    0.007868     3.402506    
0.349544     0.109877     6.078035     6.399353     0.002471     0.000777     0.042959    
-2.568154    -0.369311    78.503100    78.570627    -0.005312    -0.000764    0.162363    
0.355084     -0.845589    15.350921    15.503768    0.001363     -0.003247    0.058945    
-0.840955    0.996565     96.617469    96.646317    -0.005366    0.006359     0.616549    
0.867570     -0.557436    27.522253    27.611823    0.146033     -0.093830    4.632674    
0.537023     1.370939     14.817880    15.020399    0.034107     0.087070     0.941102    
-0.460225    1.439564     54.084281    54.141191    -0.051024    0.159601     5.996182    
-0.168987    0.623348     57.484568    57.521888    -0.002441    0.009003     0.830256    
-0.142780    0.579934     22.692984    22.786030    -0.002849    0.011571     0.452791    
-1.471142    2.344159     19.471119    19.765090    -0.294649    0.469502     3.899793    
0.882840     -0.431462    87.292907    87.320628    0.006201     -0.003031    0.613158    
-0.183107    -0.498107    53.611662    53.650413    -0.007623    -0.020737    2.231905    
-0.439429    1.446343     38.247117    38.327560    -0.041815    0.137630     3.639500    
0.084280     -1.264156    38.186730    38.258418    0.006653     -0.099787    3.014282    
0.376535     0.849901     11.343842    11.550836    0.014451     0.032617     0.435352    
0.911279     -1.353582    57.549552    57.606323    0.138520     -0.205753    8.747893    
-0.908705    1.503707     38.878134    38.967566    -0.301234    0.498476     12.888036   
-2.833963    -1.811012    128.261028   128.320214   -0.459539    -0.293663    20.798085   
-0.240435    -0.291372    23.030060    23.117122    -0.004540    -0.005502    0.434880    
-0.178388    0.516465     101.967110   101.987573   -0.014348    0.041540     8.201340    
1.054544     -0.725490    10.109885    10.378975    0.007443     -0.005121    0.071357    
0.145177     -1.152173    13.049904    13.248529    0.036092     -0.286438    3.244289    
0.587163     0.012194     5.263419     5.650083     0.095372     0.001981     0.854925    
-0.526088    0.527963     12.310242    12.488896    -0.003022    0.003033     0.070709    
-2.714075    2.242779     79.115500    79.218266    -0.219988    0.181788     6.412678    
0.085173     1.336896     36.142059    36.220408    0.002926     0.045919     1.241399    
-1.651852    -0.528979    6.139669     6.676745     -0.033892    -0.010853    0.125970    
-0.214219    0.260737     70.598524    70.626768    -0.000106    0.000129     0.034994    
2.032310     -0.989628    20.284051    20.504325    0.016510     -0.008040    0.164783    
-0.182031    0.163283     154.421676   154.434416   -0.002692    0.002415     2.283500    
0.375769     1.775077     40.933124    41.020577    0.045549     0.215167     4.961727    
-0.299237    -0.073147    81.502708    81.527058    -0.007914    -0.001935    2.155568    
0.549267     0.945186     13.532384    13.718434    0.007385     0.012708     0.181936    
2.249248     0.804839     55.183594    55.270344    0.064243     0.022988     1.576157    
-0.428811    -0.080795    26.749684    26.825565    -0.075201    -0.014169    4.691093    
0.124855     -0.533779    13.334223    13.489884    0.002517     -0.010760    0.268792    
0.720100     0.145068     41.069987    41.123696    0.086608     0.017448     4.939594    
-0.522252    0.200409     25.115414    25.198648    -0.056999    0.021873     2.741139    
0.743134     -0.704722    62.197479    62.237049    0.040792     -0.038683    3.414110    
0.054347     0.187833     60.469734    60.502082    0.001190     0.004111     1.323570    
0.035429     0.148926     26.710683    26.783558    0.000273     0.001149     0.205993    
0.716131     -0.000545    10.444301    10.652287    0.069420     -0.000053    1.012449    
-0.109247    -0.748682    12.694344    12.868325    -0.001195    -0.008188    0.138836    
-0.505293    1.430222     50.188404    50.249893    -0.000812    0.002299     0.080686    
-0.991236    1.593761     14.995203    15.239872    -0.110203    0.177190     1.667122    
0.382346     0.480476     107.665742   107.685487   0.000452     0.000568     0.127385    
0.569598     1.540226     77.091859    77.134469    0.012078     0.032660     1.634700    
