-0.366332    0.044466     151.840124   151.853332   -0.039018    0.004736     16.172446   
-1.004839    1.566101     24.243121    24.393980    -0.115259    0.179639     2.780793    
-0.906598    -1.419211    35.112098    35.207534    -0.001760    -0.002756    0.068175    
-0.060840    0.620115     36.851789    36.909586    -0.010890    0.110998     6.596331    
0.207290     0.463801     12.019900    12.190612    0.021188     0.047408     1.228636    
-0.471074    0.865072     15.654532    15.808529    -0.029836    0.054790     0.991483    
-0.110704    -0.973968    81.941085    81.970587    -0.005311    -0.046729    3.931348    
-0.872370    -0.864501    12.751744    12.961108    -0.112014    -0.111004    1.637354    
0.202761     -0.986497    32.150293    32.226241    0.020899     -0.101680    3.313793    
0.631099     2.458818     28.799806    28.978403    0.064164     0.249987     2.928069    
0.542019     -0.545712    132.260875   132.277760   0.048690     -0.049022    11.881183   
0.323143     -0.709518    22.653619    22.752346    0.015445     -0.033913    1.082784    
-0.296715    0.138694     18.301382    18.409856    -0.022674    0.010598     1.398505    
-0.068647    0.030875     41.208849    41.255907    -0.001116    0.000502     0.669994    
1.590137     -0.222040    98.993521    99.026108    0.106105     -0.014816    6.605553    
0.598996     1.361436     42.244506    42.316492    0.014209     0.032296     1.002126    
1.844877     0.958386     27.731162    27.878564    0.190940     0.099191     2.870109    
0.698898     -0.205792    22.138546    22.237828    0.021574     -0.006352    0.683380    
0.421779     -0.596260    34.888818    34.951938    0.002971     -0.004200    0.245741    
-1.845962    -0.121979    71.156785    71.208044    -0.037221    -0.002460    1.434755    
-0.315024    0.019188     25.232429    25.311065    -0.011358    0.000692     0.909711    
-1.472442    2.089617     11.468418    11.913612    -0.040940    0.058100     0.318868    
0.812660     -0.406093    36.406218    36.470714    0.032739     -0.016360    1.466671    
0.235475     0.740511     12.512832    12.690537    0.001319     0.004149     0.070103    
-0.179594    1.827338     26.995765    27.129646    -0.039481    0.401711     5.934594    
-0.384039    -0.792812    44.416463    44.468789    -0.030612    -0.063196    3.540468    
0.264594     0.752422     39.192364    39.249872    0.007116     0.020235     1.054009    
2.004419     -0.562157    45.087959    45.178896    0.088437     -0.024803    1.989322    
-0.974562    0.119132     19.697042    19.819495    -0.088706    0.010844     1.792854    
-0.531832    0.064900     12.207028    12.376330    -0.048289    0.005893     1.108361    
1.518272     0.610253     8.461982     8.840681     0.001903     0.000765     0.010609    
0.056699     -0.500900    15.502960    15.635563    0.004030     -0.035603    1.101928    
0.156875     -0.432684    32.896655    32.958712    0.002238     -0.006174    0.469368    
-1.504763    -0.733637    67.190549    67.240221    -0.165758    -0.080814    7.401392    
-0.133761    -0.030561    50.124793    50.163619    -0.015288    -0.003493    5.728974    
-0.054175    0.487080     114.353634   114.371626   -0.002325    0.020900     4.906726    
-1.720751    -0.442496    36.526513    36.622642    -0.008841    -0.002273    0.187665    
1.232027     -0.522901    21.458786    21.590409    0.032173     -0.013655    0.560376    
1.632769     -1.155432    28.417997    28.556233    0.579419     -0.410027    10.084661   
-0.931064    0.822638     14.723270    14.906148    -0.118197    0.104432     1.869092    
-0.549485    0.471066     15.913549    16.051163    -0.116498    0.099872     3.373889    
1.339170     1.604541     42.096408    42.194200    0.023128     0.027711     0.727010    
0.322181     -1.565672    91.840972    91.875972    0.018784     -0.091283    5.354601    
0.501429     -1.012514    91.175721    91.203967    0.025336     -0.051160    4.606853    
-0.325184    0.149078     22.506152    22.594906    -0.021012    0.009633     1.454231    
-1.028778    1.114293     15.915657    16.108480    -0.175504    0.190092     2.715122    
0.621681     -0.867749    44.373594    44.430060    0.018486     -0.025803    1.319499    
-0.196967    0.301023     87.298013    87.320945    -0.002895    0.004424     1.282885    
-1.685848    -0.402536    19.481602    19.657362    -0.080815    -0.019296    0.933893    
2.552898     -1.275658    80.047050    80.122093    0.126010     -0.062966    3.951081    
0.660387     0.129429     45.202205    45.250052    0.027098     0.005311     1.854776    
-1.027691    0.812530     135.138445   135.159131   -0.046881    0.037066     6.164681    
-0.388550    -0.198475    25.922941    26.001234    -0.025482    -0.013017    1.700108    
0.259465     0.371297     89.635527    89.658284    0.003930     0.005624     1.357728    
0.379633     1.968264     27.875016    28.016239    0.004137     0.021451     0.303789    
-0.182283    -0.722693    67.767666    67.800347    -0.002137    -0.008471    0.794310    
-0.238412    -1.795798    32.759432    32.868482    -0.012998    -0.097906    1.786025    
0.254866     -0.009062    10.070273    10.264033    0.009566     -0.000340    0.377970    
0.737350     0.835697     163.666047   163.681679   0.012488     0.014154     2.771880    
-0.319157    -0.314292    20.633774    20.732299    -0.044950    -0.044265    2.906059    
-0.398488    -0.079826    12.895323    13.051033    -0.010916    -0.002187    0.353263    
0.363049     0.172219     77.137865    77.164024    0.049999     0.023718     10.623440   
-0.761692    1.023305     23.985518    24.099945    -0.094059    0.126364     2.961886    
0.401312     1.431090     17.543924    17.716470    0.007506     0.026767     0.328143    
1.753184     0.429009     40.889388    40.976514    0.037673     0.009219     0.878636    
0.499979     0.432460     33.987555    34.050930    0.027106     0.023445     1.842584    
-0.953530    0.026720     80.659556    80.689212    -0.010666    0.000299     0.902227    
1.342231     0.754915     25.030383    25.154850    0.276771     0.155665     5.161325    
1.052245     1.109687     25.356571    25.478800    0.175807     0.185404     4.236529    
0.196099     -1.304291    46.162573    46.223346    0.006771     -0.045037    1.593976    
-0.566666    1.774968     47.345712    47.423233    -0.026469    0.082910     2.211551    
0.888909     0.398227     32.389829    32.464207    0.222442     0.099653     8.105282    
-0.115966    -0.732126    17.353337    17.480352    -0.001054    -0.006657    0.157790    
-0.136046    -0.609083    11.430233    11.615277    -0.011126    -0.049811    0.934766    
-0.391770    -0.927482    14.314193    14.483949    -0.048287    -0.114316    1.764277    
0.272438     -0.409857    36.884879    36.940648    0.005496     -0.008268    0.744066    
0.825698     0.637037     55.341490    55.386307    0.114149     0.088067     7.650688    
1.383847     1.587663     67.252729    67.314487    0.101043     0.115924     4.910506    
1.459903     0.948958     56.121450    56.182951    0.044346     0.028826     1.704750    
0.856014     -0.475591    25.209023    25.304718    0.023068     -0.012816    0.679342    
-0.480403    0.629720     18.806517    18.925838    -0.014349    0.018809     0.561741    
0.538922     -0.067807    67.194038    67.225060    0.031179     -0.003923    3.887412    
-0.344584    0.252173     11.528975    11.703613    -0.011375    0.008324     0.380583    
0.836325     0.409460     56.047333    56.089621    0.082883     0.040579     5.554489    
0.738669     0.747037     78.573251    78.604926    0.075382     0.076236     8.018473    
-0.656074    1.234700     33.997940    34.083571    -0.093055    0.175125     4.822128    
0.060347     -0.662791    115.960157   115.978774   0.009157     -0.100567    17.594981   
1.734429     -0.281660    33.170404    33.275189    0.156278     -0.025378    2.988762    
0.863198     -1.253997    12.554972    12.799215    0.079652     -0.115712    1.158509    
-1.334259    -0.142919    25.904574    26.013892    -0.034762    -0.003723    0.674894    
-2.402365    -0.729597    20.562597    20.808629    -0.005802    -0.001762    0.049665    
1.078776     0.174107     35.576081    35.647252    0.175492     0.028323     5.787411    
0.464133     0.729319     57.404681    57.444927    0.030341     0.047676     3.752600    
-0.887378    -0.172163    36.345799    36.410289    -0.115382    -0.022386    4.725892    
0.578714     0.152821     6.154664     6.489461     0.065822     0.017381     0.700017    
-0.479209    -0.219673    6.786299     7.085669     -0.047908    -0.021961    0.678448    
-0.441012    -0.104122    82.726771    82.751428    -0.055377    -0.013074    10.387763   
0.202059     2.126975     15.860629    16.124495    0.068123     0.717098     5.347321    
0.371225     -0.015308    49.080019    49.120884    0.005144     -0.000212    0.680142    
0.913541     0.046795     74.949500    74.980926    0.122959     0.006298     10.087898   
0.673743     0.307824     45.686225    45.734613    0.127295     0.058159     8.631802    
0.172091     -1.270360    22.886720    23.006963    0.010628     -0.078452    1.413384    
-0.469301    -0.929574    14.158230    14.332299    -0.005982    -0.011850    0.180481    
1.786981     0.275395     85.622561    85.664269    0.041603     0.006411     1.993379    
0.410714     -2.063196    14.236530    14.525123    0.005223     -0.026239    0.181054    
1.041650     0.527195     8.640192     8.938167     0.085512     0.043279     0.709302    
2.665248     2.936693     51.998589    52.186741    0.075713     0.083424     1.477145    
0.034016     -0.454864    26.134055    26.212055    0.001075     -0.014373    0.825806    
0.021804     -0.409672    64.447307    64.478668    0.001681     -0.031575    4.967271    
0.722669     0.004435     11.726833    11.912844    0.024013     0.000147     0.389669    
0.355602     1.338516     75.838807    75.876990    0.000969     0.003649     0.206723    
0.724933     0.367545     14.241327    14.399686    0.007553     0.003829     0.148374    
0.773783     -0.289028    8.172727     8.446934     0.035082     -0.013104    0.370542    
0.101368     -0.490116    204.143291   204.153395   0.002242     -0.010842    4.515995    
-0.271934    -0.792097    54.975108    55.016714    -0.027850    -0.081123    5.630273    
-1.898071    -0.408517    20.766212    20.949464    -0.049137    -0.010576    0.537589    
-1.238654    -0.173417    54.534135    54.583983    -0.000604    -0.000085    0.026598    
-0.324649    0.534924     10.642232    10.840830    -0.033347    0.054945     1.093132    
0.744132     0.547596     29.843352    29.922470    0.067196     0.049449     2.694907    
-0.612578    0.619290     29.083517    29.163071    -0.023692    0.023951     1.124813    
-0.576923    -0.513807    51.230444    51.274069    -0.004202    -0.003742    0.373103    
-0.950427    -0.592975    64.486806    64.526568    -0.048054    -0.029981    3.260462    
-0.099138    0.409987     98.831267    98.851769    -0.000189    0.000780     0.188071    
-0.187726    0.124025     119.561134   119.577549   -0.002457    0.001623     1.564550    
-0.921762    1.715115     55.049169    55.118756    -0.038115    0.070919     2.276265    
0.684469     -0.543278    47.988330    48.036636    0.050540     -0.040114    3.543348    
0.032802     1.056653     32.418541    32.495452    0.000691     0.022246     0.682529    
-0.328522    0.984826     17.686234    17.825702    -0.022079    0.066186     1.188614    
-0.079173    0.259541     7.951087     8.195631     -0.012593    0.041281     1.264660    
0.056096     -0.895282    10.602053    10.820497    0.000027     -0.000427    0.005060    
-0.451958    0.089020     45.260461    45.305589    -0.037582    0.007402     3.763601    
-2.085251    -0.814723    16.378441    16.647532    -0.029028    -0.011342    0.228002    
-0.968634    0.110076     17.744554    17.880004    -0.096086    0.010919     1.760214    
-0.082718    0.008687     15.337030    15.463065    -0.000763    0.000080     0.141390    
1.040333     -0.058950    164.679035   164.694096   0.037133     -0.002104    5.877995    
0.476189     -0.626182    43.896981    43.948137    0.026344     -0.034642    2.428462    
0.124216     -0.033411    13.066436    13.214509    0.007634     -0.002053    0.802997    
0.064719     -0.057268    15.636441    15.760099    0.016354     -0.014471    3.951137    
1.247121     -2.511766    54.336595    54.444511    0.160479     -0.323212    6.991999    
-0.157074    0.009674     26.706325    26.779236    -0.025870    0.001593     4.398544    
-0.157737    1.631034     23.609094    23.747619    -0.010172    0.105185     1.522548    
-1.029357    0.402405     65.859410    65.898091    -0.046320    0.018108     2.963575    
0.510848     0.516942     11.968925    12.151474    0.023801     0.024085     0.557654    
-0.752658    -1.061593    21.261721    21.392270    -0.008421    -0.011878    0.237893    
1.379075     -1.151626    36.906176    37.002282    0.118560     -0.099006    3.172846    
0.385786     2.032046     86.305524    86.352745    0.004370     0.023020     0.977709    
0.633541     1.012734     20.433651    20.562978    0.103892     0.166074     3.350836    
2.194861     0.216682     12.564176    12.907278    0.126846     0.012523     0.726113    
-0.463576    -1.083220    46.834158    46.890315    -0.069013    -0.161260    6.972234    
0.418334     -0.934478    17.096700    17.240080    0.011726     -0.026193    0.479206    
0.970509     -1.037602    74.099822    74.139579    0.053035     -0.056701    4.049287    
-0.546258    0.195492     17.489938    17.609926    -0.001028    0.000368     0.032910    
1.042665     -0.017889    20.893085    21.011507    0.043061     -0.000739    0.862873    
1.904447     -0.741295    18.335118    18.553381    0.040305     -0.015689    0.388042    
0.251847     0.445864     10.129942    10.332129    0.002983     0.005282     0.120001    
-2.104388    0.580698     24.749545    24.923495    -0.022251    0.006140     0.261693    
0.813768     -0.987431    10.270869    10.535793    0.003894     -0.004726    0.049153    
-0.436173    0.075241     79.347800    79.373448    -0.029964    0.005169     5.450937    
-1.117724    -0.194355    30.850415    30.933964    -0.053000    -0.009216    1.462867    
-1.202129    0.610083     11.338329    11.586629    -0.238175    0.120875     2.246440    
-0.074786    1.284651     29.946507    30.038711    -0.008233    0.141429     3.296848    
-1.989826    0.284484     42.232248    42.325855    -0.563259    0.080529     11.954664   
1.424818     0.928443     26.021357    26.151062    0.141707     0.092339     2.587979    
0.129260     -0.109868    16.676549    16.793183    0.000616     -0.000524    0.079495    
1.765374     -1.164555    59.469617    59.539760    0.152128     -0.100353    5.124685    
0.005822     -0.569628    20.724770    20.825838    0.000071     -0.006911    0.251447    
-0.169049    1.241288     53.028076    53.079386    -0.015038    0.110418     4.717066    
-2.098785    1.750951     41.913603    42.048731    -0.011432    0.009537     0.228299    
0.264574     -0.282601    11.406879    11.581956    0.061381     -0.065563    2.646374    
1.004317     0.218853     56.220715    56.264556    0.144532     0.031495     8.090750    
-1.413118    -0.295475    31.574866    31.669091    -0.132269    -0.027657    2.955433    
-0.028000    0.020471     26.361401    26.434818    -0.000566    0.000414     0.532622    
-1.258354    -0.667398    49.181381    49.241365    -0.122673    -0.065062    4.794529    
0.273648     -0.380960    77.938334    77.964600    0.014917     -0.020766    4.248465    
1.895410     0.269037     49.874762    49.950294    0.036446     0.005173     0.959022    
-0.641831    1.459905     43.584274    43.657842    -0.047960    0.109090     3.256798    
0.232691     0.032085     22.080842    22.169657    0.006042     0.000833     0.573345    
-1.132183    -0.290419    28.281637    28.374145    -0.321537    -0.082478    8.031917    
0.196438     -0.875303    27.944783    28.028389    0.000259     -0.001154    0.036843    
1.625784     1.111450     54.409687    54.480891    0.479384     0.327726     16.043431   
-0.480258    0.284618     54.867961    54.906099    -0.016084    0.009532     1.837522    
1.858067     1.439374     26.008824    26.188892    0.349595     0.270818     4.893555    
0.316905     0.512312     21.276722    21.376078    0.004026     0.006508     0.270280    
-0.475671    1.209008     95.435705    95.464845    -0.059072    0.150143     11.851854   
0.926580     0.569007     18.383267    18.520307    0.088331     0.054243     1.752471    
0.633866     0.041841     16.376690    16.506800    0.014891     0.000983     0.384714    
0.886523     0.849604     44.189930    44.250792    0.002038     0.001953     0.101595    
-1.435911    0.089638     30.752607    30.849111    -0.096911    0.006050     2.075528    
1.535842     1.036443     11.468903    11.783196    0.092937     0.062717     0.694007    
0.063472     -0.677317    10.176152    10.387099    0.004697     -0.050126    0.753098    
0.622496     -0.348634    12.971398    13.139298    0.014155     -0.007928    0.294957    
0.857987     0.203093     43.725671    43.778838    0.041267     0.009768     2.103117    
0.142083     0.278201     7.029874     7.306960     0.004295     0.008409     0.212499    
-1.417110    0.003288     25.861087    25.974583    -0.031676    0.000073     0.578058    
0.563061     0.239046     10.447334    10.648752    0.035821     0.015208     0.664640    
-0.065586    0.233512     103.518661   103.537660   -0.003138    0.011173     4.953181    
0.129861     1.194395     38.920880    38.989144    0.028834     0.265197     8.641796    
-0.829460    0.129710     11.223073    11.425286    -0.047256    0.007390     0.639399    
-0.222866    0.891244     9.870041     10.106267    -0.004228    0.016909     0.187253    
-0.000117    -0.587171    27.016194    27.094177    -0.000001    -0.004612    0.212194    
0.460335     0.588803     47.721087    47.767517    0.031501     0.040292     3.265562    
-0.405325    0.475479     57.249697    57.286937    -0.027711    0.032508     3.914058    
0.103910     -0.424674    5.909964     6.244500     0.003208     -0.013112    0.182466    
-0.010109    1.767526     37.508176    37.601363    -0.000318    0.055656     1.181071    
0.199568     -0.826205    15.821306    15.965936    0.007749     -0.032079    0.614301    
-0.333670    -0.239145    6.482763     6.787466     -0.002456    -0.001760    0.047723    
0.184572     2.996869     66.745292    66.841785    0.013263     0.215342     4.796018    
-0.747526    0.453034     27.730701    27.814219    -0.315074    0.190949     11.688200   
-0.139259    -1.222062    15.610371    15.781998    -0.023436    -0.205663    2.627098    
-0.429228    1.097634     11.652147    11.875880    -0.043606    0.111510     1.183760    
0.337478     -0.373560    66.994040    67.024845    0.020796     -0.023019    4.128229    
0.717838     0.514084     46.622562    46.672453    0.080388     0.057570     5.221090    
-0.106033    -0.624578    11.701416    11.882737    -0.004578    -0.026966    0.505205    
-0.977052    0.139618     52.640862    52.686900    -0.040371    0.005769     2.175105    
0.084065     1.400487     33.785591    33.871958    0.000078     0.001306     0.031505    
-0.227462    -0.720881    21.725089    21.827181    -0.008737    -0.027690    0.834493    
0.006836     -0.130060    7.493288     7.748631     0.000047     -0.000891    0.051313    
0.441913     -0.228588    18.752117    18.861717    0.053239     -0.027539    2.259158    
1.963607     0.807834     56.551198    56.625271    0.263879     0.108561     7.599625    
-0.599350    -0.178021    145.524127   145.538783   -0.050983    -0.015143    12.378921   
-0.707511    -0.599728    14.344227    14.508344    -0.006391    -0.005418    0.129582    
1.195065     1.459075     86.490954    86.533908    0.153128     0.186957     11.082414   
0.220794     -1.909142    75.476706    75.526827    0.026726     -0.231090    9.135978    
0.748946     0.071189     49.864090    49.908601    0.046993     0.004467     3.128762    
-2.431724    2.064279     60.555406    60.671300    -0.040625    0.034487     1.011659    
-1.143082    -0.107803    8.765020     9.056422     -0.135580    -0.012787    1.039615    
-0.071087    -0.156276    52.008691    52.046214    -0.006234    -0.013704    4.560838    
0.073796     0.319066     9.869659     10.069378    0.023473     0.101488     3.139328    
0.499283     0.166346     83.657666    83.682477    0.016577     0.005523     2.777608    
-0.512816    -0.720495    45.156527    45.208063    -0.032408    -0.045533    2.853752    
-1.313340    0.683759     22.755242    22.888171    -0.088423    0.046036     1.532046    
-2.461213    -0.516774    31.034300    31.198195    -0.188661    -0.039613    2.378896    
0.379177     1.060010     17.555922    17.701773    0.025171     0.070367     1.165415    
-1.631394    0.463603     80.893039    80.934758    -0.085759    0.024371     4.252403    
-0.935772    0.612749     82.021670    82.052912    -0.090252    0.059098     7.910719    
0.612287     -1.164804    99.235615    99.263860    0.059299     -0.112810    9.610827    
2.521883     -0.284364    54.868155    54.962079    0.016725     -0.001886    0.363875    
1.087971     -1.211002    23.882026    24.018250    0.064455     -0.071744    1.414854    
0.147277     -2.697075    51.227324    51.336240    0.000985     -0.018040    0.342644    
0.544428     0.626104     52.664209    52.707516    0.018076     0.020788     1.748579    
-1.148260    -1.041547    49.890204    49.953085    -0.013897    -0.012606    0.603812    
0.746586     0.320028     42.987003    43.039717    0.011684     0.005009     0.672768    
0.969195     0.557619     29.941871    30.027335    0.021975     0.012643     0.678892    
-0.126259    0.043023     8.095534     8.332491     -0.013665    0.004656     0.876184    
0.769446     -0.451012    117.217476   117.237397   0.015883     -0.009310    2.419683    
-0.772044    -0.848936    60.116200    60.159365    -0.134436    -0.147825    10.467999   
-0.386954    -0.863707    19.161879    19.285961    -0.000351    -0.000784    0.017393    
-0.600328    -0.601987    42.435068    42.489207    -0.005718    -0.005734    0.404203    
-0.515630    -0.634612    25.501111    25.590042    -0.014377    -0.017695    0.711055    
0.838811     -0.508702    11.955219    12.155846    0.049949     -0.030292    0.711906    
1.072859     0.477057     10.868416    11.107477    0.009541     0.004243     0.096654    
1.108778     0.146509     5.333457     5.794098     0.140801     0.018605     0.677281    
0.319188     0.417853     44.738557    44.784929    0.001096     0.001434     0.153567    
0.496687     0.123099     39.392052    39.444525    0.014278     0.003539     1.132376    
0.489237     -1.582830    67.202103    67.251337    0.018901     -0.061151    2.596304    
0.161752     -1.089012    24.554367    24.657738    0.018230     -0.122737    2.767390    
-0.640469    -0.041407    32.519957    32.585802    -0.027689    -0.001790    1.405920    
0.223613     0.795530     48.072283    48.119666    0.010433     0.037116     2.242874    
1.262616     1.830561     44.154016    44.253782    0.022107     0.032052     0.773105    
-1.330540    0.354678     13.355794    13.570126    -0.033132    0.008832     0.332571    
-0.346296    0.759930     33.710850    33.778599    -0.005046    0.011073     0.491223    
0.801378     2.035839     96.411793    96.456703    0.098877     0.251188     11.895599   
0.100021     -0.611843    41.218054    41.269689    0.000341     -0.002084    0.140418    
-0.302957    0.048854     3.100610     3.685499     -0.052075    0.008398     0.532962    
-1.260219    -0.774272    117.597870   117.623644   -0.071559    -0.043966    6.677607    
-0.122522    0.483375     44.234715    44.281301    -0.007219    0.028481     2.606401    
1.058067     -0.180730    51.442527    51.491365    0.070455     -0.012034    3.425458    
1.292492     0.021427     39.612099    39.682040    0.170764     0.002831     5.233558    
-0.572538    1.075778     20.462432    20.592988    -0.025570    0.048045     0.913869    
-1.140574    -0.587496    51.855891    51.909098    -0.044892    -0.023123    2.041018    
1.272554     -0.389327    14.531458    14.724442    0.181983     -0.055676    2.078085    
0.923018     -1.421481    34.940373    35.036798    0.050995     -0.078534    1.930375    
-1.742085    0.692305     51.678066    51.749508    -0.175761    0.069847     5.213850    
-0.921578    -2.415057    64.653897    64.735486    -0.114501    -0.300058    8.032904    
-1.118581    1.739502     25.094214    25.256121    -0.025039    0.038939     0.561733    
0.450112     0.289443     9.338405     9.558615     0.009888     0.006358     0.205140    
0.141834     1.831076     71.866911    71.917319    0.000090     0.001156     0.045367    
-0.135360    -0.558636    18.834610    18.945920    -0.004453    -0.018377    0.619600    
-0.133746    -0.426821    93.649624    93.671378    -0.005065    -0.016165    3.546721    
0.435365     -0.881268    167.302210   167.316677   0.039030     -0.079004    14.998415   
0.252402     -1.662911    50.989169    51.054865    0.006646     -0.043783    1.342497    
-0.377648    0.160173     21.823999    21.916436    -0.036857    0.015632     2.129917    
0.131447     -0.707265    34.602471    34.665883    0.032648     -0.175669    8.594470    
0.608610     0.356792     103.861654   103.882702   0.000288     0.000169     0.049231    
0.710324     1.849551     113.303229   113.337646   0.041420     0.107850     6.606896    
1.458469     -0.008490    21.847733    21.984667    0.374981     -0.002183    5.617182    
1.150973     -0.547435    14.292721    14.483828    0.058085     -0.027627    0.721291    
0.626226     1.347338     34.238702    34.327411    0.061920     0.133222     3.385460    
-0.650846    -0.750005    7.274865     7.601626     -0.002206    -0.002542    0.024656    
-1.211471    0.517130     53.473128    53.525559    -0.212738    0.090810     9.390044    
-0.053279    -0.523885    10.188572    10.390344    -0.000535    -0.005258    0.102264    
-0.531028    1.225154     20.494416    20.631991    -0.005450    0.012575     0.210356    
0.660494     0.328436     95.584263    95.607377    0.019255     0.009575     2.786487    
2.097416     -0.327097    22.108982    22.297717    0.337110     -0.052573    3.553492    
0.418919     0.242032     11.962125    12.132661    0.025683     0.014838     0.733362    
-0.518937    0.239453     92.063092    92.085908    -0.015266    0.007044     2.708307    
1.144721     0.679145     26.753472    26.858794    0.057645     0.034200     1.347242    
-0.274847    -0.031740    69.792252    69.820555    -0.026391    -0.003048    6.701417    
1.225738     -0.833309    57.687517    57.740120    0.036266     -0.024655    1.706797    
0.122424     0.345518     55.133388    55.169736    0.000668     0.001885     0.300786    
0.329622     -2.942712    28.922226    29.139978    0.049163     -0.438902    4.313719    
-0.128225    -1.053603    13.964487    14.142431    -0.020656    -0.169728    2.249577    
-1.006881    0.572339     46.678136    46.733978    -0.017498    0.009946     0.811193    
0.407988     -0.256352    37.197760    37.252926    0.020925     -0.013148    1.907777    
0.357804     0.107067     26.061477    26.138383    0.008039     0.002405     0.585528    
0.037263     0.051447     12.659433    12.811722    0.000311     0.000429     0.105530    
-1.559364    -0.565599    20.175330    20.338889    -0.023111    -0.008383    0.299016    
-0.923181    1.175470     13.667299    13.888988    -0.155963    0.198585     2.308967    
0.831406     0.131656     36.314677    36.377731    0.038223     0.006053     1.669509    
-0.901340    0.193092     21.030614    21.142643    -0.221603    0.047474     5.170568    
1.107399     1.080057     26.953919    27.069938    0.027753     0.027067     0.675495    
-0.052566    0.582284     56.850521    56.887595    -0.005197    0.057565     5.620306    
-0.166234    -0.461546    24.465933    24.549898    -0.001859    -0.005161    0.273597    
0.619099     1.274625     38.956180    39.031613    0.078917     0.162478     4.965779    
-1.151700    0.418482     91.482224    91.511605    -0.005031    0.001828     0.399586    
-0.778533    -0.563497    21.311756    21.424041    -0.040756    -0.029499    1.115666    
0.283947     0.178314     43.272934    43.318982    0.007037     0.004419     1.072433    
0.904332     0.110644     56.167894    56.209762    0.057741     0.007065     3.586277    
0.238589     -0.462359    50.705311    50.746174    0.012470     -0.024165    2.650102    
-1.557395    -0.172575    34.981100    35.071464    -0.017440    -0.001933    0.391728    
0.922009     0.980480     28.555379    28.654774    0.037231     0.039592     1.153069    
-1.756101    0.593134     88.070453    88.111948    -0.072131    0.024363     3.617454    
-0.410305    -0.554253    25.065234    25.151867    -0.057133    -0.077177    3.490193    
-0.786000    -0.216133    23.311749    23.408911    -0.030816    -0.008474    0.913968    
0.390430     -0.235153    79.462957    79.488643    0.006392     -0.003850    1.300877    
-1.584620    0.055897     32.607654    32.705476    -0.081687    0.002882     1.680928    
0.725819     -1.347695    90.884902    90.919104    0.007458     -0.013848    0.933900    
0.717034     -0.300954    36.068037    36.130084    0.026871     -0.011278    1.351671    
0.838877     0.760617     19.274317    19.407640    0.019862     0.018009     0.456363    
0.398075     0.140438     10.749760    10.936657    0.000311     0.000110     0.008405    
0.072495     0.472098     7.100319     7.383604     0.003107     0.020234     0.304316    
-0.402023    -0.265993    31.240134    31.305803    -0.051185    -0.033866    3.977452    
0.775704     -0.692211    62.530582    62.570197    0.119193     -0.106363    9.608286    
0.326830     -0.063065    94.523180    94.544261    0.000525     -0.000101    0.151814    
-0.627990    1.834907     11.858458    12.176175    -0.068872    0.201237     1.300532    
0.241006     1.291158     6.424235     6.846234     0.013544     0.072560     0.361029    
0.783645     -0.093436    26.219289    26.304922    0.023814     -0.002839    0.796774    
-1.409200    0.054763     80.614155    80.650516    -0.228371    0.008875     13.064128   
-0.811271    -0.817786    24.149372    24.256836    -0.001541    -0.001553    0.045861    
0.873783     -1.667572    27.984998    28.117243    0.078302     -0.149436    2.507813    
-0.652649    -0.530064    37.304549    37.365910    -0.108001    -0.087715    6.173174    
0.411370     1.097414     46.791410    46.847460    0.080204     0.213962     9.122873    
0.170734     0.556859     23.287755    23.378061    0.007593     0.024766     1.035704    
-0.937563    -1.884802    32.792688    32.919096    -0.063172    -0.126996    2.209543    
-0.007481    -0.962160    76.427295    76.458696    -0.000718    -0.092342    7.334983    
-0.782960    0.076732     52.400415    52.443278    -0.013645    0.001337     0.913205    
0.428451     1.095626     14.873140    15.048894    0.021762     0.055649     0.755438    
-0.833983    0.515220     66.420892    66.457285    -0.037203    0.022984     2.962982    
0.282155     -0.281622    17.750659    17.863924    0.016305     -0.016274    1.025736    
0.611250     -0.198924    38.156610    38.212760    0.121452     -0.039525    7.581508    
-1.348738    1.529594     39.349590    39.451539    -0.000038    0.000043     0.001118    
-0.907935    0.053025     58.452193    58.492401    -0.000430    0.000025     0.027711    
0.132467     0.150638     72.085878    72.113029    0.007011     0.007973     3.815506    
-0.621933    -0.715863    35.398039    35.465411    -0.054397    -0.062613    3.096093    
-0.172682    -1.994008    54.371277    54.443701    -0.003644    -0.042074    1.147239    
-0.828873    0.692768     20.972326    21.092188    -0.101004    0.084419     2.555633    
1.172850     -0.850949    10.282085    10.568629    0.076531     -0.055526    0.670925    
1.413587     -0.407609    23.681801    23.808970    0.011124     -0.003208    0.186358    
1.317284     0.207241     27.356854    27.459982    0.006825     0.001074     0.141736    
0.465653     -0.568918    105.001904   105.022928   0.067256     -0.082170    15.165716   
-0.238525    1.662487     15.920049    16.128970    -0.024453    0.170438     1.632119    
-0.161999    2.406201     23.471340    23.676884    -0.006460    0.095956     0.936002    
-0.538306    -0.863998    92.193674    92.220306    -0.004107    -0.006592    0.703383    
-0.189166    -0.291778    51.610973    51.649670    -0.007847    -0.012104    2.141015    
1.010839     -0.111039    75.888648    75.920985    0.089464     -0.009827    6.716520    
0.003276     0.508379     111.685633   111.704136   0.000327     0.050742     11.147514   
1.473312     0.394120     63.053087    63.102240    0.033018     0.008832     1.413056    
2.274559     -0.403434    82.352153    82.408060    0.048740     -0.008645    1.764656    
-0.437943    -0.471520    79.022704    79.049838    -0.010982    -0.011824    1.981656    
0.955043     0.697183     91.503925    91.532734    0.100459     0.073335     9.625085    
-0.174303    0.212268     75.042064    75.068381    -0.004630    0.005638     1.993330    
0.617091     -0.780312    52.009057    52.055804    0.000215     -0.000272    0.018099    
-0.379899    0.956776     23.116849    23.223338    -0.019460    0.049011     1.184156    
-0.063091    -0.180045    9.161516     9.372552     -0.009292    -0.026517    1.349315    
0.270769     -0.231763    53.765485    53.802689    0.015455     -0.013229    3.068865    
0.275896     0.768759     18.909834    19.029553    0.000279     0.000779     0.019150    
-0.346061    -0.421813    77.675200    77.702055    -0.057995    -0.070690    13.017372   
0.560609     -0.057354    49.511537    49.553858    0.013079     -0.001338    1.155082    
0.881653     0.553953     9.216854     9.482063     0.056167     0.035290     0.587174    
0.473186     0.593287     21.104023    21.209211    0.004368     0.005477     0.194816    
-0.565159    -1.157800    62.064795    62.109369    -0.005455    -0.011175    0.599047    
-0.740588    -0.371797    25.938393    26.026177    -0.022068    -0.011079    0.772916    
-0.567181    0.529977     85.288455    85.314701    -0.010900    0.010185     1.639121    
0.965004     0.233596     43.301146    43.357237    0.008521     0.002063     0.382343    
-0.690185    -0.519517    59.743829    59.782492    -0.004715    -0.003549    0.408174    
-0.002963    -1.570849    156.019825   156.040150   -0.000533    -0.282760    28.084326   
0.141462     -0.878046    27.808886    27.892653    0.001464     -0.009087    0.287785    
-0.117799    -0.716209    44.441456    44.490951    -0.017052    -0.103673    6.433035    
-0.005819    -0.669469    67.537173    67.569171    -0.000485    -0.055826    5.631805    
-0.785376    1.083720     72.213101    72.252323    -0.143240    0.197653     13.170520   
0.140819     -1.434631    114.013082   114.039186   0.003829     -0.039011    3.100292    
0.271573     0.640535     16.464152    16.596003    0.049112     0.115837     2.977450    
-1.111344    -0.240796    12.749430    12.950521    -0.111844    -0.024233    1.283079    
-0.405212    -1.010584    42.281494    42.341294    -0.017031    -0.042474    1.777071    
1.358106     -1.091213    94.689140    94.725621    0.084311     -0.067742    5.878278    
0.738689     -0.818003    48.055075    48.108003    0.031776     -0.035188    2.067206    
-0.808385    1.110605     47.465656    47.526313    -0.025179    0.034592     1.478414    
-2.305908    -1.551849    59.401886    59.499450    -0.422339    -0.284229    10.879757   
0.141427     1.142892     24.299307    24.406096    0.003999     0.032314     0.687027    
-0.185427    -0.072372    15.301068    15.428456    -0.009321    -0.003638    0.769168    
-0.754817    1.724928     59.527859    59.590151    -0.003829    0.008751     0.301988    
-0.531091    0.570586     37.250214    37.310334    -0.000236    0.000253     0.016518    
-0.185836    -1.089119    10.257959    10.503399    -0.000042    -0.000248    0.002331    
1.189542     -1.687198    33.751102    33.871426    0.016878     -0.023939    0.478879    
-0.166404    1.207193     21.972311    22.093945    -0.005756    0.041761     0.760090    
-0.290124    -0.385131    68.202448    68.232553    -0.000963    -0.001279    0.226457    
-0.213148    -0.998297    38.559628    38.623333    -0.057583    -0.269695    10.417067   
1.769162     -0.393791    60.881483    60.940257    0.177099     -0.039420    6.094439    
1.921491     0.166143     26.430627    26.573911    0.050574     0.004373     0.695655    
-1.197525    -0.144204    5.506932     5.971274     -0.134212    -0.016162    0.617186    
0.052851     -0.004883    34.737672    34.793443    0.003732     -0.000345    2.452751    
0.929944     0.366627     5.703964     6.116320     0.020712     0.008166     0.127042    
0.986411     -2.199435    13.032142    13.398589    0.026071     -0.058132    0.344447    
-0.005363    0.070761     27.819293    27.888942    -0.000020    0.000260     0.102128    
0.461731     0.433809     65.643065    65.675630    0.001013     0.000952     0.144078    
0.193480     0.351412     7.852645     8.105548     0.007767     0.014108     0.315248    
-0.704672    2.836532     58.847597    58.953008    -0.022708    0.091407     1.896349    
0.104710     0.009572     33.952730    34.009909    0.004292     0.000392     1.391794    
-1.337971    -2.191556    33.934721    34.088609    -0.108695    -0.178040    2.756820    
-0.020577    1.331226     14.470615    14.664455    -0.005647    0.365334     3.971228    
-0.652162    0.316238     114.805522   114.824684   -0.012297    0.005963     2.164753    
0.979340     -0.848270    59.482731    59.529395    0.272074     -0.235661    16.525106   
-0.357921    0.110341     10.281778    10.475218    -0.005436    0.001676     0.156144    
1.285146     -0.372421    83.367341    83.401312    0.025944     -0.007518    1.682974    
1.461198     -1.262736    93.770313    93.810853    0.155928     -0.134749    10.006449   
-0.751129    0.193843     9.940773     10.163449    -0.035465    0.009152     0.469355    
0.586530     1.281269     51.084575    51.141905    0.026900     0.058763     2.342893    
-0.281910    0.189955     26.903814    26.977875    -0.062725    0.042265     5.986116    
-0.225244    -1.110683    18.427945    18.567403    -0.025314    -0.124826    2.071061    
0.597553     0.259707     223.782938   223.792545   0.061650     0.026794     23.087929   
-1.659794    -1.138790    22.138444    22.316752    -0.059588    -0.040884    0.794794    
-0.010581    -0.054447    38.209934    38.260647    -0.001231    -0.006333    4.444395    
-0.506016    1.854848     31.449858    31.570002    -0.072705    0.266506     4.518733    
-0.062642    -0.693026    44.056529    44.105974    -0.000349    -0.003865    0.245713    
1.340415     -0.284210    66.933391    66.976349    0.089366     -0.018948    4.462461    
-1.174628    0.518755     10.278258    10.543548    -0.090447    0.039945     0.791433    
-0.710641    -0.472296    16.872590    17.008449    -0.128501    -0.085403    3.050971    
-0.138389    -0.620772    30.483784    30.553896    -0.008835    -0.039632    1.946187    
0.355198     -0.967030    39.415620    39.478188    0.002638     -0.007182    0.292718    
0.150678     -0.268505    7.642222     7.897677     0.004491     -0.008002    0.227754    
-0.266869    -0.906198    32.921702    32.994027    -0.007756    -0.026336    0.956786    
0.668691     0.885026     8.280222     8.582975     0.010929     0.014465     0.135332    
-0.167058    -0.243099    18.709798    18.815380    -0.020235    -0.029445    2.266186    
-1.006016    1.866737     13.683285    13.985850    -0.030639    0.056854     0.416740    
2.006690     0.890611     29.661703    29.807912    0.279355     0.123984     4.129266    
1.184817     -0.974182    32.641844    32.737101    0.005704     -0.004690    0.157158    
-0.132600    -0.711828    83.811244    83.837485    -0.002339    -0.012557    1.478501    
0.001122     1.558449     10.745881    11.035292    0.000213     0.295764     2.039364    
0.024388     0.476252     24.439267    24.523053    0.000449     0.008773     0.450188    
-0.569785    -1.351162    36.961170    37.042588    -0.055154    -0.130789    3.577759    
-0.407006    -0.984915    38.074328    38.140073    -0.010396    -0.025158    0.972535    
-0.105846    0.665074     29.655809    29.728698    -0.002932    0.018420     0.821361    
-0.696084    0.280643     7.875874     8.152769     -0.039002    0.015725     0.441292    
-0.627174    -1.148479    69.016880    69.057346    -0.008012    -0.014671    0.881620    
0.358475     -0.205335    23.491234    23.577186    0.058059     -0.033256    3.804679    
1.070761     0.035676     44.615705    44.671959    0.093161     0.003104     3.881779    
-1.083920    -0.357837    69.250744    69.288119    -0.356341    -0.117640    22.766333   
0.452439     0.840583     29.115958    29.198035    0.008471     0.015739     0.545152    
-0.699037    -0.383214    46.362701    46.411319    -0.153518    -0.084159    10.181860   
0.281555     1.361312     13.431723    13.646192    0.030636     0.148125     1.461510    
0.148858     -0.463072    10.620253    10.812091    0.007622     -0.023711    0.543799    
-0.564332    -0.164678    23.719040    23.807844    -0.029608    -0.008640    1.244431    
-1.626445    -0.337788    34.821169    34.916302    -0.091077    -0.018915    1.949905    
-1.137336    1.995704     145.993563   146.024901   -0.009437    0.016559     1.211359    
0.535607     -1.081198    12.046809    12.266068    0.015760     -0.031814    0.354474    
0.670844     -1.052465    7.955359     8.289777     0.098776     -0.154967    1.171360    
-0.283765    2.191463     62.500306    62.570330    -0.026132    0.201812     5.755650    
0.351861     -0.324669    31.546667    31.611649    0.024214     -0.022342    2.170920    
0.407575     1.197613     19.795871    19.933686    0.115313     0.338836     5.600763    
0.109729     0.463728     14.208222    14.351850    0.014256     0.060246     1.845898    
-0.153514    0.485318     41.202786    41.252923    -0.015342    0.048503     4.117872    
-0.687174    0.539756     73.593431    73.624939    -0.056431    0.044325     6.043474    
0.218262     0.883917     28.591047    28.673191    0.012699     0.051429     1.663524    
-0.510353    0.004150     64.547051    64.579077    -0.032456    0.000264     4.104888    
0.839938     -1.443972    17.124259    17.317787    0.030992     -0.053280    0.631857    
1.033198     1.046995     24.149229    24.273935    0.050984     0.051665     1.191667    
0.320334     -0.285540    62.431906    62.464405    0.021911     -0.019531    4.270459    
-0.898787    0.778170     40.143444    40.209257    -0.028087    0.024318     1.254498    
0.140687     0.857099     28.375382    28.456839    0.004990     0.030398     1.006361    
0.252505     -0.466230    89.497317    89.520533    0.000109     -0.000201    0.038585    
-1.608260    -0.933144    61.519300    61.578864    -0.183020    -0.106192    7.000885    
-2.022751    1.346333     92.174239    92.227270    -0.054200    0.036075     2.469827    
1.099869     -0.294168    66.331226    66.370195    0.012841     -0.003435    0.774447    
-0.733086    0.239389     81.614601    81.641979    -0.082310    0.026878     9.163615    
0.699783     0.882512     71.202816    71.238925    0.089268     0.112578     9.083047    
0.091630     -0.150163    65.676814    65.706543    0.002637     -0.004322    1.890264    
0.404061     -0.466762    35.709193    35.768737    0.097206     -0.112290    8.590642    
1.216269     0.472066     58.012105    58.060154    0.183747     0.071317     8.764116    
0.823317     1.604809     66.091915    66.145820    0.046082     0.089824     3.699276    
-0.334316    -0.189374    11.764572    11.934309    -0.062889    -0.035624    2.213058    
-0.277597    0.866020     64.186552    64.223169    -0.007893    0.024625     1.825137    
1.657226     0.283424     88.686230    88.724005    0.030524     0.005220     1.633474    
-0.588352    0.151518     39.982410    40.035450    -0.049453    0.012736     3.360648    
0.201030     0.190456     20.227277    20.324723    0.023425     0.022193     2.356956    
-0.931196    0.497364     108.259472   108.282514   -0.044528    0.023783     5.176761    
-1.272697    -0.602472    29.791827    29.889975    -0.135030    -0.063921    3.160835    
1.255747     0.363407     30.560123    30.651346    0.253474     0.073354     6.168596    
0.518892     0.037540     31.816329    31.881411    0.076336     0.005523     4.680624    
0.909542     1.046318     27.685105    27.789603    0.056058     0.064488     1.706314    
-0.691050    1.509865     8.915448     9.279947     -0.041829    0.091393     0.539655    
-1.138698    1.071157     114.550924   114.578502   -0.011549    0.010864     1.161763    
1.652304     2.052787     100.330708   100.384610   0.015841     0.019680     0.961879    
-0.719482    -1.223373    52.167215    52.223631    -0.094909    -0.161380    6.881566    
0.751795     0.781411     41.440944    41.501838    0.092119     0.095748     5.077838    
-1.745233    0.530887     67.266933    67.320450    -0.084935    0.025837     3.273675    
-0.923494    0.796785     26.226130    26.328170    -0.112253    0.096851     3.187841    
0.521909     2.216754     57.017113    57.096519    0.007209     0.030621     0.787598    
1.002415     0.336491     151.578469   151.594938   0.041038     0.013776     6.205427    
-0.049649    -0.334401    26.025336    26.101865    -0.002455    -0.016537    1.287035    
-0.389435    0.641292     154.089853   154.104252   -0.002847    0.004689     1.126597    
1.939536     -0.514588    29.658725    29.791635    0.209151     -0.055491    3.198268    
1.549557     0.313924     19.620811    19.782590    0.273797     0.055468     3.466875    
-2.025480    1.592539     45.555224    45.670474    -0.103123    0.081080     2.319337    
0.048585     0.419121     52.236667    52.275447    0.008921     0.076956     9.591279    
2.310608     -0.103702    159.893611   159.922455   0.481556     -0.021613    33.323562   
0.945065     -1.045230    59.297631    59.347027    0.137362     -0.151921    8.618717    
-0.746964    0.381068     35.397755    35.462363    -0.016736    0.008538     0.793092    
-0.928055    -0.625545    8.453804     8.751820     -0.111910    -0.075432    1.019404    
0.720873     0.676907     87.809988    87.837616    0.001485     0.001394     0.180869    
-1.740255    0.546339     72.765744    72.815214    -0.329360    0.103400     13.771618   
-0.400892    1.054437     61.221866    61.263891    -0.121969    0.320807     18.626442   
-0.058931    0.143766     12.440946    12.596675    -0.001941    0.004736     0.409809    
0.539974     -0.810949    139.309985   139.327298   0.023375     -0.035106    6.030686    
-0.821727    -0.327242    18.219991    18.347353    -0.025834    -0.010288    0.572816    
0.234755     0.324369     50.584916    50.624787    0.020572     0.028425     4.432777    
0.591654     0.225257     9.957861     10.170287    0.065971     0.025117     1.110323    
-2.650065    -0.306427    93.595967    93.654667    -0.020117    -0.002326    0.710498    
0.038305     -0.304135    193.825120   193.835358   0.001206     -0.009577    6.103188    
-0.581416    0.834883     73.702952    73.736254    -0.000515    0.000740     0.065342    
-0.514102    -0.541076    31.421680    31.492126    -0.075018    -0.078954    4.585066    
-0.590047    -0.393827    28.457225    28.534047    -0.015422    -0.010294    0.743798    
0.379225     -0.257775    31.218941    31.284301    0.023964     -0.016289    1.972761    
-1.774875    -0.275530    40.890305    40.977044    -0.048344    -0.007505    1.113765    
-0.094874    0.152667     17.903343    18.012134    -0.020522    0.033023     3.872606    
-0.332715    1.072051     18.362709    18.502001    -0.018570    0.059835     1.024886    
-1.175245    0.806968     51.860983    51.917906    -0.020152    0.013837     0.889274    
1.665834     1.235422     175.536756   175.560043   0.638379     0.473438     67.269052   
0.286344     -0.572519    52.773255    52.813835    0.033315     -0.066610    6.139922    
0.919844     -0.474733    14.007972    14.183431    0.094117     -0.048574    1.433275    
-0.297344    -1.102843    13.041417    13.238511    -0.025572    -0.094845    1.121566    
-0.673814    -0.121948    159.614481   159.628088   -0.018406    -0.003331    4.360109    
0.885792     0.391837     45.667150    45.719817    0.008391     0.003712     0.432595    
1.205482     -0.520929    25.060056    25.171530    0.037692     -0.016288    0.783551    
-0.482544    0.561384     26.348230    26.432029    -0.042012    0.048876     2.293948    
-0.248017    1.025880     18.304582    18.440353    -0.007062    0.029210     0.521193    
0.156138     0.975144     20.872036    20.987905    0.000424     0.002650     0.056724    
0.126936     0.080004     70.920725    70.948197    0.006831     0.004305     3.816518    
-0.397981    -0.026936    66.884956    66.915106    -0.025939    -0.001756    4.359273    
0.013900     0.069161     41.944138    41.990363    0.001251     0.006224     3.774980    
-1.057054    -1.535627    18.399595    18.598268    -0.003380    -0.004910    0.058832    
0.562301     -1.438228    17.339318    17.518892    0.027055     -0.069200    0.834277    
1.396048     -0.602635    14.070580    14.288748    0.204708     -0.088367    2.063220    
-0.853823    -0.061183    71.523336    71.555540    -0.118252    -0.008474    9.905814    
-1.472974    -0.308173    65.338411    65.385377    -0.027223    -0.005696    1.207582    
3.389721     1.673898     104.948084   105.034601   0.078227     0.038630     2.421947    
0.317502     0.338333     15.414667    15.546774    0.204424     0.217836     9.924754    
0.360188     -0.351015    6.145222     6.472376     0.001066     -0.001039    0.018188    
-0.546124    0.238877     9.753566     9.968065     -0.166240    0.072714     2.968986    
0.265323     0.661475     9.167451     9.403460     0.008949     0.022312     0.309218    
1.136299     -0.581402    69.977521    70.016838    0.004186     -0.002142    0.257781    
-0.579984    1.074765     8.973000     9.267210     -0.013035    0.024156     0.201670    
-0.499049    0.160237     77.196338    77.223211    -0.003053    0.000980     0.472312    
-0.783542    0.672220     25.277038    25.374583    -0.142834    0.122541     4.607812    
0.957976     0.957980     48.128514    48.187802    0.098060     0.098061     4.926524    
0.775306     -0.752985    93.245835    93.272872    0.020507     -0.019916    2.466329    
0.530300     0.634601     21.686720    21.791574    0.006846     0.008192     0.279952    
0.320161     -0.068074    110.577100   110.595104   0.044603     -0.009484    15.404912   
-0.123987    -1.433743    25.113086    25.231191    -0.025289    -0.292437    5.122258    
-0.361684    1.134709     62.214311    62.256838    -0.015707    0.049276     2.701742    
-0.907032    0.754078     164.070274   164.086322   -0.050934    0.042345     9.213242    
-1.120364    -1.792862    43.605578    43.701155    -0.079290    -0.126884    3.086039    
-0.346392    0.151381     42.540661    42.587859    -0.011392    0.004978     1.399006    
-0.050200    2.449373     48.738848    48.840067    -0.027339    1.333964     26.543883   
-1.289960    1.516315     38.713403    38.814505    -0.330428    0.388410     9.916586    
-0.825801    0.440146     20.966809    21.079794    -0.122191    0.065127     3.102384    
-0.215098    -0.782531    50.421677    50.466613    -0.002984    -0.010855    0.699445    
0.872707     -1.629122    50.152041    50.224673    0.061671     -0.115124    3.544061    
-0.207454    1.466519     23.955831    24.082161    -0.003115    0.022019     0.359679    
0.665675     -0.397138    61.561189    61.597531    0.084678     -0.050518    7.830928    
0.384343     -0.345555    6.586798     6.894055     0.021182     -0.019044    0.363016    
-0.502897    0.690192     47.355281    47.403870    -0.042993    0.059004     4.048390    
-0.408924    0.232428     26.332374    26.410038    -0.040037    0.022757     2.578182    
-1.167805    -0.374012    64.008098    64.050100    -0.122246    -0.039152    6.700363    
-0.631630    0.172150     4.152168     4.641556     -0.101772    0.027738     0.669024    
-1.078015    0.965293     23.482170    23.608922    -0.232250    0.207965     5.059062    
-0.897561    0.066592     39.213829    39.273520    -0.033050    0.002452     1.443922    
0.110285     -0.226644    90.275915    90.297726    0.000312     -0.000642    0.255799    
1.080987     -0.559211    6.594590     6.988907     0.107337     -0.055527    0.654812    
-0.666536    -0.835834    76.974972    77.007559    -0.119901    -0.150356    13.846799   
-0.311291    0.371758     18.812007    18.920932    -0.016475    0.019676     0.995643    
3.072579     -0.431647    50.985107    51.117347    0.117025     -0.016440    1.941870    
0.412428     -0.224866    37.995597    38.049455    0.000397     -0.000216    0.036565    
0.031928     -0.710628    64.539410    64.573341    0.001417     -0.031549    2.865248    
-0.552518    0.941092     100.789304   100.814432   -0.035025    0.059658     6.389254    
-0.635502    1.386356     11.329426    11.599857    -0.001934    0.004218     0.034472    
1.135451     0.328713     83.270968    83.302620    0.100686     0.029149     7.384079    
-1.668581    -0.306206    50.194478    50.261700    -0.006685    -0.001227    0.201114    
-0.842668    0.732463     17.812428    17.955616    -0.082354    0.071584     1.740818    
-1.116102    1.179502     39.470236    39.552641    -0.057519    0.060787     2.034140    
-0.086354    -0.005786    65.422528    65.452193    -0.006891    -0.000462    5.220488    
-1.036528    -0.521582    56.091504    56.138028    -0.144205    -0.072564    7.803630    
-0.042265    -0.064868    16.411028    16.528847    -0.001262    -0.001937    0.489947    
-0.352441    0.674981     25.789223    25.875448    -0.034941    0.066917     2.556733    
1.611664     -0.478661    46.364990    46.437203    0.172645     -0.051275    4.966731    
0.608120     0.377721     94.803649    94.826786    0.030213     0.018766     4.710112    
-0.678160    -0.872088    17.084058    17.232540    -0.000739    -0.000950    0.018607    
-0.536274    1.031336     47.241939    47.297220    -0.055821    0.107352     4.917403    
-0.272374    1.759273     54.017389    54.082553    -0.001470    0.009496     0.291567    
-0.165176    0.763531     106.255887   106.276991   -0.010181    0.047060     6.549104    
0.727812     -1.134382    25.692525    25.803049    0.003312     -0.005162    0.116911    
2.367465     0.372361     198.524070   198.548293   0.260697     0.041003     21.860813   
0.171694     2.164713     27.939711    28.093022    0.004557     0.057451     0.741509    
-0.456924    -1.064736    27.835496    27.929058    -0.045017    -0.104900    2.742417    
0.576100     -2.032984    124.605115   124.638576   0.072704     -0.256563    15.725175   
0.885421     0.118802     31.308846    31.383385    0.014564     0.001954     0.514997    
0.432213     1.709560     15.426413    15.651153    0.033118     0.130994     1.182043    
-0.244776    -1.918728    23.150525    23.314441    -0.008758    -0.068650    0.828301    
-1.129794    1.375192     25.062405    25.202513    -0.004743    0.005773     0.105211    
-0.601656    0.943351     18.990277    19.124787    -0.002399    0.003761     0.075712    
-1.161619    -0.560922    109.136399   109.161773   -0.030688    -0.014819    2.883213    
0.984265     -1.221994    111.482953   111.511371   0.100361     -0.124602    11.367446   
-0.700788    -0.651517    101.204971   101.228635   -0.076293    -0.070929    11.017947   
0.932469     0.347534     32.857058    32.931011    0.076914     0.028666     2.710203    
-1.071880    -1.744980    19.264907    19.473199    -0.060066    -0.097786    1.079573    
-0.462827    0.753131     33.067541    33.137873    -0.031440    0.051160     2.246288    
0.196998     -0.260226    65.194179    65.224707    0.000857     -0.001132    0.283571    
0.264467     0.622694     25.848992    25.932664    0.072186     0.169964     7.055488    
-0.088553    -0.578982    65.741903    65.773975    -0.002157    -0.014102    1.601271    
0.429710     0.013216     9.057154     9.278567     0.018972     0.000584     0.399879    
0.007713     -0.161255    8.775640     8.995158     0.000453     -0.009473    0.515501    
0.293986     2.090918     23.889158    24.062942    0.051651     0.367356     4.197113    
1.553826     1.285244     24.045309    24.209875    0.272571     0.225457     4.218011    
-0.813391    0.171911     16.036861    16.178598    -0.020157    0.004260     0.397424    
-1.396610    0.327646     18.240286    18.402197    -0.143522    0.033670     1.874454    
0.058979     0.453632     8.845800     9.073719     0.001527     0.011748     0.229078    
0.998040     0.841243     37.423572    37.498033    0.014523     0.012241     0.544554    
0.510921     -1.974356    120.427946   120.461298   0.041975     -0.162203    9.893747    
0.309915     -0.971967    42.063755    42.122147    0.024533     -0.076941    3.329753    
0.164943     1.031013     111.821330   111.843529   0.048633     0.303995     32.970567   
0.968713     -0.824347    124.431785   124.453855   0.054020     -0.045970    6.938952    
-0.940518    -2.062570    30.452306    30.599945    -0.138916    -0.304646    4.497864    
-1.068538    -0.532699    79.548136    79.581445    -0.010612    -0.005290    0.790002    
0.174402     0.313004     29.427219    29.495161    0.004207     0.007551     0.709934    
-0.061200    -0.532153    13.561455    13.714042    -0.003638    -0.031632    0.806106    
-0.887345    -2.329604    42.906052    43.023467    -0.073891    -0.193990    3.572853    
-1.338996    -0.350540    111.782646   111.808545   -0.017793    -0.004658    1.485375    
-0.126686    1.897028     109.946868   109.980923   -0.006961    0.104235     6.041218    
0.191455     -0.752397    19.017515    19.134879    0.001028     -0.004041    0.102142    
-1.478869    -0.283078    25.376902    25.497633    -0.413760    -0.079200    7.099982    
-0.763046    1.043072     42.089380    42.155202    -0.056959    0.077862     3.141850    
0.686094     0.694839     19.484515    19.608029    0.080425     0.081450     2.284009    
2.562809     -0.398818    21.649697    21.893181    0.137008     -0.021321    1.157396    
-0.528038    -0.217428    84.832833    84.857590    -0.133718    -0.055061    21.482729   
0.107610     0.329340     122.028915   122.045283   0.010746     0.032888     12.185842   
0.055651     0.096533     81.727007    81.750786    0.007106     0.012326     10.435730   
0.199634     0.615946     36.265733    36.324889    0.013063     0.040304     2.373025    
-0.284983    -0.698119    4.248506     4.742715     -0.001385    -0.003392    0.020642    
0.165863     -0.265868    51.431590    51.470201    0.011061     -0.017730    3.429844    
0.012181     1.794656     26.900263    27.031834    0.000140     0.020555     0.308105    
0.473994     -1.321856    16.920728    17.092629    0.073754     -0.205681    2.632874    
0.354821     0.786578     10.736188    10.949214    0.097111     0.215279     2.938392    
1.571706     -0.688504    37.855730    37.945692    0.035495     -0.015549    0.854927    
0.951019     1.862032     32.874362    32.999549    0.036945     0.072335     1.277081    
0.487864     -0.255067    35.857957    35.916168    0.006329     -0.003309    0.465175    
-0.200525    -1.883088    137.507724   137.534851   -0.014989    -0.140756    10.278354   
0.479324     0.373421     13.247970    13.407194    0.000554     0.000432     0.015312    
0.781136     -0.958677    29.322302    29.414309    0.002887     -0.003544    0.108388    
-0.406152    1.224520     43.283255    43.347198    -0.014249    0.042960     1.518502    
-1.342640    -0.672599    28.211853    28.320287    -0.034891    -0.017478    0.733127    
-0.865650    -0.261037    36.913200    36.976706    -0.133161    -0.040155    5.678284    
-1.029530    -0.080454    35.969113    36.037736    -0.052159    -0.004076    1.822306    
-1.213577    -0.711714    38.087540    38.164315    -0.003581    -0.002100    0.112381    
0.069168     0.874354     14.246854    14.408924    0.002380     0.030085     0.490215    
-0.545694    0.719970     82.979812    83.008074    -0.018982    0.025044     2.886395    
0.384894     -0.740993    72.136759    72.168443    0.017679     -0.034035    3.313374    
-0.243514    0.504489     61.836752    61.870612    -0.007588    0.015720     1.926841    
-0.382571    -0.734899    8.775037     9.031205     -0.024729    -0.047502    0.567199    
0.405961     0.672070     11.897512    12.084793    0.244843     0.405339     7.175629    
0.618015     0.917008     36.323449    36.393553    0.027999     0.041545     1.645638    
0.508140     1.794924     64.219650    64.276889    0.035882     0.126746     4.534774    
-0.456811    -0.874391    55.152936    55.196871    -0.005179    -0.009914    0.625340    
-0.535015    0.820857     9.042061     9.305582     -0.007762    0.011910     0.131189    
-0.435173    -0.831293    32.067310    32.141372    -0.025700    -0.049093    1.893777    
0.668842     -0.182547    28.901960    28.977214    0.090707     -0.024757    3.919624    
-0.088751    0.666333     56.998210    57.036153    -0.001834    0.013772     1.178043    
-1.005344    0.675989     13.463319    13.660292    -0.167529    0.112646     2.243502    
-0.228456    -1.140389    42.862841    42.923779    -0.050565    -0.252405    9.486946    
0.716906     -0.016036    44.141945    44.191633    0.101555     -0.002272    6.253006    
0.353907     0.307298     12.924777    13.082220    0.007687     0.006675     0.280743    
-2.101341    -1.185916    75.704229    75.768247    -0.019778    -0.011162    0.712543    
-0.578067    0.400728     65.567690    65.601003    -0.019908    0.013801     2.258103    
0.217983     -0.016041    32.271007    32.331728    0.013612     -0.001002    2.015199    
2.491305     -1.257278    141.551241   141.592430   0.048235     -0.024343    2.740635    
-0.878203    1.255998     21.896284    22.037944    -0.122409    0.175069     3.052035    
0.352235     -1.961156    23.359072    23.526398    0.020230     -0.112633    1.341556    
-0.023697    0.662910     44.730482    44.778689    -0.000090    0.002520     0.170033    
-0.348223    -0.673055    26.699677    26.782867    -0.002145    -0.004147    0.164501    
-1.258628    0.153831     36.018471    36.094502    -0.232925    0.028468     6.665682    
-0.540589    -0.484953    4.713474     5.159380     -0.014982    -0.013440    0.130631    
-0.307083    -1.206071    56.724608    56.772396    -0.082284    -0.323173    15.199642   
-3.171905    0.089307     58.331611    58.451012    -0.112959    0.003180     2.077335    
1.865690     1.143696     52.822117    52.904062    0.198937     0.121951     5.632368    
0.719633     -0.108589    17.908691    18.031246    0.035666     -0.005382    0.887578    
-0.423564    0.956864     127.966133   127.985550   -0.012002    0.027114     3.626080    
-0.343109    0.800844     41.264824    41.320935    -0.000747    0.001744     0.089855    
0.665112     -1.193191    37.959842    38.035387    0.363605     -0.652295    20.751944   
-0.163493    0.404763     77.757861    77.783999    -0.010252    0.025380     4.875660    
-1.070713    1.256631     21.436631    21.590036    -0.028821    0.033825     0.577016    
-0.022489    0.313757     12.699191    12.854701    -0.006990    0.097523     3.947220    
0.422542     0.075544     59.943756    59.977605    0.023149     0.004139     3.284051    
0.647322     -0.147005    62.554806    62.589291    0.052912     -0.012016    5.113222    
-0.096627    -0.520161    84.849269    84.873750    -0.006331    -0.034079    5.558976    
-1.495854    0.473832     30.345719    30.449954    -0.331278    0.104937     6.720496    
0.139544     0.656579     65.468256    65.501283    0.028897     0.135967     13.557397   
-0.654681    -0.175582    162.699754   162.713074   -0.001485    -0.000398    0.368939    
-0.265195    0.594828     10.492127    10.695037    -0.004819    0.010809     0.190661    
-0.938359    0.234256     18.530484    18.659828    -0.007958    0.001987     0.157145    
-0.728862    -0.177426    31.883392    31.952908    -0.001866    -0.000454    0.081646    
0.242038     0.641071     17.340796    17.465615    0.015902     0.042118     1.139289    
-0.290841    0.164306     55.262955    55.299012    -0.002414    0.001364     0.458696    
1.749174     1.605932     13.321015    13.673442    0.006436     0.005909     0.049012    
-0.255652    0.240856     8.433299     8.667113     -0.003179    0.002995     0.104880    
-0.425406    2.326945     134.395773   134.431002   -0.008825    0.048275     2.788174    
-0.614627    -1.655350    63.734168    63.789004    -0.003479    -0.009369    0.360709    
0.624906     0.002883     36.375183    36.433768    0.052035     0.000240     3.028883    
0.630566     -0.834670    18.000463    18.137969    0.000342     -0.000453    0.009766    
-0.314620    0.450678     31.980714    32.045953    -0.003285    0.004705     0.333894    
0.535968     -1.677954    34.807590    34.907679    0.039955     -0.125088    2.594842    
-0.328631    -0.037070    28.060400    28.131306    -0.013111    -0.001479    1.119510    
0.428320     -0.727536    10.616962    10.830863    0.003023     -0.005135    0.074928    
-0.063575    -0.009404    22.299631    22.386438    -0.002687    -0.000397    0.942540    
-0.496072    -0.978169    19.432536    19.562753    -0.132972    -0.262198    5.208895    
1.496337     -0.500194    194.068618   194.085014   0.032738     -0.010944    4.245980    
-0.085984    -0.269356    69.175409    69.203989    -0.003383    -0.010598    2.721826    
-0.984372    -0.054995    55.090159    55.134133    -0.105769    -0.005909    5.919340    
-0.222651    -0.394260    13.990925    14.135981    -0.040426    -0.071585    2.540294    
0.068591     -0.280133    53.259833    53.296979    0.004976     -0.020323    3.863936    
-0.031110    0.987289     40.759688    40.819148    -0.003943    0.125127     5.165788    
0.658534     0.656085     64.051459    64.088442    0.011048     0.011007     1.074556    
-0.232286    -0.125682    44.996083    45.039895    -0.000417    -0.000226    0.080873    
-1.163955    0.846477     78.186870    78.224887    -0.033495    0.024359     2.249962    
-0.686000    0.629023     49.623106    49.670855    -0.015597    0.014302     1.128245    
0.117328     -0.891347    42.482708    42.537791    0.019502     -0.148160    7.061510    
-0.225563    -0.311676    29.684680    29.752365    -0.008025    -0.011089    1.056156    
1.974267     0.247923     12.430939    12.742150    0.084132     0.010565     0.529736    
-1.074656    -0.548345    38.749290    38.818011    -0.030925    -0.015780    1.115087    
-1.233043    -0.795761    84.312731    84.348474    -0.257974    -0.166487    17.639717   
0.066723     -0.640900    8.209785     8.467038     0.006821     -0.065523    0.839332    
1.077308     -0.406822    103.158295   103.183501   0.022671     -0.008561    2.170875    
0.867975     -0.702410    37.693016    37.760895    0.050500     -0.040867    2.193028    
-1.269084    0.424634     87.988340    88.020530    -0.034484    0.011538     2.390867    
-0.826855    -1.314337    30.130277    30.234413    -0.051589    -0.082003    1.879866    
-0.493102    -0.516493    12.559259    12.732630    -0.137151    -0.143657    3.493230    
-0.180490    -0.548672    165.888602   165.901286   -0.020281    -0.061653    18.640493   
-0.264004    -0.882207    50.503107    50.549845    -0.012142    -0.040576    2.322813    
0.936959     -0.017385    12.776617    12.961292    0.117349     -0.002177    1.600201    
0.608955     -0.502042    92.622681    92.646958    0.001293     -0.001066    0.196608    
-0.815167    1.423716     38.175599    38.261505    -0.113104    0.197540     5.296851    
1.648636     -0.196365    15.737956    15.947250    0.018426     -0.002195    0.175894    
0.010019     0.209318     4.626688     5.032406     0.000129     0.002690     0.059459    
0.813772     0.050946     13.354905    13.523803    0.075482     0.004726     1.238745    
1.904334     0.380270     31.957136    32.076543    0.527776     0.105390     8.856756    
0.565779     0.266374     8.658494     8.901434     0.019826     0.009334     0.303417    
0.379672     2.241111     20.691727    20.909071    0.040228     0.237458     2.192401    
-0.160124    0.144867     24.616662    24.696186    -0.011746    0.010627     1.805794    
0.388033     -1.084884    7.422788     7.765326     0.005331     -0.014904    0.101972    
-0.442757    -0.771226    25.074406    25.167273    -0.001657    -0.002886    0.093817    
0.772802     -1.889160    34.427310    34.543897    0.121545     -0.297123    5.414650    
-3.415563    -0.663258    101.736933   101.815443   -0.223775    -0.043454    6.665439    
-0.474222    0.715346     20.017795    20.132652    -0.001215    0.001833     0.051297    
0.400281     0.332451     98.666266    98.687272    0.077319     0.064217     19.058567   
-0.957313    -1.479884    53.531569    53.596738    -0.046683    -0.072165    2.610422    
-0.258857    -1.866027    50.692478    50.765651    -0.004869    -0.035098    0.953482    
-2.604654    -0.769304    27.943750    28.144345    -0.385431    -0.113840    4.135059    
1.297808     -0.021555    23.927987    24.043882    0.012781     -0.000212    0.235651    
-0.664664    0.761168     13.930850    14.105485    -0.051847    0.059375     1.086676    
0.710590     -0.393274    58.870650    58.909151    0.005729     -0.003171    0.474631    
0.441488     -0.013366    48.180088    48.222307    0.101867     -0.003084    11.116900   
-1.551232    -0.820958    26.071326    26.204375    -0.026925    -0.014250    0.452530    
0.455778     0.326936     63.216946    63.250074    0.006039     0.004332     0.837680    
-0.283025    -0.183123    18.301848    18.410492    -0.021912    -0.014177    1.416924    
-0.930156    0.094701     65.081894    65.118369    -0.020080    0.002044     1.404945    
0.248890     -1.350157    93.134791    93.165708    0.040838     -0.221534    15.281551   
-0.931629    0.919489     35.064254    35.143850    -0.053085    0.052394     1.998007    
-0.447447    -0.717442    21.829468    21.934346    -0.030716    -0.049251    1.498553    
-0.086688    0.848105     20.722293    20.833031    -0.001036    0.010137     0.247676    
0.578593     0.589487     42.381398    42.435128    0.054371     0.055395     3.982656    
-0.567503    0.243398     105.323678   105.343882   -0.085170    0.036529     15.806743   
-0.636531    -0.338852    46.683022    46.730071    -0.031238    -0.016629    2.291000    
2.365223     1.217589     61.248728    61.338066    0.017817     0.009172     0.461376    
-0.191139    -0.279121    33.934781    33.993510    -0.006801    -0.009932    1.207447    
-1.582675    -0.471901    18.099683    18.281166    -0.041730    -0.012442    0.477228    
0.417310     -0.547307    13.843340    13.999525    0.020056     -0.026304    0.665323    
0.170126     -0.869276    30.923535    30.998783    0.068486     -0.349934    12.448534   
0.966778     0.200270     34.090008    34.161066    0.116111     0.024053     4.094231    
-0.635882    -0.538258    41.926223    41.980677    -0.044030    -0.037271    2.903093    
1.051426     -1.015242    17.699973    17.868973    0.044666     -0.043129    0.751917    
0.091976     0.915970     8.642657     8.911674     0.015473     0.154096     1.453980    
-0.288301    -2.252374    21.383929    21.594066    -0.001450    -0.011326    0.107532    
1.429041     0.150034     52.059573    52.116589    0.128611     0.013503     4.685256    
0.578376     0.361129     16.997446    17.124633    0.016274     0.010161     0.478272    
0.110769     0.550216     65.944766    65.976527    0.002932     0.014564     1.745565    
0.918066     -0.665998    74.167930    74.202717    0.261509     -0.189708    21.126539   
0.829855     -0.286801    29.849857    29.927576    0.036275     -0.012537    1.304802    
-0.674039    -0.515969    5.515640     5.917583     -0.030794    -0.023572    0.251984    
0.235168     -0.953812    37.803365    37.867327    0.001967     -0.007978    0.316187    
-1.108667    0.002564     59.236362    59.279429    -0.025104    0.000058     1.341300    
0.332039     -0.731739    28.395159    28.474650    0.019552     -0.043087    1.672000    
1.158677     -2.083221    34.353580    34.492401    0.112766     -0.202746    3.343400    
0.116887     0.229303     64.410040    64.440628    0.013922     0.027312     7.671776    
-2.218573    0.510394     24.618112    24.801390    -0.022530    0.005183     0.249997    
0.192907     -0.600800    37.128996    37.186496    0.050827     -0.158299    9.782753    
-0.721269    -0.872593    8.925722     9.210055     -0.283836    -0.343386    3.512485    
0.126891     0.081747     50.698844    50.737270    0.002332     0.001502     0.931703    
-0.865090    -0.190151    24.096561    24.193051    -0.253342    -0.055686    7.056691    
-0.576631    0.277193     89.891274    89.915101    -0.004726    0.002272     0.736768    
-0.105528    0.275078     63.530567    63.561739    -0.017336    0.045189     10.436718   
1.094674     0.986585     58.773973    58.825390    0.096596     0.087058     5.186328    
-0.333674    0.775166     62.099740    62.136663    -0.003575    0.008305     0.665298    
0.207469     -0.982355    8.942212     9.211199     0.020624     -0.097652    0.888906    
0.260974     0.859116     14.362050    14.524105    0.009151     0.030126     0.503629    
0.350418     0.470309     18.089733    18.205970    0.038723     0.051971     1.999004    
-0.275234    -1.893128    30.656125    30.778770    -0.024203    -0.166477    2.695820    
0.788134     0.320803     9.479585     9.719133     0.024433     0.009945     0.293879    
1.489560     -0.045758    12.612969    12.852347    0.219263     -0.006736    1.856627    
0.863919     0.267640     24.316809    24.413114    0.040583     0.012572     1.142281    
0.755616     -0.469236    27.846996    27.930651    0.100265     -0.062265    3.695121    
1.573728     1.635361     16.025133    16.304321    0.092251     0.095864     0.939384    
0.691823     0.410072     82.020494    82.048054    0.125566     0.074428     14.886769   
-0.994841    1.258880     32.705148    32.803599    -0.015207    0.019243     0.499918    
0.481408     0.359685     14.983868    15.124562    0.035518     0.026538     1.105512    
-1.141515    1.026407     40.637278    40.713878    -0.015580    0.014009     0.554643    
-1.127587    -0.699598    87.309971    87.342240    -0.021283    -0.013205    1.647992    
-1.386394    -0.489380    25.648722    25.766131    -0.055631    -0.019637    1.029186    
-0.826658    -1.500148    14.385993    14.620723    -0.037055    -0.067245    0.644859    
0.039750     0.227699     85.552271    85.575226    0.000323     0.001847     0.694110    
-0.593390    1.789994     24.223326    24.376231    -0.041873    0.126313     1.709344    
0.252217     0.296050     49.752569    49.793015    0.068136     0.079977     13.440546   
0.746500     -1.086061    78.753427    78.789047    0.082169     -0.119545    8.668579    
-0.348255    -0.695331    59.788793    59.826244    -0.053436    -0.106690    9.173893    
-0.604787    0.704403     104.644896   104.667527   -0.004364    0.005083     0.755146    
-1.071692    0.528955     95.833916    95.861581    -0.208826    0.103070     18.673874   
1.423931     1.089631     77.998749    78.044184    0.239524     0.183290     13.120416   
-0.462323    0.216976     6.877440     7.171817     -0.076168    0.035747     1.133057    
0.069179     -1.538536    20.508561    20.660297    0.003274     -0.072804    0.970478    
1.239561     -1.926009    56.437603    56.518351    0.042015     -0.065282    1.912949    
0.229121     -0.577322    115.690004   115.708417   0.037595     -0.094730    18.983018   
4.150773     4.094495     60.194420    60.508156    0.757102     0.746837     10.979474   
1.391675     -0.310982    38.697829    38.774095    0.049840     -0.011137    1.385896    
0.184693     0.656083     27.231654    27.311215    0.010807     0.038391     1.593484    
0.379138     -2.343485    52.181855    52.272905    0.039768     -0.245808    5.473343    
0.132840     0.272116     96.316533    96.337123    0.001872     0.003834     1.357046    
0.257220     -0.772122    39.908897    39.965702    0.023726     -0.071222    3.681249    
-0.111886    0.217616     16.230283    16.351052    -0.030344    0.059020     4.401807    
-0.995204    -0.055290    25.949974    26.043610    -0.015878    -0.000882    0.414025    
0.625182     1.000936     28.850050    28.941200    0.039643     0.063470     1.829413    
-2.524543    0.187099     50.228145    50.330406    -0.245666    0.018207     4.887762    
-0.631376    -0.940326    25.366496    25.467958    -0.056099    -0.083549    2.253852    
-1.392015    0.897561     23.650303    23.789811    -0.092034    0.059343     1.563661    
0.896916     -0.322400    135.947493   135.965085   0.020195     -0.007259    3.060943    
0.758748     0.580554     46.043737    46.095698    0.115886     0.088670     7.032432    
-0.458969    0.616080     8.515962     8.774211     -0.035879    0.048161     0.665718    
1.193483     -0.881693    56.751812    56.805325    0.058556     -0.043259    2.784444    
-1.993204    0.765278     65.961309    66.025205    -0.066245    0.025434     2.192256    
0.357293     0.146022     117.407754   117.424889   0.054074     0.022100     17.768930   
0.615823     0.099678     15.770388    15.905008    0.188246     0.030470     4.820730    
0.497516     0.442562     30.495998    30.566718    0.067896     0.060396     4.161770    
0.704958     -0.696915    18.230028    18.362775    0.011359     -0.011230    0.293749    
-0.418284    -1.209152    16.905825    17.068066    -0.002265    -0.006546    0.091527    
-1.855369    -0.023666    19.449798    19.637020    -0.123233    -0.001572    1.291852    
-0.584765    0.127217     28.374646    28.449141    -0.066965    0.014568     3.249351    
0.312876     0.304814     65.917949    65.948782    0.049481     0.048206     10.424761   
-0.536381    0.028791     50.400238    50.441526    -0.009135    0.000490     0.858397    
-0.490300    1.780993     15.762203    15.991695    -0.018450    0.067020     0.593147    
0.400530     0.197030     26.676843    26.753096    0.011208     0.005513     0.746490    
-1.468422    -0.220074    23.918521    24.045276    -0.166927    -0.025018    2.719000    
-0.597882    1.021533     58.944582    58.989319    -0.021891    0.037403     2.158243    
-1.798681    0.396758     97.251400    97.288758    -0.007558    0.001667     0.408665    
-0.790410    -0.026201    31.744772    31.815577    -0.075341    -0.002497    3.025883    
0.427159     0.569509     75.810171    75.839065    0.051255     0.068336     9.096560    
1.711122     0.631877     65.725825    65.780592    0.006850     0.002530     0.263124    
0.778759     -1.150402    38.744184    38.819024    0.002172     -0.003209    0.108073    
-0.336502    0.619385     45.694677    45.742489    -0.007290    0.013419     0.989984    
0.637719     -0.602759    19.617480    19.735513    0.053349     -0.050424    1.641109    
0.877844     0.826787     98.079021    98.106185    0.060107     0.056611     6.715542    
0.354765     -0.201280    87.949405    87.972378    0.032736     -0.018573    8.115644    
0.450515     -0.154769    64.646489    64.678207    0.032231     -0.011073    4.624999    
-0.079223    0.171951     41.753201    41.800007    -0.006438    0.013974     3.393182    
-0.251020    0.484585     80.605094    80.630974    -0.007932    0.015313     2.547112    
-0.955532    -0.368918    15.424461    15.583264    -0.038895    -0.015017    0.627862    
-2.070157    -1.518583    12.951990    13.349931    -0.338232    -0.248114    2.116159    
0.426981     -0.976787    36.533850    36.602371    0.064321     -0.147144    5.503476    
-1.379457    -0.422423    95.062896    95.094219    -0.049701    -0.015220    3.425053    
-0.877071    -0.588218    104.043359   104.067338   -0.021563    -0.014462    2.557986    
-0.947610    -0.825870    21.761819    21.886794    -0.028886    -0.025175    0.663372    
0.773335     0.857577     48.185107    48.239122    0.014177     0.015721     0.883338    
0.023748     -0.124425    5.259510     5.617245     0.000841     -0.004404    0.186151    
-1.392894    -1.063791    29.901969    30.017903    -0.065618    -0.050114    1.408651    
0.273368     0.695962     14.222101    14.377142    0.009198     0.023417     0.478540    
-0.321396    -0.386369    17.105827    17.226051    -0.004069    -0.004891    0.216541    
-1.148126    0.585332     39.832886    39.902313    -0.070368    0.035874     2.441320    
0.553120     0.738788     90.162552    90.188761    0.014038     0.018751     2.288346    
-1.079423    0.032851     28.091357    28.180943    -0.420722    0.012804     10.949044   
-0.720915    1.203660     40.805098    40.876637    -0.049372    0.082433     2.794550    
-0.211356    -0.573096    103.218316   103.238892   -0.006235    -0.016906    3.044855    
-1.018472    -1.336474    111.222189   111.252298   -0.004722    -0.006196    0.515652    
-0.490926    -0.558346    19.487039    19.600316    -0.078822    -0.089647    3.128802    
0.213571     -0.756169    19.787971    19.901160    0.014157     -0.050123    1.311651    
0.394503     -1.126919    30.245361    30.332860    0.020427     -0.058352    1.566107    
-0.067146    -0.344163    12.878895    13.033183    -0.002127    -0.010902    0.407947    
-2.621996    1.125897     147.072700   147.113550   -0.338956    0.145549     19.012683   
-0.037590    1.050462     29.832252    29.915599    -0.007429    0.207618     5.896178    
0.229346     0.993440     146.904117   146.920843   0.011685     0.050613     7.484351    
-0.931652    0.560941     18.618281    18.753613    -0.018825    0.011335     0.376210    
-1.140242    1.913077     35.547591    35.671644    -0.051434    0.086295     1.603487    
0.645986     1.035659     32.224810    32.307944    0.029778     0.047740     1.485447    
0.049149     -0.794422    24.422706    24.514833    0.002088     -0.033747    1.037487    
0.039623     0.045037     10.250784    10.438252    0.003418     0.003885     0.884345    
1.147211     -2.165971    84.881356    84.939549    0.017429     -0.032906    1.289524    
0.368008     0.721504     29.102350    29.180091    0.059554     0.116760     4.709578    
-0.023815    0.663414     69.684787    69.715745    -0.002340    0.065193     6.847859    
1.213222     -0.052064    81.283561    81.316462    0.121793     -0.005227    8.159903    
-0.397327    -0.496440    24.506203    24.593359    -0.016449    -0.020552    1.014531    
-0.011702    -0.219998    41.310840    41.358300    -0.001803    -0.033904    6.366477    
0.567314     -0.264791    56.605549    56.643226    0.021129     -0.009862    2.108221    
0.112878     0.355349     16.258999    16.381972    0.004537     0.014283     0.653515    
-0.320175    -0.838850    60.445498    60.484207    -0.011136    -0.029176    2.102367    
-0.868039    0.724706     21.029122    21.151303    -0.042874    0.035795     1.038675    
-0.541407    1.128179     98.905579    98.933081    -0.035051    0.073039     6.403238    
-0.488976    1.030961     17.285970    17.435071    -0.018527    0.039062     0.654947    
1.177642     0.283916     33.498893    33.578538    0.024975     0.006021     0.710433    
-0.991880    -1.051441    69.226495    69.269560    -0.002612    -0.002769    0.182288    
0.302091     -0.409267    12.738505    12.899737    0.065814     -0.089164    2.775232    
0.319557     0.079138     19.173730    19.277324    0.002514     0.000623     0.150866    
-1.176318    -1.110643    20.071584    20.232664    -0.089278    -0.084293    1.523351    
-1.391918    -0.264648    45.187425    45.252467    -0.123919    -0.023561    4.022927    
0.506147     0.993846     10.447310    10.689488    0.028816     0.056582     0.594790    
-0.113283    -0.144264    8.185401     8.420771     -0.000710    -0.000905    0.051335    
-0.930062    -1.479500    29.441086    29.558526    -0.019016    -0.030250    0.601951    
-0.307349    2.582515     11.238232    11.701994    -0.016978    0.142658     0.620801    
1.979917     -0.873768    22.311444    22.502423    0.212248     -0.093668    2.391798    
0.226538     0.888614     25.349334    25.442182    0.010735     0.042110     1.201278    
1.830295     1.275122     40.157112    40.267164    0.180637     0.125845     3.963217    
0.794484     1.029948     81.568252    81.602369    0.113559     0.147215     11.658883   
-0.448807    1.235645     14.477296    14.669536    -0.032437    0.089305     1.046336    
-0.547469    -0.125010    65.985018    66.016762    -0.042932    -0.009803    5.174480    
0.109995     1.210580     41.768791    41.832816    0.014993     0.165005     5.693179    
-0.792540    0.084698     20.401478    20.511717    -0.038545    0.004119     0.992229    
1.232602     0.819419     21.301525    21.443430    0.047035     0.031268     0.812850    
3.133392     -0.136190    65.657967    65.762301    0.247423     -0.010754    5.184574    
0.657686     -0.000231    59.696048    59.732116    0.036398     -0.000013    3.303747    
0.421652     2.894143     132.147787   132.194805   0.023859     0.163761     7.477403    
-1.943953    0.359840     29.387230    29.519361    -0.088711    0.016421     1.341065    
2.019838     1.156587     30.989031    31.138601    0.248932     0.142542     3.819203    
-2.665879    3.480306     79.285006    79.430514    -0.968684    1.264618     28.809312   
-0.461823    1.373376     7.083528     7.493381     -0.031561    0.093858     0.484094    
-1.367219    -0.543315    43.992979    44.061567    -0.045226    -0.017972    1.455234    
-1.654077    1.390630     127.423784   127.457309   -0.049135    0.041309     3.785190    
0.283098     -0.251759    45.659229    45.703213    0.008865     -0.007884    1.429768    
1.334382     0.947017     48.240063    48.307930    0.051944     0.036865     1.877863    
-1.541846    0.651649     10.039301    10.366506    -0.013051    0.005516     0.084979    
-0.202346    2.392591     17.589185    17.861126    -0.034140    0.403680     2.967665    
1.498087     0.169695     72.852449    72.894632    0.067419     0.007637     3.278589    
0.842864     0.248337     59.676893    59.715815    0.033999     0.010017     2.407193    
-0.221934    -0.399609    61.897850    61.930830    -0.006325    -0.011388    1.763956    
-0.248228    -0.405017    39.842740    39.894166    -0.014732    -0.024038    2.364660    
-0.779776    0.379636     10.491352    10.709603    -0.056504    0.027509     0.760229    
0.109659     0.145913     31.829087    31.890422    0.014526     0.019328     4.216180    
0.343958     0.778944     41.422117    41.477606    0.018140     0.041080     2.184514    
0.488403     0.479468     20.047902    20.155935    0.044153     0.043346     1.812401    
-1.449268    -0.017823    19.081821    19.237763    -0.065001    -0.000799    0.855832    
0.847572     1.153484     19.207042    19.360639    0.080997     0.110231     1.835496    
0.140300     1.607270     109.901933   109.931401   0.003986     0.045658     3.122024    
-2.125530    0.128493     45.062545    45.155756    -0.194610    0.011765     4.125861    
1.177973     0.083168     9.584375     9.855442     0.045544     0.003216     0.370560    
0.102120     -1.440248    49.692176    49.752106    0.005014     -0.070714    2.439801    
-0.840008    -0.090068    46.517383    46.566679    -0.000526    -0.000056    0.029125    
-1.250833    1.372332     107.365935   107.400032   -0.062496    0.068566     5.364358    
-1.470067    0.975725     33.017906    33.123560    -0.027926    0.018535     0.627222    
0.016582     -0.622705    71.284130    71.314026    0.002389     -0.089706    10.269109   
1.665448     0.769957     35.705891    35.807153    0.016515     0.007635     0.354077    
0.425073     0.808765     5.301550     5.728540     0.050901     0.096848     0.634847    
-0.287958    -0.336858    75.174019    75.201093    -0.012373    -0.014474    3.229983    
-0.112750    -0.560604    27.133189    27.210511    -0.003643    -0.018115    0.876774    
0.380468     -1.014484    93.432385    93.459400    0.006483     -0.017287    1.592116    
-1.008755    0.432079     11.018408    11.246535    -0.066893    0.028652     0.730663    
0.101287     1.163620     13.509018    13.701562    0.002323     0.026692     0.309878    
-0.533517    0.818392     18.839335    18.967074    -0.042525    0.065232     1.501631    
0.843975     -0.031682    16.849368    16.984977    0.116823     -0.004385    2.332284    
1.386252     -0.637672    22.213426    22.352619    0.041515     -0.019097    0.665243    
0.981497     -0.457869    15.067203    15.233796    0.046067     -0.021490    0.707186    
0.351275     -0.228478    28.937217    29.007122    0.003132     -0.002037    0.258005    
-0.268677    0.649227     30.443847    30.515511    -0.014289    0.034527     1.619074    
0.249501     -0.298005    26.825990    26.900925    0.019029     -0.022729    2.046018    
-0.899343    -1.318271    36.750054    36.837319    -0.167563    -0.245617    6.847173    
0.797979     -0.078405    10.669191    10.878856    0.040264     -0.003956    0.538339    
0.115706     0.128110     37.467635    37.519707    0.012033     0.013323     3.896544    
-1.317536    -0.782349    56.384176    56.439332    -0.280792    -0.166734    12.016561   
0.232821     0.576687     13.071665    13.233674    0.009223     0.022844     0.517809    
-0.334877    -0.468939    27.016705    27.094453    -0.028984    -0.040587    2.338336    
