-0.640795    -0.115093    16.696819    16.825059    -0.117418    -0.021089    3.059489    
-0.556145    0.542934     31.699363    31.769933    -0.051513    0.050289     2.936150    
-0.353812    1.393611     36.475597    36.556962    -0.003527    0.013890     0.363560    
-0.546543    1.788993     57.366744    57.430980    -0.008187    0.026800     0.859368    
-0.471074    0.865072     15.654532    15.808529    -0.029836    0.054790     0.991483    
2.304217     -1.007985    80.308104    80.371587    0.116704     -0.051052    4.067431    
0.111538     -0.027433    89.270616    89.292390    0.001365     -0.000336    1.092323    
0.191533     -0.003241    92.169492    92.190709    0.079215     -0.001340    38.120007   
-1.064541    -1.416671    84.730858    84.772244    -0.011847    -0.015766    0.942949    
-0.303640    1.128337     11.952946    12.170177    -0.042174    0.156721     1.660211    
0.548755     -1.354191    18.537555    18.698954    0.005143     -0.012692    0.173739    
0.848172     0.242067     15.409534    15.559777    0.072362     0.020652     1.314675    
-0.965940    -0.400086    47.386544    47.438936    -0.101042    -0.041851    4.956842    
0.286607     -0.116038    30.777282    30.841719    0.040307     -0.016319    4.328389    
0.722393     -0.630582    23.084090    23.187705    0.081117     -0.070808    2.592097    
-0.811840    0.531640     11.618859    11.824321    -0.095053    0.062246     1.360371    
-0.485820    -1.605082    34.692344    34.788590    -0.000233    -0.000769    0.016631    
-0.124417    0.866681     11.952407    12.145023    -0.014375    0.100138     1.381006    
-1.824545    -0.183277    41.680492    41.767224    -0.150388    -0.015107    3.435507    
-0.529125    -0.024038    15.482566    15.616188    -0.031390    -0.001426    0.918496    
0.822781     -0.198092    14.521978    14.679203    0.181821     -0.043775    3.209117    
-0.639365    -0.611816    43.803113    43.856251    -0.194396    -0.186020    13.318118   
1.068582     0.363304     47.646752    47.700752    0.099565     0.033851     4.439482    
0.538053     -0.352895    8.701713     8.944764     0.042383     -0.027798    0.685447    
0.441932     1.372139     51.595914    51.653571    0.012793     0.039719     1.493538    
-0.457125    -0.602811    31.013724    31.085340    -0.059329    -0.078237    4.025158    
-0.697346    0.163273     16.075333    16.211238    -0.026887    0.006295     0.619812    
-1.547719    -0.478783    22.658608    22.801582    -0.465059    -0.143865    6.808458    
-0.765645    0.914290     26.381635    26.481839    -0.032747    0.039104     1.128340    
-0.816436    -1.121432    49.436809    49.495426    -0.036589    -0.050257    2.215517    
0.449042     0.562317     83.901308    83.927482    0.068015     0.085173     12.708353   
-0.458536    0.090436     31.655302    31.719892    -0.029596    0.005837     2.043154    
-0.029546    -0.079846    52.893074    52.929760    -0.000148    -0.000399    0.264535    
0.786942     0.778034     49.261431    49.313165    0.062108     0.061405     3.887875    
0.019125     0.146777     37.856210    37.907645    0.000126     0.000966     0.249265    
-0.356301    0.920502     89.350508    89.377640    -0.011669    0.030147     2.926253    
0.523910     -0.220159    45.118196    45.164693    0.009349     -0.003929    0.805157    
-0.407668    0.509711     71.434097    71.464195    -0.007935    0.009922     1.390503    
-0.849935    -0.034546    41.933705    41.988501    -0.020785    -0.000845    1.025469    
-0.512160    -0.181783    31.379472    31.445852    -0.055432    -0.019675    3.396273    
-0.099705    2.322912     55.516132    55.599656    -0.001583    0.036882     0.881467    
-0.097602    -1.146749    42.044006    42.105795    -0.002889    -0.033940    1.244369    
1.008865     0.332170     14.161130    14.336691    0.049960     0.016449     0.701272    
-0.902851    -0.405910    21.800006    21.911073    -0.308576    -0.138732    7.450795    
-0.638080    0.921499     15.084064    15.253204    -0.158600    0.229046     3.749260    
-1.425606    -1.097939    33.988555    34.093030    -0.074098    -0.057067    1.766613    
1.006092     0.551547     92.584149    92.612181    0.297464     0.163072     27.373658   
-0.059982    0.363296     20.497406    20.595004    -0.015110    0.091517     5.163467    
0.741065     1.666074     75.832621    75.880078    0.114380     0.257150     11.704384   
-0.448478    1.173315     43.234180    43.297194    -0.016764    0.043859     1.616115    
0.339336     0.091528     10.561914    10.749535    0.007867     0.002122     0.244877    
0.642379     1.052405     43.444274    43.506323    0.032376     0.053041     2.189598    
-0.680266    0.459255     14.660984    14.815299    -0.142446    0.096167     3.069980    
-0.715652    -0.717802    12.518011    12.712315    -0.010463    -0.010494    0.183010    
0.211154     0.206803     63.927896    63.958879    0.003260     0.003193     0.986954    
0.415508     -0.913662    50.621327    50.669529    0.111123     -0.244348    13.538090   
0.892887     -0.632006    10.020945    10.270879    0.048626     -0.034419    0.545734    
-0.683544    -1.028922    31.687676    31.772782    -0.027856    -0.041932    1.291366    
-0.293991    -0.629542    64.164054    64.198003    -0.042829    -0.091711    9.347402    
0.598042     -0.098398    18.231600    18.347576    0.028993     -0.004770    0.883876    
0.044087     0.878736     10.535393    10.753770    0.000773     0.015410     0.184760    
2.385083     -1.619086    113.991359   114.044794   0.072846     -0.049451    3.481568    
0.535148     -0.216399    15.101098    15.239794    0.016185     -0.006545    0.456723    
0.791124     -0.235688    35.191085    35.255763    0.000089     -0.000027    0.003962    
0.883647     1.115072     67.112472    67.156407    0.063986     0.080744     4.859704    
0.555226     -2.086896    29.454789    29.599375    0.108910     -0.409355    5.777698    
-0.579494    -0.525043    15.000734    15.149537    -0.040083    -0.036317    1.037583    
-1.056707    -0.590654    28.900907    28.993153    -0.086381    -0.048284    2.362530    
-0.933139    -0.452127    24.495259    24.596094    -0.049177    -0.023827    1.290916    
1.428194     0.878147     27.167617    27.290388    0.399129     0.245411     7.592375    
-0.302004    0.258033     127.824924   127.840697   -0.025128    0.021469     10.635588   
-0.457911    0.155193     21.712141    21.806554    -0.074219    0.025154     3.519123    
-0.333755    1.501014     28.474272    28.583624    -0.026265    0.118123     2.240789    
-0.709149    -0.708847    25.566589    25.661855    -0.031314    -0.031301    1.128964    
-1.735440    0.189901     65.713930    65.766583    -0.202419    0.022150     7.664779    
-0.677133    0.399725     52.969832    53.012229    -0.003389    0.002001     0.265143    
-1.221337    -0.335115    61.423216    61.467799    -0.047997    -0.013170    2.413842    
-0.095066    -0.196409    107.427879   107.446134   -0.006418    -0.013260    7.252617    
0.586897     -0.660135    55.537892    55.579786    0.087876     -0.098842    8.315692    
-0.185945    1.450962     19.873146    20.023904    -0.026234    0.204709     2.803802    
-1.464950    0.649057     51.079683    51.142705    -0.304549    0.134933     10.618984   
0.085415     1.140155     10.276164    10.525291    0.002530     0.033778     0.304436    
-0.476954    -0.857236    11.386030    11.596506    -0.131739    -0.236776    3.144925    
-0.844822    1.332890     98.358927    98.391279    -0.039454    0.062248     4.593497    
0.312405     0.446607     52.409753    52.449539    0.028225     0.040350     4.735097    
-0.319552    0.194443     8.449454     8.683786     -0.004414    0.002686     0.116716    
6.115093     -1.576566    68.824600    69.141742    0.473327     -0.122031    5.327234    
0.522150     0.404097     28.067384    28.144075    0.042830     0.033147     2.302264    
0.174456     -0.276600    134.290354   134.305179   0.008030     -0.012731    6.180881    
-0.999508    1.922938     28.006785    28.159397    -0.011989    0.023065     0.335937    
0.233104     -2.162314    43.087835    43.187573    0.022675     -0.210340    4.191397    
-0.575807    -0.314425    6.110182     6.452883     -0.013945    -0.007615    0.147981    
-1.600543    -1.374094    14.776018    15.055083    -0.085455    -0.073364    0.788907    
0.005976     -2.922105    52.140352    52.259257    0.000011     -0.005588    0.099714    
-1.306444    -0.161270    19.718665    19.860350    -0.470469    -0.058076    7.100972    
0.435442     1.042698     15.826456    15.988386    0.018146     0.043451     0.659520    
-1.131078    -0.785636    15.795308    15.976960    -0.212085    -0.147312    2.961730    
-1.605602    0.314039     32.730694    32.830624    -0.095475    0.018674     1.946291    
0.099925     -0.086907    23.494513    23.577206    0.001802     -0.001567    0.423614    
-0.009433    -0.596989    31.760682    31.827226    -0.000015    -0.000922    0.049042    
0.233308     -0.027669    66.593058    66.622560    0.005620     -0.000666    1.604032    
-0.017689    -0.460690    77.271532    77.297976    -0.001465    -0.038153    6.399342    
1.110485     0.184764     15.039964    15.209957    0.048570     0.008081     0.657809    
-0.208859    2.108040     72.331476    72.389259    -0.001238    0.012493     0.428646    
0.409170     -0.511497    21.244816    21.345871    0.071720     -0.089656    3.723825    
0.150144     0.073399     18.237122    18.343813    0.011529     0.005636     1.400347    
-1.178818    -1.484854    60.939461    61.000715    -0.092973    -0.117110    4.806261    
0.533702     2.266786     35.826642    35.956174    0.018056     0.076691     1.212107    
-0.877398    -0.095271    60.317210    60.355776    -0.038402    -0.004170    2.639986    
-0.398737    0.877281     5.953814     6.344404     -0.010330    0.022728     0.154245    
0.758861     -0.276745    30.749735    30.823264    0.000893     -0.000326    0.036179    
0.377067     -0.806925    23.649891    23.748381    0.003027     -0.006478    0.189857    
-0.199549    -0.765355    37.360220    37.420403    -0.027176    -0.104233    5.088074    
-0.019126    0.607932     80.824212    80.850467    -0.004192    0.133252     17.715745   
-0.258303    -2.868249    42.291733    42.435354    -0.005990    -0.066509    0.980668    
0.690125     -1.045240    12.853359    13.063406    0.020696     -0.031345    0.385449    
1.653677     2.112384     23.768131    23.999913    0.368080     0.470181     5.290385    
0.069263     0.852415     42.229112    42.283617    0.004949     0.060910     3.017513    
2.495741     0.098208     48.515128    48.619245    0.067831     0.002669     1.318583    
-0.001567    1.305627     36.739597    36.815453    -0.000107    0.088944     2.502833    
-0.855052    0.509518     117.407399   117.428118   -0.046633    0.027788     6.403254    
-0.596407    0.783129     99.010879    99.035337    -0.066766    0.087668     11.083895   
0.364080     -1.012297    10.989695    11.216312    0.024590     -0.068370    0.742233    
-1.408791    -1.122339    16.860635    17.070451    -0.151261    -0.120505    1.810318    
0.164760     0.056455     12.597852    12.751908    0.001998     0.000684     0.152742    
-0.546258    0.195492     17.489938    17.609926    -0.001028    0.000368     0.032910    
0.837002     0.037332     21.621773    21.727355    0.081057     0.003615     2.093900    
-0.062701    -1.103655    8.280750     8.582993     -0.007249    -0.127602    0.957400    
-0.984654    -0.676517    13.168552    13.368356    -0.020202    -0.013880    0.270173    
0.649525     0.918021     46.438819    46.494123    0.047543     0.067196     3.399147    
-0.086764    0.744671     55.349944    55.390011    -0.003547    0.030443     2.262792    
-0.210813    0.900010     11.471847    11.676159    -0.020728    0.088493     1.127964    
-1.397606    -0.703868    50.458923    50.521545    -0.055735    -0.028069    2.012248    
-1.066016    0.903272     7.631020     8.003731     -0.155601    0.131846     1.113861    
1.615557     1.002195     32.324272    32.439913    0.128167     0.079507     2.564376    
0.033428     -1.015308    88.944962    88.972542    0.003648     -0.110796    9.706171    
2.287017     -0.971159    87.329479    87.386992    0.384261     -0.163172    14.672945   
0.077387     0.256789     10.144117    10.336827    0.019297     0.064033     2.529523    
1.475360     0.992729     13.541062    13.798461    0.142944     0.096183     1.311956    
0.409492     0.275099     5.584554     5.941849     0.008951     0.006013     0.122065    
-0.245420    -0.011236    43.221433    43.266934    -0.004094    -0.000187    0.721038    
-0.688734    -1.083077    24.724794    24.836219    -0.097424    -0.153205    3.497400    
-0.473300    -0.496792    68.766424    68.798015    -0.022315    -0.023423    3.242230    
-0.072486    -0.399548    62.081348    62.113876    -0.003344    -0.018431    2.863859    
-0.494764    0.076359     15.914020    16.043117    -0.014418    0.002225     0.463768    
0.626869     0.077391     18.049600    18.167607    0.006824     0.000842     0.196474    
-0.565955    0.186314     46.017142    46.063080    -0.034866    0.011478     2.834909    
0.066973     -0.349896    13.586944    13.733423    0.000879     -0.004591    0.178281    
-2.663411    0.382385     45.452644    45.574749    -0.753751    0.108216     12.863197   
-0.661796    1.300922     19.616355    19.768832    -0.014498    0.028500     0.429750    
-0.549802    0.135789     21.686814    21.783333    -0.009691    0.002393     0.382258    
-0.218291    -0.188472    24.633970    24.714178    -0.004701    -0.004059    0.530541    
-0.180930    0.781214     22.147445    22.249209    -0.020796    0.089793     2.545646    
-0.025453    -0.664848    39.415753    39.470485    -0.005446    -0.142245    8.433072    
-1.218055    -2.062701    48.114145    48.213943    -0.020092    -0.034025    0.793666    
0.592981     -0.248403    9.419743     9.644679     0.015961     -0.006686    0.253542    
-0.495183    -0.738259    12.824597    13.005210    -0.007425    -0.011070    0.192298    
-0.023886    -0.375856    76.528488    76.554727    -0.001811    -0.028493    5.801504    
0.906077     0.199548     8.145202     8.430900     0.043169     0.009507     0.388069    
-0.417347    0.295693     26.960346    27.036953    -0.041182    0.029178     2.660342    
-0.326182    3.130722     45.802000    45.952214    -0.024393    0.234125     3.425220    
-1.280355    0.530307     26.711763    26.820025    -0.224850    0.093130     4.690997    
1.523276     1.757469     68.241492    68.309481    0.046472     0.053617     2.081917    
-2.236310    1.774785     47.995894    48.121011    -0.047799    0.037934     1.025856    
0.475821     -0.325358    54.542346    54.580901    0.027478     -0.018789    3.149726    
0.333324     -0.027429    111.948044   111.965849   0.089166     -0.007337    29.946743   
0.848898     -1.642388    36.917600    37.016243    0.000531     -0.001027    0.023095    
-0.902420    -0.306045    18.282279    18.412624    -0.015703    -0.005325    0.318121    
1.134563     -0.649455    41.511990    41.579193    0.017586     -0.010067    0.643452    
-0.608960    -0.104125    33.545380    33.608766    -0.061660    -0.010543    3.396644    
0.095390     -0.863080    30.558513    30.634159    0.002751     -0.024890    0.881267    
-0.484147    -0.271425    66.546544    66.577965    -0.011833    -0.006634    1.626447    
-1.770479    0.939916     66.195677    66.255269    -0.058370    0.030987     2.182355    
-0.750717    -0.870435    54.038863    54.086920    -0.015327    -0.017772    1.103315    
-0.871013    0.122578     42.361381    42.416214    -0.001448    0.000204     0.070418    
-0.357690    1.361807     40.305614    40.378211    -0.020458    0.077889     2.305287    
1.467003     -1.385638    23.451946    23.620771    0.003419     -0.003230    0.054665    
-0.803263    -0.083087    21.088647    21.195710    -0.001486    -0.000154    0.039004    
1.328536     -1.923362    22.138844    22.348774    0.111147     -0.160911    1.852169    
1.370162     -0.675503    28.241985    28.351690    0.018670     -0.009205    0.384833    
-0.273696    -0.711392    31.712922    31.783099    -0.001632    -0.004241    0.189041    
-1.368711    0.670674     20.350400    20.502119    -0.272319    0.133437     4.048916    
-1.282924    -1.337175    58.640758    58.703044    -0.054746    -0.057062    2.502388    
-0.172374    -0.892653    46.821027    46.871207    -0.028094    -0.145485    7.630917    
-1.351464    0.171315     78.617387    78.653826    -0.082748    0.010489     4.813633    
-4.286962    -0.520690    112.120691   112.221092   -0.303241    -0.036831    7.930940    
0.705219     0.829450     14.574171    14.746753    0.040845     0.048041     0.844119    
-0.568666    1.357882     32.603341    32.695871    -0.046678    0.111460     2.676204    
1.187165     0.146917     24.223793    24.333065    0.119173     0.014748     2.431693    
0.919622     0.371876     9.646539     9.895184     0.111336     0.045022     1.167877    
-1.678755    0.691046     18.025084    18.222908    -0.102093    0.042026     1.096193    
-1.375757    0.090435     49.583188    49.641398    -0.052555    0.003455     1.894125    
-1.098316    -1.253029    73.738318    73.783405    -0.262583    -0.299571    17.629179   
0.477386     -0.406691    69.545682    69.576362    0.006146     -0.005236    0.895363    
-0.534275    0.651124     25.102441    25.193588    -0.058162    0.070883     2.732705    
2.357289     -1.080641    88.235673    88.295716    0.031735     -0.014548    1.187882    
-1.671497    -0.653838    62.921024    62.977390    -0.072662    -0.028423    2.735260    
-1.133161    -0.058767    26.351988    26.449759    -0.072793    -0.003775    1.692832    
0.811421     -0.649125    81.557214    81.587584    0.052668     -0.042133    5.293720    
-0.865925    -0.377286    22.744704    22.849260    -0.063352    -0.027603    1.664028    
-0.872383    -2.801901    49.056888    49.183991    -0.024499    -0.078687    1.377685    
0.848222     -0.639508    30.848032    30.929023    0.026918     -0.020294    0.978948    
0.303143     0.242060     17.490180    17.604881    0.011086     0.008853     0.639643    
-0.970980    -1.457637    33.964039    34.066089    -0.049347    -0.074079    1.726099    
-0.320415    -0.642246    41.184914    41.238177    -0.002125    -0.004260    0.273166    
0.243111     -1.362965    71.123824    71.164528    0.004467     -0.025041    1.306720    
-2.431724    2.064279     60.555406    60.671300    -0.040625    0.034487     1.011659    
0.971708     -0.375045    46.795522    46.848486    0.008316     -0.003210    0.400494    
0.559642     -2.214408    72.057949    72.121008    0.071765     -0.283963    9.240295    
-0.199395    1.498188     70.388887    70.432625    -0.001323    0.009944     0.467187    
0.222897     0.547812     58.639421    58.675433    0.014962     0.036772     3.936147    
1.514914     -0.255971    27.295847    27.409829    0.034709     -0.005865    0.625386    
0.215717     0.487382     28.830291    28.902331    0.002206     0.004985     0.294879    
-0.236947    1.354842     95.694425    95.724551    -0.008998    0.051452     3.634104    
-0.825034    -1.546123    40.813615    40.898622    -0.038502    -0.072152    1.904634    
0.428958     0.023178     58.745076    58.779617    0.087876     0.004748     12.034435   
1.635344     -1.322703    25.702176    25.863115    0.075182     -0.060809    1.181618    
-0.398893    -0.393205    54.813004    54.851199    -0.011408    -0.011245    1.567575    
-0.131651    -0.128649    15.434256    15.560369    -0.033278    -0.032519    3.901335    
0.268215     -2.039311    7.597574     8.113496     0.013075     -0.099416    0.370381    
-1.240185    0.811017     40.309805    40.385036    -0.124254    0.081256     4.038629    
-0.659563    -0.159795    8.660258     8.907052     -0.058647    -0.014209    0.770052    
-0.533234    1.625824     30.589142    30.700134    -0.029404    0.089654     1.686796    
1.016866     0.803103     58.651781    58.699108    0.041845     0.033049     2.413595    
-0.447909    -0.102482    7.613013     7.876804     -0.019420    -0.004443    0.330074    
-0.958970    -0.966205    30.350800    30.445019    -0.034252    -0.034510    1.084053    
0.582908     -1.152668    44.185194    44.247879    0.070604     -0.139616    5.351897    
-0.382877    0.254090     76.283593    76.310370    -0.028176    0.018698     5.613645    
-0.034037    -0.663240    31.216355    31.285409    -0.002925    -0.057002    2.682866    
-1.349592    -0.754853    36.792027    36.877085    -0.067475    -0.037740    1.839489    
-2.554245    0.080056     64.489543    64.570169    -0.037250    0.001167     0.940489    
-0.225772    1.898263     13.173202    13.455950    -0.043300    0.364064     2.526461    
-0.615602    0.881150     25.912599    26.009481    -0.127020    0.181812     5.346679    
0.418851     0.011549     6.127744     6.449788     0.002998     0.000083     0.043862    
-1.007163    -0.956441    10.788895    11.054609    -0.004750    -0.004510    0.050878    
-0.220402    0.176754     95.577386    95.598073    -0.001769    0.001418     0.767033    
-0.074554    -0.456191    15.497220    15.628578    -0.007766    -0.047520    1.614295    
-1.314935    -0.049361    25.045796    25.157470    -0.016114    -0.000605    0.306930    
-1.456526    0.146071     39.580080    39.656027    -0.071019    0.007122     1.929905    
-0.121108    -0.641944    120.168438   120.186335   -0.032284    -0.171123    32.033334   
0.270692     0.770679     54.051803    54.093803    0.023478     0.066843     4.688045    
0.106914     0.405742     23.051575    23.139276    0.005129     0.019464     1.105824    
-0.515630    -0.634612    25.501111    25.590042    -0.014377    -0.017695    0.711055    
-0.467307    -0.093461    43.549809    43.596880    -0.014661    -0.002932    1.366303    
-0.795067    -0.526346    61.995906    62.034478    -0.014496    -0.009596    1.130306    
0.600746     0.426490     108.087104   108.107538   0.009345     0.006634     1.681318    
0.315843     -0.542104    9.253401     9.481245     0.008021     -0.013768    0.235007    
-0.547797    0.489087     6.201823     6.548041     -0.089844    0.080215     1.017153    
0.569540     0.212428     65.059697    65.092309    0.046474     0.017334     5.308800    
-0.184281    -0.541880    29.317725    29.389310    -0.021695    -0.063795    3.451526    
0.794206     1.195742     132.798840   132.821186   0.059117     0.089006     9.884934    
-0.250182    0.674249     32.791521    32.858424    -0.006814    0.018363     0.893051    
0.829413     0.481945     31.956487    32.031425    0.078627     0.045688     3.029433    
1.562953     1.267554     96.135235    96.176441    0.109275     0.088622     6.721363    
0.963950     -0.369740    50.324185    50.373251    0.022959     -0.008806    1.198611    
-0.541858    0.866898     88.530099    88.557882    -0.005639    0.009022     0.921369    
0.644635     -0.397574    32.106276    32.175480    0.001604     -0.000989    0.079903    
0.761538     0.664275     25.111556    25.208856    0.029794     0.025989     0.982467    
1.240134     -0.188541    35.731750    35.807910    0.091342     -0.013887    2.631807    
-0.013601    0.615887     31.205318    31.273412    -0.000969    0.043865     2.222518    
-0.302957    0.048854     3.100610     3.685499     -0.052075    0.008398     0.532962    
-0.447622    0.754488     46.977011    47.026420    -0.075825    0.127807     7.957722    
-1.520033    -0.442441    19.984327    20.143350    -0.017363    -0.005054    0.228280    
-0.594414    0.409319     17.498176    17.623337    -0.023834    0.016412     0.701617    
-0.455922    -0.448739    12.910458    13.075324    -0.023146    -0.022781    0.655433    
-0.445125    -0.709558    43.987028    44.039020    -0.009461    -0.015082    0.934944    
0.718466     0.957042     82.345881    82.378099    0.028531     0.038005     3.270062    
-0.330789    1.163429     124.384131   124.405587   -0.018982    0.066761     7.137495    
1.249447     0.219333     11.732735    11.964165    0.039845     0.006994     0.374154    
-0.281477    0.261070     6.493467     6.796136     -0.021137    0.019605     0.487622    
1.095565     -0.181780    10.895085    11.127045    0.038044     -0.006312    0.378341    
-0.145198    0.454191     92.960008    92.982070    -0.017377    0.054357     11.125407   
1.124345     1.619505     70.117089    70.172417    0.014949     0.021532     0.932247    
-0.403077    0.313811     119.796164   119.813425   -0.015753    0.012264     4.681768    
1.922311     1.291608     8.292667     8.832146     0.007423     0.004988     0.032022    
0.348203     0.002081     22.282079    22.371572    0.014270     0.000085     0.913166    
-0.392470    -0.927513    77.997351    78.028687    -0.078153    -0.184697    15.531694   
0.485183     -0.481784    66.228056    66.260832    0.026222     -0.026039    3.579380    
-0.529718    -1.952064    55.546386    55.618046    -0.020651    -0.076099    2.165426    
1.016928     -0.412781    71.679797    71.715220    0.413395     -0.167801    29.138823   
-1.300283    0.324779     75.739624    75.777054    -0.037082    0.009262     2.159959    
-0.552666    -0.574381    16.371566    16.508739    -0.018690    -0.019425    0.553666    
0.148826     1.273253     90.381764    90.412287    0.002081     0.017800     1.263521    
0.235171     0.951894     44.520804    44.575087    0.005665     0.022929     1.072413    
0.418919     0.242032     11.962125    12.132661    0.025683     0.014838     0.733362    
0.602258     1.588755     85.339806    85.379414    0.040398     0.106569     5.724344    
1.283551     -0.741644    28.301292    28.408373    0.551045     -0.318397    12.150112   
-1.042710    0.895823     27.452939    27.557732    -0.071844    0.061723     1.891543    
-0.355052    0.404822     95.684049    95.705811    -0.016553    0.018873     4.460879    
0.115589     -0.016622    100.877257   100.896530   0.008813     -0.001267    7.691521    
-0.403760    1.028625     19.397938    19.528852    -0.027160    0.069192     1.304834    
0.885041     0.733260     35.696768    35.769473    0.183321     0.151882     7.393977    
-0.935766    0.848256     10.564559    10.820353    -0.050433    0.045717     0.569378    
-0.602896    0.234250     26.675320    26.755673    -0.120164    0.046689     5.316712    
0.528401     0.860405     68.740600    68.776191    0.022964     0.037393     2.987451    
-0.835722    -0.652662    40.461925    40.523657    -0.063316    -0.049447    3.065468    
0.050041     0.782127     7.264319     7.567002     0.013277     0.207508     1.927312    
-0.496089    1.349607     23.890316    24.014364    -0.059833    0.162775     2.881400    
1.274899     1.777234     23.389729    23.574102    0.041633     0.058037     0.763811    
-0.805230    -1.014225    61.300920    61.346188    -0.034817    -0.043853    2.650554    
-1.300388    1.210162     16.055767    16.273233    -0.070788    0.065877     0.874017    
1.150180     0.032061     76.251670    76.285753    0.022494     0.000627     1.491251    
0.861050     -0.208737    38.202723    38.263664    0.014427     -0.003497    0.640092    
-1.592619    -0.344377    41.407662    41.486437    -0.293240    -0.063408    7.624171    
2.077526     -0.390151    25.072610    25.238444    0.312914     -0.058764    3.776405    
2.674682     1.776089     55.816964    55.943872    0.134260     0.089154     2.801833    
-0.559990    0.694780     20.278933    20.393783    -0.025403    0.031518     0.919923    
2.253811     -1.846757    73.677515    73.761381    0.207955     -0.170397    6.798087    
-0.078289    -0.955771    11.129731    11.343082    -0.009986    -0.121913    1.419646    
-0.879902    -0.664618    76.832088    76.865211    -0.001309    -0.000989    0.114295    
-1.856906    0.483014     22.567731    22.734529    -0.031676    0.008240     0.384974    
0.621207     0.030133     26.308503    26.389374    0.023908     0.001160     1.012499    
-0.895969    -0.195494    17.787974    17.920044    -0.019436    -0.004241    0.385862    
-0.592916    -0.958466    62.869034    62.909941    -0.034137    -0.055183    3.619659    
-0.512665    0.464719     88.089976    88.114685    -0.029884    0.027089     5.134854    
-0.775185    -0.140367    21.538972    21.643079    -0.009701    -0.001757    0.269558    
-0.564857    -2.585300    80.671198    80.738590    -0.010120    -0.046317    1.445251    
1.368398     0.965075     32.218791    32.322273    0.234554     0.165422     5.522561    
-1.141865    -0.114058    15.106889    15.277759    -0.011800    -0.001179    0.156118    
-0.362205    1.150253     48.985453    49.039819    -0.017893    0.056824     2.419934    
-0.655751    0.418519     22.547371    22.646502    -0.086949    0.055493     2.989648    
-0.003085    -0.374971    96.445862    96.466677    -0.000098    -0.011931    3.068780    
1.336180     0.470000     70.846484    70.887979    0.059082     0.020782     3.132638    
1.120373     1.342957     47.377045    47.450164    0.259476     0.311025     10.972406   
0.042318     -0.094797    8.958966     9.173265     0.006253     -0.014007    1.323795    
0.768643     0.843993     8.195846     8.505879     0.005756     0.006320     0.061372    
-0.610846    -1.074202    38.827751    38.897252    -0.029392    -0.051688    1.868295    
-0.505028    1.143670     94.802144    94.830821    -0.001339    0.003032     0.251333    
0.458702     -0.828062    19.017635    19.142661    0.046423     -0.083804    1.924677    
-0.351440    1.254516     10.165238    10.435724    -0.015422    0.055052     0.446082    
0.847554     -0.069798    29.905208    29.981988    0.008747     -0.000720    0.308620    
-1.470835    -0.416518    28.571655    28.680155    -0.014544    -0.004119    0.282518    
1.555007     0.460432     75.261178    75.304382    0.045344     0.013426     2.194609    
0.145135     -1.502375    52.947993    53.006067    0.006036     -0.062479    2.201951    
-1.335226    0.131972     21.591908    21.722930    -0.093152    0.009207     1.506352    
2.257513     -1.019945    53.634017    53.727268    0.043725     -0.019755    1.038813    
-0.512442    -1.388537    90.390846    90.424392    -0.002389    -0.006475    0.421489    
0.080337     -0.140007    6.539045     6.830821     0.001785     -0.003111    0.145284    
-0.954092    -1.008257    60.971917    61.019476    -0.006862    -0.007252    0.438537    
-0.181952    1.820078     36.995397    37.092859    -0.031904    0.319135     6.486829    
1.434756     -2.528703    108.168167   108.225136   0.004814     -0.008485    0.362959    
-0.613295    1.848492     42.072733    42.163762    -0.049259    0.148469     3.379242    
-1.327733    -0.266079    25.779582    25.890065    -0.273431    -0.054796    5.309001    
1.415578     -0.706983    14.659748    14.875713    0.045154     -0.022551    0.467616    
1.283168     -1.615483    102.231007   102.270768   0.155981     -0.196377    12.427147   
0.396237     0.895407     90.990619    91.017177    0.066689     0.150702     15.314209   
0.766731     -0.347660    14.753629    14.908161    0.010144     -0.004600    0.195197    
-0.528027    -0.161939    62.711252    62.744570    -0.039124    -0.011999    4.646563    
0.438149     -0.908667    23.416628    23.520864    0.004073     -0.008447    0.217687    
-0.188330    -0.224904    28.299427    28.369324    -0.025713    -0.030706    3.863747    
0.488809     -1.044571    44.166194    44.225080    0.036714     -0.078456    3.317259    
-1.720601    1.536798     140.082802   140.115625   -0.153090    0.136736     12.463805   
0.740023     -0.433569    17.156381    17.290227    0.042389     -0.024835    0.982724    
0.517901     -0.554362    11.560475    11.751386    0.069824     -0.074740    1.558603    
0.186409     -0.135766    84.930320    84.953443    0.001157     -0.000843    0.527182    
1.369951     -0.271452    80.306541    80.342803    0.271792     -0.053855    15.932451   
-1.366112    0.456631     36.918469    36.998960    -0.132390    0.044252     3.577770    
-0.283398    -0.040698    26.113033    26.188688    -0.004862    -0.000698    0.448037    
-0.070548    -0.126285    24.342721    24.422612    -0.005838    -0.010450    2.014252    
-1.718650    -1.002423    41.274981    41.369767    -0.127643    -0.074449    3.065464    
1.669506     0.919453     52.600130    52.671447    0.129260     0.071188     4.072520    
0.152456     0.405991     10.659613    10.848520    0.004847     0.012907     0.338882    
0.226715     0.517296     43.695203    43.743167    0.026005     0.059335     5.011933    
-1.497146    -0.625284    22.690555    22.833499    -0.203407    -0.084953    3.082808    
0.524269     0.957461     37.901515    37.968295    0.025257     0.046127     1.825941    
0.588727     0.749963     98.197089    98.221445    0.010912     0.013900     1.820020    
-0.463909    -0.514070    15.430173    15.570635    -0.040410    -0.044779    1.344076    
0.443904     -0.950664    15.454304    15.614457    0.025955     -0.055585    0.903600    
1.306237     -0.331693    13.903422    14.106607    0.044918     -0.011406    0.478103    
0.858120     1.095293     30.659805    30.754425    0.182524     0.232971     6.521413    
0.085742     0.452527     30.428099    30.495184    0.029088     0.153521     10.322823   
0.029593     -0.359627    25.863073    25.940388    0.000295     -0.003587    0.257930    
0.842605     0.022807     32.289878    32.360805    0.029516     0.000799     1.131079    
-0.366654    0.810764     45.256602    45.308131    -0.033934    0.075036     4.188487    
-0.230256    -0.014109    31.837531    31.899162    -0.020933    -0.001283    2.894469    
0.754308     -0.896804    133.110761   133.130474   0.015395     -0.018303    2.716668    
0.671784     -0.106146    71.001966    71.032504    0.000874     -0.000138    0.092364    
-1.127560    0.006738     216.292661   216.304557   -0.258622    0.001545     49.609900   
-0.054401    1.440365     49.581321    49.641313    -0.001663    0.044025     1.515453    
-1.384098    0.600528     40.896868    40.972004    -0.028863    0.012523     0.852828    
0.925369     -2.165579    22.148286    22.359955    0.003313     -0.007754    0.079305    
0.235863     0.086888     7.919579     8.164427     0.013471     0.004963     0.452319    
0.104025     2.294551     48.223348    48.318133    0.004750     0.104763     2.201744    
-0.070391    0.199612     62.359629    62.391050    -0.005592    0.015858     4.954234    
0.314433     -1.179263    8.726495     9.028632     0.017858     -0.066977    0.495626    
0.818351     -1.307144    14.074325    14.294751    0.027566     -0.044030    0.474083    
0.020269     -0.062485    10.906115    11.082536    0.001214     -0.003743    0.653335    
1.594814     -1.147649    90.625558    90.668226    0.165025     -0.118754    9.377598    
-1.277568    -0.398798    73.882306    73.920642    -0.053965    -0.016845    3.120831    
0.632856     0.469461     59.459890    59.497684    0.033083     0.024541     3.108319    
0.010544     1.154977     192.352013   192.365553   0.001345     0.147296     24.530912   
0.778053     -1.540283    60.987192    61.043349    0.014571     -0.028846    1.142156    
0.185883     -0.211197    37.076180    37.129466    0.005973     -0.006786    1.191319    
-1.399910    0.166827     38.014390    38.091421    -0.089327    0.010645     2.425671    
-0.464370    0.079742     15.430440    15.562630    -0.033608    0.005771     1.116741    
0.040596     -0.200635    16.307595    16.427249    0.001069     -0.005283    0.429429    
-0.344336    -0.371010    42.845862    42.894045    -0.045893    -0.049448    5.710496    
2.128412     -1.682743    51.740174    51.848648    0.217618     -0.172051    5.290139    
0.143989     -0.262007    96.631253    96.651764    0.010335     -0.018807    6.936085    
0.790101     1.254359     53.241839    53.298837    0.083473     0.132520     5.624890    
0.506973     -0.867710    7.459000     7.779562     0.004357     -0.007457    0.064099    
-0.143677    1.249340     47.281224    47.338891    -0.022585    0.196387     7.432265    
1.796625     0.250918     79.876213    79.921056    0.381340     0.053258     16.953998   
-0.395616    -1.660785    67.713248    67.763365    -0.042550    -0.178622    7.282736    
-0.003551    -1.484553    76.771028    76.810609    -0.000232    -0.096981    5.015208    
1.100752     2.062873     88.095040    88.148046    0.084021     0.157461     6.724368    
-0.198275    0.400199     42.340106    42.388195    -0.000438    0.000884     0.093551    
-0.843259    -1.289236    7.599246     7.999795     -0.062928    -0.096209    0.567090    
0.213815     -1.744143    108.324393   108.356526   0.016027     -0.130740    8.119927    
0.576439     1.836907     23.788135    23.946959    0.120097     0.382706     4.956084    
-0.826541    -1.059089    93.162314    93.192792    -0.175926    -0.225423    19.829223   
0.682298     1.232512     20.028474    20.174225    0.037953     0.068559     1.114095    
0.342288     -0.084744    12.681701    12.838413    0.048469     -0.012000    1.795759    
-0.047763    -1.537578    79.754941    79.794060    -0.001437    -0.046268    2.399963    
2.260526     1.371516     70.817395    70.894072    0.214985     0.130437     6.735024    
-0.623380    0.235591     28.894926    28.969567    -0.058141    0.021973     2.694956    
-0.497138    -1.722901    17.924626    18.121333    -0.018710    -0.064841    0.674593    
-0.055182    0.456891     11.837076    12.008460    -0.002074    0.017168     0.444799    
0.433145     0.207343     6.160186     6.484863     0.015795     0.007561     0.224635    
0.753787     0.377035     189.764574   189.776655   0.070026     0.035026     17.628862   
-0.677496    -1.659934    39.549671    39.639195    -0.010699    -0.026213    0.624548    
-1.136036    -0.042345    79.310641    79.343211    -0.007362    -0.000274    0.513943    
0.804209     0.416350     23.332012    23.432410    0.125312     0.064876     3.635593    
1.686691     -0.088665    21.312495    21.469751    0.055323     -0.002908    0.699038    
2.315978     -0.824846    41.460820    41.580268    0.081911     -0.029173    1.466383    
-0.581295    -2.252883    23.127209    23.327155    -0.029231    -0.113287    1.162957    
-0.601720    -0.225755    66.861870    66.893928    -0.051425    -0.019294    5.714258    
0.839962     1.068656     41.643839    41.712490    0.033923     0.043159     1.681821    
1.029286     0.087950     36.767530    36.834677    0.461858     0.039464     16.498207   
1.140488     -0.026109    52.456501    52.505818    0.145689     -0.003335    6.700914    
-1.575243    -0.873507    54.703857    54.768890    -0.085861    -0.047612    2.981733    
0.095550     -1.164411    27.841011    27.934957    0.003818     -0.046523    1.112369    
-0.197089    0.402071     39.608830    39.660243    -0.009160    0.018686     1.840831    
-0.662470    -2.092849    34.941146    35.065332    -0.078307    -0.247384    4.130205    
1.827992     -0.317730    62.118706    62.177578    0.103006     -0.017904    3.500353    
-0.015512    -0.381377    17.476300    17.590956    -0.000549    -0.013507    0.618926    
0.089835     0.558555     11.111782    11.298969    0.008512     0.052923     1.052834    
-2.158872    1.181189     16.385852    16.686133    -0.097460    0.053323     0.739720    
0.927753     1.974382     42.646094    42.747201    0.086356     0.183776     3.969519    
0.488097     -0.029628    97.346129    97.367258    0.022973     -0.001394    4.581751    
-0.412069    0.674406     44.025413    44.076485    -0.093481    0.152994     9.987473    
-0.160880    -1.758755    30.526451    30.640794    -0.000074    -0.000813    0.014111    
-0.045070    1.368870     49.284468    49.342777    -0.001098    0.033363     1.201189    
-0.311609    0.427661     22.495860    22.588021    -0.007980    0.010952     0.576104    
-0.954779    1.392929     17.667287    17.856647    -0.037842    0.055208     0.700238    
-1.035381    -0.370064    16.534713    16.687739    -0.028186    -0.010074    0.450125    
1.046034     0.856386     12.214407    12.445653    0.000952     0.000779     0.011116    
-2.356999    0.123550     48.409069    48.506531    -0.016037    0.000841     0.329366    
0.875805     -0.825760    29.710523    29.799984    0.068116     -0.064224    2.310758    
-0.344409    -0.674877    35.772221    35.834353    -0.003636    -0.007126    0.377697    
0.182275     -1.041793    14.060584    14.237047    0.004376     -0.025011    0.337560    
-0.090189    0.295641     98.788179    98.808273    -0.003296    0.010804     3.610041    
0.508817     1.918933     61.264959    61.328715    0.014338     0.054075     1.726440    
0.239224     -0.648874    21.576482    21.677126    0.002575     -0.006985    0.232269    
0.766110     -2.406959    66.995173    67.071667    0.133863     -0.420570    11.706113   
0.788751     0.849446     23.667041    23.777036    0.013879     0.014947     0.416437    
0.512344     -0.612076    20.591539    20.700810    0.013501     -0.016129    0.542599    
-0.569593    0.917031     29.071705    29.158264    -0.004545    0.007318     0.231992    
1.812718     2.638315     39.572626    39.750652    0.061898     0.090089     1.351260    
-0.598298    1.088504     99.415204    99.442449    -0.028352    0.051581     4.711011    
1.352106     -0.804088    25.903571    26.025846    0.151439     -0.090060    2.901258    
-1.262989    1.376521     18.778866    18.973948    -0.064533    0.070334     0.959515    
-0.516729    1.075465     12.205176    12.420343    -0.010610    0.022082     0.250605    
-0.279563    -1.083525    130.434500   130.454152   -0.000377    -0.001463    0.176120    
1.228894     0.174210     26.968480    27.068698    0.009058     0.001284     0.198783    
-1.341032    -0.338891    24.411657    24.529924    -0.035802    -0.009048    0.651732    
-0.419248    2.464780     22.753250    22.974688    -0.019426    0.114204     1.054260    
-1.275422    -0.545741    71.513084    71.553621    -0.009013    -0.003857    0.505380    
0.113804     0.438754     4.616174     5.038796     0.000039     0.000152     0.001599    
-0.346854    -0.679988    36.215047    36.276539    -0.048672    -0.095419    5.081855    
1.653614     -0.732231    23.826983    23.976461    0.126746     -0.056124    1.826291    
-0.214072    0.192032     28.909040    28.977409    -0.028834    0.025866     3.893859    
-0.466197    0.292240     105.845794   105.865527   -0.032141    0.020148     7.297362    
0.432433     0.075756     25.963711    26.041927    0.035706     0.006255     2.143798    
-0.747577    -0.426158    91.866845    91.891962    -0.167262    -0.095348    20.554186   
-0.126755    1.406855     16.390774    16.568878    -0.006367    0.070662     0.823259    
-0.608844    -0.371605    19.996988    20.106299    -0.012709    -0.007757    0.417410    
-0.471963    0.454148     198.397273   198.408119   -0.036492    0.035115     15.340167   
0.504535     -0.378370    17.295660    17.418741    0.082018     -0.061508    2.811593    
1.037062     0.394239     9.552353     9.815973     0.040640     0.015449     0.374337    
-0.580265    0.862737     13.133414    13.320756    -0.092651    0.137754     2.097019    
-0.523474    0.929615     19.281288    19.410854    -0.003221    0.005720     0.118639    
-1.208306    0.098289     71.380046    71.417474    -0.083366    0.006781     4.924810    
-1.859405    0.236580     66.059094    66.114993    -0.063591    0.008091     2.259189    
0.448344     1.068814     88.273121    88.302674    0.022457     0.053535     4.421478    
1.500707     -0.153132    41.299321    41.373717    0.024750     -0.002525    0.681106    
0.675544     -0.428731    20.079768    20.191884    0.039615     -0.025141    1.177512    
0.831176     0.833590     31.798568    31.881179    0.040613     0.040731     1.553743    
-1.465650    -0.584916    15.983112    16.181010    -0.007962    -0.003178    0.086831    
0.441375     2.278022     32.091874    32.235812    0.025377     0.130975     1.845121    
-1.495690    -1.380497    119.681308   119.714800   -0.107867    -0.099559    8.631202    
1.298245     0.558411     55.119827    55.173069    0.044539     0.019157     1.890997    
-0.216920    0.493582     22.795760    22.886946    -0.012255    0.027886     1.287878    
0.305031     1.164197     8.717243     9.017410     0.001256     0.004794     0.035895    
0.278640     -1.112868    41.087691    41.150813    0.006297     -0.025151    0.928585    
1.836410     0.581143     55.164124    55.232832    0.283009     0.089560     8.501334    
0.864080     -0.725291    12.618322    12.820674    0.007409     -0.006219    0.108198    
-1.505064    0.748770     23.641603    23.782897    -0.121392    0.060392     1.906823    
0.114578     0.579439     58.513751    58.549832    0.016177     0.081807     8.261171    
-2.060940    -2.232267    19.311869    19.648250    -0.093577    -0.101356    0.876853    
1.644598     0.320503     40.181233    40.264300    0.155630     0.030329     3.802388    
1.015068     0.662827     21.807860    21.930057    0.121027     0.079029     2.600160    
0.876823     -0.282277    81.903795    81.932625    0.021086     -0.006788    1.969657    
0.899834     1.219241     37.803739    37.885273    0.043047     0.058327     1.808490    
0.126290     -0.768766    17.120340    17.250737    0.022080     -0.134409    2.993263    
0.892679     1.069332     47.421778    47.483053    0.046233     0.055382     2.456051    
-0.590228    -0.499719    31.000601    31.072662    -0.000869    -0.000736    0.045641    
-0.057731    -0.378679    39.122455    39.173820    -0.005723    -0.037540    3.878377    
0.522957     0.910235     19.761618    19.887144    0.023115     0.040233     0.873481    
0.168016     -0.493184    16.136446    16.264419    0.016329     -0.047930    1.568221    
1.551446     -0.247241    69.095833    69.141718    0.089063     -0.014193    3.966528    
0.139500     1.541248     48.481796    48.546415    0.016295     0.180038     5.663317    
-1.182592    -0.491290    31.742122    31.828873    -0.060457    -0.025116    1.622743    
1.131959     0.338853     100.255068   100.281353   0.044670     0.013372     3.956307    
1.242456     0.599424     22.692925    22.819877    0.061270     0.029560     1.119062    
0.936443     -0.194385    52.819123    52.864444    0.075648     -0.015703    4.266857    
0.367120     -0.365133    40.455315    40.506488    0.122034     -0.121373    13.447695   
-0.201434    -1.043623    58.096932    58.139988    -0.006190    -0.032070    1.785264    
-0.922006    -0.008072    47.624028    47.673611    -0.028196    -0.000247    1.456375    
1.788671     2.651477     79.953907    80.042063    0.444894     0.659498     19.886823   
-1.797262    0.118764     79.113907    79.158887    -0.418542    0.027657     18.423861   
-0.938152    -0.221541    26.012652    26.104832    -0.098940    -0.023364    2.743357    
0.292395     -0.959261    15.315097    15.473617    0.008672     -0.028452    0.454249    
0.265854     -0.745924    12.713824    12.889661    0.003393     -0.009521    0.162279    
1.731813     -0.035101    162.943357   162.964453   0.070447     -0.001428    6.628251    
0.300723     0.048391     110.247669   110.265662   0.002345     0.000377     0.859787    
0.433803     -0.191421    35.452909    35.510682    0.031317     -0.013819    2.559382    
0.447754     1.863241     26.578710    26.720309    0.015992     0.066548     0.949288    
0.984756     -0.827356    149.380866   149.399372   0.092195     -0.077459    13.985333   
0.725536     1.146571     43.817533    43.882710    0.146201     0.231043     8.829586    
0.350531     0.486946     24.116824    24.204465    0.016850     0.023407     1.159290    
0.374638     -0.096536    13.368189    13.517881    0.024984     -0.006438    0.891515    
-0.359324    -0.346555    45.222916    45.268491    -0.004235    -0.004084    0.532974    
1.646247     1.189196     187.135680   187.157051   0.020012     0.014456     2.274876    
0.145316     0.471686     75.395969    75.423277    0.012739     0.041348     6.609275    
-0.897708    1.392745     25.616200    25.745102    -0.074299    0.115271     2.120125    
0.512720     1.921046     24.982901    25.139085    0.046756     0.175184     2.278239    
-0.525755    1.044317     42.058754    42.121025    -0.015013    0.029820     1.200977    
0.250927     0.229239     6.430564     6.733693     0.047313     0.043223     1.212490    
-0.823929    0.067018     12.475695    12.657064    -0.004833    0.000393     0.073173    
0.266723     1.354726     39.253426    39.326999    0.008223     0.041765     1.210156    
0.257680     -0.583931    33.152382    33.216905    0.001578     -0.003576    0.203042    
-0.446126    -0.516078    85.042442    85.067956    -0.036773    -0.042539    7.009762    
0.811764     -0.513491    44.224172    44.278380    0.002350     -0.001486    0.128017    
-0.675516    0.814299     21.038286    21.156650    -0.026927    0.032459     0.838607    
-1.479290    0.017281     15.022361    15.222841    -0.175535    0.002051     1.782574    
0.053180     -0.311871    13.100169    13.251017    0.007151     -0.041939    1.761657    
0.139169     0.392320     89.713707    89.736266    0.000057     0.000162     0.037050    
1.122853     0.112709     60.250283    60.292994    0.009364     0.000940     0.502447    
1.422867     0.231700     45.913000    45.977786    0.009912     0.001614     0.319837    
-0.549973    1.508043     11.907847    12.175732    -0.041908    0.114914     0.907386    
-0.903050    0.464761     30.578183    30.658307    -0.096816    0.049827     3.278301    
-2.285588    -1.222017    140.127802   140.165592   -0.228966    -0.122419    14.037722   
-1.072657    1.457144     53.760998    53.827444    -0.049031    0.066606     2.457414    
-0.550261    -0.402306    20.871992    20.975692    -0.019241    -0.014067    0.729825    
0.615725     -0.147875    156.068950   156.082648   0.087684     -0.021059    22.225551   
0.330294     0.069119     27.331306    27.404181    0.036733     0.007687     3.039621    
1.704785     -0.921885    29.844547    29.972122    0.139376     -0.075369    2.439959    
-0.434812    0.365119     21.636591    21.733371    -0.005711    0.004795     0.284166    
-0.854085    1.114907     24.019101    24.140519    -0.191393    0.249841     5.382469    
-0.073684    0.166368     5.938660     6.259053     -0.004533    0.010235     0.365330    
-1.620706    -1.954367    121.694879   121.737278   -0.311199    -0.375267    23.367175   
-0.294312    2.695977     33.080284    33.249587    -0.033168    0.303832     3.728092    
-0.049135    -0.815758    148.666784   148.682062   -0.004639    -0.077022    14.036861   
0.031918     0.748366     18.673470    18.791873    0.002769     0.064912     1.619707    
-1.430663    -1.406013    46.933883    47.017954    -0.047831    -0.047007    1.569128    
1.851821     -1.356930    62.170648    62.244156    0.069848     -0.051181    2.344977    
1.002434     -0.114625    86.038371    86.066801    0.170076     -0.019448    14.597570   
-0.465868    0.211339     5.281239     5.659341     -0.024336    0.011040     0.275880    
-1.429056    1.797722     37.075014    37.198194    -0.103056    0.129642     2.673648    
-0.511705    0.278242     83.156806    83.182141    -0.014920    0.008113     2.424714    
-0.914768    -0.378341    64.990963    65.028303    -0.055539    -0.022971    3.945873    
-0.624558    0.682266     24.543575    24.639756    -0.032175    0.035148     1.264392    
-1.551145    -0.009413    25.526220    25.648957    -0.058348    -0.000354    0.960203    
-0.458523    0.113269     68.576003    68.605876    -0.011151    0.002755     1.667774    
-0.072342    0.578268     23.040664    23.131943    -0.001208    0.009660     0.384894    
-1.830574    -0.758266    15.270636    15.523957    -0.146681    -0.060759    1.223613    
-0.190471    0.477714     120.720972   120.738115   -0.001746    0.004379     1.106592    
-2.649914    -0.710244    30.475591    30.662079    -0.266859    -0.071525    3.069040    
0.707425     -0.963126    135.619651   135.639200   0.012809     -0.017438    2.455533    
-0.115270    -1.453124    57.597496    57.649556    -0.000805    -0.010142    0.402004    
0.310046     0.612377     25.779938    25.864093    0.025875     0.051106     2.151460    
-0.500742    0.288274     10.869035    11.060954    -0.016853    0.009702     0.365808    
-1.593085    1.255434     23.274159    23.445159    -0.013660    0.010765     0.199566    
-1.212364    -2.803817    30.645133    30.859850    -0.012561    -0.029049    0.317502    
0.087447     0.300415     22.957758    23.044121    0.013617     0.046780     3.574903    
-0.555480    -0.002212    25.078243    25.161514    -0.081989    -0.000327    3.701562    
0.345897     2.444017     109.026033   109.071736   0.000552     0.003903     0.174092    
-1.246103    1.108972     58.580492    58.637289    -0.105847    0.094199     4.975956    
-0.106158    -0.019083    93.745450    93.766178    -0.009672    -0.001739    8.540922    
-0.149993    -0.000509    50.418679    50.457316    -0.023137    -0.000079    7.777295    
1.114658     -0.015183    127.716144   127.736178   0.309676     -0.004218    35.482321   
-1.368999    -1.378091    52.926375    52.998579    -0.143519    -0.144472    5.548531    
0.418012     0.896919     10.103398    10.340832    0.028865     0.061935     0.697666    
1.532927     -0.122116    31.977513    32.074929    0.052520     -0.004184    1.095582    
-0.556273    -1.063754    79.505501    79.538925    -0.011235    -0.021485    1.605780    
0.576100     -2.032984    124.605115   124.638576   0.072704     -0.256563    15.725175   
1.075301     1.254949     27.925950    28.043980    0.051410     0.059998     1.335126    
0.794324     -0.118342    49.827029    49.872364    0.053003     -0.007897    3.324799    
-1.175732    1.208359     20.455409    20.618952    -0.005908    0.006072     0.102788    
1.158447     -0.371135    20.006083    20.139465    0.039131     -0.012536    0.675780    
-1.028621    -0.450342    7.394480     7.733961     -0.052937    -0.023176    0.380546    
1.150336     -0.068250    73.619808    73.655136    0.155120     -0.009203    9.927436    
0.285262     -1.124288    65.334964    65.374903    0.023221     -0.091518    5.318300    
0.062286     -0.001052    6.897264     7.172941     0.002100     -0.000035    0.232566    
-0.321841    -0.322197    33.069674    33.131340    -0.000459    -0.000460    0.047168    
0.209194     0.255035     55.069288    55.105447    0.002896     0.003531     0.762462    
1.636884     1.169858     75.874061    75.926254    0.026444     0.018899     1.225767    
0.663703     -1.383572    33.116350    33.210275    0.059390     -0.123807    2.963360    
0.543473     -0.982915    19.472548    19.603993    0.017978     -0.032514    0.644143    
-0.860761    -0.141939    19.705956    19.823237    -0.004466    -0.000736    0.102246    
-0.329252    0.528296     10.793774    10.989450    -0.016914    0.027139     0.554489    
0.915049     0.057928     18.030289    18.160587    0.021623     0.001369     0.426060    
-0.141368    -0.074393    24.337474    24.417476    -0.022323    -0.011747    3.843020    
-0.199340    0.140913     117.745482   117.762188   -0.004840    0.003421     2.858637    
-0.227097    -1.416076    22.664796    22.795279    -0.011647    -0.072624    1.162370    
-0.243532    0.668595     54.939562    54.979421    -0.008990    0.024681     2.028067    
1.143909     -1.859215    101.792797   101.835228   0.009087     -0.014770    0.808664    
-0.623531    1.171191     38.695485    38.768234    -0.010958    0.020583     0.680058    
0.586988     -0.979752    22.823395    22.936581    0.058724     -0.098018    2.283339    
-0.778541    1.818506     18.581114    18.789514    -0.077906    0.181971     1.859338    
-0.235402    0.435300     10.003963    10.207797    -0.059896    0.110757     2.545401    
-0.244198    -0.523298    12.061506    12.234719    -0.009973    -0.021372    0.492592    
-1.229893    -0.717604    39.440587    39.515345    -0.140349    -0.081889    4.500749    
0.283089     0.769136     42.023604    42.077666    0.002607     0.007082     0.386959    
0.301794     0.205092     38.624074    38.675925    0.037767     0.025666     4.833492    
-0.726587    1.677276     160.947304   160.969720   -0.091211    0.210554     20.204278   
1.838401     -0.026336    90.319467    90.359623    0.153087     -0.002193    7.521045    
-0.309171    -1.288376    45.019547    45.082037    -0.005872    -0.024468    0.854985    
0.457287     0.438019     10.885122    11.079793    0.050392     0.048269     1.199525    
1.627188     0.075438     75.075039    75.118506    0.331318     0.015360     15.286319   
0.459772     -1.562681    14.754807    14.974400    0.001501     -0.005101    0.048162    
0.283557     0.932734     24.412640    24.511270    0.041947     0.137981     3.611395    
-0.526890    0.622393     50.850716    50.895336    -0.014798    0.017480     1.428188    
1.561425     -0.519117    26.410613    26.534939    0.170061     -0.056539    2.876481    
0.579764     0.155362     18.106145    18.222725    0.001251     0.000335     0.039075    
0.273231     -0.302880    14.999553    15.133669    0.017644     -0.019559    0.968624    
-0.357993    -0.954414    11.853409    12.058910    -0.019234    -0.051277    0.636837    
0.133597     0.461513     15.001220    15.137450    0.004452     0.015378     0.499868    
-0.807332    -0.524666    20.503337    20.620108    -0.029882    -0.019420    0.758897    
-1.826930    -0.957921    87.961172    88.007375    -0.044871    -0.023527    2.160405    
0.577846     -0.492810    8.509669     8.767336     0.089952     -0.076715    1.324682    
-0.431649    0.822900     64.145419    64.182343    -0.087890    0.167554     13.060908   
0.406540     0.683378     66.079729    66.113824    0.039332     0.066116     6.393102    
-0.456339    -0.302317    21.152980    21.251427    -0.023340    -0.015462    1.081882    
0.498087     -2.330528    134.730539   134.765992   0.051592     -0.241397    13.955420   
-0.226370    0.570232     85.546628    85.571473    -0.062914    0.158482     23.775532   
0.016387     0.797151     67.470834    67.504252    0.002083     0.101313     8.575130    
-0.800535    0.750405     12.425035    12.627764    -0.039664    0.037180     0.615622    
-0.338352    -0.711684    225.241921   225.251901   -0.004558    -0.009588    3.034603    
-0.328520    0.883986     6.872963     7.211237     -0.055599    0.149607     1.163187    
-0.669441    -1.241658    21.656407    21.791393    -0.005420    -0.010052    0.175330    
0.647797     -0.405462    11.450711    11.643787    0.078006     -0.048825    1.378867    
1.063158     0.787772     21.404675    21.535690    0.079682     0.059042     1.604248    
-0.192570    0.930778     56.513285    56.555546    -0.018208    0.088009     5.343558    
1.180096     1.349365     23.357545    23.508791    0.015327     0.017526     0.303369    
-0.315050    -0.407108    20.927074    21.025755    -0.063509    -0.082066    4.218533    
-0.813861    0.460291     36.840158    36.904559    -0.022270    0.012595     1.008063    
0.834812     -1.044389    11.858159    12.094567    0.094453     -0.118165    1.341670    
1.096051     0.913791     80.164792    80.201653    0.064029     0.053381     4.683027    
-0.150488    -1.097984    19.224622    19.356892    -0.010438    -0.076154    1.333384    
0.846311     -0.812153    31.208018    31.292030    0.028982     -0.027812    1.068719    
-0.700324    0.523626     52.285045    52.329394    -0.037834    0.028288     2.824619    
-0.883247    -1.070429    11.884713    12.126306    -0.039148    -0.047444    0.526764    
-1.225402    -1.059523    44.757372    44.829917    -0.105133    -0.090901    3.839930    
0.968909     0.190739     18.812336    18.940805    0.059366     0.011687     1.152653    
1.812476     1.962774     41.716168    41.847953    0.063755     0.069042     1.467404    
-1.137365    0.556606     30.837961    30.926658    -0.013581    0.006646     0.368229    
0.270418     -0.753204    10.748273    10.956312    0.041722     -0.116211    1.658334    
1.110042     -0.054748    24.117451    24.223162    0.055698     -0.002747    1.210126    
-0.153601    -1.165617    42.787391    42.848781    -0.002380    -0.018059    0.662895    
-1.052135    0.961535     19.275647    19.428254    -0.001856    0.001696     0.034005    
-0.040690    0.277800     37.883350    37.935498    -0.002080    0.014200     1.936482    
-0.462167    0.607883     19.004633    19.121563    -0.019828    0.026080     0.815358    
0.596933     0.699783     10.496185    10.718716    0.154612     0.181251     2.718627    
-1.731939    2.034273     16.875562    17.198762    -0.248631    0.292033     2.422594    
1.146002     0.637059     31.497893    31.586570    0.248450     0.138113     6.828660    
-1.083278    -0.159496    73.762174    73.796559    -0.117935    -0.017364    8.030369    
-0.316424    1.221118     44.027544    44.089577    -0.076759    0.296221     10.680272   
-1.170737    1.293079     18.902717    19.084819    -0.236980    0.261744     3.826274    
-1.305617    -1.202133    31.300921    31.412933    -0.229182    -0.211016    5.494410    
0.377965     -0.522096    102.445943   102.466880   0.016111     -0.022255    4.366897    
0.345696     -0.311487    10.128155    10.328165    0.014994     -0.013510    0.439292    
0.393445     1.653596     94.092206    94.128144    0.011432     0.048048     2.733990    
0.915600     1.487395     35.258302    35.356378    0.004765     0.007741     0.183510    
1.466024     0.935065     71.580869    71.629040    0.035430     0.022598     1.729911    
-1.495854    0.473832     30.345719    30.449954    -0.331278    0.104937     6.720496    
-0.746441    0.607922     73.472578    73.505247    -0.026694    0.021740     2.627481    
-2.090742    -0.604884    30.683016    30.823035    -0.170976    -0.049466    2.509186    
0.942982     0.672648     88.103513    88.133113    0.047838     0.034124     4.469566    
-1.157804    -0.134704    39.979384    40.044785    -0.255489    -0.029725    8.822114    
0.821022     0.278193     94.365309    94.389819    0.067328     0.022813     7.738472    
-0.474423    -1.153327    75.301726    75.337773    -0.034674    -0.084292    5.503528    
-0.255652    0.240856     8.433299     8.667113     -0.003179    0.002995     0.104880    
-1.133285    -0.506345    29.624929    29.716192    -0.009157    -0.004091    0.239378    
-0.421041    -0.649232    5.369904     5.771446     -0.027122    -0.041821    0.345906    
3.043013     -0.098891    49.021880    49.155767    0.023168     -0.000753    0.373221    
-1.447588    0.150227     12.625360    12.860511    -0.065321    0.006779     0.569708    
-0.964474    -0.683969    128.745236   128.765712   -0.120327    -0.085331    16.062106   
0.186174     0.424555     122.736216   122.752876   0.076133     0.173615     50.191110   
0.340831     1.944143     20.109227    20.301522    0.085924     0.490119     5.069547    
0.053284     -0.378020    52.314455    52.352869    0.007241     -0.051368    7.108829    
-0.657895    1.447421     9.416076     9.750143     -0.004147    0.009123     0.059351    
-0.884803    0.624698     36.282682    36.352181    -0.076634    0.054106     3.142506    
-0.251555    -0.531673    21.676659    21.773802    -0.014074    -0.029747    1.212810    
-0.190886    -0.428984    33.590569    33.651474    -0.005078    -0.011413    0.893662    
-0.138833    1.375586     21.279575    21.415106    -0.001533    0.015187     0.234934    
-0.218216    -0.448498    29.883741    29.952657    -0.001786    -0.003670    0.244528    
-0.038767    0.618052     136.666400   136.681979   -0.007064    0.112627     24.904650   
0.433343     1.014309     17.078781    17.227197    0.027889     0.065279     1.099159    
0.645786     -0.802602    25.084811    25.183008    0.025260     -0.031394    0.981190    
0.240244     -1.370883    31.256365    31.349200    0.006106     -0.034840    0.794367    
-0.152891    -0.629211    63.647965    63.681690    -0.000119    -0.000489    0.049415    
1.034575     -1.774193    59.679464    59.747230    0.186331     -0.319539    10.748493   
1.009113     -0.271872    17.557736    17.698623    0.005369     -0.001446    0.093416    
-1.121920    1.221748     47.203802    47.273938    -0.033277    0.036238     1.400098    
-0.625556    0.266774     20.373124    20.479298    -0.009789    0.004175     0.318816    
-0.795395    -0.049522    30.619793    30.693351    -0.011221    -0.000699    0.431977    
0.407240     -0.467523    44.340730    44.388734    0.009938     -0.011410    1.082098    
0.155996     0.353189     14.110150    14.252030    0.006472     0.014653     0.585414    
-0.647001    1.126835     34.687523    34.767623    -0.026548    0.046237     1.423334    
0.232909     -0.627838    65.034705    65.067935    0.038068     -0.102617    10.629607   
-0.094840    0.910786     34.494383    34.562638    -0.012071    0.115923     4.390365    
-0.121357    -0.889347    24.488162    24.583545    -0.005004    -0.036671    1.009727    
0.524349     1.204429     25.617965    25.727042    0.037136     0.085302     1.814356    
-0.424088    0.959019     60.521386    60.562470    -0.177041    0.400355     25.265467   
-0.286822    1.081720     53.352419    53.400449    -0.000528    0.001991     0.098220    
0.610246     0.050009     93.354930    93.377689    0.058573     0.004800     8.960418    
0.514251     -1.005357    14.084009    14.265674    0.008269     -0.016166    0.226476    
0.409303     -0.054792    17.332571    17.448882    0.012878     -0.001724    0.545336    
0.109858     1.444079     15.399949    15.592653    0.002280     0.029975     0.319659    
0.288793     0.238803     67.054860    67.084795    0.005990     0.004953     1.390817    
1.626006     0.842947     13.612700    13.875698    0.066161     0.034299     0.553889    
0.236760     0.019053     80.183116    80.207627    0.014180     0.001141     4.802324    
-0.202215    1.349902     11.767155    12.008497    -0.002038    0.013607     0.118614    
-0.244969    0.229249     50.997373    51.036454    -0.001870    0.001750     0.389278    
0.461552     -0.187677    11.261745    11.443343    0.000384     -0.000156    0.009372    
-0.207196    1.002970     76.025816    76.058191    -0.000557    0.002695     0.204269    
-0.610099    -1.018503    34.970733    35.046208    -0.003818    -0.006374    0.218845    
-1.304599    -0.688921    34.580456    34.667845    -0.051474    -0.027182    1.364397    
-0.283013    0.678925     8.480463     8.736947     -0.014269    0.034230     0.427569    
-1.502581    1.674740     41.795792    41.902573    -0.213189    0.237616     5.930076    
0.010001     0.947832     21.516584    21.627224    0.000546     0.051757     1.174935    
0.847546     -2.781383    63.062358    63.160038    0.079935     -0.262322    5.947630    
-1.190895    -0.080401    25.456979    25.560857    -0.224593    -0.015163    4.800974    
0.219866     -0.838903    29.907460    29.984716    0.001350     -0.005151    0.183631    
-0.106055    0.416910     84.377060    84.401116    -0.000939    0.003692     0.747143    
-0.838955    0.831341     88.322379    88.352207    -0.080365    0.079636     8.460594    
0.069290     0.432398     96.228152    96.249280    0.000580     0.003620     0.805584    
0.689312     -0.669370    20.581961    20.698195    0.018792     -0.018248    0.561108    
-1.248512    0.306652     125.432807   125.454840   -0.030533    0.007499     3.067487    
-0.854122    -1.757308    52.748007    52.820875    -0.043649    -0.089805    2.695612    
1.454385     0.471788     71.148782    71.192429    0.052883     0.017155     2.587052    
-0.287005    1.212993     17.426977    17.582042    -0.009951    0.042057     0.604224    
0.694718     1.540181     73.283484    73.329385    0.037151     0.082364     3.918974    
0.485788     -0.888073    89.056972    89.084476    0.029426     -0.053794    5.394517    
1.344975     -1.009502    31.425841    31.532308    0.110926     -0.083258    2.591831    
-1.091013    -1.042689    11.754982    12.013828    -0.143907    -0.137533    1.550503    
1.457963     0.770891     44.967487    45.040756    0.020877     0.011039     0.643903    
1.211220     1.290181     22.982799    23.134728    0.013690     0.014583     0.259769    
-0.361201    0.463130     37.804522    37.860293    -0.003047    0.003907     0.318898    
-0.234083    0.235601     34.773623    34.830879    -0.072311    0.072780     10.741967   
0.575368     0.523948     24.836277    24.926315    0.052932     0.048201     2.284855    
0.249075     -1.673645    32.204624    32.309069    0.012418     -0.083441    1.605588    
-1.301044    -1.356540    23.384546    23.542405    -0.019902    -0.020751    0.357716    
-0.448025    -0.333300    21.052544    21.151747    -0.010583    -0.007873    0.497312    
0.349263     1.365932     88.068144    88.101423    0.057403     0.224498     14.474466   
0.760547     1.521350     97.682485    97.717121    0.076866     0.153757     9.872424    
-0.017248    -1.088020    35.033287    35.105416    -0.000389    -0.024513    0.789301    
0.900013     -0.742088    48.468971    48.522952    0.042133     -0.034740    2.269032    
-1.086392    -1.116198    42.313988    42.388379    -0.006799    -0.006986    0.264825    
-1.059796    0.529259     34.867810    34.943417    -0.071563    0.035738     2.354467    
-1.166205    0.243656     29.220696    29.311148    -0.065148    0.013612     1.632372    
-0.095683    0.114634     25.293206    25.370130    -0.000307    0.000368     0.081230    
-0.515952    -0.076221    62.587879    62.620999    -0.013017    -0.001923    1.578990    
0.517018     0.535535     55.880178    55.919794    0.012026     0.012456     1.299758    
1.454724     -1.120938    26.658490    26.794081    0.119184     -0.091838    2.184108    
-0.656319    1.827080     51.069675    51.144458    -0.022536    0.062737     1.753603    
-1.643727    2.069316     45.044170    45.164545    -0.007554    0.009510     0.207005    
-1.353444    0.586884     38.849463    38.927266    -0.078656    0.034107     2.257746    
0.918472     -0.129948    58.563819    58.604235    0.021276     -0.003010    1.356611    
0.739765     0.706477     13.365512    13.548366    0.071355     0.068144     1.289182    
-0.994841    1.258880     32.705148    32.803599    -0.015207    0.019243     0.499918    
-0.005566    -1.053698    9.835736     10.085979    -0.000656    -0.124102    1.158427    
0.979129     -1.364508    92.191314    92.227621    0.013020     -0.018145    1.225930    
1.023289     -0.374975    13.541154    13.726818    0.004332     -0.001587    0.057320    
0.945192     -0.044448    67.007966    67.043552    0.112782     -0.005304    7.995531    
0.414226     -2.324172    59.861703    59.940569    0.058202     -0.326565    8.411044    
1.684754     -0.503349    36.072392    36.168829    0.310188     -0.092674    6.641465    
-1.343705    -0.044240    74.111691    74.150018    -0.021480    -0.000707    1.184701    
0.422010     0.533201     13.277396    13.439739    0.025253     0.031906     0.794507    
-0.241752    1.478876     89.416086    89.450304    -0.013202    0.080762     4.883025    
-0.309935    -0.107235    33.746749    33.805703    -0.006582    -0.002277    0.716684    
1.818645     0.354361     62.335305    62.393896    0.099730     0.019432     3.418310    
-0.691266    0.835584     16.769509    16.919440    -0.093933    0.113544     2.278737    
0.136450     0.400557     113.257616   113.275512   0.004106     0.012053     3.407862    
-0.163548    -0.153128    16.162342    16.283318    -0.001846    -0.001728    0.182411    
0.781109     1.400083     52.808561    52.869551    0.009632     0.017265     0.651197    
0.337473     -1.024363    53.539808    53.586838    0.012458     -0.037816    1.976506    
0.063267     -1.098001    65.177531    65.216525    0.002958     -0.051338    3.047407    
0.571143     -0.054933    10.193957    10.398122    0.001278     -0.000123    0.022802    
0.498552     -0.232910    22.324811    22.418183    0.027458     -0.012828    1.229545    
-0.011697    -0.467129    66.407276    66.438088    -0.000054    -0.002142    0.304513    
0.827120     -0.246589    16.333121    16.473941    0.128182     -0.038215    2.531205    
-0.400575    0.927529     145.950740   145.967511   -0.014088    0.032621     5.133129    
-1.337253    0.986314     21.152682    21.308965    -0.008964    0.006612     0.141793    
-0.814912    2.194764     104.805085   104.849711   -0.019042    0.051286     2.449021    
0.300181     1.125480     40.911256    40.975147    0.038855     0.145680     5.295460    
0.034290     1.377804     41.904670    41.973514    0.006373     0.256079     7.788411    
1.065088     -0.372562    8.443547     8.743091     0.199493     -0.069782    1.581491    
-1.168721    0.661777     171.828957   171.845480   -0.040227    0.022778     5.914309    
0.298897     0.361005     15.890492    16.018813    0.020674     0.024970     1.099109    
1.918939     -1.341051    39.166244    39.285499    0.007948     -0.005554    0.162214    
-0.155477    0.714227     55.660588    55.700182    -0.019702    0.090508     7.053397    
-1.277118    1.106938     29.433642    29.547768    -0.030814    0.026708     0.710168    
-0.707203    -0.046777    28.392484    28.469465    -0.003684    -0.000244    0.147907    
0.671832     0.426382     105.943158   105.964432   0.002363     0.001500     0.372594    
2.103178     0.758940     80.076802    80.132194    0.049085     0.017712     1.868857    
-0.982772    0.323660     55.652475    55.696890    -0.055175    0.018171     3.124477    
-0.274679    0.197914     146.951130   146.964704   -0.046232    0.033312     24.733949   
0.080496     0.298281     23.589407    23.673414    0.000879     0.003255     0.257455    
-0.316389    -1.866138    53.513114    53.582748    -0.066928    -0.394760    11.320096   
0.434963     0.483295     11.799455    11.980186    0.025941     0.028824     0.703725    
0.506403     -0.883387    61.283250    61.323311    0.061382     -0.107077    7.428272    
-1.843869    1.066888     15.115950    15.391718    -0.045753    0.026473     0.375083    
-0.234220    -0.050693    10.974600    11.152319    -0.028223    -0.006108    1.322393    
0.665423     -0.910890    34.187486    34.262686    0.059186     -0.081019    3.040792    
0.138689     -0.989309    10.675237    10.901083    0.007407     -0.052840    0.570171    
0.742950     0.334930     40.828754    40.884303    0.003419     0.001541     0.187867    
0.799027     -0.320298    40.019748    40.077378    0.007695     -0.003084    0.385394    
-0.283963    -0.216121    34.881318    34.938641    -0.009538    -0.007260    1.171672    
0.307792     1.238361     14.331838    14.522562    0.041992     0.168950     1.955295    
-0.705654    -1.059527    62.035080    62.079358    -0.039967    -0.060010    3.513554    
-1.390737    0.579466     40.085445    40.162019    -0.191904    0.079959     5.531294    
0.609365     0.337396     25.849213    25.933413    0.071325     0.039491     3.025588    
-0.177723    -1.613731    39.087067    39.170263    -0.019122    -0.173631    4.205606    
0.374236     -0.014634    19.595755    19.697940    0.019786     -0.000774    1.036017    
1.823469     0.550556     98.410755    98.448869    0.358066     0.108110     19.324450   
-0.077112    1.465243     25.212275    25.331535    -0.001685    0.032026     0.551068    
0.159559     -1.065602    12.968610    13.161336    0.005398     -0.036049    0.438722    
-0.775406    0.993531     15.463753    15.639404    -0.039724    0.050898     0.792202    
-1.467673    0.964601     57.138411    57.199279    -0.035853    0.023564     1.395815    
-1.060019    -0.900436    14.293387    14.495181    -0.004747    -0.004033    0.064015    
-0.823741    -0.260918    30.218913    30.295285    -0.033563    -0.010631    1.231249    
0.324494     0.783192     97.321449    97.345046    0.029171     0.070407     8.748915    
0.520078     1.393370     75.214711    75.255163    0.009652     0.025860     1.395914    
0.840920     1.876172     55.703673    55.776350    0.058233     0.129924     3.857441    
0.590231     1.836792     22.274890    22.444774    0.049360     0.153608     1.862810    
-0.433147    0.320380     9.876255     10.084921    -0.041326    0.030567     0.942276    
-2.237069    -0.408347    67.018185    67.085642    -0.056713    -0.010352    1.698995    
-1.349996    0.833426     36.496942    36.584406    -0.165637    0.102257     4.477965    
-0.003698    -0.629238    26.367513    26.448377    -0.000050    -0.008501    0.356236    
-0.249039    -0.261974    24.953944    25.034075    -0.011076    -0.011651    1.109839    
0.777373     -0.926698    35.227587    35.303271    0.002330     -0.002777    0.105583    
-0.845218    0.255801     217.517284   217.527984   -0.051162    0.015484     13.166536   
-0.936387    -0.448642    31.833237    31.910939    -0.070228    -0.033647    2.387445    
1.190697     0.281212     24.785497    24.893627    0.106785     0.025220     2.222825    
0.028771     0.185922     17.146977    17.260625    0.001354     0.008751     0.807084    
-0.883264    0.488774     11.538493    11.748652    -0.054328    0.030064     0.709715    
0.276576     0.606402     29.088543    29.162690    0.046782     0.102572     4.920262    
-0.155322    0.051664     24.432787    24.512503    -0.018701    0.006220     2.941698    
-0.169550    0.188533     19.141483    19.244106    -0.038548    0.042863     4.351861    
0.720605     -0.595702    15.798120    15.947718    0.031446     -0.025995    0.689405    
0.031193     -0.408506    96.505801    96.526745    0.003453     -0.045222    10.683357   
0.301701     -0.368378    21.598827    21.693571    0.052994     -0.064705    3.793831    
0.319622     0.294270     22.134472    22.226078    0.024133     0.022219     1.671269    
0.927032     -1.912618    20.883806    21.083780    0.121103     -0.249855    2.728154    
-0.927227    1.277674     32.818137    32.915001    -0.085562    0.117900     3.028355    
-1.303372    -0.010136    44.354395    44.417184    -0.048380    -0.000376    1.646389    
0.646322     -0.603376    47.885382    47.933981    0.051764     -0.048325    3.835167    
2.244588     2.494579     56.013391    56.148340    0.365639     0.406362     9.124474    
-0.376234    0.343172     98.794829    98.815750    -0.004485    0.004091     1.177712    
-0.239874    -0.483892    65.500270    65.532069    -0.016475    -0.033234    4.498630    
0.425152     0.689850     67.837614    67.871006    0.005224     0.008477     0.833622    
1.106304     1.381276     21.962915    22.121854    0.021471     0.026807     0.426247    
-0.766046    -0.406829    98.601552    98.625014    -0.101967    -0.054152    13.124670   
0.277688     -1.271683    79.228295    79.263434    0.002901     -0.013287    0.827794    
0.204672     0.110216     62.755830    62.787126    0.023784     0.012808     7.292697    
0.371505     -0.176595    14.020794    14.164280    0.005669     -0.002695    0.213943    
0.304723     0.944021     41.235535    41.294411    0.007768     0.024065     1.051179    
-0.089185    -0.385372    62.194979    62.227381    -0.006259    -0.027046    4.364874    
0.817428     -0.436795    63.638643    63.675826    0.042973     -0.022963    3.345547    
-0.274265    0.639842     90.851703    90.875692    -0.022746    0.053064     7.534618    
-0.428670    0.187797     25.416049    25.496461    -0.002538    0.001112     0.150481    
-1.752001    -0.223736    9.358873     9.725380     -0.041760    -0.005333    0.223075    
-1.048941    1.118844     47.011523    47.077705    -0.009659    0.010303     0.432899    
-0.553553    0.625116     22.683137    22.783697    -0.003444    0.003889     0.141107    
-0.727697    1.131956     18.422578    18.576254    -0.025321    0.039387     0.641026    
-0.592463    -1.758627    128.512703   128.541175   -0.023755    -0.070512    5.152707    
-1.100270    -0.177221    41.456005    41.517675    -0.250329    -0.040321    9.431918    
0.001716     0.034696     25.177499    25.254359    0.000063     0.001273     0.923823    
-1.366667    -0.292772    26.507059    26.616773    -0.067408    -0.014440    1.307409    
0.289200     -0.230070    59.192138    59.226014    0.015592     -0.012404    3.191242    
1.069724     1.138703     67.349153    67.396026    0.261898     0.278786     16.488955   
-1.964478    -2.067005    76.808197    76.886317    -0.236526    -0.248871    9.247835    
-0.664483    1.372347     58.651732    58.704561    -0.065387    0.135043     5.771499    
2.051776     0.110207     18.755875    18.970497    0.200404     0.010764     1.831948    
2.072464     -0.617924    86.593036    86.642402    0.134930     -0.040231    5.637728    
0.766241     1.262835     27.399544    27.509850    0.035575     0.058631     1.272097    
-0.459349    0.323701     109.162288   109.181482   -0.030067    0.021188     7.145188    
0.528188     0.085229     52.373403    52.413114    0.026886     0.004338     2.665943    
-0.074731    -0.781056    17.078292    17.209261    -0.009737    -0.101761    2.225076    
0.009663     0.834402     37.586555    37.647315    0.001485     0.128232     5.776356    
-0.421052    0.092697     6.242206     6.559418     -0.034778    0.007657     0.515589    
-1.276530    0.737665     70.030757    70.073930    -0.019542    0.011293     1.072078    
0.068063     0.856468     70.903346    70.935870    0.002417     0.030416     2.517992    
-0.178648    2.405439     52.608407    52.700450    -0.009292    0.125107     2.736163    
1.026808     0.527510     155.619016   155.635746   0.113687     0.058405     17.229983   
-0.438548    0.260741     17.217433    17.337106    -0.011825    0.007030     0.464240    
-0.517831    -0.988356    53.120844    53.169014    -0.005051    -0.009641    0.518182    
0.464281     -1.281184    166.302528   166.319761   0.012658     -0.034931    4.534124    
0.702300     -0.016496    19.627352    19.738323    0.223032     -0.005239    6.233135    
-0.206401    -1.464015    16.798140    16.977585    -0.009648    -0.068436    0.785232    
-0.438938    -0.488964    81.975475    82.001739    -0.038880    -0.043311    7.261134    
-0.223575    -0.004910    77.138968    77.164404    -0.006380    -0.000140    2.201175    
0.917358     -1.031994    34.784724    34.867729    0.137749     -0.154962    5.223209    
0.248352     0.356779     47.196111    47.239145    0.008645     0.012419     1.642805    
0.922838     0.658032     61.223715    61.265837    0.179125     0.127726     11.883682   
0.316268     -0.389097    111.236750   111.255296   0.007223     -0.008886    2.540459    
-0.287206    -1.023249    105.405543   105.429280   -0.033606    -0.119730    12.333447   
-0.872861    0.948247     95.871380    95.900248    -0.181244    0.196897     19.907030   
0.336356     -0.572687    37.906400    37.963288    0.008923     -0.015192    1.005577    
0.355710     0.757464     116.527682   116.547312   0.018366     0.039108     6.016405    
1.019090     -0.253160    39.033804    39.097512    0.143424     -0.035629    5.493509    
-0.071301    -0.328462    96.372846    96.393534    -0.009724    -0.044796    13.143509   
-1.484606    -0.239365    9.833544     10.140754    -0.006680    -0.001077    0.044247    
-0.248228    -0.405017    39.842740    39.894166    -0.014732    -0.024038    2.364660    
1.246853     1.266152     18.607824    18.795846    0.046920     0.047647     0.700232    
-0.882690    -0.112191    25.796837    25.887129    -0.020341    -0.002585    0.594458    
-1.422711    1.589599     79.633221    79.686108    -0.007379    0.008245     0.413036    
0.951471     -0.872703    88.942859    88.974008    0.128008     -0.117411    11.966134   
0.688386     0.134948     13.955784    14.111377    0.043946     0.008615     0.890921    
0.090609     -0.242182    27.069734    27.142445    0.002686     -0.007180    0.802512    
-1.164622    0.352066     21.638688    21.762079    -0.031367    0.009482     0.582808    
2.039756     0.116295     46.341318    46.428082    0.164724     0.009392     3.742383    
-1.092651    -0.272206    32.823405    32.901654    -0.128115    -0.031916    3.848583    
0.348760     -1.692205    40.591517    40.675932    0.002450     -0.011888    0.285155    
-1.226932    0.444886     92.354108    92.384303    -0.033932    0.012304     2.554108    
-0.960110    0.397765     82.547386    82.577394    -0.053235    0.022055     4.576980    
-1.508131    -1.050928    49.633843    49.706863    -0.046875    -0.032664    1.542681    
1.902612     -0.109022    38.810092    38.906683    0.223984     -0.012835    4.568895    
0.207176     2.002231     8.414581     8.873104     0.004466     0.043160     0.181385    
0.525680     -0.277030    26.516823    26.596427    0.007287     -0.003840    0.367557    
-0.588078    0.479106     48.439012    48.484928    -0.004326    0.003524     0.356317    
0.409127     -1.036531    22.838523    22.950270    0.041004     -0.103886    2.288976    
1.001257     1.223002     50.866987    50.929594    0.039897     0.048733     2.026901    
0.020565     -1.546774    38.093050    38.175232    0.001152     -0.086669    2.134425    
-0.228412    0.110933     70.266072    70.294099    -0.016307    0.007920     5.016633    
-0.892648    -1.055903    33.223978    33.310950    -0.002188    -0.002588    0.081427    
-0.540632    -0.802187    145.091051   145.107628   -0.054903    -0.081465    14.734560   
-0.794724    -0.000929    64.056388    64.091555    -0.023673    -0.000028    1.908053    
-0.040525    -0.916766    31.704058    31.778363    -0.000718    -0.016245    0.561800    
-0.937150    -1.271802    13.657653    13.888922    -0.141352    -0.191829    2.060013    
-0.857527    0.740222     46.192044    46.247845    -0.048340    0.041728     2.603925    
0.180867     0.934184     76.789009    76.820130    0.023382     0.120770     9.927153    
1.123183     -0.070934    27.279873    27.373948    0.009421     -0.000595    0.228826    
-1.559651    -1.110145    41.851962    41.941943    -0.116094    -0.082634    3.115279    
-0.986862    -1.086896    46.677935    46.742484    -0.035940    -0.039583    1.699924    
-0.519230    -0.125651    61.548333    61.582121    -0.033463    -0.008098    3.966651    
-0.005886    -0.534613    19.122458    19.230944    -0.000386    -0.035081    1.254821    
0.900642     -0.177792    24.649865    24.745374    0.057557     -0.011362    1.575282    
1.367849     -0.730581    13.826790    14.052041    0.260300     -0.139028    2.631216    
-0.623925    0.905723     11.920624    12.132017    -0.009733    0.014129     0.185963    
1.873790     -0.385338    65.528805    65.586270    0.608809     -0.125199    21.290826   
-0.547116    0.956137     55.875523    55.921038    -0.030281    0.052919     3.092506    
0.027763     -0.225421    94.711193    94.731920    0.002217     -0.018001    7.562965    
-1.586317    -1.297573    30.838815    30.969462    -0.083414    -0.068231    1.621609    
-0.207030    -1.637024    38.501297    38.586883    -0.002994    -0.023675    0.556824    
0.207897     -0.948618    63.155183    63.193316    0.009509     -0.043389    2.888688    
-0.439429    1.446343     38.247117    38.327560    -0.041815    0.137630     3.639500    
-0.695913    -1.925300    47.087596    47.173167    -0.016616    -0.045968    1.124261    
-0.215548    1.293026     77.570698    77.606743    -0.011741    0.070429     4.225154    
-1.129903    0.390729     43.727044    43.787654    -0.049782    0.017215     1.926539    
-1.054748    0.362513     80.142648    80.174577    -0.086169    0.029616     6.547318    
1.694392     -1.364482    79.250573    79.304861    0.202230     -0.162855    9.458776    
1.266985     -0.729759    147.407217   147.427610   0.136122     -0.078404    15.837103   
0.053545     0.037992     24.503162    24.582193    0.001458     0.001035     0.667240    
1.181920     -0.401823    38.947214    39.016905    0.009345     -0.003177    0.307953    
-1.130720    1.583218     44.902271    44.987487    -0.033182    0.046461     1.317689    
0.928089     -0.569059    22.519175    22.631247    0.096772     -0.059336    2.348072    
1.703670     -0.641287    98.966013    99.002325    0.266752     -0.100409    15.495592   
-1.143068    -0.250178    10.411428    10.660299    -0.434278    -0.095048    3.955542    
1.117166     -0.528266    10.731182    10.979998    0.009439     -0.004463    0.090666    
-1.221383    -0.569837    41.883823    41.951711    -0.138040    -0.064403    4.733696    
1.708127     -0.037154    35.219074    35.315396    0.137757     -0.002996    2.840351    
-1.341168    0.173211     28.174812    28.275850    -0.049901    0.006445     1.048301    
0.541951     0.729295     33.357280    33.427663    0.122355     0.164652     7.531027    
-0.844848    -0.632175    47.648574    47.700891    -0.246471    -0.184427    13.900711   
-2.018366    -1.207368    42.445656    42.556318    -0.033548    -0.020068    0.705505    
0.734177     0.401082     31.333740    31.406657    0.030637     0.016737     1.307549    
-1.089956    -0.847075    25.621364    25.733922    -0.003206    -0.002492    0.075367    
-0.123774    0.809082     7.710613     7.999903     -0.012393    0.081011     0.772041    
0.692625     -0.919368    69.364924    69.402396    0.009999     -0.013273    1.001392    
-2.181306    -0.245412    103.336017   103.378072   -0.003240    -0.000365    0.153487    
0.295829     0.398195     52.711981    52.751057    0.030889     0.041578     5.503918    
0.034164     -0.831058    13.622500    13.789100    0.002579     -0.062740    1.028414    
0.285875     0.793788     113.820998   113.841146   0.014997     0.041643     5.971126    
-0.393565    -0.485420    114.442485   114.461120   -0.006393    -0.007885    1.858917    
2.364100     0.738478     15.520679    15.839847    0.096255     0.030067     0.631931    
-1.025697    -0.888662    19.962543    20.105220    -0.241746    -0.209448    4.704958    
