0.144206     1.012176     62.442513    62.481898    0.007807     0.054800     3.380706    
-1.497010    -0.193654    25.373079    25.494051    -0.056253    -0.007277    0.953436    
-0.252411    1.407685     18.965716    19.121156    -0.004506    0.025130     0.338579    
-0.240395    -0.347636    61.348672    61.381700    -0.009888    -0.014299    2.523481    
-0.309779    -1.189726    22.958654    23.075661    -0.018635    -0.071571    1.381133    
-0.174084    -1.136143    20.546008    20.672071    -0.001766    -0.011525    0.208418    
0.033457     -1.536618    15.817281    16.013233    0.003501     -0.160794    1.655141    
1.208164     -0.403723    67.362941    67.403735    0.037408     -0.012500    2.085758    
0.197291     0.770358     16.934459    17.067021    0.013789     0.053841     1.183575    
0.190757     -1.159010    36.210608    36.283092    0.001003     -0.006093    0.190351    
-0.207166    -0.621875    71.203876    71.234097    -0.002782    -0.008350    0.956094    
-1.258353    0.116279     108.102272   108.127578   -0.045799    0.004232     3.934502    
0.106866     -0.222317    114.692174   114.709331   0.007422     -0.015440    7.965426    
-0.022832    -0.497396    49.229811    49.271667    -0.000647    -0.014094    1.394944    
-0.030353    -0.384218    29.762134    29.829652    -0.000132    -0.001674    0.129658    
0.366410     0.483643     6.647571     6.959405     0.014063     0.018562     0.255134    
0.911880     0.190415     25.470898    25.563830    0.004194     0.000876     0.117153    
1.289816     0.094188     11.670346    11.905647    0.016564     0.001210     0.149875    
0.539337     -0.647963    21.293208    21.400617    0.003647     -0.004381    0.143974    
0.559342     -1.507842    90.027574    90.063453    0.038882     -0.104816    6.258175    
-1.872465    -0.577410    19.017116    19.218875    -0.115195    -0.035523    1.169945    
0.187990     -0.865173    8.117885     8.399933     0.004833     -0.022242    0.208695    
0.870602     0.695733     31.884667    31.964808    0.015565     0.012438     0.570038    
1.951557     0.146021     18.024641    18.237120    0.013476     0.001008     0.124463    
0.606197     0.252504     42.200738    42.251727    0.013555     0.005646     0.943617    
0.791833     -1.115642    63.940938    63.985859    0.016732     -0.023574    1.351078    
-1.588533    -0.795321    28.754292    28.876292    -0.127806    -0.063988    2.313445    
-0.450634    -0.188263    79.232933    79.258887    -0.017869    -0.007465    3.141848    
-0.521231    -0.811900    20.209779    20.328330    -0.002148    -0.003346    0.083301    
-1.382351    0.871674     32.160587    32.262192    -0.508423    0.320598     11.828523   
-2.810443    0.106361     39.868588    40.016111    -0.138780    0.005252     1.968720    
-0.967365    0.572815     43.577278    43.636201    -0.052034    0.030811     2.343999    
0.440196     -0.552067    40.839240    40.892750    0.123046     -0.154317    11.415600   
1.094050     0.978620     37.862019    37.941561    0.063665     0.056948     2.203263    
0.295421     0.885938     73.613972    73.646208    0.009347     0.028031     2.329166    
-0.589609    0.110429     17.878607    17.996649    -0.069708    0.013056     2.113743    
-0.213473    1.157147     14.156825    14.341381    -0.024171    0.131020     1.602932    
0.250507     -0.510638    14.884443    15.024816    0.000238     -0.000485    0.014147    
-0.693618    -0.435752    12.554003    12.733771    -0.009983    -0.006271    0.180679    
1.247185     -0.110480    72.011447    72.049227    0.067774     -0.006004    3.913207    
1.075512     -1.228755    55.248035    55.307205    0.071812     -0.082044    3.688925    
0.282539     -0.243524    20.826324    20.922472    0.008476     -0.007306    0.624772    
-0.069909    0.337294     15.590861    15.718415    -0.008626    0.041620     1.923796    
-0.373661    0.450666     15.058083    15.197484    -0.007120    0.008587     0.286929    
0.762833     1.063050     13.464545    13.670439    0.021313     0.029701     0.376188    
0.299766     0.986877     10.365807    10.601353    0.009472     0.031184     0.327551    
-1.211805    -0.745891    91.187630    91.219974    -0.071798    -0.044193    5.402726    
0.559926     -0.882379    28.878088    28.963961    0.045801     -0.072177    2.362164    
-0.349765    0.355176     131.952878   131.968502   -0.045541    0.046245     17.180817   
-0.704860    -0.211233    75.149214    75.178593    -0.008217    -0.002463    0.876070    
-0.137598    -2.389177    69.357228    69.426416    -0.007619    -0.132284    3.840163    
0.366529     0.292752     65.416305    65.447597    0.017544     0.014012     3.131116    
-1.041941    -0.440055    40.590725    40.654166    -0.124835    -0.052723    4.863192    
0.543870     -0.337005    33.628340    33.691981    0.022199     -0.013755    1.372595    
-0.906114    -0.659192    42.715747    42.775760    -0.076517    -0.055665    3.607131    
1.162738     -1.238387    26.362736    26.490647    0.085032     -0.090565    1.927936    
-0.007626    -0.375400    65.487419    65.518074    -0.000408    -0.020067    3.500683    
0.806380     -1.004587    12.759641    12.974700    0.003187     -0.003970    0.050422    
0.358453     0.433503     66.299053    66.330655    0.003440     0.004160     0.636258    
0.328334     -2.555146    29.065159    29.245427    0.036283     -0.282360    3.211890    
-0.139262    1.931193     83.948794    83.994189    -0.000355    0.004928     0.214224    
-2.116401    1.304986     65.941263    66.017477    -0.071691    0.044205     2.233701    
1.257381     0.551074     80.564118    80.599855    0.518704     0.227333     33.234884   
0.330051     1.168497     10.294015    10.550640    0.045949     0.162676     1.433117    
-1.082640    1.322514     37.653086    37.743225    -0.170435    0.208197     5.927558    
0.193766     -0.145123    12.930224    13.081447    0.004945     -0.003704    0.329979    
-0.217333    -0.094469    12.558821    12.714365    -0.039552    -0.017192    2.285540    
-0.189117    0.193378     38.167072    38.218759    -0.008326    0.008514     1.680346    
0.156603     -0.264142    21.801271    21.892115    0.016620     -0.028034    2.313798    
0.308010     -1.490426    56.854799    56.909220    0.002826     -0.013674    0.521636    
-1.356897    0.145051     145.962128   145.981779   -0.037796    0.004040     4.065746    
1.049569     -1.635445    38.078411    38.178745    0.000035     -0.000055    0.001283    
0.635403     -0.005103    63.115822    63.149708    0.023458     -0.000188    2.330120    
-0.837471    -0.009664    112.022607   112.043032   -0.136515    -0.001575    18.260665   
-0.207597    3.126865     45.974936    46.123639    -0.002269    0.034169     0.502390    
0.953296     0.990402     51.861551    51.917098    0.014981     0.015564     0.815021    
-0.254499    1.564869     13.536361    13.770316    -0.015391    0.094638     0.818632    
0.253350     1.690255     106.228157   106.260140   0.023340     0.155717     9.786424    
0.623615     -0.139276    34.416618    34.478788    0.001822     -0.000407    0.100554    
0.220406     0.163926     20.597718    20.693390    0.026805     0.019936     2.505063    
0.320735     -0.871961    103.174201   103.197161   0.000526     -0.001431    0.169322    
-0.919811    -1.134030    31.137759    31.234069    -0.247293    -0.304887    8.371464    
1.972064     0.317527     52.327945    52.403040    0.005907     0.000951     0.156753    
0.551755     -1.376759    19.066092    19.224742    0.159154     -0.397127    5.499634    
0.222077     0.676237     24.412692    24.502267    0.005993     0.018250     0.658830    
-0.378077    1.103988     16.048443    16.210775    -0.053950    0.157533     2.290024    
0.159275     -0.737926    88.687674    88.712730    0.029850     -0.138296    16.621143   
-0.316807    -1.216156    37.068847    37.142345    -0.018097    -0.069470    2.117459    
-0.929069    -0.567108    13.954204    14.134339    -0.052488    -0.032039    0.788354    
2.202376     0.228371     25.995056    26.163343    0.212556     0.022041     2.508834    
-1.387310    -0.839622    66.507657    66.556540    -0.098323    -0.059507    4.713622    
1.090234     -0.136295    19.649177    19.778076    0.187251     -0.023409    3.374803    
-0.086442    0.485338     171.588432   171.600431   -0.004328    0.024302     8.591779    
-1.324086    0.752031     87.873012    87.908247    -0.075881    0.043097     5.035814    
-0.761474    -2.856203    42.229432    42.378504    -0.010841    -0.040662    0.601198    
-0.011768    -0.836972    9.128166     9.375448     -0.001369    -0.097369    1.061925    
-1.835202    -0.273736    72.546147    72.596565    -0.071339    -0.010641    2.820065    
-2.137968    -0.493775    85.699224    85.749907    -0.167602    -0.038709    6.718247    
0.578714     0.152821     6.154664     6.489461     0.065822     0.017381     0.700017    
-0.599451    0.586264     38.094341    38.154382    -0.145833    0.142625     9.267480    
-0.347537    0.331527     9.817489     10.024407    -0.014280    0.013622     0.403379    
0.011895     0.368065     10.592403    10.780054    0.000579     0.017910     0.515438    
-0.234112    0.145558     56.785181    56.819959    -0.013424    0.008346     3.255944    
-1.563885    1.873862     82.867333    82.926636    -0.073400    0.087949     3.889340    
0.357966     0.429962     5.565415     5.929739     0.044184     0.053071     0.686949    
1.176050     1.024336     20.746982    20.898435    0.105487     0.091879     1.860914    
0.454187     1.338863     68.663972    68.706731    0.008787     0.025901     1.328343    
0.838635     0.999214     10.976403    11.227561    0.017942     0.021377     0.234828    
0.259250     0.260571     16.121434    16.245329    0.013413     0.013481     0.834060    
1.151398     -0.634707    20.201367    20.339586    0.059760     -0.032943    1.048489    
-1.774715    0.294569     63.577702    63.633603    -0.130995    0.021743     4.692770    
-0.808607    -3.001955    34.995454    35.188383    -0.026107    -0.096922    1.129872    
1.320378     -0.305360    77.092902    77.129937    0.119554     -0.027649    6.980405    
-0.247941    -1.356671    51.683497    51.739355    -0.010199    -0.055809    2.126089    
0.161165     -0.120132    36.311354    36.365228    0.011361     -0.008468    2.559618    
-0.518214    -0.153988    58.465717    58.501344    -0.116374    -0.034581    13.129495   
-0.743571    0.295432     18.521631    18.643121    -0.019509    0.007751     0.485954    
1.079474     -0.111779    21.248209    21.366776    0.057773     -0.005982    1.137190    
0.103888     -0.537560    71.569154    71.598313    0.022671     -0.117310    15.618363   
1.804998     -2.047890    69.564568    69.645933    0.175196     -0.198772    6.752053    
-1.146000    -0.105368    47.320959    47.375865    -0.071244    -0.006550    2.941841    
0.853725     0.474941     9.604153     9.852366     0.237310     0.132019     2.669668    
-2.080175    0.103201     28.828000    28.970093    -0.028865    0.001432     0.400028    
-0.380603    0.493057     34.186561    34.248852    -0.007146    0.009257     0.641853    
-0.950427    -0.592975    64.486806    64.526568    -0.048054    -0.029981    3.260462    
-1.423425    -0.026585    40.911102    40.983168    -0.001284    -0.000024    0.036907    
-2.790808    -2.619433    122.067443   122.143300   -0.032157    -0.030182    1.406525    
0.244846     1.884107     47.607823    47.686366    0.016828     0.129491     3.271984    
-0.321958    -0.049995    24.840061    24.920067    -0.010583    -0.001643    0.816506    
-0.550970    0.270746     17.846898    17.965623    -0.027628    0.013577     0.894933    
-0.940313    -0.746634    17.649072    17.799054    -0.001770    -0.001405    0.033217    
0.345997     1.274407     25.093815    25.205522    0.080562     0.296733     5.842850    
-0.491468    1.440451     30.400778    30.502437    -0.000671    0.001967     0.041517    
-0.633742    -0.940058    178.967635   178.982051   -0.024586    -0.036469    6.942945    
0.370756     -0.018909    4.439331     4.870362     0.021499     -0.001096    0.257418    
-0.967951    -0.889133    16.635503    16.803048    -0.143252    -0.131587    2.461965    
-0.429929    -0.834061    52.605121    52.650301    -0.003513    -0.006816    0.429877    
-1.317263    -1.088401    53.426642    53.490193    -0.098690    -0.081543    4.002729    
-0.605327    1.028487     14.659137    14.838782    -0.089452    0.151985     2.166255    
-1.335177    -0.844895    32.251049    32.349678    -0.001822    -0.001153    0.043998    
-1.536180    -1.485535    46.384251    46.475159    -0.049871    -0.048227    1.505841    
-0.692086    0.220325     83.977275    84.003483    -0.150234    0.047827     18.229316   
-0.352558    0.142311     24.581559    24.663182    -0.069469    0.028041     4.843591    
-0.584959    -0.758371    110.624389   110.646047   -0.031151    -0.040385    5.891027    
-0.855619    -1.257141    27.825092    27.936056    -0.019163    -0.028156    0.623189    
2.864622     0.818387     40.115907    40.274517    0.088375     0.025248     1.237598    
-0.726918    -0.208665    9.330752     9.566078     -0.048991    -0.014063    0.628855    
-0.741652    -0.122423    47.975687    48.021939    -0.050924    -0.008406    3.294167    
-1.002889    0.273962     98.649936    98.675051    -0.131985    0.036055     12.982770   
-1.229062    0.090713     54.644365    54.693696    -0.183532    0.013546     8.159891    
-1.598367    -0.985516    24.609493    24.759404    -0.051129    -0.031525    0.787211    
-0.698674    -1.332163    53.986233    54.043048    -0.010907    -0.020796    0.842762    
0.119205     -0.070280    86.400213    86.422745    0.000844     -0.000497    0.611500    
2.741875     -0.529878    102.437881   102.494845   0.049208     -0.009510    1.838441    
-0.963091    1.337303     12.280233    12.545716    -0.030833    0.042813     0.393144    
0.245246     0.614335     22.472172    22.567920    0.007709     0.019310     0.706354    
-0.647026    0.429746     32.688589    32.757016    -0.060407    0.040121     3.051833    
-0.493920    -1.122957    35.704224    35.779485    -0.066793    -0.151858    4.828288    
0.855491     -0.844376    12.509388    12.720243    0.046152     -0.045553    0.674861    
-1.470730    1.032024     20.240366    20.415079    -0.003057    0.002145     0.042070    
-0.145385    0.637903     120.102200   120.120113   -0.002407    0.010561     1.988420    
-0.235203    0.090381     4.857073     5.246866     -0.003814    0.001466     0.078765    
-0.571663    -0.251760    11.666194    11.847583    -0.047744    -0.021026    0.974337    
0.861135     2.113258     56.317194    56.397772    0.061726     0.151478     4.036797    
0.201676     1.013995     41.532070    41.591545    0.022895     0.115114     4.714929    
-0.125618    -0.455838    12.961823    13.118970    -0.006007    -0.021798    0.619843    
0.066754     -0.264187    23.120011    23.205261    0.008020     -0.031741    2.777773    
0.688065     -0.939764    18.062113    18.206358    0.019347     -0.026424    0.507861    
0.330286     -0.219492    145.965209   145.979021   0.078110     -0.051908    34.519341   
-0.646458    0.161465     19.280056    19.391738    -0.021630    0.005403     0.645110    
0.656447     -1.822385    65.910550    65.968383    0.056085     -0.155699    5.631195    
-0.429579    -0.538368    56.439271    56.477789    -0.082312    -0.103157    10.814384   
-1.685294    -0.940346    41.466249    41.557782    -0.065559    -0.036580    1.613057    
1.418262     -0.756072    46.851840    46.920710    0.016083     -0.008574    0.531300    
0.288243     0.005035     6.817456     7.101815     0.014641     0.000256     0.346290    
0.032091     -0.194006    12.277660    12.436018    0.000572     -0.003459    0.218908    
-1.034307    0.019554     19.540856    19.666982    -0.028987    0.000548     0.547642    
1.074321     -0.691071    11.847050    12.077222    0.037013     -0.023809    0.408157    
1.128302     -1.160123    99.604613    99.637206    0.004302     -0.004423    0.379761    
1.547332     -1.031277    80.672948    80.718382    0.157771     -0.105152    8.225672    
0.888540     0.213418     45.808883    45.860264    0.001397     0.000336     0.072047    
-0.792587    0.849147     11.401143    11.627994    -0.007710    0.008260     0.110901    
-1.041846    -0.256531    9.041865     9.315660     -0.017140    -0.004220    0.148754    
2.363954     -0.689938    49.571276    49.671427    0.132712     -0.038733    2.782922    
0.575125     0.375455     87.555451    87.580270    0.075241     0.049119     11.454472   
-0.044127    1.419206     86.844352    86.878262    -0.005242    0.168594     10.316654   
-0.979090    -1.090209    29.557265    29.658962    -0.011315    -0.012600    0.341595    
-0.452571    0.110229     36.555246    36.611172    -0.088899    0.021652     7.180561    
-0.078386    1.702393     48.753354    48.822830    -0.005260    0.114240     3.271620    
-0.788245    0.379310     27.068786    27.154361    -0.013448    0.006472     0.461829    
-0.041018    0.229439     119.625051   119.641473   -0.000573    0.003203     1.669877    
1.200517     -1.612146    80.337056    80.386304    0.106002     -0.142348    7.093533    
0.157072     2.624892     38.368851    38.509199    0.021749     0.363464     5.312862    
-0.850909    0.425312     19.311476    19.434840    -0.094058    0.047013     2.134659    
0.938097     -1.419800    19.278003    19.452820    0.027053     -0.040944    0.555943    
1.370911     0.087398     86.036026    86.069506    0.116798     0.007446     7.330039    
-0.083153    0.940799     21.573341    21.683543    -0.004612    0.052178     1.196477    
0.580868     -0.084609    19.928784    20.034370    0.048745     -0.007100    1.672388    
0.728243     -1.373575    10.276296    10.578008    0.037877     -0.071442    0.534489    
0.238902     -0.402956    12.815398    12.974160    0.014200     -0.023952    0.761745    
-2.062942    0.301981     27.043119    27.194709    -0.058758    0.008601     0.770258    
0.307207     0.241272     30.321570    30.387911    0.000683     0.000537     0.067456    
0.307761     0.375421     44.200912    44.247386    0.022994     0.028049     3.302425    
-0.474673    -0.845626    42.381945    42.438716    -0.066414    -0.118315    5.929853    
0.333684     1.946142     42.129910    42.222069    0.006306     0.036777     0.796139    
-0.496080    1.017184     104.970398   104.994953   -0.004829    0.009901     1.021727    
-1.273645    0.087097     58.368367    58.415502    -0.005864    0.000401     0.268750    
-1.417110    0.003288     25.861087    25.974583    -0.031676    0.000073     0.578058    
0.841945     0.882003     9.809762     10.079344    0.052139     0.054619     0.607483    
-0.607946    -0.727053    73.733100    73.765461    -0.005864    -0.007013    0.711243    
0.545710     -2.868413    42.649826    42.794955    0.040702     -0.213941    3.181043    
0.360065     -0.120737    15.676105    15.803779    0.003864     -0.001296    0.168238    
0.422899     -0.352650    9.996408     10.203251    0.067278     -0.056102    1.590292    
0.085090     0.355579     71.488977    71.517008    0.001461     0.006104     1.227175    
-0.704694    -0.467029    13.813794    13.978933    -0.154288    -0.102252    3.024428    
-1.202652    0.329062     7.776404     8.118009     -0.161643    0.044228     1.045191    
-1.126628    1.005527     26.524043    26.639823    -0.238932    0.213249     5.625141    
0.112975     -0.328774    5.629084     5.973475     0.002526     -0.007350    0.125850    
0.667866     1.230531     88.802524    88.835373    0.073438     0.135308     9.764607    
1.712049     -0.547037    127.931904   127.959671   0.236764     -0.075651    17.692049   
-0.661380    -0.424232    15.676859    15.819490    -0.007843    -0.005031    0.185905    
-0.109186    0.496100     13.396446    13.549825    -0.009966    0.045281     1.222736    
2.367769     1.339511     53.814719    53.919380    0.025285     0.014304     0.574674    
-0.207563    -0.488266    44.517821    44.564480    -0.004883    -0.011486    1.047201    
1.187165     0.146917     24.223793    24.333065    0.119173     0.014748     2.431693    
1.679523     -0.353420    13.898676    14.141919    0.017488     -0.003680    0.144717    
1.459391     1.589965     37.604508    37.717791    0.499313     0.543987     12.865921   
-0.454071    0.182578     32.997019    33.059306    -0.007637    0.003071     0.554998    
0.743938     0.820648     5.845575     6.266786     0.043023     0.047460     0.338062    
0.976208     -1.325797    106.214974   106.245972   0.044288     -0.060147    4.818644    
-1.370970    -2.431381    61.978248    62.072291    -0.116091    -0.205885    5.248208    
0.745181     0.902326     10.001057    10.259901    0.024682     0.029887     0.331251    
0.327643     1.185092     53.329605    53.380085    0.025111     0.090826     4.087220    
1.717836     0.700954     57.480014    57.543629    0.006199     0.002530     0.207429    
0.178837     0.071183     38.320027    38.371036    0.013935     0.005546     2.985827    
-1.437030    0.605309     52.327255    52.387480    -0.085695    0.036097     3.120452    
-1.642435    3.264858     78.226000    78.336064    -0.032251    0.064108     1.536031    
0.197033     1.200023     20.026445    20.159671    0.005722     0.034847     0.581538    
0.221615     -0.346303    9.932321     10.133854    0.006079     -0.009499    0.272447    
0.879787     -1.060093    20.234068    20.376218    0.130673     -0.157453    3.005325    
-0.175783    1.409045     53.871168    53.925820    -0.082864    0.664224     25.394885   
-1.120137    0.429115     12.229145    12.444508    -0.053053    0.020324     0.579206    
-0.352406    0.524622     45.575146    45.622015    -0.008078    0.012026     1.044728    
1.195065     1.459075     86.490954    86.533908    0.153128     0.186957     11.082414   
-0.298552    -0.339363    7.093037     7.374987     -0.039324    -0.044700    0.934273    
1.508380     1.947563     31.726215    31.882532    0.048530     0.062660     1.020740    
-0.492857    0.083312     65.517571    65.549042    -0.010772    0.001821     1.431990    
1.480569     1.159455     99.117934    99.155314    0.030914     0.024209     2.069536    
0.383667     0.442731     29.945143    30.015492    0.002227     0.002570     0.173853    
0.104478     -0.501735    28.955442    29.026802    0.002944     -0.014137    0.815846    
0.614870     0.353611     22.442355    22.539684    0.062730     0.036076     2.289606    
-0.363777    0.471768     8.422944     8.670400     -0.079859    0.103565     1.849058    
0.993263     -0.305119    23.096841    23.203850    0.009807     -0.003013    0.228043    
-0.657259    -0.295788    40.139277    40.193980    -0.062104    -0.027949    3.792734    
-1.242570    -0.240207    36.690595    36.765152    -0.050721    -0.009805    1.497699    
-0.325706    -0.887629    43.723159    43.777660    -0.002472    -0.006736    0.331799    
0.817963     -0.270541    15.621084    15.768179    0.031606     -0.010454    0.603594    
-0.546845    -0.679591    8.091043     8.372623     -0.017053    -0.021193    0.252319    
-0.379283    -0.208614    43.579350    43.625933    -0.064060    -0.035235    7.360484    
-0.076382    -0.222273    15.316462    15.444229    -0.000898    -0.002614    0.180147    
0.940475     0.536403     9.021047     9.296584     0.099234     0.056599     0.951856    
0.285655     -0.802855    166.640936   166.654741   0.045553     -0.128029    26.573758   
0.546730     0.335775     70.414125    70.444557    0.070295     0.043172     9.053356    
-0.039481    0.177222     24.589513    24.668848    -0.007195    0.032295     4.480926    
0.731188     -0.389696    65.341030    65.375926    0.023731     -0.012648    2.120685    
-0.513077    0.862120     62.622313    62.661276    -0.038615    0.064884     4.712993    
-1.245184    -0.100521    39.467761    39.536562    -0.012018    -0.000970    0.380942    
-0.759828    0.043790     28.625490    28.703186    -0.029738    0.001714     1.120353    
0.675814     0.442910     63.501347    63.536989    0.169132     0.110845     15.892136   
1.054076     1.017707     38.880183    38.957546    0.006474     0.006251     0.238794    
-0.000471    0.845287     35.344070    35.408936    -0.000017    0.031104     1.300547    
-2.379172    -0.203438    24.238938    24.435689    -0.038230    -0.003269    0.389482    
3.340047     0.694136     53.278312    53.423695    0.094086     0.019553     1.500805    
0.196244     0.259565     50.709026    50.748263    0.003697     0.004890     0.955372    
-0.645607    0.442145     18.422990    18.544374    -0.065863    0.045106     1.879452    
-1.303656    1.085763     168.406960   168.427009   -0.203930    0.169846     26.343842   
-1.324214    -0.332281    36.603359    36.681669    -0.302994    -0.076029    8.375217    
-0.174970    0.223533     88.675239    88.697540    -0.010837    0.013845     5.492406    
-0.819076    0.248605     54.096258    54.138828    -0.004065    0.001234     0.268480    
0.103224     0.829972     52.266593    52.310336    0.000130     0.001043     0.065653    
0.272690     0.121886     12.065150    12.228328    0.022464     0.010041     0.993927    
0.413834     -0.110717    67.075491    67.105737    0.028772     -0.007698    4.663500    
-0.476503    0.718385     18.460921    18.585578    -0.107239    0.161676     4.154713    
-0.445104    -0.439016    18.051302    18.169075    -0.044767    -0.044155    1.815533    
1.134372     -0.788981    35.737866    35.818701    0.172958     -0.120296    5.448960    
0.846290     -0.061782    30.399062    30.474546    0.018488     -0.001350    0.664090    
-0.059974    0.536805     22.300715    22.393941    -0.000961    0.008600     0.357266    
1.394002     0.255551     36.636360    36.716568    0.004717     0.000865     0.123977    
-0.820860    0.088724     49.303387    49.349576    -0.235393    0.025443     14.138458   
0.601745     -0.544408    49.479868    49.525658    0.016442     -0.014875    1.351941    
-1.385863    0.548794     48.490100    48.552925    -0.341239    0.135129     11.939654   
-1.717153    0.295001     32.209895    32.316991    -0.090507    0.015549     1.697705    
-1.681232    -2.022781    18.548849    18.837540    -0.037975    -0.045690    0.418975    
0.300931     0.953399     116.406284   116.427220   0.005911     0.018728     2.286648    
1.105763     -0.042528    65.954949    65.993596    0.067493     -0.002596    4.025750    
-0.056260    0.815173     27.625873    27.707968    -0.012931    0.187357     6.349447    
-1.241013    -0.367600    43.835944    43.899205    -0.016957    -0.005023    0.598968    
-1.930918    0.574909     19.463999    19.666753    -0.027577    0.008211     0.277981    
1.214855     -0.339032    17.928392    18.080183    0.012588     -0.003513    0.185772    
-1.777632    0.431203     10.633077    10.967369    -0.013305    0.003227     0.079586    
-0.207635    -2.008967    113.661873   113.696857   -0.008614    -0.083346    4.715465    
2.916417     0.378134     72.544090    72.630355    0.290953     0.037724     7.237267    
2.377644     0.677325     17.667926    17.948329    0.009274     0.002642     0.068912    
0.216632     -0.704935    19.115890    19.231122    0.029991     -0.097592    2.646414    
-0.012170    -0.745208    73.712575    73.742621    -0.000990    -0.060635    5.997707    
0.421836     0.063145     19.376369    19.480774    0.082228     0.012309     3.777030    
-1.636038    0.144738     14.569647    14.793482    -0.146433    0.012955     1.304054    
0.372645     0.429349     17.771507    17.889232    0.003324     0.003830     0.158519    
-0.258929    -1.502869    72.073857    72.116860    -0.015753    -0.091430    4.384765    
0.604538     2.494934     37.938125    38.075799    0.106851     0.440976     6.705505    
0.579348     0.881638     42.787237    42.845485    0.085859     0.130659     6.341071    
0.210476     0.517997     14.246345    14.392565    0.068497     0.168577     4.636340    
-0.190524    1.207814     52.603732    52.654750    -0.029622    0.187789     8.178737    
-0.162059    0.872036     7.282030     7.595368     -0.021926    0.117984     0.985241    
0.944581     -0.277763    44.831667    44.885662    0.136695     -0.040196    6.487795    
0.323010     -0.806704    12.190335    12.378786    0.023009     -0.057464    0.868360    
-0.606929    -0.624558    42.406949    42.461544    -0.006359    -0.006543    0.444287    
-0.087709    0.159024     6.650480     6.938070     -0.006130    0.011114     0.464783    
0.773238     -0.071531    39.651056    39.707483    0.271468     -0.025113    13.920678   
-0.414415    -0.504363    17.941196    18.060664    -0.002537    -0.003088    0.109832    
0.952583     2.213972     60.647525    60.727311    0.220545     0.512586     14.041310   
2.942146     0.947074     17.794138    18.167539    0.240557     0.077435     1.454891    
-2.302755    -0.804539    140.482985   140.517949   -0.055227    -0.019295    3.369189    
0.008664     0.077407     6.554981     6.844618     0.000164     0.001463     0.123894    
0.642384     0.101979     62.862156    62.896333    0.040915     0.006495     4.003883    
0.528401     0.860405     68.740600    68.776191    0.022964     0.037393     2.987451    
-0.007254    -0.176295    31.312256    31.374567    -0.001303    -0.031671    5.625194    
-0.103891    0.176323     17.268595    17.381635    -0.007278    0.012353     1.209780    
0.005565     -0.985731    48.367313    48.417389    0.000279     -0.049505    2.429093    
-0.216212    -0.806495    51.737445    51.781612    -0.023043    -0.085955    5.514079    
0.942042     0.514854     80.814906    80.846005    0.020187     0.011033     1.731748    
-1.715702    0.781315     23.933482    24.088184    -0.051145    0.023291     0.713452    
0.399941     -0.296675    15.137733    15.273306    0.025361     -0.018812    0.959894    
0.959271     -1.353483    97.942667    97.976493    0.053987     -0.076173    5.512112    
-0.672888    -0.974736    30.923960    31.009178    -0.013119    -0.019005    0.602927    
-0.926429    0.189509     68.171949    68.206919    -0.062521    0.012789     4.600685    
-0.796925    0.127268     9.548517     9.782659     -0.023496    0.003752     0.281517    
-0.523433    0.207437     72.293576    72.322563    -0.089788    0.035583     12.400982   
-0.338533    0.178182     11.659420    11.830612    -0.017228    0.009068     0.593353    
0.452062     1.026047     46.132169    46.187759    0.020036     0.045476     2.044646    
-0.718449    0.575192     66.802868    66.838201    -0.105604    0.084547     9.819282    
1.393426     1.202615     19.997529    20.178306    0.303624     0.262047     4.357413    
2.134756     -0.070022    18.822280    19.045085    0.008055     -0.000264    0.071024    
-2.135621    -1.476919    51.383957    51.487165    -0.067384    -0.046600    1.621282    
-2.349965    -0.558182    32.692834    32.840984    -0.099855    -0.023718    1.389193    
1.167492     0.777848     85.744022    85.778087    0.199520     0.132932     14.653363   
0.031413     0.164384     102.761482   102.780471   0.000263     0.001378     0.861483    
-1.074797    0.942551     83.163676    83.199253    -0.219845    0.192794     17.010742   
0.718596     -0.590777    31.703759    31.778431    0.009922     -0.008157    0.437752    
0.220307     -1.859942    83.981188    84.025132    0.003342     -0.028216    1.274009    
0.634718     0.089977     95.600966    95.623379    0.012192     0.001728     1.836360    
-1.077945    -1.290314    32.790692    32.892724    -0.241440    -0.289007    7.344513    
0.652187     -0.692514    46.199844    46.251546    0.009516     -0.010104    0.674100    
0.718038     -1.459204    65.980550    66.029938    0.014779     -0.030034    1.358027    
0.233375     0.067601     68.100505    68.129382    0.002057     0.000596     0.600361    
0.354862     1.062228     27.122814    27.217205    0.041276     0.123553     3.154800    
0.627528     0.811503     58.558827    58.600883    0.020987     0.027140     1.958417    
-1.366094    -0.021457    38.284520    38.359433    -0.099882    -0.001569    2.799181    
-0.682611    0.903554     47.235547    47.290107    -0.071097    0.094110     4.919812    
0.607110     -1.200166    21.880333    22.009836    0.067071     -0.132590    2.417251    
0.059214     1.066284     95.182759    95.209101    0.013670     0.246152     21.973002   
0.080337     -0.140007    6.539045     6.830821     0.001785     -0.003111    0.145284    
0.582010     0.832633     8.993074     9.261876     0.093625     0.133942     1.446676    
-0.112504    -0.275136    46.555634    46.598180    -0.000677    -0.001655    0.279958    
-0.297063    -2.039884    18.264373    18.485444    -0.004080    -0.028018    0.250863    
-0.555720    -0.556927    16.461776    16.597711    -0.043800    -0.043895    1.297460    
-1.057992    0.857460     7.671142     8.035917     -0.006296    0.005103     0.045653    
1.058233     0.456757     55.085417    55.132627    0.117244     0.050605     6.103026    
0.508378     0.553424     32.098049    32.167132    0.012453     0.013557     0.786265    
-1.230004    -0.511529    19.648890    19.792130    -0.024768    -0.010300    0.395663    
0.568594     1.752131     35.392978    35.495508    0.050709     0.156261     3.156461    
-0.019007    -0.787310    41.952641    42.006181    -0.004236    -0.175484    9.350863    
-0.101322    -1.254033    56.180091    56.228644    -0.010031    -0.124150    5.561845    
1.183549     -0.114116    16.439778    16.599851    0.109177     -0.010527    1.516500    
1.099297     2.588827     24.625439    24.863582    0.032533     0.076614     0.728768    
2.089689     1.022273     57.182923    57.264068    0.042757     0.020917     1.170013    
-0.559721    1.219415     28.932901    29.030811    -0.035373    0.077065     1.828512    
-0.562581    0.938479     21.761134    21.877366    -0.032299    0.053879     1.249336    
-0.788075    0.668354     21.523231    21.637749    -0.091978    0.078005     2.512032    
-1.374534    0.417883     29.154194    29.255870    -0.113901    0.034628     2.415873    
-0.383007    -1.779077    62.979939    63.036969    -0.012855    -0.059711    2.113787    
-0.949472    -0.836171    12.249203    12.470710    -0.039851    -0.035096    0.514127    
0.666295     -0.037699    97.856166    97.878238    0.006580     -0.000372    0.966391    
-1.457582    -0.836341    33.338591    33.438909    -0.696845    -0.399840    15.938595   
-0.962159    -0.969178    40.007671    40.079343    -0.024980    -0.025162    1.038698    
-1.366112    0.456631     36.918469    36.998960    -0.132390    0.044252     3.577770    
0.207507     0.971388     48.849371    48.899107    0.006606     0.030925     1.555161    
-0.605092    1.750405     61.569702    61.628997    -0.002593    0.007500     0.263813    
0.991194     -2.125502    43.123284    43.231850    0.063977     -0.137191    2.783403    
-0.315380    1.495793     118.170754   118.197034   -0.061546    0.291901     23.060822   
-0.182441    0.284994     22.419163    22.507961    -0.026225    0.040967     3.222660    
1.509478     0.661644     69.795753    69.842956    0.200513     0.087890     9.271401    
0.011468     0.892715     8.184047     8.464671     0.002404     0.187140     1.715622    
0.518864     0.825032     12.122758    12.320151    0.074196     0.117978     1.733527    
-0.371918    0.565526     9.931384     10.147190    -0.138719    0.210930     3.704220    
-0.076144    0.769243     31.724673    31.795083    -0.000866    0.008745     0.360670    
0.166930     1.793836     38.475705    38.568129    0.013028     0.139998     3.002795    
-0.223453    -0.564536    46.545523    46.591086    -0.003853    -0.009735    0.802612    
0.197318     0.954660     7.381694     7.701602     0.010634     0.051448     0.397808    
-0.206494    -0.023733    29.259012    29.325892    -0.022647    -0.002603    3.208879    
0.324480     -1.409499    48.601827    48.663174    0.034559     -0.150120    5.176398    
-0.810856    -0.909739    36.290651    36.364425    -0.013397    -0.015031    0.599602    
1.501735     1.557634     129.251051   129.284147   0.199558     0.206987     17.175564   
0.893057     -2.874340    27.513376    27.747436    0.106212     -0.341847    3.272185    
0.526042     -1.084020    60.435676    60.479729    0.001089     -0.002243    0.125069    
-0.042710    -0.271628    117.615424   117.632217   -0.003093    -0.019674    8.519000    
-0.922974    -0.443944    30.567674    30.648110    -0.025962    -0.012487    0.859825    
-0.792531    -0.575128    35.450268    35.518380    -0.072418    -0.052553    3.239280    
-0.599358    -0.688440    32.513094    32.585418    -0.015576    -0.017891    0.844964    
0.419739     -0.532094    8.469399     8.721524     0.024164     -0.030632    0.487570    
0.600985     -0.882746    48.384200    48.436001    0.052125     -0.076563    4.196515    
-0.392838    -0.343236    30.878605    30.945684    -0.024008    -0.020977    1.887152    
0.350290     1.732395     207.356072   207.372947   0.016598     0.082089     9.825477    
-0.379553    -0.022850    10.815567    10.999819    -0.014032    -0.000845    0.399840    
0.768637     -0.160928    53.890010    53.931668    0.013500     -0.002826    0.946488    
0.830624     0.294544     19.501753    19.620653    0.126120     0.044723     2.961102    
-0.131952    -0.320411    93.460185    93.481555    -0.019383    -0.047066    13.728563   
0.670576     -0.424531    78.931145    78.959676    0.011767     -0.007449    1.385023    
0.198143     1.262060     38.229545    38.301503    0.001704     0.010855     0.328805    
-0.497411    -0.425124    78.603117    78.630484    -0.035898    -0.030681    5.672769    
1.358106     -1.091213    94.689140    94.725621    0.084311     -0.067742    5.878278    
-2.580077    2.866809     94.775134    94.874003    -0.125258    0.139178     4.601157    
0.199214     0.549394     76.056622    76.084336    0.020376     0.056193     7.779166    
0.401821     -0.763045    10.185175    10.409440    0.122043     -0.231755    3.093484    
0.020370     0.387774     9.515128     9.724371     0.000257     0.004885     0.119861    
0.221250     2.184256     37.805808    37.920628    0.008428     0.083207     1.440178    
0.016799     -0.910987    145.804532   145.820666   0.000224     -0.012159    1.946111    
-2.263090    -1.088745    75.080905    75.148681    -0.235889    -0.113483    7.825911    
-1.018601    0.040783     6.086019     6.477174     -0.069833    0.002796     0.417242    
0.092922     -0.113205    46.127324    46.169540    0.004533     -0.005523    2.250350    
1.305930     1.785646     22.755685    22.947552    0.073116     0.099974     1.274042    
-0.501992    1.857677     25.251252    25.400859    -0.001715    0.006347     0.086278    
0.888738     -0.025425    11.011286    11.221135    0.084470     -0.002416    1.046564    
-0.699489    -1.601255    34.457078    34.557467    -0.207452    -0.474895    10.219174   
-1.056027    -0.959197    76.846965    76.885409    -0.046516    -0.042251    3.384948    
0.535302     -0.885644    35.512026    35.581595    0.085749     -0.141870    5.688604    
-1.991970    0.362941     12.436590    12.753172    -0.033861    0.006170     0.211408    
-0.771462    0.348121     106.176779   106.198398   -0.050129    0.022621     6.899263    
0.666705     -0.438708    22.590883    22.690524    0.015885     -0.010453    0.538243    
-0.515203    -1.732454    60.852257    60.910910    -0.018723    -0.062958    2.211383    
-0.738826    -0.301300    25.362796    25.451582    -0.046413    -0.018928    1.593298    
1.203416     1.458414     36.920860    37.021616    0.043625     0.052869     1.338413    
1.081502     0.562027     29.481769    29.572541    0.009796     0.005091     0.267040    
-0.288689    -1.406830    48.229166    48.290681    -0.009635    -0.046952    1.609624    
0.029059     -1.317301    18.524131    18.674970    0.000024     -0.001072    0.015074    
1.158063     -1.357862    18.347784    18.539176    0.185546     -0.217558    2.939703    
0.297716     -0.221280    47.646747    47.688836    0.006095     -0.004530    0.975522    
-0.345526    1.252605     66.086105    66.128183    -0.002251    0.008162     0.430602    
1.120819     -0.289760    26.822185    26.919226    0.077561     -0.020051    1.856094    
-0.127663    -0.477247    19.419475    19.525241    -0.002815    -0.010523    0.428187    
0.246805     1.693854     53.931703    53.994756    0.004002     0.027464     0.874431    
-1.711817    -0.970459    37.632070    37.734861    -0.303324    -0.171960    6.668181    
0.757692     0.498901     60.422982    60.461845    0.045278     0.029814     3.610782    
0.623671     0.436378     87.412922    87.438397    0.112649     0.078820     15.788702   
-1.138054    1.491611     48.413362    48.489675    -0.382606    0.501469     16.276228   
1.046304     2.314028     39.158479    39.290087    0.072461     0.160257     2.711900    
-0.433922    -0.126169    101.074490   101.094667   -0.061124    -0.017773    14.237700   
1.156503     -1.275462    66.695722    66.746974    0.211745     -0.233526    12.211396   
-0.871436    0.164198     10.099125    10.327325    -0.000289    0.000054     0.003348    
0.947195     0.110597     64.017809    64.055166    0.132451     0.015465     8.951947    
-0.103544    0.158316     14.357383    14.492935    -0.025363    0.038780     3.516885    
-0.954485    0.948722     21.291345    21.424459    -0.063022    0.062641     1.405804    
0.021051     1.437480     19.465515    19.617544    0.002965     0.202448     2.741426    
-0.000734    -0.027455    163.174612   163.186488   -0.000007    -0.000251    1.488995    
0.770080     0.825874     18.830553    18.966807    0.065440     0.070181     1.600190    
0.585154     0.681609     10.965004    11.176461    0.077115     0.089827     1.445037    
1.444200     0.051377     108.686758   108.714188   0.020255     0.000721     1.524369    
-0.237397    -0.186403    60.131106    60.164076    -0.033806    -0.026544    8.562774    
1.000076     -0.166548    56.006687    56.050440    0.294297     -0.049011    16.481336   
1.242177     0.307928     24.766846    24.877890    0.261462     0.064815     5.213090    
0.730404     0.481726     23.025050    23.125602    0.048831     0.032205     1.539322    
-1.035025    0.825750     6.171186     6.611477     -0.084132    0.067121     0.501626    
0.338116     1.156902     29.616997    29.706804    0.014041     0.048043     1.229923    
0.763431     -0.272705    26.190656    26.277036    0.063055     -0.022524    2.163180    
-0.455530    -0.586775    133.085418   133.102048   -0.016632    -0.021424    4.859114    
-0.607855    0.825370     134.153437   134.171794   -0.061885    0.084030     13.658100   
-0.348340    2.122370     29.313952    29.458590    -0.099095    0.603766     8.339150    
0.295205     -0.527745    193.969009   193.979940   0.025827     -0.046171    16.969784   
0.196876     0.884873     93.724938    93.749990    0.001348     0.006058     0.641666    
1.136511     -1.154111    10.779355    11.076691    0.272067     -0.276281    2.580451    
2.334479     -0.202918    59.476678    59.555362    0.320463     -0.027855    8.164595    
0.221534     2.196213     48.599716    48.689627    0.006914     0.068539     1.516682    
-1.385376    -2.513853    33.083565    33.266138    -0.051073    -0.092676    1.219661    
2.004700     -1.001652    47.852178    47.945052    0.282732     -0.141267    6.748800    
-0.738043    0.899959     54.098058    54.146371    -0.057036    0.069549     4.180726    
0.895623     0.713248     11.063871    11.295798    0.156941     0.124984     1.938740    
-0.239281    -0.021838    26.254472    26.329261    -0.018865    -0.001722    2.069905    
1.069619     -1.266328    48.595183    48.663276    0.008163     -0.009664    0.370865    
0.647626     -0.386833    41.276972    41.330769    0.044143     -0.026367    2.813462    
1.249092     -0.702613    10.144601    10.432727    0.056666     -0.031875    0.460217    
0.918330     0.009267     41.649210    41.705816    0.230011     0.002321     10.431725   
-0.617753    1.446325     27.152901    27.269552    -0.012576    0.029445     0.552785    
-0.052886    -1.403629    44.660319    44.725742    -0.001867    -0.049550    1.576581    
-1.047687    -1.338068    34.747859    34.845039    -0.688771    -0.879674    22.843965   
-0.453573    0.227865     31.706022    31.771126    -0.000543    0.000273     0.037936    
-0.452993    0.743894     104.465241   104.487416   -0.068645    0.112727     15.830273   
0.743046     0.771375     61.556600    61.597379    0.014970     0.015541     1.240197    
-0.878997    0.161791     91.206026    91.231644    -0.031526    0.005803     3.271209    
-0.675674    0.601949     59.269993    59.309577    -0.011403    0.010159     1.000282    
0.324079     1.695713     39.394862    39.481775    0.004322     0.022613     0.525340    
1.324868     0.589251     128.716787   128.740004   0.110496     0.049144     10.735158   
0.250185     -1.708908    26.925274    27.052325    0.010066     -0.068754    1.083273    
-0.334316    -0.189374    11.764572    11.934309    -0.062889    -0.035624    2.213058    
0.160866     1.510633     14.908176    15.114117    0.007022     0.065937     0.650720    
-0.515024    -1.704642    29.812725    29.930663    -0.049218    -0.162903    2.849038    
-0.041559    0.218829     63.473036    63.503943    -0.010961    0.057712     16.739911   
1.344840     -1.584058    55.787557    55.860937    0.004589     -0.005406    0.190372    
-0.633330    0.525386     58.419299    58.458246    -0.024287    0.020147     2.240226    
-1.031077    1.348073     23.503963    23.647234    -0.081637    0.106736     1.860959    
0.554484     -0.855725    11.429372    11.642389    0.034913     -0.053881    0.719649    
-0.985897    2.345610     51.960869    52.060356    -0.029738    0.070752     1.567321    
-0.530877    1.362853     47.657708    47.720763    -0.072196    0.185340     6.481157    
0.634095     1.750642     55.363518    55.429783    0.104041     0.287243     9.083967    
-0.849240    1.087157     45.734006    45.797133    -0.125412    0.160546     6.753771    
-0.369613    -1.101397    13.137529    13.334890    -0.037024    -0.110326    1.315979    
2.501173     -0.230908    163.326499   163.357674   0.114299     -0.010552    7.463727    
-0.349979    -0.447920    18.540973    18.653841    -0.030283    -0.038758    1.604340    
-0.369646    -1.280561    12.048903    12.281184    -0.071830    -0.248841    2.341363    
0.722984     0.503586     19.960647    20.076819    0.089036     0.062017     2.458175    
-0.556710    0.416212     8.244797     8.504986     -0.108604    0.081195     1.608409    
-0.729321    -0.125629    65.487580    65.521338    -0.186448    -0.032117    16.741667   
-0.337529    -0.058445    59.200055    59.233764    -0.023275    -0.004030    4.082181    
0.660829     -2.144917    38.197587    38.314070    0.015615     -0.050683    0.902579    
0.279202     0.583865     51.272971    51.314826    0.078326     0.163796     14.383946   
-0.830807    -0.015663    19.273337    19.391414    -0.056213    -0.001060    1.304052    
-0.450834    0.885245     12.708585    12.898449    -0.073958    0.145221     2.084794    
0.539974     -0.810949    139.309985   139.327298   0.023375     -0.035106    6.030686    
0.921247     0.658161     69.026006    69.063350    0.145738     0.104118     10.919639   
-0.454293    -0.633200    91.212232    91.236799    -0.008132    -0.011334    1.632717    
1.860992     -0.387261    13.847674    14.115463    0.002863     -0.000596    0.021305    
0.744452     -0.628361    9.393123     9.646489     0.085925     -0.072526    1.084164    
-1.554487    1.135984     50.441021    50.516121    -0.074879    0.054720     2.429710    
-0.529960    0.903821     65.071511    65.109709    -0.049028    0.083615     6.019959    
1.514421     0.850960     78.499263    78.543153    0.054160     0.030433     2.807368    
0.565176     -0.711214    15.364148    15.516354    0.026198     -0.032967    0.712177    
-0.711740    0.365340     17.603469    17.731247    -0.080410    0.041275     1.988776    
-0.203262    -1.099542    16.110762    16.269048    -0.024391    -0.131940    1.933217    
-0.437754    -0.500596    54.031757    54.071693    -0.021473    -0.024556    2.650400    
-0.533464    1.238856     30.955338    31.047177    -0.076965    0.178735     4.466058    
0.770034     0.692070     76.865370    76.897542    0.050432     0.045325     5.034110    
1.202482     -0.631554    49.822831    49.880199    0.243765     -0.128027    10.099981   
0.343444     0.241125     12.658460    12.817475    0.004451     0.003125     0.164050    
1.004685     -0.301115    71.234327    71.269238    0.011585     -0.003472    0.821377    
1.379925     0.593784     13.224966    13.454793    0.129544     0.055743     1.241526    
0.331313     -0.312944    114.130198   114.148083   0.018347     -0.017330    6.320152    
-0.296833    -0.037347    28.183604    28.253850    -0.002329    -0.000293    0.221130    
0.312425     -1.002754    24.150678    24.253521    0.091110     -0.292425    7.042875    
-0.542576    1.204335     23.246125    23.366688    -0.020589    0.045701     0.882119    
-0.890216    0.158924     191.595221   191.607467   -0.015298    0.002731     3.292415    
-0.673814    -0.121948    159.614481   159.628088   -0.018406    -0.003331    4.360109    
-0.755629    0.083300     19.279409    19.394548    -0.027008    0.002977     0.689091    
2.453409     0.993444     41.173930    41.305854    0.156177     0.063240     2.621007    
-0.398443    -1.088072    26.815441    26.912553    -0.002726    -0.007444    0.183453    
-0.238980    0.905874     18.768152    18.894343    -0.021264    0.080603     1.669946    
0.885394     0.762020     23.346845    23.458788    0.020003     0.017215     0.527445    
0.798814     -0.858787    72.949179    72.985158    0.014242     -0.015311    1.300613    
0.713500     -0.268805    73.567156    73.597437    0.176286     -0.066414    18.176354   
-1.363608    0.400875     84.318024    84.352974    -0.155856    0.045819     9.637249    
0.546604     0.172627     135.268429   135.283966   0.038830     0.012263     9.609214    
-1.200650    1.090915     19.890689    20.053581    -0.214253    0.194671     3.549446    
1.304305     1.994724     56.256505    56.341365    0.226457     0.346329     9.767388    
-0.539176    0.363609     6.224172     6.560350     -0.004959    0.003345     0.057252    
0.304569     0.443921     19.758727    19.863839    0.008163     0.011899     0.529599    
-1.149799    -1.749654    105.887414   105.926403   -0.021981    -0.033448    2.024241    
0.035649     0.619623     19.120150    19.231232    0.004564     0.079336     2.448125    
-0.697435    0.987416     65.963766    66.004203    -0.001647    0.002332     0.155790    
2.562773     1.277294     70.854059    70.939213    0.016885     0.008416     0.466825    
-0.714218    -0.725557    113.100230   113.121941   -0.050429    -0.051230    7.985762    
1.091010     -1.305927    31.048525    31.157369    0.048851     -0.058474    1.390233    
-1.555564    -0.479192    15.256054    15.468405    -0.286799    -0.088349    2.812758    
2.120153     -0.165026    57.623989    57.696805    0.042482     -0.003307    1.154620    
-1.120364    -1.792862    43.605578    43.701155    -0.079290    -0.126884    3.086039    
0.263581     1.946177     65.744152    65.802930    0.009507     0.070193     2.371199    
0.844207     -1.222865    54.060509    54.116741    0.019932     -0.028873    1.276400    
0.727625     -1.504461    45.369415    45.442839    0.040959     -0.084688    2.553886    
-0.095047    -1.237762    63.375927    63.418643    -0.026977    -0.351312    17.987906   
0.689266     -0.388006    19.578725    19.693326    0.006880     -0.003873    0.195414    
-1.739513    0.303991     16.578469    16.788058    -0.540418    0.094442     5.150470    
0.991888     1.320029     22.733579    22.878306    0.017105     0.022763     0.392031    
1.530320     -0.636133    52.057205    52.120764    0.016549     -0.006879    0.562945    
-1.601335    -1.051693    22.527916    22.694763    -0.021424    -0.014070    0.301399    
0.133148     1.151914     15.326838    15.496178    0.001343     0.011622     0.154631    
-0.450172    -0.106736    12.111232    12.278882    -0.009283    -0.002201    0.249749    
-0.087138    -1.469111    73.757113    73.798052    -0.009543    -0.160889    8.077456    
0.739044     0.359627     39.939386    39.996312    0.108250     0.052676     5.850069    
0.820430     1.629831     78.374374    78.420322    0.014103     0.028017     1.347264    
-0.041333    0.261789     8.104154     8.344010     -0.003839    0.024313     0.752656    
-0.417982    -0.788307    38.177358    38.238486    -0.048209    -0.090921    4.403248    
0.062471     -0.078288    33.426400    33.484462    0.004119     -0.005162    2.204016    
1.259150     0.884221     40.366269    40.443515    0.000789     0.000554     0.025280    
-1.668581    -0.306206    50.194478    50.261700    -0.006685    -0.001227    0.201114    
0.105783     1.206622     50.745519    50.798128    0.009110     0.103919     4.370419    
3.314100     -0.523532    58.957883    59.086075    0.099278     -0.015683    1.766153    
-0.446318    1.354431     26.634057    26.744750    -0.017190    0.052168     1.025842    
-1.673804    0.033692     47.188923    47.259625    -0.063690    0.001282     1.795588    
-0.527477    1.095216     53.792075    53.841805    -0.031426    0.065250     3.204783    
-0.393339    0.851673     121.063855   121.083492   -0.000497    0.001076     0.152893    
0.103522     0.494381     42.986340    43.034353    0.004125     0.019698     1.712707    
-0.651622    1.701335     79.884437    79.929453    -0.105335    0.275023     12.913405   
-0.452189    0.668265     142.500323   142.516203   -0.011243    0.016615     3.543013    
-1.282409    -0.171089    51.109855    51.164109    -0.018239    -0.002433    0.726907    
0.584312     0.309002     60.186318    60.222129    0.003522     0.001862     0.362742    
0.582548     0.315985     60.649506    60.685062    0.056748     0.030781     5.908065    
-0.101150    -0.375841    13.147140    13.299388    -0.005147    -0.019124    0.668953    
-0.451025    0.391876     4.757807     5.183499     -0.025249    0.021938     0.266350    
0.419077     0.793053     43.086096    43.140366    0.019011     0.035976     1.954540    
-0.355932    0.689986     17.925569    18.050034    -0.115828    0.224536     5.833365    
-0.207714    -0.592564    9.789895     10.005562    -0.008216    -0.023440    0.387255    
0.576100     -2.032984    124.605115   124.638576   0.072704     -0.256563    15.725175   
-1.518692    0.772315     17.463969    17.656955    -0.007659    0.003895     0.088076    
0.201703     0.617799     13.425211    13.584314    0.007193     0.022033     0.478789    
-0.083096    0.198886     62.277114    62.308589    -0.004340    0.010387     3.252601    
0.047093     0.076529     18.835931    18.938725    0.006447     0.010476     2.578498    
-0.124134    2.507310     24.700700    24.905853    -0.005240    0.105836     1.042644    
-2.870177    -0.145851    55.037822    55.147946    -0.020134    -0.001023    0.386092    
-0.722944    -1.468269    77.373564    77.415902    -0.163296    -0.331648    17.476883   
-0.823970    -0.124365    170.142289   170.155717   -0.000638    -0.000096    0.131664    
0.985438     -0.639607    58.191593    58.236729    0.255202     -0.165641    15.070040   
-1.485141    -0.164714    67.320136    67.365484    -0.131471    -0.014581    5.959466    
0.104264     0.807731     133.530711   133.547703   0.010687     0.082795     13.687362   
2.094938     0.892970     26.840555    27.008823    0.069586     0.029661     0.891541    
1.200293     0.816976     17.500548    17.670661    0.200321     0.136348     2.920724    
0.901442     1.656621     33.517233    33.627918    0.040867     0.075103     1.519505    
-0.566471    -1.094414    38.127488    38.198153    -0.094510    -0.182592    6.361204    
0.157107     0.097941     77.984949    78.010009    0.008473     0.005282     4.206058    
0.536869     -1.470271    26.094421    26.215333    0.012201     -0.033414    0.593033    
0.359357     1.016850     177.533660   177.547849   0.010406     0.029444     5.140671    
1.610081     0.000107     63.920885    63.971454    0.173611     0.000012     6.892435    
1.305687     -0.040773    20.331977    20.468774    0.001715     -0.000054    0.026708    
0.393414     -0.532301    40.666155    40.719150    0.057322     -0.077558    5.925216    
-0.421528    -0.642699    76.022019    76.051384    -0.053491    -0.081557    9.646978    
1.368569     -0.252687    36.270585    36.350613    0.004451     -0.000822    0.117951    
0.845836     -2.921968    36.464305    36.643878    0.014896     -0.051458    0.642169    
0.385590     0.818754     40.343671    40.401804    0.048832     0.103688     5.109166    
-0.533736    -0.411081    18.762000    18.877009    -0.109596    -0.084410    3.852548    
-0.336834    -1.378347    42.988366    43.056798    -0.026914    -0.110134    3.434905    
-1.784738    0.739970     29.046498    29.177163    -0.020389    0.008453     0.331829    
-0.248891    0.021119     6.121669     6.435230     -0.042422    0.003600     1.043389    
-0.523926    -0.135301    22.741178    22.832628    -0.141798    -0.036619    6.154803    
0.666227     1.357841     21.904865    22.045082    0.004257     0.008677     0.139982    
-0.954324    -0.196005    45.790449    45.843095    -0.029834    -0.006127    1.431479    
-0.007995    -0.496541    9.110869     9.334319     -0.000508    -0.031572    0.579305    
-1.172009    0.658505     10.076708    10.354817    -0.160411    0.090129     1.379185    
-0.686605    -2.142809    31.161963    31.305047    -0.063313    -0.197590    2.873474    
-0.726396    1.242441     36.253827    36.335744    -0.070597    0.120750     3.523428    
-0.106292    -0.046605    205.170208   205.179684   -0.005370    -0.002354    10.365102   
-1.103823    -0.513270    73.781248    73.817541    -0.089617    -0.041671    5.990116    
0.330395     -0.372397    22.624206    22.715138    0.012723     -0.014340    0.871217    
0.073230     0.998847     51.188688    51.236314    0.005802     0.079145     4.055983    
0.692387     -1.264159    109.564779   109.591940   0.012011     -0.021930    1.900633    
-0.385304    0.449065     17.183484    17.305987    -0.016109    0.018775     0.718409    
-0.020834    0.903027     60.444104    60.482894    -0.003188    0.138175     9.248763    
0.751966     0.432630     36.240059    36.303849    0.125270     0.072072     6.037237    
-0.839859    -1.296452    17.813397    17.988280    -0.431733    -0.666447    9.157061    
-0.290915    0.644338     20.188622    20.296679    -0.088895    0.196891     6.169049    
-1.071488    0.346864     51.292475    51.342588    -0.014837    0.004803     0.710245    
0.184615     -1.444237    48.959011    49.020196    0.009221     -0.072132    2.445254    
0.498087     -2.330528    134.730539   134.765992   0.051592     -0.241397    13.955420   
1.010662     0.384116     12.540343    12.739864    0.025446     0.009671     0.315730    
-0.685601    -0.331219    14.552006    14.704271    -0.018925    -0.009143    0.401693    
-0.228803    -2.125530    75.858482    75.914125    -0.009159    -0.085088    3.036721    
-1.214742    0.983584     60.501378    60.553569    -0.296169    0.239810     14.750971   
1.450573     1.019695     67.477050    67.529039    0.100428     0.070597     4.671656    
-1.126043    0.787439     126.010443   126.033308   -0.021315    0.014905     2.385228    
-0.414363    0.262701     13.488258    13.639970    -0.020431    0.012953     0.665078    
-0.131233    0.634937     137.358557   137.374192   -0.000249    0.001204     0.260537    
1.064539     -0.726488    37.177717    37.252095    0.033741     -0.023027    1.178373    
0.536525     -1.709255    18.686278    18.874886    0.052597     -0.167565    1.831884    
-1.341476    1.258301     105.319231   105.353682   -0.168124    0.157700     13.199442   
-0.669441    -1.241658    21.656407    21.791393    -0.005420    -0.010052    0.175330    
-0.700063    -1.162765    21.506295    21.638803    -0.053256    -0.088455    1.636043    
1.102394     -1.274516    25.796195    25.926015    0.116041     -0.134159    2.715382    
0.207838     -1.284212    22.886596    23.007904    0.025968     -0.160456    2.859561    
-0.058066    0.580046     32.019697    32.085445    -0.005138    0.051325     2.833252    
0.715090     0.836566     78.406885    78.439312    0.040628     0.047529     4.454682    
0.442465     -0.078483    44.021192    44.067473    0.004822     -0.000855    0.479720    
-0.698415    -1.129904    45.985780    46.047056    -0.044537    -0.072053    2.932470    
0.496077     -1.513467    14.367946    14.589362    0.042631     -0.130061    1.234723    
-1.669603    -0.218841    25.248895    25.381432    -0.274082    -0.035925    4.144860    
-0.032390    0.306557     40.169118    40.218504    -0.000627    0.005935     0.777702    
0.494633     0.278005     9.018920     9.248666     0.001751     0.000984     0.031932    
-0.569610    0.189599     18.288967    18.404393    -0.148711    0.049500     4.774802    
1.318190     1.655440     74.259928    74.316148    0.039582     0.049708     2.229817    
-0.701611    0.725473     60.866462    60.906647    -0.013263    0.013714     1.150580    
-0.891884    -0.500594    24.959693    25.058078    -0.052554    -0.029497    1.470729    
-0.911496    -0.502594    8.939541     9.212696     -0.042268    -0.023306    0.414542    
-0.094863    0.444134     77.771825    77.798059    -0.005798    0.027147     4.753738    
1.197383     0.993065     69.125809    69.171326    0.181674     0.150674     10.488190   
1.004004     0.450221     48.961637    49.013545    0.550129     0.246692     26.827810   
-0.716159    0.746582     65.564679    65.602381    -0.143546    0.149644     13.141723   
-0.168601    1.938806     70.806483    70.860570    -0.027840    0.320141     11.691779   
0.132584     -0.590130    53.633689    53.673209    0.014431     -0.064232    5.837682    
-0.847229    0.610279     125.240334   125.260155   -0.028878    0.020802     4.268869    
0.288101     -0.424469    53.935347    53.973696    0.008122     -0.011966    1.520501    
1.473609     -0.231175    45.627044    45.693841    0.126142     -0.019789    3.905697    
-3.307021    0.567931     84.875012    84.964119    -0.088842    0.015257     2.280150    
0.752340     -0.626776    13.687281    13.862737    0.011004     -0.009167    0.200188    
0.057473     1.850248     62.725972    62.784148    0.002603     0.083805     2.841120    
0.274247     1.306804     31.958879    32.047275    0.027592     0.131478     3.215385    
0.441314     0.099250     22.931168    23.019949    0.059606     0.013405     3.097216    
-0.587558    -0.197536    112.443669   112.462606   -0.012710    -0.004273    2.432378    
1.240005     0.102548     23.351319    23.467151    0.158964     0.013146     2.993555    
-0.630463    -1.707990    54.266281    54.332485    -0.026472    -0.071715    2.278536    
0.131867     0.244942     9.550367     9.755094     0.007232     0.013433     0.523773    
0.193815     0.910940     8.279068     8.560683     0.035403     0.166396     1.512287    
-2.334658    0.074413     78.224059    78.283680    -0.040030    0.001276     1.341215    
0.904004     1.276363     32.567458    32.664363    0.000028     0.000039     0.001004    
0.508332     0.239079     34.698315    34.758648    0.020333     0.009563     1.387931    
-0.718343    0.462189     10.211286    10.434316    -0.011334    0.007293     0.161120    
-0.489498    -1.186575    6.822669     7.216047     -0.002786    -0.006754    0.038836    
1.132885     -0.612865    152.697330   152.715450   0.067895     -0.036730    9.151313    
-1.733305    -1.080295    50.303073    50.382988    -0.252060    -0.157098    7.315148    
-0.657422    0.675692     92.404300    92.430073    -0.003485    0.003581     0.489774    
1.746646     -0.089647    16.279150    16.490740    0.326266     -0.016746    3.040875    
-0.607318    1.806079     58.442149    58.506329    -0.015428    0.045880     1.484599    
1.641178     -1.122638    62.394132    62.456836    0.049515     -0.033870    1.882459    
-1.217533    1.403459     30.184548    30.305676    -0.008757    0.010094     0.217098    
1.294015     -1.331439    19.898888    20.082029    0.023805     -0.024494    0.366072    
-0.547643    -0.869245    45.971594    46.025188    -0.004170    -0.006619    0.350057    
-1.897195    1.336037     51.318383    51.408518    -0.245585    0.172945     6.642985    
-0.049194    0.389883     29.000728    29.070116    -0.008959    0.071002     5.281332    
-0.114532    -0.437748    50.205305    50.245919    -0.016870    -0.064477    7.394921    
-1.081516    0.491251     29.744714    29.833437    -0.107716    0.048927     2.962496    
-0.194527    1.827317     21.775776    21.941657    -0.015084    0.141697     1.688578    
-0.623205    0.383991     162.435440   162.449017   -0.162572    0.100170     42.373775   
0.310629     0.475608     15.966865    16.097777    0.013353     0.020444     0.686351    
0.647089     -0.495564    9.556955     9.791560     0.008461     -0.006480    0.124964    
-1.093737    -0.698040    17.583342    17.740699    -0.317868    -0.202869    5.110175    
-0.540390    -1.727229    137.977242   138.003151   -0.026804    -0.085672    6.843798    
0.858248     -0.039024    10.343282    10.563926    0.068749     -0.003126    0.828534    
-0.921000    1.090229     23.244471    23.371290    -0.028140    0.033310     0.710194    
-0.645391    0.106118     9.292161     9.520871     -0.053259    0.008757     0.766808    
-2.201777    -1.439310    57.874113    57.967296    -0.122390    -0.080007    3.217032    
-0.190957    0.851145     4.866705     5.321718     -0.011500    0.051259     0.293090    
0.586828     -0.208096    38.357583    38.413107    0.102893     -0.036487    6.725529    
1.339260     0.408530     77.612115    77.649699    0.037302     0.011379     2.161702    
-0.519779    -1.165967    55.350939    55.400641    -0.007394    -0.016587    0.787417    
-0.850166    -1.425287    107.954429   107.985129   -0.092558    -0.155171    11.752992   
1.432721     0.290323     35.644696    35.728928    0.036660     0.007429     0.912064    
-0.939598    -0.289176    26.186788    26.279065    -0.025264    -0.007775    0.704114    
-0.048055    -0.434883    74.607310    74.634557    -0.001049    -0.009489    1.627944    
-0.508039    0.260681     52.622040    52.661942    -0.035617    0.018276     3.689202    
1.962558     1.348435     65.379139    65.452095    0.171482     0.117822     5.712632    
0.648895     -0.014620    8.652494     8.897296     0.049099     -0.001106    0.654692    
0.371697     -1.368922    66.910265    66.954243    0.015494     -0.057061    2.789043    
1.025909     0.507550     18.991420    19.127443    0.061918     0.030633     1.146213    
-1.103312    0.856144     17.191238    17.359836    -0.056773    0.044055     0.884616    
-0.679132    0.185825     40.011574    40.066155    -0.079762    0.021824     4.699215    
-0.420510    -0.350023    95.586099    95.607932    -0.063453    -0.052817    14.423466   
-1.079268    0.021674     15.842150    16.000436    -0.029023    0.000583     0.426012    
2.239518     -1.514595    67.598912    67.681588    0.037267     -0.025204    1.124896    
-1.031830    -0.095466    106.480208   106.503443   -0.026059    -0.002411    2.689123    
-1.043824    -0.593062    46.187680    46.245194    -0.050390    -0.028629    2.229664    
0.232998     -2.540755    68.542826    68.618537    0.006067     -0.066155    1.784695    
-1.062256    -1.159002    18.405346    18.576958    -0.010630    -0.011598    0.184176    
0.272231     1.501838     33.682143    33.774122    0.057364     0.316465     7.097453    
-0.763081    -0.638041    61.725538    61.764928    -0.008870    -0.007416    0.717460    
2.101023     0.628937     60.910166    60.981417    0.012943     0.003874     0.375213    
0.935568     -1.709013    46.229735    46.312626    0.131206     -0.239676    6.483368    
2.029161     -2.230952    74.119253    74.206693    0.236094     -0.259573    8.623831    
-1.175491    -1.625233    13.055868    13.354916    -0.128918    -0.178242    1.431857    
0.231541     0.202429     6.611287     6.904973     0.012668     0.011075     0.361722    
-0.257793    -0.314338    31.044006    31.109010    -0.009145    -0.011151    1.101288    
0.234006     -0.721002    17.653957    17.779532    0.006668     -0.020546    0.503081    
-0.911456    -0.206162    12.630887    12.817469    -0.048234    -0.010910    0.668430    
1.507082     -2.641914    95.915972    95.984372    0.037621     -0.065949    2.394328    
0.521604     0.926791     8.204176     8.503791     0.054132     0.096181     0.851421    
0.683116     -0.873713    60.124682    60.167121    0.050296     -0.064330    4.426856    
1.690896     0.114129     50.815783    50.882127    0.703340     0.047473     21.137180   
-1.525426    0.191826     17.920180    18.093411    -0.008229    0.001035     0.096667    
-0.767279    0.471902     9.117436     9.370912     -0.074123    0.045588     0.880791    
1.263963     0.826825     24.452990    24.578546    0.053832     0.035214     1.041444    
0.184077     -1.612009    120.834851   120.861775   0.009324     -0.081650    6.120432    
0.404044     0.913845     35.954213    36.021920    0.026085     0.058998     2.321218    
-0.168044    -0.083636    12.964933    13.114865    -0.010314    -0.005133    0.795739    
-1.334600    -0.162469    27.805377    27.907374    -0.005994    -0.000730    0.124880    
1.009802     1.069745     142.097621   142.118869   0.011815     0.012517     1.662624    
-0.083355    0.069539     23.175767    23.259469    -0.000909    0.000758     0.252777    
1.132959     -0.601266    20.317980    20.453371    0.082145     -0.043595    1.473155    
-0.072145    -0.994003    113.342303   113.363777   -0.000515    -0.007095    0.809065    
0.405982     0.437746     32.559718    32.624633    0.017806     0.019199     1.428003    
-0.853032    0.285682     23.509417    23.608832    -0.028509    0.009548     0.785713    
-0.245457    -0.866024    66.684786    66.719906    -0.002007    -0.007082    0.545337    
-0.199321    0.394761     54.975924    55.012932    -0.003623    0.007175     0.999152    
0.953475     -0.561899    72.619881    72.654985    0.009050     -0.005334    0.689305    
0.664799     0.542041     20.531108    20.643088    0.041570     0.033894     1.283803    
-0.582675    -0.228638    8.187036     8.443595     -0.127335    -0.049966    1.789156    
-0.997362    0.627746     54.100717    54.149343    -0.030260    0.019046     1.641398    
0.046757     -1.277228    19.420585    19.561891    0.000003     -0.000073    0.001108    
1.394469     0.157183     50.604476    50.662187    0.030070     0.003389     1.091215    
0.659113     -0.778285    13.881399    14.057323    0.011118     -0.013128    0.234145    
1.539916     0.505547     67.630081    67.678133    0.178100     0.058469     7.821781    
0.664085     0.560734     64.590240    64.626074    0.036347     0.030690     3.535153    
1.623830     0.352081     108.387854   108.418461   0.006333     0.001373     0.422741    
-0.945696    -0.444906    47.573269    47.625446    -0.002457    -0.001156    0.123576    
0.574201     -0.514234    54.353411    54.394507    0.084620     -0.075782    8.010026    
0.555501     -2.362496    101.385971   101.434116   0.049526     -0.210628    9.039050    
-0.681969    -0.595784    99.142611    99.166286    -0.060650    -0.052985    8.817081    
1.173975     0.013206     8.451984     8.757247     0.140396     0.001579     1.010774    
-1.539633    -0.655184    44.997776    45.071882    -0.156358    -0.066537    4.569765    
-2.056149    -2.654123    87.744891    87.831162    -0.078605    -0.101466    3.354436    
0.082307     -1.335816    23.979521    24.097377    0.000165     -0.002686    0.048209    
-0.333278    -0.953079    22.268729    22.378352    -0.020036    -0.057298    1.338764    
-0.872276    1.320352     9.348831     9.683997     -0.005749    0.008703     0.061622    
-1.623487    -0.188557    66.897705    66.946614    -0.256144    -0.029749    10.554725   
-1.448973    0.318301     44.614547    44.682587    -0.040450    0.008886     1.245466    
-0.652365    -1.145773    35.400604    35.479798    -0.003481    -0.006114    0.188912    
-0.897556    0.980649     16.065108    16.239764    -0.050049    0.054682     0.895804    
0.192957     -0.669876    13.368084    13.530210    0.001100     -0.003818    0.076199    
-0.134563    0.934120     25.498191    25.591471    -0.014817    0.102860     2.807713    
0.068480     -0.641153    25.856982    25.939819    0.001031     -0.009650    0.389160    
2.017610     0.718272     28.758239    28.904981    0.019420     0.006914     0.276811    
-0.887150    0.061703     135.287845   135.305088   -0.033448    0.002326     5.100663    
0.180407     -1.640919    24.626892    24.760531    0.010509     -0.095585    1.434541    
-0.769370    0.453508     6.938231     7.267159     -0.022832    0.013458     0.205901    
0.640424     0.115730     20.679490    20.783161    0.007842     0.001417     0.253226    
-1.264585    0.747393     13.251592    13.477293    -0.110871    0.065527     1.161816    
-0.097586    -1.795782    13.159355    13.426762    -0.011730    -0.215861    1.581815    
0.798608     -0.756511    16.029475    16.187313    0.068528     -0.064916    1.375483    
1.993952     -1.393398    31.957849    32.110691    0.072547     -0.050697    1.162737    
-0.302839    0.291112     44.548924    44.594373    -0.015964    0.015346     2.348423    
-0.395958    -1.564765    42.169391    42.246156    -0.110574    -0.436973    11.776148   
-1.022939    -1.353287    40.392994    40.476496    -0.068529    -0.090660    2.706035    
-0.693667    1.265942     29.223686    29.325459    -0.003574    0.006522     0.150550    
-0.014433    -1.004319    59.533382    59.574385    -0.000037    -0.002542    0.150671    
0.208234     -0.376919    5.173976     5.552514     0.043298     -0.078372    1.075818    
0.960330     0.739087     49.157417    49.211737    0.022282     0.017149     1.140572    
0.050346     -0.575255    7.067254     7.358973     0.003342     -0.038180    0.469064    
1.023289     -0.374975    13.541154    13.726818    0.004332     -0.001587    0.057320    
-1.232803    -0.508125    142.667021   142.686831   -0.061709    -0.025435    7.141333    
-1.193732    1.980458     15.706211    15.997101    -0.015366    0.025493     0.202174    
0.314620     -0.490491    73.514729    73.543388    0.011719     -0.018270    2.738321    
0.227179     -1.054712    42.162022    42.221737    0.061659     -0.286262    11.443278   
-0.515575    0.859538     37.897557    37.961880    -0.004887    0.008148     0.359238    
-0.607693    0.691180     15.267781    15.421644    -0.080285    0.091315     2.017094    
-0.037089    0.229981     10.396010    10.583301    -0.001412    0.008758     0.395884    
-0.730598    -0.561908    54.460035    54.503393    -0.148293    -0.114053    11.054032   
0.655894     -0.504438    31.717193    31.788991    0.045017     -0.034622    2.176908    
-0.355615    -1.608758    25.770662    25.898195    -0.000613    -0.002775    0.044458    
1.388334     1.206110     32.218911    32.331337    0.391749     0.340330     9.091266    
0.090419     0.955242     71.714410    71.747838    0.002365     0.024983     1.875554    
-0.817663    0.536862     66.976500    67.012560    -0.088028    0.057797     7.210542    
2.758470     -2.365970    32.503700    32.765415    0.040645     -0.034862    0.478934    
-0.820495    0.504815     30.779918    30.857841    -0.013968    0.008594     0.523985    
1.180916     0.063144     25.586755    25.689600    0.369247     0.019744     8.000418    
-1.167106    -0.485881    42.315273    42.379895    -0.094178    -0.039208    3.414573    
-1.431750    -0.435716    70.488535    70.531895    -0.022721    -0.006915    1.118634    
0.692328     0.559773     8.189276     8.469466     0.002837     0.002294     0.033556    
-0.864287    0.040851     11.958775    12.150552    -0.002835    0.000134     0.039231    
1.507792     1.075069     38.960840    39.054464    0.007665     0.005465     0.198064    
0.167817     0.746875     13.830140    13.990487    0.015413     0.068596     1.270217    
-0.661646    0.636461     56.013659    56.055756    -0.022069    0.021229     1.868315    
1.051111     0.328520     33.778670    33.853896    0.002753     0.000860     0.088469    
-0.922378    1.572799     18.763567    18.954442    -0.115137    0.196327     2.342187    
-0.016903    -2.435696    18.577615    18.839736    -0.000328    -0.047257    0.360438    
2.092617     1.937084     57.043024    57.148166    0.106758     0.098823     2.910132    
-0.251378    -1.588435    45.323331    45.394554    -0.013576    -0.085785    2.447731    
1.440343     -0.142311    65.699028    65.744445    0.185944     -0.018372    8.481550    
0.844803     1.654559     14.281457    14.535688    0.030813     0.060347     0.520893    
0.223591     1.090814     30.222058    30.306561    0.027776     0.135509     3.754411    
-1.972221    1.567703     54.703779    54.797132    -0.095168    0.075648     2.639687    
1.929101     -0.480661    34.079781    34.194428    0.067291     -0.016766    1.188770    
-0.234445    0.525227     12.379719    12.548435    -0.020056    0.044932     1.059051    
-0.619575    0.264730     41.589753    41.641764    -0.004512    0.001928     0.302906    
2.340272     1.523465     39.127869    39.276747    0.024282     0.015807     0.405982    
-1.081120    -1.046364    22.997879    23.130955    -0.178799    -0.173051    3.803457    
0.665773     0.488824     170.014430   170.027832   0.060162     0.044172     15.363251   
-1.567119    -0.393389    41.752435    41.830030    -0.001997    -0.000501    0.053195    
-1.374525    -0.467316    49.981213    50.041026    -0.135060    -0.045918    4.911142    
-1.484430    1.167058     21.241617    21.416041    -0.170020    0.133670     2.432927    
-1.354877    0.713333     49.335242    49.398235    -0.241866    0.127341     8.807104    
-0.005273    -0.467966    7.315994     7.590635     -0.000550    -0.048844    0.763605    
-0.374495    0.419493     74.047634    74.075929    -0.004213    0.004719     0.832964    
-1.466810    0.734819     123.341218   123.367834   -0.409495    0.205142     34.433637   
1.582484     0.898454     14.595020    14.839173    0.024557     0.013942     0.226489    
-1.250955    0.237561     107.254430   107.280050   -0.059454    0.011291     5.097508    
-0.990187    0.217627     169.389977   169.404448   -0.220599    0.048484     37.737674   
-0.890953    -1.413644    50.854802    50.920310    -0.027513    -0.043654    1.570435    
0.110167     -0.778442    56.953096    56.992527    0.021993     -0.155403    11.369745   
1.381784     -0.026999    38.765047    38.839592    0.030250     -0.000591    0.848633    
-0.824316    -0.411296    18.660393    18.786535    -0.121341    -0.060544    2.746845    
0.268759     1.047809     48.010318    48.062831    0.046318     0.180581     8.274152    
-0.530470    -0.772764    13.243087    13.421359    -0.012165    -0.017722    0.303702    
0.767814     0.224742     43.822649    43.874133    0.000701     0.000205     0.040027    
-2.050371    0.660631     20.667914    20.872903    -0.060018    0.019338     0.604989    
-0.021325    -1.671257    32.239455    32.342711    -0.002039    -0.159791    3.082461    
1.324766     2.594805     63.950043    64.046631    0.120680     0.236375     5.825572    
-0.548814    -0.200390    17.987927    18.104746    -0.032870    -0.012002    1.077353    
-0.518553    0.692823     191.554529   191.566598   -0.025125    0.033568     9.281111    
0.684889     0.254320     15.305351    15.448704    0.014421     0.005355     0.322270    
0.587767     0.504123     56.354636    56.394322    0.003770     0.003234     0.361502    
-1.709797    0.039660     66.208831    66.260164    -0.330176    0.007659     12.785472   
-0.251020    0.484585     80.605094    80.630974    -0.007932    0.015313     2.547112    
-0.496546    -1.978690    21.902072    22.084780    -0.019607    -0.078130    0.864823    
0.480456     0.711869     65.128246    65.163648    0.034839     0.051619     4.722549    
0.787619     0.747696     18.527051    18.662957    0.096028     0.091160     2.258849    
0.232373     0.592154     92.022459    92.045709    0.035949     0.091609     14.236373   
1.077904     -0.552239    57.057156    57.103948    0.005251     -0.002690    0.277948    
0.817001     -0.628818    44.306419    44.362108    0.007966     -0.006131    0.431980    
-0.689918    -1.081314    88.705668    88.736778    -0.006054    -0.009489    0.778435    
-1.011414    0.586138     29.056225    29.146281    -0.002802    0.001624     0.080510    
0.193830     0.914802     15.662415    15.813305    0.006441     0.030397     0.520432    
-0.719459    1.168356     97.026414    97.056080    -0.020711    0.033633     2.793027    
0.632605     0.528977     64.542781    64.578058    0.021600     0.018061     2.203738    
-1.014459    0.224710     13.352756    13.537011    -0.000088    0.000020     0.001162    
0.518253     -0.285702    149.507431   149.521561   0.021766     -0.011999    6.279098    
1.178993     -0.250067    13.302891    13.501645    0.043337     -0.009192    0.488984    
-2.024991    -0.847629    37.670702    37.785921    -0.074974    -0.031383    1.394742    
0.093737     -0.756050    19.613489    19.726740    0.002216     -0.017871    0.463599    
-1.187835    0.721921     32.541173    32.630278    -0.083496    0.050746     2.287416    
-1.023060    -1.564704    151.370712   151.395054   -0.130249    -0.199207    19.271426   
0.817756     0.713533     39.258704    39.323004    0.034337     0.029960     1.648428    
-0.162325    -0.795226    9.693089     9.924196     -0.012255    -0.060039    0.731822    
-0.371167    0.937136     15.096492    15.257622    -0.001140    0.002879     0.046383    
0.377824     -0.745951    19.182188    19.301048    0.096031     -0.189597    4.875505    
-0.276553    1.129791     33.208469    33.287089    -0.008083    0.033023     0.970661    
-0.114315    -0.413709    4.105958     4.573627     -0.008873    -0.032111    0.318694    
0.327282     -1.296873    59.279205    59.326960    0.039706     -0.157338    7.191812    
-2.015939    -0.400956    43.824906    43.917219    -0.102409    -0.020368    2.226291    
0.273219     0.044039     51.604356    51.642629    0.066617     0.010738     12.582296   
0.389956     0.966252     141.971958   141.989428   0.033347     0.082628     12.140544   
-0.942830    0.570108     73.669723    73.704254    -0.059278    0.035844     4.631788    
-0.326756    1.207413     27.227996    27.327702    -0.008677    0.032061     0.723008    
1.651647     -2.012634    46.411303    46.525935    0.562889     -0.685915    15.817188   
-1.652035    1.298984     65.070475    65.134156    -0.107927    0.084862     4.251042    
0.158103     -0.085506    30.738877    30.802368    0.010395     -0.005622    2.021024    
0.207708     0.788689     14.264942    14.423200    0.009269     0.035196     0.636585    
-1.053905    2.832369     15.535459    15.948620    -0.027400    0.073638     0.403902    
-0.565290    0.687106     51.834137    51.879132    -0.006726    0.008176     0.616765    
0.153103     0.388360     78.303178    78.329030    0.000258     0.000655     0.132018    
0.641531     0.825203     60.024385    60.065749    0.050864     0.065427     4.759066    
-0.178767    1.743293     45.829230    45.904949    -0.005824    0.056792     1.493003    
0.243744     -0.342585    111.399102   111.417286   0.015017     -0.021107    6.863404    
1.462676     0.466929     28.287317    28.397266    0.005071     0.001619     0.098074    
0.571276     0.168070     19.766588    19.873288    0.002513     0.000739     0.086941    
0.360814     -0.773548    62.758055    62.794721    0.042073     -0.090201    7.318031    
1.288317     -0.966646    8.200311     8.585699     0.113555     -0.085202    0.722794    
-0.340662    -1.215552    48.595619    48.651852    -0.001604    -0.005725    0.228868    
-0.791538    -0.460102    47.288990    47.338798    -0.049485    -0.028764    2.956376    
-0.433619    0.747310     42.082602    42.137476    -0.046160    0.079554     4.479845    
-1.208629    0.165929     41.064541    41.129792    -0.342320    0.046996     11.630693   
-0.919933    -0.558158    31.984931    32.063509    -0.050517    -0.030651    1.756427    
0.431814     -0.767715    26.386765    26.474746    0.001195     -0.002124    0.073009    
-0.131322    -0.638740    9.730599     9.949107     -0.012706    -0.061799    0.941448    
-0.818841    -0.228224    25.438214    25.528421    -0.079495    -0.022156    2.469594    
2.751447     0.612697     17.433597    17.769387    0.012251     0.002728     0.077623    
-0.055395    -0.650569    60.207540    60.243250    -0.003256    -0.038242    3.539171    
-0.742905    0.648034     98.435797    98.460413    -0.002394    0.002088     0.317232    
1.767277     0.696562     39.968202    40.061710    0.049529     0.019522     1.120130    
1.670327     1.539468     23.906099    24.094324    0.095644     0.088151     1.368885    
1.109881     -2.161472    94.497588    94.549315    0.058928     -0.114761    5.017256    
-0.512408    0.850526     59.563476    59.604267    -0.035024    0.058134     4.071218    
-1.016765    0.231083     7.005083     7.350738     -0.004183    0.000951     0.028820    
-0.021954    0.011942     18.060016    18.166996    -0.003083    0.001677     2.536519    
-0.131030    0.923510     40.068759    40.127926    -0.010953    0.077197     3.349399    
-0.538092    -0.247641    148.177640   148.191898   -0.008514    -0.003918    2.344557    
0.824351     0.434411     5.325726     5.753832     0.047070     0.024804     0.304093    
0.186928     -0.476351    5.419892     5.788958     0.010285     -0.026209    0.298204    
-0.147058    1.133025     21.102941    21.225325    -0.007679    0.059167     1.102003    
-1.187341    1.722377     23.984434    24.155835    -0.096542    0.140045     1.950158    
0.054761     0.500695     12.386994    12.552540    0.000755     0.006902     0.170759    
-2.577295    -0.543786    76.819120    76.889468    -0.155179    -0.032741    4.625277    
0.095977     -0.147965    15.611576    15.736180    0.004863     -0.007497    0.790951    
-0.255922    -0.566023    127.356195   127.372922   -0.034773    -0.076909    17.304548   
0.474072     0.280525     39.891707    39.944045    0.015957     0.009442     1.342713    
-0.222251    -0.599404    13.420466    13.579122    -0.023712    -0.063950    1.431831    
-1.298922    -0.393807    63.819086    63.863863    -0.107254    -0.032517    5.269642    
-1.672579    0.790919     65.904642    65.959987    -0.262218    0.123996     10.332171   
1.434479     -0.280800    60.729736    60.779209    0.149823     -0.029328    6.342863    
1.129638     0.297824     38.215520    38.284014    0.076430     0.020150     2.585614    
-0.786015    -0.006076    118.815452   118.834357   -0.046394    -0.000359    7.012966    
-0.797424    -0.870586    25.568155    25.670982    -0.027574    -0.030103    0.884103    
-0.965273    1.135119     18.649279    18.811986    -0.023018    0.027068     0.444705    
-1.237223    -1.390489    35.819759    35.922058    -0.169768    -0.190798    4.915075    
-0.561735    0.101888     197.687953   197.698577   -0.098562    0.017877     34.686453   
0.213768     -0.084608    44.102564    44.147072    0.018272     -0.007232    3.769753    
0.141979     0.462577     20.623123    20.722507    0.002525     0.008228     0.366835    
1.369552     0.042086     10.141651    10.421396    0.104990     0.003226     0.777461    
-0.665290    -0.581354    66.033851    66.069093    -0.033268    -0.029071    3.302077    
0.407762     0.043718     20.854349    20.951063    0.017324     0.001857     0.886011    
-0.770131    0.827959     65.902389    65.941478    -0.045532    0.048951     3.896279    
-1.177187    -0.886490    79.247648    79.285789    -0.075829    -0.057103    5.104749    
0.082174     -0.468733    74.451199    74.478739    0.000407     -0.002323    0.368973    
-0.683887    0.834610     60.297910    60.339682    -0.030200    0.036855     2.662678    
-1.615572    -0.077886    18.313986    18.490354    -0.115992    -0.005592    1.314880    
-0.138415    0.393393     48.316978    48.358859    -0.032796    0.093210     11.448138   
0.418905     -0.535722    9.715480     9.936196     0.000075     -0.000096    0.001750    
-0.573517    0.045647     5.279700     5.664026     -0.188047    0.014967     1.731127    
0.598140     0.125153     35.256804    35.317002    0.192573     0.040293     11.351035   
-0.945888    -1.000589    17.554204    17.717813    -0.011133    -0.011777    0.206620    
1.672264     0.547258     94.781227    94.817993    0.017343     0.005676     0.982987    
0.238844     -0.222207    14.971194    15.103576    0.008756     -0.008146    0.548816    
2.032894     -0.640931    69.531198    69.591709    0.493769     -0.155675    16.888412   
-0.316826    -0.322391    82.411516    82.436262    -0.104760    -0.106600    27.249682   
-1.057388    0.789268     31.973298    32.061001    -0.011028    0.008231     0.333457    
0.009913     -0.617011    15.717969    15.852770    0.002814     -0.175159    4.462067    
-0.799610    -1.007242    123.869659   123.891975   -0.109682    -0.138162    16.991072   
1.413190     1.737882     41.233935    41.341622    0.185040     0.227555     5.399090    
-0.182063    -0.728098    10.266269    10.480195    -0.010958    -0.043822    0.617895    
0.028790     -2.163921    95.141060    95.186027    0.002750     -0.206713    9.088524    
