-0.324182    -1.566282    22.976502    23.116075    -0.004093    -0.019775    0.290096    
0.120337     -0.130021    67.549736    67.578644    0.004456     -0.004814    2.501055    
0.695467     0.140181     46.661873    46.708765    0.084207     0.016973     5.649820    
-0.240086    -1.356832    47.497568    47.558307    -0.016348    -0.092388    3.234171    
0.174695     0.279257     12.613458    12.770387    0.007210     0.011526     0.520585    
-1.063718    -1.423662    84.910686    84.952092    -0.011838    -0.015844    0.944950    
-2.300332    1.329924     50.233454    50.342180    -0.017189    0.009937     0.375354    
-0.453524    -0.842724    13.212452    13.392524    -0.024479    -0.045486    0.713146    
-0.872370    -0.864501    12.751744    12.961108    -0.112014    -0.111004    1.637354    
-1.927615    -0.626380    65.645358    65.706134    -0.065532    -0.021295    2.231704    
-0.490776    0.683735     27.843933    27.926115    -0.003453    0.004811     0.195918    
0.280926     -0.560208    16.892848    17.018696    0.028794     -0.057420    1.731470    
0.285245     1.040164     21.537622    21.654270    0.022240     0.081099     1.679232    
-0.313262    1.105329     29.929243    30.015903    -0.045284    0.159783     4.326482    
-0.435094    -0.208788    30.128708    30.196803    -0.031161    -0.014953    2.157765    
-0.464736    -0.309189    83.022812    83.048022    -0.005555    -0.003696    0.992455    
1.482945     -0.292462    22.665103    22.800581    0.014971     -0.002952    0.228808    
-1.057372    1.558683     49.836657    49.911069    -0.146442    0.215871     6.902170    
-0.437032    -1.249511    19.229820    19.375582    -0.009197    -0.026294    0.404660    
0.556477     -1.497760    36.174522    36.263259    0.083533     -0.224828    5.430153    
1.096671     -2.423289    124.156693   124.200782   0.050100     -0.110705    5.671946    
-0.057888    -0.838364    39.770174    39.827727    -0.002600    -0.037648    1.785947    
-1.118196    -1.387967    44.640222    44.719137    -0.009382    -0.011645    0.374526    
-0.048231    -1.655996    60.501501    60.556183    -0.004211    -0.144572    5.281913    
-0.166158    -0.330959    10.864133    11.047239    -0.000547    -0.001089    0.035750    
-1.074031    0.119359     17.402099    17.546390    -0.038000    0.004223     0.615704    
0.432257     -0.148904    34.232155    34.291754    0.079793     -0.027487    6.319108    
1.318340     -0.779039    7.969577     8.350690     0.124441     -0.073535    0.752268    
-0.225331    0.184926     5.460854     5.812130     -0.032106    0.026349     0.778077    
-0.887227    -1.248533    59.709365    59.761435    -0.130243    -0.183283    8.765234    
0.252972     -1.045960    11.186545    11.409284    0.030258     -0.125108    1.338036    
-0.911093    -0.102189    46.987156    47.037308    -0.039285    -0.004406    2.026041    
-0.762511    0.091974     33.510451    33.577003    -0.012187    0.001470     0.535594    
0.275846     -0.752582    29.882513    29.958004    0.003152     -0.008600    0.341460    
1.636249     1.030483     73.040491    73.092596    0.002822     0.001777     0.125954    
0.598961     1.111665     70.766381    70.805015    0.101468     0.188324     11.988320   
1.512016     0.472658     30.451966    30.556617    0.123561     0.038625     2.488525    
-0.593238    -0.222916    63.659941    63.693522    -0.026388    -0.009916    2.831651    
0.010548     0.012966     275.433479   275.440514   0.001662     0.002044     43.409332   
-0.818556    -0.454611    14.027484    14.195843    -0.036739    -0.020404    0.629597    
-2.277322    0.215443     90.989421    91.039455    -0.377476    0.035711     15.081873   
0.314868     -0.565193    94.402517    94.425255    0.018010     -0.032328    5.399619    
0.363313     -1.408897    84.635879    84.671270    0.024871     -0.096449    5.793922    
0.652071     0.391522     11.437356    11.630415    0.040684     0.024428     0.713604    
-1.186217    0.843706     29.048792    29.151779    -0.000347    0.000247     0.008502    
-0.153188    -1.810009    108.269027   108.302155   -0.013231    -0.156337    9.351567    
0.151931     2.234182     73.189018    73.249723    0.008799     0.129391     4.238684    
-1.219944    -0.280116    55.808029    55.856761    -0.155480    -0.035700    7.112642    
0.081960     -0.102680    21.905416    21.994078    0.004189     -0.005248    1.119553    
-0.466127    0.985205     23.067091    23.176573    -0.000332    0.000701     0.016421    
0.254866     -0.009062    10.070273    10.264033    0.009566     -0.000340    0.377970    
-0.558186    -0.958942    95.708048    95.734719    -0.007514    -0.012909    1.288344    
-1.578541    -0.044243    80.226300    80.265983    -0.210427    -0.005898    10.694560   
-0.473723    -0.806233    16.681585    16.823336    -0.024123    -0.041055    0.849460    
0.816966     -0.095748    13.523731    13.690978    0.047045     -0.005514    0.778756    
-0.940500    0.591680     13.930893    14.113092    -0.012625    0.007942     0.187001    
0.004384     0.064903     13.000673    13.149019    0.000236     0.003500     0.701173    
1.342231     0.754915     25.030383    25.154850    0.276771     0.155665     5.161325    
-1.201082    -0.168259    42.468740    42.531633    -0.053944    -0.007557    1.907387    
0.534277     -0.640001    165.426139   165.439951   0.027058     -0.032412    8.377778    
0.561163     -0.668023    27.429663    27.514042    0.029366     -0.034958    1.435389    
0.054266     0.866776     21.293480    21.401904    0.000022     0.000356     0.008742    
-0.751490    0.285260     49.110005    49.156013    -0.040370    0.015324     2.638216    
0.752559     0.860465     50.105184    50.156866    0.162911     0.186270     10.846590   
-0.623912    0.721267     20.009405    20.128605    -0.074387    0.085994     2.385651    
-0.302004    0.258033     127.824924   127.840697   -0.025128    0.021469     10.635588   
-0.878591    -1.210062    26.053600    26.170617    -0.012178    -0.016773    0.361138    
0.500809     1.716397     8.200452     8.620859     0.097503     0.334169     1.596562    
-1.341486    0.041294     34.983786    35.064819    -0.019135    0.000589     0.499002    
-1.737443    -0.089312    44.509622    44.587084    -0.267484    -0.013750    6.852375    
-0.836583    -0.872326    11.485357    11.715341    -0.015117    -0.015763    0.207542    
0.833876     0.280770     26.837306    26.923784    0.287685     0.096865     9.258787    
1.439255     0.292832     9.505622     9.817790     0.225158     0.045811     1.487063    
0.001772     -0.524304    80.410695    80.436495    0.000646     -0.191073    29.304283   
0.457703     -0.813343    7.402861     7.716756     0.065285     -0.116013    1.055923    
0.111139     0.043522     43.549541    43.594171    0.005252     0.002057     2.057928    
-1.796256    1.210102     41.416292    41.519574    -0.087464    0.058923     2.016661    
-1.432382    -0.800798    28.569537    28.684254    -0.060398    -0.033767    1.204674    
-0.006642    -0.323610    100.088904   100.108783   -0.000049    -0.002373    0.734084    
-0.251106    -0.751581    15.404931    15.550395    -0.032375    -0.096902    1.986170    
0.789254     -0.430252    9.389535     9.635682     0.159821     -0.087124    1.901345    
0.111153     0.294550     10.858434    11.039912    0.006164     0.016334     0.602145    
1.147177     -1.539949    66.131020    66.188173    0.104036     -0.139656    5.997337    
1.295831     0.163650     28.800489    28.897215    0.376323     0.047526     8.363970    
-0.927242    0.182917     20.208363    20.325997    -0.023272    0.004591     0.507184    
0.429722     1.216080     33.768518    33.850425    0.012385     0.035047     0.973206    
0.944914     0.442049     35.886970    35.956054    0.002525     0.001181     0.095901    
0.608152     0.428553     63.953593    63.988206    0.064903     0.045736     6.825259    
-0.072672    -0.358141    57.629032    57.663800    -0.000162    -0.000798    0.128355    
-1.089500    0.245428     97.623878    97.650109    -0.033364    0.007516     2.989526    
-0.404872    -0.750293    17.624412    17.754484    -0.067502    -0.125092    2.938416    
0.250039     0.398484     11.252650    11.433214    0.010612     0.016912     0.477586    
-1.801058    -0.219446    34.476468    34.580251    -0.032192    -0.003922    0.616236    
-0.058732    -1.886781    24.936788    25.085488    -0.003280    -0.105380    1.392758    
-0.497695    0.609369     47.241448    47.288988    -0.029341    0.035924     2.785038    
0.734600     1.393352     40.566160    40.644425    0.023387     0.044360     1.291493    
-0.999508    1.922938     28.006785    28.159397    -0.011989    0.023065     0.335937    
-0.779552    1.845792     113.913574   113.948198   -0.054305    0.128581     7.935384    
-0.199743    0.015297     11.848442    12.012521    -0.020789    0.001592     1.233171    
-0.484553    -0.406100    18.894521    19.007304    -0.010535    -0.008829    0.410784    
-1.069011    -0.851492    26.392543    26.501115    -0.039960    -0.031829    0.986567    
-0.551924    1.172198     64.768395    64.811254    -0.057072    0.121211     6.697358    
-2.606703    -0.530044    127.491718   127.534658   -0.554612    -0.112774    27.125608   
0.613734     0.198355     90.464135    90.487849    0.116067     0.037512     17.108206   
0.374359     -2.248010    10.376896    10.805027    0.036143     -0.217035    1.001843    
0.254412     0.545557     32.555339    32.620353    0.026198     0.056179     3.352420    
-0.079173    0.259541     7.951087     8.195631     -0.012593    0.041281     1.264660    
-0.508433    -0.238058    14.368641    14.513717    -0.016014    -0.007498    0.452572    
0.341099     1.034294     33.468390    33.543915    0.022453     0.068083     2.203072    
0.560491     0.090673     53.364308    53.403621    0.036173     0.005852     3.444000    
0.559908     -0.166954    74.816082    74.844254    0.011299     -0.003369    1.509835    
-0.097287    0.838356     9.994940     10.221843    -0.001670    0.014391     0.171571    
-1.380421    -0.375560    34.119926    34.206592    -0.009443    -0.002569    0.233395    
-0.623347    0.704983     46.395324    46.446599    -0.081227    0.091865     6.045659    
1.782753     0.716445     59.436685    59.500303    0.078281     0.031459     2.609866    
0.000095     0.637026     182.044684   182.056441   0.000004     0.028625     8.180134    
-0.052424    -0.028441    35.753538    35.807736    -0.003651    -0.001981    2.489850    
0.088084     -0.714443    37.151068    37.210146    0.012494     -0.101342    5.269787    
1.386505     0.659836     28.720771    28.829072    0.103686     0.049344     2.147813    
1.427031     -1.084780    36.750960    36.847269    0.040754     -0.030980    1.049557    
1.352614     0.157315     158.304213   158.322308   0.172372     0.020048     20.173705   
-1.037007    -0.701553    21.399856    21.526643    -0.090349    -0.061123    1.864466    
1.644433     0.092887     76.597774    76.640765    0.037985     0.002146     1.769326    
-0.689545    0.510407     9.902096     10.132248    -0.008726    0.006459     0.125308    
0.492643     -0.719349    120.383067   120.402317   0.053837     -0.078612    13.155697   
-2.390387    -2.835475    91.344519    91.440965    -0.085642    -0.101589    3.272666    
1.099720     -1.546821    9.197622     9.595480     0.115340     -0.162232    0.964655    
-2.030265    0.245574     24.654316    24.817183    -0.056267    0.006806     0.683276    
1.846684     0.116380     85.814233    85.856749    0.166497     0.010493     7.737026    
-1.298519    0.211345     25.436691    25.546644    -0.066813    0.010874     1.308799    
0.552977     -1.051896    7.409068     7.757674     0.031255     -0.059455    0.418771    
0.655729     0.197146     19.932656    20.041322    0.039323     0.011823     1.195334    
0.759549     -1.793144    45.570627    45.654675    0.100853     -0.238095    6.050896    
-0.148681    -0.475514    35.380736    35.438957    -0.004500    -0.014392    1.070821    
0.040467     1.896953     50.267310    50.341608    0.008317     0.389885     10.331562   
0.475367     -0.127501    78.301858    78.328144    0.008409     -0.002255    1.385153    
-0.308578    -0.785440    25.240789    25.331493    -0.024827    -0.063194    2.030799    
3.560149     -1.803436    75.007097    75.138982    0.289681     -0.146742    6.103162    
-1.609432    -0.975016    28.669051    28.798096    -0.156994    -0.095109    2.796558    
-1.035373    0.597685     20.067116    20.198844    -0.058272    0.033638     1.129404    
-0.340702    -0.440574    60.860814    60.895187    -0.046301    -0.059873    8.270870    
-0.759472    0.256448     19.562600    19.677724    -0.021876    0.007387     0.563480    
0.139235     -0.990344    100.400413   100.424688   0.005212     -0.037073    3.758472    
0.721656     -0.069562    80.810400    80.837623    0.056230     -0.005420    6.296608    
1.524287     0.151297     33.608232    33.700661    0.033229     0.003298     0.732645    
0.074211     1.472720     85.794477    85.829724    0.009078     0.180146     10.494546   
0.425428     -0.930766    50.009894    50.059083    0.009232     -0.020197    1.085186    
-0.491134    0.310775     145.261242   145.275741   -0.006667    0.004219     1.971948    
-1.279483    0.808518     79.947845    79.986396    -0.092366    0.058367     5.771413    
0.054418     -0.004380    47.731381    47.771986    0.000725     -0.000058    0.636348    
0.042197     1.065305     37.189329    37.256647    0.000697     0.017594     0.614194    
-1.516524    -1.524979    25.918356    26.081824    -0.023983    -0.024116    0.409877    
0.087588     1.023945     47.823889    47.875416    0.010495     0.122692     5.730418    
0.039913     1.252013     48.657581    48.713492    0.011830     0.371096     14.422086   
0.861484     -0.478207    102.003795   102.027546   0.019777     -0.010978    2.341684    
-0.095696    0.463726     62.235846    62.268770    -0.000836    0.004050     0.543544    
0.028855     0.029672     88.214153    88.236124    0.006722     0.006912     20.549661   
0.223098     0.639164     11.260309    11.451105    0.037483     0.107387     1.891861    
-2.390914    -0.188436    71.027484    71.095221    -0.121267    -0.009557    3.602519    
-1.042069    2.512477     35.399761    35.558635    -0.251938    0.607433     8.558485    
1.753125     -0.138770    34.313514    34.414893    0.124823     -0.009880    2.443132    
-0.749637    -0.094325    35.808344    35.870368    -0.025974    -0.003268    1.240713    
0.478218     -0.031611    24.562999    24.646411    0.020020     -0.001323    1.028286    
-1.022647    0.683539     152.910573   152.928190   -0.195534    0.130695     29.237075   
-0.835528    0.750532     21.340138    21.460145    -0.000218    0.000195     0.005556    
0.083953     -0.575535    65.833654    65.865645    0.000058     -0.000398    0.045561    
-0.007763    0.155686     40.209270    40.257728    -0.002278    0.045681     11.798038   
-0.276934    0.695941     12.272327    12.451747    -0.001401    0.003521     0.062084    
1.153398     0.756293     13.665363    13.875136    0.246773     0.161811     2.923749    
-0.578715    0.751092     95.854644    95.879543    -0.035365    0.045899     5.857697    
0.905695     -0.751110    33.419956    33.498550    0.010558     -0.008756    0.389570    
-1.995415    0.742862     93.950850    93.995589    -0.075531    0.028119     3.556248    
-0.158368    0.682817     33.677377    33.742140    -0.022664    0.097717     4.819544    
-0.000117    -0.587171    27.016194    27.094177    -0.000001    -0.004612    0.212194    
-1.066487    -0.135372    25.473395    25.571948    -0.013907    -0.001765    0.332183    
1.302339     -0.462463    11.091214    11.349006    0.008415     -0.002988    0.071668    
-1.104122    0.050533     16.673126    16.825270    -0.015863    0.000726     0.239545    
0.195825     0.178630     74.707633    74.734033    0.011287     0.010296     4.305841    
-1.242733    -1.875249    100.067791   100.112430   -0.098320    -0.148362    7.916932    
-0.256658    0.391509     22.224139    22.316058    -0.022969    0.035037     1.988891    
-0.596784    1.750015     70.001864    70.053941    -0.016440    0.048208     1.928351    
0.699815     -1.571843    17.207257    17.404743    0.094890     -0.213131    2.333184    
0.276776     0.444583     38.068645    38.123102    0.006635     0.010657     0.912555    
0.600764     -1.132091    51.813360    51.866577    0.015495     -0.029198    1.336348    
-0.271459    0.965382     25.743321    25.837941    -0.006317    0.022466     0.599095    
-0.100497    -1.328232    10.442921    10.709988    -0.008118    -0.107287    0.843517    
0.137487     -0.626751    109.324116   109.343720   0.002170     -0.009892    1.725541    
1.226378     1.309570     55.462687    55.526602    0.100663     0.107492     4.552483    
-0.446659    -1.241435    26.947519    27.051514    -0.005897    -0.016391    0.355799    
1.409063     0.589516     25.828066    25.947966    0.035818     0.014985     0.656539    
0.763254     -0.655627    17.581100    17.719550    0.048197     -0.041401    1.110195    
0.055246     0.855474     25.548565    25.638624    0.003519     0.054493     1.627411    
0.934713     -0.571443    61.226649    61.268081    0.068340     -0.041780    4.476459    
0.039023     -0.089569    9.583206     9.783780     0.001878     -0.004310    0.461090    
-1.403093    0.018069     20.788991    20.929073    -0.004909    0.000063     0.072741    
-1.176138    -0.117510    8.752161     9.048336     -0.164058    -0.016391    1.220826    
-1.199610    -0.382703    103.972973   103.999229   -0.149830    -0.047799    12.986151   
-0.728132    -0.104937    54.955398    54.995563    -0.027381    -0.003946    2.066586    
-0.313881    -0.329493    55.582391    55.619100    -0.018770    -0.019703    3.323760    
0.159506     -0.395988    14.350715    14.491385    0.014303     -0.035508    1.286805    
-0.189869    -0.103399    15.334581    15.461923    -0.009250    -0.005038    0.747106    
-0.443781    -0.855252    80.094168    80.124148    -0.011143    -0.021475    2.011129    
-0.627086    -0.363621    11.866646    12.050631    -0.009736    -0.005645    0.184233    
0.948823     -1.119647    29.816387    29.917315    0.008298     -0.009792    0.260755    
1.713159     -0.993472    54.594179    54.665539    0.477909     -0.277142    15.229782   
1.589288     0.231343     36.170735    36.259845    0.049460     0.007200     1.125653    
0.250391     -0.743426    42.417531    42.470428    0.020018     -0.059434    3.391134    
-0.590564    1.099349     19.650795    19.788533    -0.107970    0.200989     3.592665    
-0.411344    0.180392     94.941780    94.963247    -0.010770    0.004723     2.485820    
-0.323712    0.444807     33.186695    33.249576    -0.045099    0.061970     4.623528    
0.686642     -2.134002    101.395739   101.439619   0.001428     -0.004438    0.210890    
-0.578427    0.308508     26.444770    26.526035    -0.174459    0.093049     7.976003    
0.011539     -0.071217    75.243210    75.268990    0.000284     -0.001750    1.848922    
-0.234635    -1.866482    81.187036    81.232682    -0.052953    -0.421230    18.322395   
0.209660     0.776839     15.961413    16.102456    0.014871     0.055102     1.132167    
-0.268020    -0.104723    7.766576     8.017322     -0.000192    -0.000075    0.005560    
0.953175     -0.229782    12.513316    12.705093    0.063347     -0.015271    0.831626    
-1.342177    -1.518931    29.403541    29.538987    -0.096986    -0.109759    2.124710    
0.720086     -0.110057    65.506776    65.540394    0.001059     -0.000162    0.096321    
0.557657     0.827839     26.085314    26.178520    0.014243     0.021144     0.666236    
-0.623580    -0.499809    69.092884    69.125540    -0.005331    -0.004273    0.590714    
-0.741951    1.603656     26.527645    26.659203    -0.085599    0.185014     3.060493    
0.540821     0.941220     7.806615     8.123828     0.000867     0.001508     0.012508    
0.783600     -0.479318    22.616584    22.720665    0.061460     -0.037594    1.773894    
-0.008903    0.159696     17.242239    17.354980    -0.000110    0.001978     0.213512    
-0.979231    0.003297     57.529746    57.571743    -0.044127    0.000149     2.592464    
0.336208     -0.523847    65.367055    65.399650    0.014708     -0.022917    2.859602    
0.532867     0.010325     33.705273    33.766913    0.029367     0.000569     1.857523    
-0.345947    0.047146     53.087856    53.125486    -0.002839    0.000387     0.435629    
1.493705     1.677046     67.635074    67.700974    0.091163     0.102353     4.127884    
-0.447114    -0.087050    15.623540    15.753649    -0.001385    -0.000270    0.048392    
0.819028     -1.208770    32.173832    32.267047    0.058986     -0.087055    2.317149    
1.490497     0.635091     89.271148    89.307546    0.037581     0.016013     2.250865    
-0.548951    -0.000140    38.325742    38.380188    -0.021696    -0.000006    1.514710    
-0.551573    1.200951     67.103599    67.145473    -0.063898    0.139126     7.773745    
-0.703247    -0.577588    64.836356    64.872615    -0.016849    -0.013838    1.553364    
0.550263     0.352653     29.918218    29.990029    0.002921     0.001872     0.158844    
0.720037     -0.406447    45.589082    45.639052    0.052161     -0.029444    3.302555    
0.543180     0.303542     7.680479     7.953106     0.041316     0.023089     0.584206    
-0.452920    0.109010     58.391649    58.426677    -0.027897    0.006714     3.596598    
-0.448381    -0.227351    37.580812    37.635689    -0.023156    -0.011741    1.940767    
-1.259169    -1.260217    27.297657    27.426459    -0.071960    -0.072020    1.560021    
-0.360730    0.240711     9.057331     9.278915     -0.020629    0.013766     0.517970    
-0.163196    -0.672457    10.994062    11.190316    -0.005642    -0.023248    0.380080    
0.444558     -0.300905    21.861583    21.956592    0.019609     -0.013273    0.964310    
-2.042692    -1.277085    18.159994    18.424546    -0.092396    -0.057766    0.821422    
-0.546582    -0.556573    7.443878     7.739173     -0.023969    -0.024407    0.326435    
-0.390676    -0.476238    44.244006    44.292059    -0.051513    -0.062795    5.833855    
1.314567     1.403559     49.076169    49.153264    0.003002     0.003205     0.112062    
0.261532     -0.744977    54.721146    54.762233    0.009786     -0.027875    2.047508    
1.331233     1.251082     19.573503    19.756882    0.085849     0.080681     1.262268    
-0.155354    0.873764     50.788373    50.834254    -0.000774    0.004355     0.253161    
0.554595     -0.078664    22.059146    22.153885    0.014696     -0.002085    0.584548    
-0.384274    -1.890830    23.094735    23.258647    -0.017832    -0.087741    1.071676    
-1.119913    0.590532     29.469551    29.562347    -0.007905    0.004168     0.208008    
1.006638     1.418995     27.532130    27.657188    0.006920     0.009754     0.189258    
0.134316     1.348294     87.167235    87.199987    0.034456     0.345876     22.360897   
-0.623531    -0.395932    111.929735   111.949480   -0.017177    -0.010907    3.083376    
-1.318950    -0.281377    24.635620    24.750910    -0.050717    -0.010820    0.947306    
-0.609254    0.195246     17.561592    17.683150    -0.013101    0.004199     0.377638    
-0.308068    -0.188339    23.332887    23.418560    -0.054815    -0.033512    4.151682    
-2.149309    -0.903004    28.876550    29.037305    -0.073707    -0.030967    0.990269    
0.482173     -1.046365    70.612713    70.649541    0.037146     -0.080610    5.439899    
0.045735     -0.072918    76.861507    76.886758    0.000081     -0.000129    0.135643    
-0.570004    1.078902     27.247094    27.345348    -0.115959    0.219486     5.543004    
2.084211     -0.285928    23.106888    23.285809    0.050557     -0.006936    0.560502    
0.222201     0.655458     101.421905   101.443367   0.000160     0.000473     0.073149    
0.480794     1.454120     24.701851    24.827445    0.056299     0.170272     2.892499    
-1.279332    1.851203     29.701577    29.851671    -0.150987    0.218479     3.505386    
0.408835     -0.519107    29.632958    29.705619    0.063561     -0.080705    4.607004    
-1.706874    0.362821     14.696567    14.930141    -0.265004    0.056330     2.281741    
-0.268241    -1.226705    51.499891    51.552793    -0.042251    -0.193219    8.111763    
0.502799     0.815106     35.177377    35.245425    0.031003     0.050260     2.169055    
0.426363     -1.542517    32.733114    32.831279    0.001019     -0.003688    0.078262    
-0.323494    0.694178     22.257863    22.357861    -0.005038    0.010811     0.346626    
-1.230573    0.575610     15.999540    16.177326    -0.062698    0.029328     0.815187    
2.201900     -2.495992    88.527149    88.611564    0.038313     -0.043430    1.540364    
0.444289     0.052383     10.146839    10.345696    0.021167     0.002496     0.483413    
-0.125238    0.430277     83.913511    83.937794    -0.004850    0.016662     3.249532    
-0.551607    0.425674     91.459767    91.483602    -0.019572    0.015103     3.245112    
-1.461912    0.124616     33.364395    33.454604    -0.319559    0.027240     7.293119    
0.163486     0.484884     26.346738    26.425128    0.008724     0.025875     1.405932    
1.810750     0.291750     59.574939    59.635663    0.230006     0.037059     7.567371    
0.700916     2.546913     135.121238   135.161392   0.027607     0.100316     5.322063    
-1.266505    -1.536040    94.468211    94.509689    -0.260402    -0.315820    19.423286   
0.359386     1.691068     97.853266    97.888331    0.010773     0.050690     2.933152    
0.670241     -0.215638    11.097031    11.292244    0.001796     -0.000578    0.029735    
-0.826041    -0.147685    62.156814    62.193638    -0.010737    -0.001920    0.807886    
1.588812     -1.379756    41.568235    41.667988    0.067096     -0.058268    1.755439    
0.243957     0.104374     33.555949    33.614685    0.035404     0.015147     4.869815    
-0.315327    -0.069832    51.545771    51.584356    -0.000209    -0.000046    0.034146    
-1.086062    0.229974     56.299328    56.344669    -0.041366    0.008759     2.144354    
0.998483     0.316539     16.730368    16.878310    0.013621     0.004318     0.228233    
-1.430785    -1.382605    12.422815    12.734207    -0.011579    -0.011189    0.100533    
-1.219709    0.525319     24.390993    24.506308    -0.018648    0.008031     0.372909    
0.683806     0.956898     43.470212    43.530650    0.010005     0.014001     0.636031    
-0.936363    -0.365759    10.721844    10.947304    -0.002602    -0.001017    0.029800    
1.815898     0.465651     149.864255   149.888907   0.189459     0.048583     15.635858   
0.353015     0.833729     41.478922    41.535475    0.013492     0.031865     1.585330    
0.650882     -0.253357    46.366080    46.413104    0.107106     -0.041691    7.629799    
-0.311406    -0.165875    8.030387     8.275660     -0.012116    -0.006454    0.312430    
-0.360769    0.531996     42.708602    42.758775    -0.033802    0.049846     4.001599    
1.292182     1.906352     28.256448    28.418404    0.175844     0.259422     3.845215    
1.161813     -0.085926    53.615904    53.664675    0.058704     -0.004342    2.709083    
-0.024995    0.104644     10.378417    10.563998    -0.000132    0.000551     0.054676    
0.044951     0.946974     13.569627    13.744400    0.001381     0.029091     0.416863    
-0.293032    -0.060231    26.708582    26.782696    -0.019494    -0.004007    1.776810    
2.672574     -0.851424    121.107321   121.155791   0.007447     -0.002372    0.337465    
1.767446     1.560307     58.048179    58.129376    0.031733     0.028014     1.042196    
-0.148865    -0.524498    10.474958    10.672252    -0.009895    -0.034865    0.696296    
1.335078     -1.276152    16.265135    16.487588    0.076427     -0.073054    0.931103    
0.072495     0.472098     7.100319     7.383604     0.003107     0.020234     0.304316    
-1.895443    0.420984     62.834524    62.895328    -0.501758    0.111442     16.633438   
0.344697     0.487101     24.575134    24.661067    0.044421     0.062772     3.166983    
0.808309     0.580900     39.685438    39.746694    0.084006     0.060372     4.124444    
0.351497     -0.543038    5.041292     5.450506     0.001682     -0.002599    0.024127    
-0.678141    -0.483224    76.266075    76.296019    -0.084693    -0.060350    9.524881    
-0.367310    0.336897     10.402168    10.598513    -0.040352    0.037011     1.142769    
-0.004081    -0.057120    19.088082    19.189401    -0.000056    -0.000784    0.262000    
0.003345     0.237989     19.207907    19.309979    0.000004     0.000306     0.024719    
-0.351440    1.254516     10.165238    10.435724    -0.015422    0.055052     0.446082    
0.427017     -0.047301    30.030142    30.097657    0.002417     -0.000268    0.169952    
0.530173     -0.014888    81.420849    81.446369    0.030162     -0.000847    4.632084    
-0.736624    0.433792     26.643137    26.729431    -0.048260    0.028420     1.745544    
0.148927     0.868785     83.711250    83.739031    0.002684     0.015655     1.508396    
0.058724     0.034713     7.440931     7.697212     0.002400     0.001419     0.304155    
-0.720364    -0.723884    20.246298    20.367387    -0.032071    -0.032228    0.901381    
-2.266147    -0.998981    68.279439    68.352690    -0.096479    -0.042530    2.906920    
-1.771339    -0.027327    49.047121    49.118565    -0.112225    -0.001731    3.107440    
0.628243     -0.185099    24.477465    24.565223    0.080572     -0.023739    3.139223    
-0.210498    1.149617     142.965239   142.983567   -0.024867    0.135807     16.888837   
0.169722     -0.676095    42.400392    42.451785    0.011100     -0.044219    2.773132    
-0.801692    -0.693301    23.919205    24.023461    -0.047759    -0.041302    1.424934    
0.607189     0.432537     16.486805    16.620633    0.024497     0.017451     0.665169    
-0.563095    -0.618056    15.165160    15.315224    -0.057347    -0.062945    1.544468    
0.781177     0.042495     138.540667   138.556860   0.011473     0.000624     2.034760    
0.323095     1.172397     40.256195    40.322638    0.006999     0.025398     0.872079    
0.798832     1.242967     9.901636     10.202963    0.006561     0.010209     0.081328    
-1.058244    -1.062810    73.090217    73.132101    -0.090491    -0.090881    6.249985    
1.023800     -0.587081    113.019899   113.043201   0.032042     -0.018374    3.537150    
-0.298129    -0.121862    60.856789    60.889469    -0.043159    -0.017642    8.809993    
-0.704541    0.124088     37.620667    37.678924    -0.001185    0.000209     0.063298    
1.015708     0.174523     69.229306    69.264954    0.029653     0.005095     2.021100    
1.150762     2.400730     23.701646    23.931794    0.067858     0.141566     1.397634    
2.089689     1.022273     57.182923    57.264068    0.042757     0.020917     1.170013    
-2.285695    1.496984     42.876779    43.008819    -0.098114    0.064258     1.840494    
0.447367     1.419736     17.483212    17.656541    0.060549     0.192154     2.366259    
-0.337765    -0.285910    147.512848   147.526646   -0.029732    -0.025167    12.984928   
0.992621     -1.495624    64.051975    64.107352    0.029235     -0.044049    1.886452    
0.975217     -0.772272    12.177362    12.398006    0.172016     -0.136219    2.147936    
0.752106     -0.887088    52.315726    52.365663    0.016741     -0.019745    1.164473    
0.858194     0.650835     93.365706    93.392666    0.088585     0.067181     9.637433    
-0.578997    0.113665     54.572613    54.611292    -0.004028    0.000791     0.379641    
0.479856     -0.502239    19.517734    19.629045    0.023491     -0.024587    0.955472    
-1.203050    0.207255     19.787985    19.923092    -0.032558    0.005609     0.535520    
2.245658     -0.473707    16.712756    16.984067    0.054449     -0.011486    0.405222    
0.907070     -1.938035    24.969164    25.137877    0.082013     -0.175228    2.257588    
-1.496109    -1.686857    32.966794    33.102391    -0.129000    -0.145447    2.842514    
-0.149988    -1.309203    28.323249    28.422137    -0.006771    -0.059101    1.278583    
1.051324     0.261636     27.360994    27.453100    0.020106     0.005004     0.523260    
0.339693     1.676355     50.671532    50.738592    0.002994     0.014774     0.446584    
-0.454492    -0.993369    51.411896    51.461164    -0.001512    -0.003305    0.171031    
-0.960307    -0.133979    19.667389    19.789423    -0.016361    -0.002283    0.335074    
-1.497146    -0.625284    22.690555    22.833499    -0.203407    -0.084953    3.082808    
-1.307445    -0.484345    7.461155     7.841415     -0.002759    -0.001022    0.015747    
-0.411813    -0.975326    19.784747    19.910600    -0.019949    -0.047246    0.958398    
-1.604912    1.308499     55.594618    55.667984    -0.180219    0.146935     6.242854    
-0.210982    0.257283     46.593510    46.636261    -0.007228    0.008815     1.596300    
-0.215928    0.797561     29.762718    29.839187    -0.012286    0.045380     1.693459    
-0.568489    1.540771     120.821093   120.848287   -0.067141    0.181971     14.269442   
0.292641     -0.956264    41.781370    41.839669    0.011788     -0.038520    1.683021    
0.545443     0.202684     46.665835    46.710959    0.036123     0.013423     3.090554    
-0.419370    0.080643     10.352287    10.546429    -0.011487    0.002209     0.283557    
-0.631831    0.639987     48.426901    48.475236    -0.067734    0.068608     5.191506    
-1.685736    0.551149     111.800927   111.832319   -0.056912    0.018607     3.774530    
1.198490     -1.422170    167.899884   167.921723   0.191040     -0.226694    26.763300   
-0.910701    -0.897981    24.422968    24.535527    -0.259063    -0.255445    6.947494    
0.741201     -0.611564    22.313917    22.421178    0.016067     -0.013257    0.483691    
0.140108     -1.723063    30.873748    30.984703    0.037574     -0.462085    8.279613    
-0.333617    0.294906     49.602753    49.643795    -0.043082    0.038083     6.405553    
-0.285964    0.128732     80.162633    80.187412    -0.006243    0.002811     1.750168    
-0.720382    0.815677     42.620285    42.679596    -0.040142    0.045452     2.374951    
-0.873018    -0.578312    14.475141    14.645861    -0.029702    -0.019676    0.492482    
-2.785813    0.015189     34.969384    35.135363    -0.028237    0.000154     0.354448    
0.342619     -0.180855    41.349023    41.397666    0.047841     -0.025254    5.773751    
-0.118323    -1.273407    84.654331    84.686872    -0.050929    -0.548108    36.437481   
1.476746     0.059702     16.700419    16.880856    0.108209     0.004375     1.223729    
0.653440     0.099512     18.747686    18.862332    0.090368     0.013762     2.592728    
-0.230216    -2.760568    31.552482    31.734962    -0.016353    -0.196094    2.241292    
1.252817     0.197010     6.592634     6.996152     0.187996     0.029563     0.989280    
-1.465221    1.306582     18.538134    18.745437    -0.032342    0.028840     0.409192    
-1.192045    -0.016202    69.148847    69.187131    -0.228395    -0.003104    13.248848   
-0.767828    0.299863     8.897797     9.150149     -0.023322    0.009108     0.270264    
-1.178457    -0.640800    207.316594   207.330279   -0.025690    -0.013969    4.519376    
-0.749407    -0.190301    21.507870    21.611600    -0.010516    -0.002670    0.301820    
1.331514     0.083700     25.736413    25.846041    0.063858     0.004014     1.234300    
0.209120     0.238452     18.411013    18.518664    0.017633     0.020106     1.552374    
-1.132021    2.779886     46.659056    46.796919    -0.106511    0.261556     4.390097    
0.688427     0.184234     47.256292    47.302642    0.059627     0.015957     4.093014    
0.465287     0.056659     22.835413    22.924894    0.102457     0.012476     5.028375    
-0.660798    -0.113122    35.432851    35.493821    -0.023937    -0.004098    1.283555    
-0.650565    -1.413084    48.594801    48.659528    -0.057101    -0.124027    4.265200    
2.789167     0.163337     47.819523    47.941505    0.115362     0.006756     1.977849    
-0.281909    -0.583532    37.292663    37.350202    -0.016235    -0.033605    2.147659    
-0.685776    -0.529148    77.366010    77.395896    -0.116677    -0.090029    13.162996   
2.231800     1.751823     35.447458    35.615264    0.584922     0.459127     9.290259    
0.104710     0.009572     33.952730    34.009909    0.004292     0.000392     1.391794    
0.040218     0.172138     22.422226    22.509163    0.000097     0.000416     0.054161    
-0.078015    0.602853     98.296338    98.317926    -0.009326    0.072063     11.749963   
-0.497279    1.271651     91.926049    91.957261    -0.010623    0.027165     1.963722    
-0.357921    0.110341     10.281778    10.475218    -0.005436    0.001676     0.156144    
-1.162798    0.360591     121.497765   121.519809   -0.059057    0.018314     6.170673    
0.605412     0.321916     18.603504    18.719922    0.146715     0.078013     4.508352    
-1.745796    -0.305851    64.392820    64.447277    -0.119240    -0.020890    4.398098    
-0.085336    -0.165748    10.100035    10.291764    -0.014882    -0.028905    1.761362    
-0.225244    -1.110683    18.427945    18.567403    -0.025314    -0.124826    2.071061    
-1.479246    0.936742     102.814813   102.848560   -0.142783    0.090418     9.924108    
-0.014069    -1.301528    18.868362    19.015368    -0.001325    -0.122598    1.777318    
-0.866230    -1.295935    60.498199    60.550283    -0.009400    -0.014062    0.656476    
0.062088     2.281544     45.394323    45.494272    0.003526     0.129569     2.577938    
-0.579158    -0.592163    27.252617    27.336170    -0.037929    -0.038781    1.784767    
-0.030633    0.700022     27.966528    28.044476    -0.000017    0.000385     0.015370    
0.260806     -1.217306    15.772461    15.943505    0.014132     -0.065960    0.854640    
1.379045     -0.188738    66.691521    66.735083    0.003275     -0.000448    0.158394    
-1.610473    1.263012     188.975539   188.996873   -0.009639    0.007559     1.131005    
1.143032     0.949450     76.910919    76.950454    0.060665     0.050391     4.081970    
0.163462     0.183248     17.379896    17.492742    0.009142     0.010249     0.972012    
-0.165320    0.218814     49.316171    49.356204    -0.017471    0.023124     5.211763    
0.849368     0.824554     7.919188     8.245593     0.026583     0.025806     0.247850    
1.188877     1.582180     45.583747    45.669132    0.017216     0.022911     0.660082    
0.031632     -0.108385    20.274457    20.370109    0.003676     -0.012596    2.356113    
1.345670     -0.389590    15.273052    15.462978    0.233635     -0.067641    2.651702    
0.574674     -0.888783    16.288095    16.440717    0.052339     -0.080946    1.483441    
-0.234734    -0.544506    28.649868    28.723535    -0.020028    -0.046459    2.444473    
2.101311     -0.477811    64.411288    64.477382    0.117267     -0.026665    3.594589    
0.417589     -1.016614    12.065503    12.274331    0.007335     -0.017857    0.211929    
0.544179     0.314077     55.342522    55.381084    0.083676     0.048294     8.509759    
0.302000     1.344791     12.880668    13.102909    0.004904     0.021838     0.209167    
-0.398852    0.063823     72.175645    72.203614    -0.010205    0.001633     1.846612    
1.385194     0.918745     30.067166    30.177347    0.110137     0.073049     2.390637    
0.067219     0.094511     66.083137    66.112551    0.000270     0.000379     0.265083    
-0.935963    -1.060532    11.154935    11.415266    -0.169971    -0.192592    2.025735    
0.247517     0.743869     31.958129    32.028294    0.036546     0.109832     4.718617    
0.610182     0.690381     50.526351    50.573077    0.062432     0.070638     5.169714    
-0.277019    0.259613     35.018423    35.075761    -0.006169    0.005781     0.779823    
1.610083     -0.440272    24.894153    25.027585    0.504824     -0.138042    7.805297    
-0.253224    0.597025     30.765874    30.835604    -0.014237    0.033566     1.729719    
0.281555     1.361312     13.431723    13.646192    0.030636     0.148125     1.461510    
2.156208     -1.134836    27.771720    27.947817    0.068212     -0.035901    0.878563    
0.073519     -1.227586    18.420328    18.565986    0.019907     -0.332401    4.987786    
-1.934144    -0.122029    63.938361    63.998006    -0.202434    -0.012772    6.691990    
0.283125     1.159161     13.005089    13.207237    0.020288     0.083062     0.931909    
0.325272     -0.430060    9.794682     10.005074    0.010442     -0.013806    0.314429    
2.255604     1.261074     71.587320    71.660990    0.210602     0.117744     6.683991    
0.167460     0.975505     44.455000    44.509568    0.013036     0.075939     3.460655    
1.256989     0.223135     52.751109    52.803260    0.075322     0.013371     3.160980    
-0.139308    1.341911     60.637479    60.684420    -0.003411    0.032856     1.484683    
-0.241306    0.746664     15.167232    15.314556    -0.022593    0.069907     1.420050    
2.350832     -0.994582    58.092169    58.181531    0.068589     -0.029018    1.694922    
-0.502282    -1.504581    110.198713   110.227707   -0.169832    -0.508732    37.260600   
0.471849     -0.470557    27.868470    27.945852    0.067860     -0.067674    4.007951    
0.827469     -0.755004    33.924591    34.000111    0.022756     -0.020763    0.932941    
0.980848     0.235100     41.647457    41.706150    0.100687     0.024134     4.275234    
0.706725     -0.832678    37.112585    37.180798    0.005245     -0.006180    0.275429    
1.074448     -0.395805    13.864439    14.050221    0.079900     -0.029433    1.031008    
0.305282     0.826268     26.583312    26.670645    0.040703     0.110164     3.544296    
0.032305     0.266384     21.119530    21.212767    0.006818     0.056222     4.457418    
1.186800     -0.324310    82.402023    82.434713    0.020065     -0.005483    1.393148    
-0.903730    1.150976     73.793543    73.834297    -0.011376    0.014488     0.928884    
0.379648     0.420590     27.776094    27.851524    0.002100     0.002327     0.153678    
1.827827     -0.528023    107.513423   107.548272   0.016745     -0.004837    0.984929    
-1.231982    -0.702759    36.159238    36.240545    -0.200902    -0.114600    5.896571    
-0.007709    0.023537     88.861413    88.883217    -0.001022    0.003120     11.779725   
1.776416     0.085372     171.398771   171.419301   0.204221     0.009815     19.704445   
0.063194     2.079199     35.753526    35.868045    0.007093     0.233360     4.012819    
0.440756     0.225610     54.793883    54.831467    0.057027     0.029191     7.089540    
1.301042     0.570006     59.080944    59.130792    0.370794     0.162451     16.837948   
0.046416     1.486815     16.348403    16.533542    0.003859     0.123620     1.359276    
-0.079330    -0.040149    21.700057    21.789340    -0.003740    -0.001893    1.023097    
2.870482     1.022352     90.393753    90.466515    0.040740     0.014510     1.282935    
0.700360     -1.255490    58.062101    58.113246    0.031283     -0.056078    2.593437    
-1.836390    -0.177718    35.827601    35.929039    -0.027302    -0.002642    0.532660    
-0.227310    0.389073     42.249898    42.298131    -0.005961    0.010203     1.107947    
-0.306577    0.327551     17.125922    17.244519    -0.032599    0.034830     1.821053    
0.282779     0.355783     71.575502    71.604008    0.030872     0.038842     7.814157    
0.653904     -1.592296    17.448591    17.643448    0.010696     -0.026046    0.285418    
-1.179583    -0.145268    97.460498    97.487621    -0.037497    -0.004618    3.098114    
1.095096     0.241064     17.916869    18.059527    0.009123     0.002008     0.149262    
0.494873     -1.508649    25.208568    25.335109    0.047355     -0.144365    2.412243    
0.817499     0.698318     20.472557    20.595060    0.008294     0.007085     0.207714    
-0.361310    -0.612262    18.426302    18.544783    -0.007020    -0.011897    0.358034    
0.419474     -0.462269    32.464738    32.530352    0.066585     -0.073378    5.153283    
0.308891     -0.629669    191.794448   191.805831   0.013821     -0.028175    8.581879    
1.586951     -0.367173    31.467430    31.570988    0.127992     -0.029614    2.537934    
-0.718199    -0.266359    6.130736     6.484415     -0.001048    -0.000389    0.008947    
0.997712     -0.913813    37.286197    37.362627    0.150996     -0.138298    5.642972    
1.356198     0.952483     59.312594    59.368386    0.045694     0.032092     1.998398    
-0.402554    0.512652     8.628072     8.873750     -0.001976    0.002517     0.042360    
-0.884852    2.212833     84.291876    84.348532    -0.173006    0.432653     16.480729   
1.270094     0.274357     31.302842    31.391580    0.017233     0.003722     0.424717    
1.634830     -0.805663    16.158586    16.379762    0.140683     -0.069330    1.390508    
-0.656180    -0.082036    36.451482    36.510584    -0.046727    -0.005842    2.595754    
-0.175139    -1.100722    34.508278    34.582343    -0.007404    -0.046532    1.458808    
-1.396623    -0.513842    42.933003    43.003863    -0.291905    -0.107397    8.973331    
0.507541     -0.763641    19.646284    19.765935    0.048465     -0.072920    1.876031    
0.337897     -0.989658    24.874778    24.974449    0.000575     -0.001685    0.042360    
1.279314     0.238472     52.499306    52.552313    0.074844     0.013951     3.071398    
-0.622223    -0.034500    45.157220    45.204401    -0.028826    -0.001598    2.091990    
-1.546679    -0.333164    24.725512    24.854157    -0.035141    -0.007570    0.561772    
1.003190     -0.425563    67.376395    67.413953    0.024048     -0.010201    1.615112    
-0.137769    -1.882113    64.183875    64.241778    -0.001354    -0.018503    0.631006    
0.569359     0.382067     23.589452    23.681372    0.014243     0.009558     0.590128    
1.774008     0.774837     67.890369    67.946484    0.324827     0.141875     12.430972   
1.120540     -1.579637    9.751200     10.134679    0.013474     -0.018994    0.117250    
-1.066491    0.658775     8.959229     9.258192     -0.015937    0.009844     0.133877    
-0.031541    -0.346432    18.099938    18.209989    -0.002041    -0.022422    1.171481    
0.574155     0.109986     31.460824    31.527768    0.026343     0.005046     1.443476    
-0.938160    -0.096484    18.810292    18.936512    -0.019465    -0.002002    0.390280    
0.903753     0.625025     12.886009    13.081728    0.038988     0.026963     0.555898    
0.700422     1.291318     65.106684    65.152999    0.116857     0.215442     10.862309   
-1.360727    -0.073004    27.931344    28.033762    -0.112654    -0.006044    2.312417    
0.326476     0.462049     12.782074    12.945132    0.007084     0.010026     0.277347    
-0.575178    0.591440     21.027870    21.135915    -0.020196    0.020767     0.738348    
-0.839269    1.351960     11.783782    12.052579    -0.020333    0.032753     0.285481    
1.131959     0.338853     100.255068   100.281353   0.044670     0.013372     3.956307    
1.115152     1.031589     69.400430    69.444960    0.048063     0.044462     2.991178    
-2.403386    2.906755     96.844659    96.938064    -0.488998    0.591415     19.704220   
-0.631352    -0.103219    39.479984    39.534205    -0.007035    -0.001150    0.439904    
-0.534921    -1.428346    26.978904    27.093588    -0.004630    -0.012362    0.233503    
0.481917     -0.792281    73.002368    73.034790    0.025734     -0.042307    3.898228    
0.265854     -0.745924    12.713824    12.889661    0.003393     -0.009521    0.162279    
0.495477     -0.865335    27.132284    27.221868    0.095690     -0.167120    5.239987    
-0.079276    0.115870     39.129176    39.178911    -0.005974    0.008731     2.948508    
0.162243     -2.778855    47.033658    47.157060    0.006162     -0.105549    1.786478    
0.379225     -0.257775    31.218941    31.284301    0.023964     -0.016289    1.972761    
0.500005     -0.763173    13.606067    13.777970    0.121614     -0.185623    3.309336    
-0.157590    0.815209     49.627619    49.673583    -0.003243    0.016775     1.021195    
-0.341795    -1.160060    54.854003    54.902634    -0.019262    -0.065374    3.091244    
0.838196     0.677439     26.082174    26.178546    0.007464     0.006033     0.232271    
0.408748     0.236457     67.948270    67.978418    0.011154     0.006452     1.854150    
0.097100     1.003953     9.598043     9.849605     0.000674     0.006967     0.066611    
0.760949     -0.826671    84.947928    84.978162    0.032295     -0.035084    3.605182    
0.967732     -0.001407    49.384381    49.433071    0.074623     -0.000109    3.808108    
-0.411070    -2.182197    35.391639    35.515827    -0.011789    -0.062585    1.015018    
1.044972     -2.771480    31.363688    31.564679    0.025356     -0.067250    0.761043    
-0.590375    0.375555     28.064787    28.142437    -0.032353    0.020580     1.537955    
0.608769     -0.019613    114.588893   114.607418   0.093542     -0.003014    17.607405   
0.902855     0.519125     35.483956    35.553772    0.019261     0.011075     0.756992    
-0.093174    -2.564321    80.287513    80.352623    -0.003988    -0.109747    3.436128    
-0.251867    -0.525881    24.196129    24.283072    -0.004252    -0.008879    0.408514    
-0.140180    1.578702     27.360476    27.476946    -0.005138    0.057859     1.002755    
0.969533     -0.839913    104.969322   104.995614   0.182963     -0.158502    19.809048   
0.801629     2.032216     48.038674    48.128595    0.083251     0.211050     4.988927    
-0.540347    0.748182     7.338229     7.653517     -0.015785    0.021857     0.214375    
0.274804     0.408914     7.905454     8.161733     0.008639     0.012855     0.248531    
-0.299312    0.396092     18.722839    18.832582    -0.023433    0.031009     1.465786    
0.180868     -0.935503    62.698589    62.736719    0.002085     -0.010786    0.722908    
0.864730     -0.722207    21.391386    21.511292    0.102590     -0.085681    2.537839    
-1.843892    1.452942     43.987767    44.094326    -0.171190    0.134893     4.083894    
-0.467260    2.655633     26.575356    26.784234    -0.194239    1.103944     11.047347   
-0.382673    -1.073492    22.478212    22.593003    -0.010439    -0.029285    0.613214    
1.415111     0.988894     21.980170    22.135565    0.107265     0.074958     1.666084    
-1.546196    0.915680     61.422705    61.480508    -0.105254    0.062333     4.181217    
-0.196124    0.599484     87.299869    87.324337    -0.012960    0.039614     5.768842    
1.070562     1.457538     61.074835    61.133304    0.004239     0.005771     0.241839    
-0.073684    0.166368     5.938660     6.259053     -0.004533    0.010235     0.365330    
0.610385     0.819488     55.420096    55.464458    0.134835     0.181026     12.242388   
0.212902     1.123921     40.412957    40.477037    0.012678     0.066930     2.406620    
0.474795     -1.263457    63.590677    63.635453    0.018558     -0.049383    2.485473    
-0.513111    -0.525413    25.317922    25.404949    -0.004577    -0.004687    0.225850    
-0.841944    0.483042     47.854716    47.905021    -0.002136    0.001225     0.121380    
1.677542     -0.946177    32.613596    32.729665    0.172362     -0.097217    3.350951    
-0.420952    0.626177     56.747213    56.786358    -0.078581    0.116892     10.593279   
-1.319337    -0.188593    137.810769   137.831271   -0.171118    -0.024461    17.874059   
-0.637488    0.515101     18.917426    19.037218    -0.015699    0.012685     0.465873    
-0.622896    0.229444     9.494401     9.719014     -0.003316    0.001222     0.050546    
0.274967     1.285750     62.662598    62.707296    0.013184     0.061647     3.004420    
-0.935431    -0.200319    11.168407    11.380836    -0.130096    -0.027859    1.553254    
0.673141     1.897682     74.823337    74.876305    0.004594     0.012951     0.510651    
2.093610     0.629222     53.312209    53.393311    0.002052     0.000617     0.052245    
-0.938201    0.884904     48.182246    48.239684    -0.014467    0.013646     0.742993    
0.176271     0.320741     13.670262    13.816113    0.014285     0.025994     1.107868    
-0.289875    0.116559     15.490812    15.618509    -0.014670    0.005899     0.783954    
2.216907     -0.323107    70.500250    70.563300    0.049990     -0.007286    1.589737    
1.010779     -0.948660    19.703457    19.850007    0.038795     -0.036411    0.756245    
0.610678     -0.416732    20.436446    20.544339    0.064759     -0.044192    2.167159    
0.697119     0.220419     19.942939    20.053188    0.030603     0.009676     0.875481    
1.685226     0.267771     56.023820    56.084356    0.191967     0.030502     6.381781    
-1.136174    -0.588225    64.080946    64.123938    -0.101382    -0.052488    5.717989    
1.866132     -0.243482    32.483008    32.596970    0.133416     -0.017407    2.322312    
1.667211     1.051752     31.449604    31.572746    0.089384     0.056388     1.686113    
-0.262165    -0.399845    8.339809     8.582306     -0.027533    -0.041992    0.875859    
0.140121     0.251297     27.535044    27.606818    0.001266     0.002270     0.248710    
0.625468     0.656808     35.816015    35.881534    0.003245     0.003408     0.185817    
0.382455     -0.749540    30.783270    30.857621    0.026853     -0.052627    2.161379    
-0.551224    0.300146     34.315880    34.378023    -0.036116    0.019665     2.248353    
0.813632     1.337872     16.422353    16.613866    0.011865     0.019510     0.239489    
-1.132988    0.616595     84.783398    84.816056    -0.007836    0.004264     0.586377    
-0.390572    0.868679     21.303035    21.414981    -0.016229    0.036096     0.885200    
2.094336     0.046916     49.975682    50.058288    0.385033     0.008625     9.187776    
-1.078152    -1.040277    41.757902    41.831112    -0.123994    -0.119638    4.802412    
-0.120380    -0.340393    9.985732     10.184309    -0.004851    -0.013717    0.402391    
0.123166     0.099391     29.704566    29.770140    0.016170     0.013049     3.899875    
0.156309     2.136911     29.123231    29.268214    0.005949     0.081333     1.108459    
-0.199668    -0.059053    21.840056    21.929577    -0.001536    -0.000454    0.168032    
-0.024139    -1.035314    55.447647    55.492243    -0.003810    -0.163408    8.751549    
0.392415     0.126470     46.670113    46.713429    0.006383     0.002057     0.759108    
-0.377564    -0.761719    59.757508    59.795965    -0.007988    -0.016115    1.264262    
-0.922105    -0.261449    56.599032    56.641363    -0.050942    -0.014444    3.126863    
0.004179     -1.167145    25.113914    25.217967    0.000113     -0.031572    0.679341    
-0.242322    0.731204     15.123505    15.270519    -0.006753    0.020378     0.421472    
1.140251     -1.562721    15.433178    15.678016    0.025209     -0.034550    0.341206    
0.602000     -0.814372    11.284963    11.500041    0.040925     -0.055363    0.767179    
0.516668     0.119535     51.193508    51.234085    0.019084     0.004415     1.890949    
0.109460     1.609729     25.527947    25.654517    0.013735     0.201996     3.203363    
-1.175732    1.208359     20.455409    20.618952    -0.005908    0.006072     0.102788    
-0.755157    -1.397235    40.824840    40.903118    -0.050746    -0.093892    2.743378    
0.795466     -0.772084    101.229433   101.254639   0.205125     -0.199096    26.103825   
-0.066356    -2.658492    64.159116    64.244371    -0.002942    -0.117873    2.844711    
-0.942607    -0.005299    83.107060    83.135714    -0.035740    -0.000201    3.151126    
-1.197239    0.682713     18.959809    19.111483    -0.050836    0.028989     0.805058    
-0.396438    2.151221     40.226775    40.334270    -0.019192    0.104145     1.947464    
-0.700788    -0.651517    101.204971   101.228635   -0.076293    -0.070929    11.017947   
0.105771     -0.223976    26.090829    26.166155    0.000426     -0.000902    0.105076    
-0.717867    -0.376378    105.367620   105.389123   -0.033492    -0.017560    4.915885    
1.247538     1.199595     36.982489    37.075259    0.040514     0.038957     1.201004    
-2.366740    1.049667     22.919340    23.148960    -0.196492    0.087146     1.902817    
1.086738     0.011326     41.024207    41.085784    0.034673     0.000361     1.308893    
-1.772220    2.082534     57.628853    57.727267    -0.056986    0.066964     1.853073    
0.429710     0.013216     9.057154     9.278567     0.018972     0.000584     0.399879    
-0.080118    -0.262351    31.151253    31.214593    -0.007691    -0.025184    2.990282    
0.292054     0.156005     159.374951   159.387451   0.017019     0.009091     9.287588    
-3.137859    0.097248     80.169614    80.255203    -0.123331    0.003822     3.150997    
-1.443803    -0.072661    18.462302    18.623141    -0.034959    -0.001759    0.447029    
1.119397     0.390511     26.121851    26.222730    0.075520     0.026346     1.762316    
-0.371643    -0.940923    62.106854    62.146276    -0.018703    -0.047353    3.125574    
0.486484     1.771369     22.810502    22.968856    0.048621     0.177036     2.279747    
1.278770     0.113786     40.640568    40.708462    0.127042     0.011304     4.037536    
-0.133466    0.192568     70.400266    70.428171    -0.006517    0.009403     3.437488    
-0.892816    -2.596835    25.582211    25.804363    -0.140422    -0.408429    4.023561    
1.097656     0.729749     101.081507   101.109264   0.002176     0.001447     0.200407    
1.779897     -0.232039    119.781306   119.810927   0.051223     -0.006678    3.447143    
1.916840     0.285591     7.175957     7.689288     0.028272     0.004212     0.105840    
0.449350     -1.576200    15.400470    15.612038    0.077273     -0.271055    2.648377    
-0.465895    0.421438     20.784388    20.886848    -0.013726    0.012416     0.612321    
-1.168025    0.453669     24.187179    24.299479    -0.275375    0.106957     5.702394    
-0.488887    0.218921     66.323187    66.354555    -0.020002    0.008957     2.713500    
-0.791350    1.589060     22.685732    22.840068    -0.075819    0.152247     2.173506    
0.165863     -0.265868    51.431590    51.470201    0.011061     -0.017730    3.429844    
0.164531     2.123609     25.257059    25.423036    0.028137     0.363170     4.319346    
-0.865535    0.086478     77.606772    77.636606    -0.027303    0.002728     2.448123    
-0.203352    -0.077995    79.047315    79.072122    -0.006120    -0.002347    2.379086    
0.411769     0.601612     31.151389    31.222035    0.095947     0.140182     7.258600    
1.213164     0.473081     16.770287    16.935556    0.093318     0.036390     1.289985    
-0.996487    -1.597691    19.566689    19.755401    -0.023102    -0.037040    0.453619    
-0.876600    -0.036957    48.554652    48.602459    -0.021736    -0.000916    1.203956    
0.112290     0.854300     10.263495    10.486025    0.036518     0.277828     3.337805    
2.520617     -1.637393    105.095925   105.157324   0.079000     -0.051318    3.293855    
-0.664764    1.976333     39.368142    39.472438    -0.113679    0.337966     6.732216    
-1.663830    0.595961     70.019339    70.069296    -0.004257    0.001525     0.179154    
0.310411     -1.220437    84.803559    84.835749    0.004751     -0.018678    1.297842    
-0.452327    1.271992     43.536640    43.602024    -0.017298    0.048643     1.664905    
0.339556     0.324228     26.044748    26.123251    0.008880     0.008479     0.681078    
0.197543     -1.467448    46.778751    46.843558    0.009124     -0.067778    2.160590    
0.225993     1.575068     51.996701    52.058273    0.013703     0.095507     3.152910    
1.453506     -0.287883    64.173830    64.221110    0.032461     -0.006429    1.433171    
-0.018895    -1.428537    39.224987    39.300326    -0.002722    -0.205776    5.650218    
-0.091048    0.734836     21.060302    21.165055    -0.002857    0.023056     0.660787    
0.454545     -0.393001    41.022344    41.073942    0.012152     -0.010506    1.096691    
1.630181     1.526067     85.301336    85.353262    0.093352     0.087390     4.884760    
0.437627     0.851395     43.189084    43.244518    0.021417     0.041667     2.113641    
-0.338352    -0.711684    225.241921   225.251901   -0.004558    -0.009588    3.034603    
-0.586544    0.425009     29.515122    29.589560    -0.023094    0.016734     1.162086    
0.456631     -0.186825    115.848578   115.866352   0.033178     -0.013575    8.417472    
0.002336     1.388094     35.802311    35.883244    0.000011     0.006303     0.162573    
-0.802804    -1.901969    34.918798    35.035116    -0.005220    -0.012368    0.227060    
-0.070820    1.515377     8.187979     8.556830     -0.002397    0.051296     0.277167    
-0.924323    -0.796243    52.493502    52.544563    -0.074788    -0.064425    4.247305    
-0.744336    0.328825     18.943859    19.063234    -0.006458    0.002853     0.164359    
-0.176561    0.367016     149.192443   149.205985   -0.022059    0.045853     18.639495   
1.062433     -1.120539    19.310719    19.472114    0.018225     -0.019222    0.331260    
1.891241     1.361963     15.312124    15.613066    0.010968     0.007898     0.088798    
-0.512525    -0.679327    35.468228    35.533003    -0.059749    -0.079194    4.134803    
1.009373     -2.172942    47.443402    47.544630    0.084889     -0.182745    3.990009    
-0.051690    0.336201     64.794520    64.825307    -0.001414    0.009195     1.772030    
-0.876473    -0.116849    54.247051    54.289956    -0.058286    -0.007771    3.607440    
-0.619271    0.484189     50.938174    50.982256    -0.014266    0.011154     1.173438    
0.427678     -1.946982    66.326662    66.385802    0.009446     -0.043000    1.464871    
0.160884     1.130124     27.224400    27.319334    0.006926     0.048650     1.171967    
-0.946292    1.030787     159.689466   159.707729   -0.190185    0.207167     32.094342   
0.488778     0.516054     8.716322     8.964063     0.020296     0.021428     0.361929    
-1.181857    -1.458536    56.745301    56.810459    -0.106862    -0.131879    5.130830    
-0.522736    0.574548     18.082165    18.205577    -0.099681    0.109561     3.448116    
-0.613326    -0.942588    11.256369    11.482397    -0.020067    -0.030839    0.368282    
0.134197     0.757852     45.784293    45.833054    0.008545     0.048257     2.915356    
-0.115252    0.417502     87.883969    87.907079    -0.023403    0.084776     17.845352   
-0.172637    0.594523     46.240149    46.286171    -0.015973    0.055009     4.278391    
0.061724     0.111487     39.178997    39.228625    0.009767     0.017642     6.199820    
-1.273358    -0.774320    50.696439    50.756526    -0.253165    -0.153948    10.079296   
-0.661028    -0.811473    37.988022    38.053386    -0.149543    -0.183578    8.593944    
-1.749977    0.569922     107.749227   107.782921   -0.106506    0.034686     6.557781    
-0.483061    -0.013122    30.636183    30.703163    -0.015467    -0.000420    0.980938    
-0.235007    1.550826     35.859878    35.948103    -0.001578    0.010413     0.240784    
-0.474806    -0.512404    15.333982    15.475592    -0.004889    -0.005276    0.157875    
-0.156016    -1.282065    16.522196    16.689097    -0.006105    -0.050164    0.646476    
0.550645     -0.920381    19.205942    19.336325    0.086528     -0.144627    3.017994    
-1.553833    -0.911439    28.777959    28.901401    -0.116206    -0.068163    2.152205    
0.284485     0.210385     66.919158    66.949039    0.022127     0.016363     5.204889    
0.395751     1.769741     34.789487    34.892291    0.020414     0.091288     1.794527    
-1.305617    -1.202133    31.300921    31.412933    -0.229182    -0.211016    5.494410    
1.506432     -0.929042    27.442995    27.570372    0.307152     -0.189426    5.595456    
-0.672260    -0.092630    9.237379     9.469141     -0.074725    -0.010296    1.026781    
0.090068     -0.841628    66.773677    66.808048    0.023891     -0.223251    17.712401   
-0.235050    0.934878     12.702200    12.889922    -0.027433    0.109111     1.482492    
-1.275577    -0.449406    11.202661    11.454415    -0.072641    -0.025593    0.637967    
0.862714     1.528799     37.442066    37.534847    0.072299     0.128120     3.137796    
0.215313     -0.721364    63.494833    63.529800    0.002815     -0.009431    0.830088    
-0.092335    0.182876     15.539908    15.665429    -0.017496    0.034653     2.944636    
-0.567152    0.260796     86.669576    86.694175    -0.075707    0.034813     11.569172   
1.142379     0.806997     22.608343    22.736939    0.105435     0.074481     2.086625    
1.098072     0.535577     18.261261    18.407640    0.016029     0.007818     0.266573    
-0.096372    0.081574     18.653846    18.757848    -0.023941    0.020265     4.634090    
0.518363     -0.387739    9.089080     9.322305     0.001916     -0.001433    0.033595    
0.382741     2.794005     30.408224    30.602091    0.005777     0.042171     0.458964    
-0.244438    -0.054556    62.196226    62.227873    -0.017492    -0.003904    4.450744    
-0.281148    1.032978     52.328177    52.376131    -0.014970    0.055002     2.786278    
0.000047     -0.511207    11.298464    11.480051    0.000012     -0.137252    3.033472    
0.000482     -0.489222    89.553660    89.576628    0.000010     -0.010560    1.932986    
1.861823     0.438149     89.995960    90.037804    0.212327     0.049968     10.263362   
2.486838     2.198601     78.218132    78.313276    0.170481     0.150721     5.362097    
-0.623814    -0.502557    150.582846   150.597843   -0.055985    -0.045103    13.514291   
-1.051503    -0.979309    74.496781    74.536636    -0.090986    -0.084739    6.446140    
-0.122643    0.401312     29.595641    29.664002    -0.003451    0.011293     0.832842    
-0.092119    0.058002     42.893176    42.938460    -0.007025    0.004423     3.271074    
0.923810     -0.435619    29.057740    29.142244    0.077633     -0.036608    2.441894    
0.589540     0.058814     21.019689    21.119973    0.011574     0.001155     0.412658    
-1.016362    -2.016564    49.029537    49.120973    -0.004629    -0.009185    0.223313    
-1.616185    -0.520967    17.335924    17.529765    -0.119384    -0.038483    1.280562    
0.233889     0.895164     53.371362    53.415665    0.014128     0.054074     3.223984    
-1.074656    -0.548345    38.749290    38.818011    -0.030925    -0.015780    1.115087    
0.457732     -1.596912    14.111042    14.344201    0.016477     -0.057484    0.507955    
0.986022     -0.621624    46.755130    46.811065    0.010593     -0.006678    0.502306    
0.623835     0.098673     23.570509    23.660997    0.028607     0.004525     1.080873    
0.169543     -0.509622    33.408338    33.470591    0.015162     -0.045574    2.987621    
1.011744     -0.373525    13.803241    13.984548    0.001080     -0.000399    0.014732    
0.607058     -0.285418    71.391467    71.421751    0.005157     -0.002424    0.606429    
-1.370163    -0.052359    73.379307    73.418511    -0.174461    -0.006667    9.343282    
1.327525     0.124119     15.389893    15.572459    0.090902     0.008499     1.053819    
-2.220063    -0.026220    42.633049    42.736181    -0.080458    -0.000950    1.545081    
1.878082     0.483582     50.016603    50.092879    0.127267     0.032770     3.389331    
0.959552     1.463075     23.972202    24.116441    0.100130     0.152673     2.501517    
0.009588     0.035729     14.558284    14.690812    0.000013     0.000050     0.020479    
0.891967     2.525533     39.563069    39.702460    0.011764     0.033308     0.521772    
1.354607     0.091865     82.940844    82.975309    0.189595     0.012858     11.608637   
1.161954     -0.653754    71.067555    71.107312    0.010731     -0.006037    0.656312    
-0.384181    0.328133     8.337249     8.581372     -0.017235    0.014721     0.374032    
-0.342770    0.414044     87.192749    87.216623    -0.014639    0.017682     3.723710    
-0.075727    -0.048831    87.858597    87.880693    -0.002828    -0.001824    3.281616    
0.707920     -0.722449    29.136798    29.220730    0.028465     -0.029049    1.171562    
0.590840     1.184073     22.721284    22.844755    0.013547     0.027150     0.520976    
0.012341     0.165077     62.465435    62.496663    0.001534     0.020516     7.763399    
0.440789     1.249275     60.699963    60.746321    0.004210     0.011931     0.579686    
-0.390563    -1.083814    140.382761   140.401288   -0.033284    -0.092363    11.963422   
-0.288518    0.643705     46.961366    47.007897    -0.033501    0.074743     5.452825    
-0.614976    0.804724     7.928887     8.232131     -0.205496    0.268901     2.649465    
0.621376     -0.403401    92.412664    92.436596    0.009251     -0.006006    1.375873    
1.219225     -0.855444    150.030762   150.051067   0.006925     -0.004859    0.852125    
-0.136746    1.197820     19.620526    19.755846    -0.004210    0.036880     0.604109    
-0.242049    -0.469567    99.780285    99.801099    -0.000036    -0.000070    0.014886    
-0.572833    -1.315674    89.165841    89.199110    -0.018189    -0.041777    2.831323    
1.150174     -1.397856    60.833040    60.891794    0.126318     -0.153519    6.680986    
1.408781     0.656669     76.511983    76.553083    0.135203     0.063022     7.343006    
1.817196     -0.623694    9.950155     10.323359    0.472420     -0.162143    2.586761    
0.020276     -0.076121    7.364598     7.623546     0.007219     -0.027102    2.622039    
0.824506     -0.158584    17.858517    17.986288    0.138653     -0.026668    3.003168    
0.094599     1.297576     22.382681    22.506710    0.005977     0.081983     1.414179    
0.020483     -1.345413    51.905438    51.960177    0.000155     -0.010159    0.391915    
1.046262     0.355156     41.624903    41.686069    0.065201     0.022133     2.593995    
0.647681     -0.738427    19.607871    19.730898    0.043953     -0.050112    1.330640    
-1.030185    1.097954     178.350445   178.367662   -0.027071    0.028852     4.686737    
1.049744     0.684423     27.008838    27.109458    0.158453     0.103310     4.076823    
1.022685     -0.855975    14.640863    14.832680    0.242620     -0.203070    3.473371    
1.391810     1.129083     20.589317    20.760705    0.315812     0.256198     4.671876    
-0.851270    0.045620     7.932084     8.217035     -0.003802    0.000204     0.035429    
0.231409     -0.189589    53.519666    53.556691    0.047665     -0.039051    11.023795   
0.189843     0.847905     8.052479     8.335007     0.023707     0.105884     1.005570    
0.562977     -0.750331    14.053129    14.221298    0.008372     -0.011158    0.208987    
-0.633318    0.700972     38.636532    38.698178    -0.001635    0.001810     0.099761    
-1.227121    -1.340543    11.405219    11.715667    -0.388626    -0.424547    3.612005    
-0.165327    -0.989787    42.549893    42.607222    -0.002913    -0.017441    0.749783    
-0.756324    1.629340     74.989226    75.036563    -0.025140    0.054158     2.492590    
0.181021     -0.824451    21.204987    21.312881    0.017038     -0.077600    1.995884    
-1.976053    -0.814139    84.565203    84.615106    -0.305031    -0.125673    13.053787   
-1.167369    0.118034     11.090562    11.324849    -0.195682    0.019786     1.859071    
-0.662074    -1.404662    28.800774    28.909703    -0.151490    -0.321404    6.589966    
-0.795245    -0.356702    39.636730    39.695150    -0.142889    -0.064092    7.121884    
-0.981129    -0.945415    64.373250    64.417751    -0.133545    -0.128683    8.762050    
0.825457     1.209835     17.273887    17.447269    0.021412     0.031382     0.448073    
0.003557     -2.549639    80.224581    80.289221    0.000662     -0.474539    14.931399   
-0.470106    -0.779902    12.039200    12.233010    -0.086907    -0.144179    2.225657    
-0.443479    0.050769     10.260792    10.457440    -0.019850    0.002272     0.459271    
0.208683     2.044966     61.146182    61.212384    0.010945     0.107251     3.206908    
-2.421532    -1.003751    31.093917    31.266243    -0.213581    -0.088531    2.742502    
-0.515861    1.166451     24.538020    24.649870    -0.008328    0.018831     0.396139    
0.706510     -0.635315    56.141068    56.183603    0.053252     -0.047886    4.231572    
-0.377277    0.795776     6.277423     6.637514     -0.017651    0.037231     0.293692    
0.936061     -0.235744    11.525967    11.732632    0.211086     -0.053161    2.599158    
-0.305803    1.707522     23.301004    23.448260    -0.079609    0.444515     6.065890    
0.829588     0.469583     130.609037   130.627348   0.009001     0.005095     1.417177    
-0.863192    0.607489     60.746805    60.787856    -0.015018    0.010569     1.056861    
1.613683     1.212878     59.293815    59.360816    0.254523     0.191305     9.352303    
-1.115097    -0.414416    15.488234    15.658082    -0.026864    -0.009984    0.373136    
1.319337     0.703844     72.146681    72.189019    0.071565     0.038179     3.913475    
-2.152067    0.535012     72.649544    72.710032    -0.260763    0.064827     8.802847    
1.201922     0.214882     9.912389     10.179450    0.282137     0.050441     2.326818    
-0.455379    -1.533544    39.773155    39.853957    -0.002892    -0.009739    0.252595    
0.284113     0.341016     69.453273    69.482582    0.002027     0.002433     0.495575    
-0.675240    1.585717     93.168069    93.204799    -0.066164    0.155378     9.129178    
0.890067     0.607151     18.436918    18.572984    0.049469     0.033745     1.024709    
0.868824     -0.513890    69.591125    69.626278    0.204309     -0.120844    16.364796   
0.884119     1.669489     54.903987    54.971734    0.089417     0.168848     5.552838    
-0.719738    0.103835     12.723377    12.895274    -0.001212    0.000175     0.021433    
0.031983     -0.197465    30.868033    30.931382    0.000317     -0.001958    0.306141    
0.298897     0.361005     15.890492    16.018813    0.020674     0.024970     1.099109    
0.727164     -0.332246    130.303965   130.321285   0.045310     -0.020702    8.119282    
0.692328     0.559773     8.189276     8.469466     0.002837     0.002294     0.033556    
-0.113909    0.563763     15.710307    15.843595    -0.002089    0.010340     0.288156    
1.701886     -1.730256    20.861611    21.094358    0.355303     -0.361226    4.355278    
-0.274409    -0.544938    39.223583    39.277687    -0.026125    -0.051880    3.734215    
-1.402225    0.835294     46.485856    46.556135    -0.091021    0.054221     3.017495    
-0.482042    0.707924     14.855983    15.010287    -0.238762    0.350645     7.358378    
0.119610     -0.885665    29.818861    29.897126    0.018573     -0.137524    4.630210    
0.400160     -0.610237    77.993029    78.021279    0.063616     -0.097013    12.399026   
0.751072     -0.605702    40.726689    40.785649    0.123472     -0.099574    6.695253    
-0.116626    -1.061795    41.350921    41.411528    -0.005806    -0.052857    2.058474    
-1.332169    -1.844101    61.150922    61.224877    -0.168517    -0.233276    7.735489    
-0.642637    0.481394     15.936923    16.078096    -0.035088    0.026284     0.870153    
0.502054     1.673134     10.128332    10.464678    0.022405     0.074668     0.452003    
0.039610     0.901808     98.729691    98.753438    0.005749     0.130886     14.329353   
-0.267017    0.083621     65.198368    65.228678    -0.004180    0.001309     1.020591    
-2.057312    1.425037     72.005376    72.075741    -1.032763    0.715364     36.146434   
0.198962     -0.759433    8.764565     9.017143     0.034126     -0.130259    1.503310    
2.193648     0.582441     54.807819    54.890102    0.079633     0.021144     1.989615    
-0.456444    0.230418     26.758132    26.835312    -0.003245    0.001638     0.190231    
0.505427     -0.328718    77.963414    77.990591    0.065563     -0.042640    10.113191   
1.073821     2.276649     45.929416    46.040443    0.001642     0.003482     0.070253    
-1.937316    0.210648     127.022418   127.052616   -0.082734    0.008996     5.424551    
-0.345010    0.135749     20.483468    20.581177    -0.030690    0.012076     1.822096    
-0.466509    3.417772     125.801620   125.864297   -0.011546    0.084592     3.113655    
-0.528687    -0.345397    59.045010    59.081189    -0.016208    -0.010589    1.810094    
0.348855     1.232481     40.352316    40.420602    0.016202     0.057240     1.874090    
1.776602     -0.227053    66.415004    66.468305    0.677754     -0.086618    25.336585   
0.445768     0.613106     40.102987    40.158425    0.009250     0.012722     0.832140    
-0.744808    -0.295041    52.669100    52.711961    -0.133355    -0.052826    9.430190    
0.341625     0.951154     99.351707    99.376346    0.004544     0.012652     1.321583    
-0.683831    1.528895     69.838320    69.886130    -0.005947    0.013295     0.607315    
-1.130669    0.858244     51.182752    51.240258    -0.012162    0.009232     0.550550    
0.539398     -0.011473    25.971646    26.051726    0.163963     -0.003487    7.894703    
0.354765     -0.201280    87.949405    87.972378    0.032736     -0.018573    8.115644    
0.753963     0.582000     56.485578    56.527892    0.155055     0.119691     11.616489   
1.382431     0.099859     89.511890    89.544260    0.015442     0.001115     0.999863    
-0.289925    -0.860823    101.056710   101.079961   -0.027414    -0.081394    9.555301    
0.291693     -0.082035    7.344727     7.609979     0.006392     -0.001798    0.160938    
-0.726698    -0.203011    57.960614    57.998939    -0.039116    -0.010927    3.119831    
0.430614     0.019643     33.312852    33.373746    0.104879     0.004784     8.113541    
-0.325504    -0.261293    28.564691    28.635481    -0.059199    -0.047521    5.195065    
0.529207     -0.585706    32.793198    32.861709    0.042937     -0.047521    2.660683    
-0.848000    -0.699807    21.224793    21.344217    -0.056601    -0.046710    1.416680    
0.332889     0.772097     99.304698    99.327765    0.065287     0.151425     19.475764   
-0.779166    0.083880     10.671619    10.879914    -0.036832    0.003965     0.504455    
-0.145752    0.298794     16.882151    16.999779    -0.000438    0.000897     0.050693    
0.142093     -0.066890    135.076995   135.091429   0.022681     -0.010677    21.561068   
-0.525143    0.008068     16.425628    16.551497    -0.037223    0.000572     1.164272    
-0.928387    -0.103147    44.619134    44.672303    -0.063217    -0.007024    3.038258    
1.770695     -0.495990    21.458157    21.626577    0.480127     -0.134489    5.818417    
0.319622     0.294270     22.134472    22.226078    0.024133     0.022219     1.671269    
-1.565452    0.847483     91.516069    91.554545    -0.030462    0.016491     1.780792    
-1.017662    -0.891355    39.000724    39.073797    -0.015474    -0.013553    0.593010    
-0.720915    1.203660     40.805098    40.876637    -0.049372    0.082433     2.794550    
-1.630278    -0.319833    11.418783    11.705710    -0.288722    -0.056642    2.022263    
0.503097     -0.326206    34.553729    34.614949    0.058174     -0.037720    3.995516    
-1.153210    -0.154752    30.175527    30.262042    -0.001135    -0.000152    0.029702    
-0.808436    0.945550     16.122737    16.290035    -0.017106    0.020007     0.341137    
0.378636     -0.528850    33.722877    33.786542    0.118406     -0.165381    10.545777   
-0.303318    -1.556504    109.217471   109.246719   -0.060494    -0.310430    21.782381   
-3.050428    -0.892107    60.854800    60.969522    -0.419192    -0.122594    8.362707    
-0.021188    0.228526     14.271031    14.407983    -0.000743    0.008018     0.500690    
0.057471     -0.099444    56.968958    57.003073    0.009770     -0.016905    9.684559    
2.611770     0.888241     47.719522    47.839712    0.468824     0.159443     8.565858    
0.410843     0.579757     39.137171    39.193087    0.011616     0.016392     1.106571    
-0.649106    -1.225749    18.542131    18.697844    -0.022200    -0.041923    0.634170    
0.469984     1.745476     79.980093    80.024732    0.016598     0.061643     2.824553    
1.323830     0.064462     28.234927    28.334480    0.100697     0.004903     2.147678    
2.350834     0.477593     95.599677    95.650027    0.044707     0.009083     1.818065    
0.440203     0.909779     35.235270    35.304683    0.051272     0.105964     4.103938    
-1.693869    -0.854256    19.280425    19.473282    -0.060476    -0.030499    0.688366    
-0.159613    1.557101     18.128226    18.301846    -0.006640    0.064775     0.754124    
0.270250     0.056700     41.368907    41.416636    0.039880     0.008367     6.104745    
0.184313     -1.491146    70.252384    70.296016    0.013282     -0.107457    5.062610    
-1.450330    1.232445     68.397527    68.452312    -0.174585    0.148357     8.233436    
0.645961     0.435801     82.577150    82.604285    0.023012     0.015525     2.941758    
1.213222     -0.052064    81.283561    81.316462    0.121793     -0.005227    8.159903    
0.171208     0.118754     17.200018    17.313549    0.005348     0.003710     0.537291    
-0.293189    -0.278922    18.584485    18.692827    -0.040045    -0.038097    2.538372    
-0.003799    1.093893     90.970117    90.997988    -0.000248    0.071535     5.948991    
-0.842189    -0.428651    98.445991    98.470205    -0.000904    -0.000460    0.105665    
-1.288443    0.269625     32.655446    32.741195    -0.546547    0.114373     13.852171   
-0.230184    -0.424904    35.461816    35.519697    -0.001677    -0.003095    0.258328    
-0.758126    0.850790     15.116610    15.286773    -0.002212    0.002482     0.044096    
0.240909     -0.006783    44.507698    44.551860    0.023401     -0.000659    4.323243    
-0.837831    -1.155806    25.453391    25.569276    -0.001254    -0.001730    0.038093    
0.730196     0.886205     109.330902   109.354651   0.035081     0.042576     5.252628    
1.117823     0.022854     238.487293   238.498037   0.200034     0.004090     42.677306   
-0.553720    -0.645616    98.626008    98.649317    -0.050680    -0.059091    9.026853    
-0.187950    -0.399050    16.942857    17.062530    -0.004757    -0.010100    0.428821    
0.498721     0.013052     58.415539    58.450825    0.004121     0.000108     0.482737    
-0.996699    0.147231     50.884775    50.932803    -0.011595    0.001713     0.591943    
1.838931     -0.397453    94.906955    94.946010    0.040059     -0.008658    2.067419    
1.013403     -2.014796    53.555206    53.638805    0.008740     -0.017377    0.461887    
0.187100     -0.539369    7.282551     7.565476     0.028504     -0.082171    1.109473    
-0.490293    -1.353170    131.916972   131.939509   -0.027164    -0.074972    7.308776    
-0.682264    -0.982567    32.047832    32.130506    -0.057112    -0.082251    2.682730    
-0.143455    0.505007     45.564485    45.610008    -0.009188    0.032345     2.918335    
0.257624     -0.460853    14.509358    14.651798    0.022540     -0.040320    1.269434    
-1.420876    0.031221     61.305315    61.353374    -0.031204    0.000686     1.346349    
-0.220103    -0.277748    187.679092   187.689750   -0.043129    -0.054425    36.775831   
-0.096803    0.307326     220.151430   220.160467   -0.004539    0.014410     10.322625   
-0.248870    0.140782     62.326811    62.358545    -0.011226    0.006350     2.811388    
0.894950     -0.774008    29.390004    29.479608    0.084466     -0.073052    2.773861    
-1.221818    -0.104443    41.959189    42.023234    -0.059917    -0.005122    2.057652    
1.122798     -1.290296    46.050846    46.124624    0.112691     -0.129503    4.621968    
0.183226     -0.051124    37.029729    37.082502    0.007438     -0.002075    1.503154    
0.236093     -0.367654    6.488576     6.794666     0.016822     -0.026196    0.462320    
-0.250986    0.107505     10.846460    11.027021    -0.002712    0.001162     0.117190    
0.865197     -1.203703    28.370285    28.477105    0.017926     -0.024940    0.587819    
-0.337485    -0.249246    47.396612    47.439328    -0.016676    -0.012316    2.342032    
0.949742     0.095075     15.129078    15.286432    0.012874     0.001289     0.205071    
-2.108540    -0.019591    34.931379    35.050285    -0.245950    -0.002285    4.074560    
-0.978246    -0.193280    19.135715    19.262525    -0.141642    -0.027985    2.770704    
-0.377823    -0.756502    9.324596     9.567554     -0.100107    -0.200441    2.470622    
-0.312818    0.763804     37.866380    37.926493    -0.030558    0.074614     3.699047    
1.181852     1.775190     60.806380    60.875602    0.027348     0.041078     1.407063    
0.238318     0.546603     17.535442    17.655658    0.017869     0.040984     1.314785    
0.613624     0.339750     202.447437   202.458223   0.088743     0.049135     29.278275   
-0.347976    1.084975     31.207579    31.290353    -0.042597    0.132815     3.820223    
0.702919     -2.013400    59.324712    59.395659    0.005796     -0.016600    0.489127    
1.937920     -0.712725    34.654969    34.772192    0.181502     -0.066753    3.245729    
-0.652207    0.463238     21.251296    21.357259    -0.085851    0.060977     2.797340    
-0.323053    -0.332506    63.710534    63.742623    -0.055233    -0.056849    10.892676   
2.855365     -0.866970    77.521394    77.603777    0.361560     -0.109780    9.816130    
1.049774     -0.193428    13.558897    13.742564    0.108900     -0.020066    1.406551    
-0.352985    0.809874     163.963168   163.977364   -0.004637    0.010639     2.153889    
-0.153402    -1.161537    40.953579    41.017597    -0.010353    -0.078388    2.763813    
-0.784467    -0.094470    26.869918    26.953511    -0.007155    -0.000862    0.245062    
0.466647     0.093507     7.045230     7.330533     0.209857     0.042051     3.168324    
0.133710     0.591420     72.858238    72.887348    0.019784     0.087509     10.780471   
0.567791     -0.835269    34.052197    34.123997    0.032409     -0.047676    1.943652    
0.861029     -0.102764    31.544393    31.617647    0.036994     -0.004415    1.355316    
0.660005     1.269211     6.438601     6.883098     0.015970     0.030711     0.155795    
-0.307101    0.860397     50.468658    50.515295    -0.010405    0.029153     1.710013    
0.066362     -2.668158    29.247273    29.434697    0.002236     -0.089904    0.985493    
1.601981     -0.470047    26.393573    26.519482    0.182159     -0.053448    3.001170    
-0.109847    -1.213884    54.095441    54.144965    -0.016557    -0.182963    8.153547    
-2.149729    0.180716     22.927458    23.112708    -0.127958    0.010757     1.364704    
0.548369     0.744141     24.255020    24.352318    0.040318     0.054712     1.783306    
-0.677547    -0.686743    27.058410    27.147066    -0.075477    -0.076501    3.014233    
2.034944     2.653096     32.148283    32.381584    0.084496     0.110163     1.334877    
-2.306655    -0.183678    17.189464    17.455859    -0.191989    -0.015288    1.430727    
0.081427     0.609256     151.167711   151.181777   0.001161     0.008686     2.155164    
0.644052     -1.259625    154.575083   154.594090   0.021073     -0.041214    5.057571    
1.301157     0.961807     89.493968    89.530237    0.028555     0.021108     1.964043    
1.230521     -0.518328    19.459399    19.604234    0.008507     -0.003583    0.134522    
0.848787     -0.404554    27.040835    27.128689    0.010819     -0.005157    0.344670    
-0.041439    -2.460003    14.328562    14.670923    -0.001460    -0.086684    0.504901    
-0.357207    -0.927190    8.100656     8.395407     -0.031056    -0.080612    0.704288    
0.223342     0.142620     15.778848    15.903371    0.000619     0.000395     0.043710    
-0.611116    0.488861     22.882156    22.980002    -0.081413    0.065126     3.048359    
0.752838     1.561027     57.223797    57.283868    0.008113     0.016822     0.616675    
-1.120181    -0.634498    29.889924    29.982326    -0.065446    -0.037070    1.746301    
1.281711     -0.603021    15.358566    15.548856    0.036279     -0.017069    0.434732    
0.270515     0.471372     86.946689    86.970667    0.016789     0.029255     5.396187    
0.369620     0.015270     146.457503   146.471199   0.019681     0.000813     7.798231    
-0.983153    1.183237     32.787447    32.882492    -0.026008    0.031301     0.867347    
0.273406     0.211252     65.755182    65.785548    0.007253     0.005604     1.744449    
0.212937     -1.684346    19.763780    19.933999    0.006892     -0.054513    0.639643    
-2.080479    3.193837     51.584078    51.762158    -0.527610    0.809958     13.081731   
-0.496951    -1.491482    76.337081    76.378638    -0.056128    -0.168457    8.621950    
-2.080848    1.445725     61.571179    61.654725    -0.038306    0.026614     1.133452    
-0.957933    -0.753962    51.661997    51.713857    -0.033190    -0.026123    1.789970    
0.369899     0.441190     31.749682    31.815857    0.016089     0.019190     1.380992    
0.098957     1.886914     41.349862    41.439791    0.005436     0.103645     2.271288    
-0.084916    -0.839837    84.737651    84.764715    -0.004166    -0.041205    4.157523    
-0.255965    -0.237623    65.510819    65.541318    -0.006706    -0.006225    1.716255    
0.873434     0.474685     12.702754    12.892755    0.061697     0.033530     0.897287    
0.438536     -0.323138    59.438830    59.473912    0.015449     -0.011384    2.093961    
0.983551     -0.150862    14.195905    14.366238    0.004655     -0.000714    0.067189    
-0.180779    -0.181872    12.758910    12.912417    -0.009465    -0.009522    0.668014    
0.173065     1.210311     11.127482    11.366205    0.008861     0.061971     0.569752    
0.936507     2.034440     22.661120    22.856450    0.024261     0.052703     0.587047    
0.423596     0.300992     74.206515    74.234439    0.079781     0.056689     13.976219   
