-0.074270    -1.663607    23.461402    23.602658    -0.005790    -0.129692    1.829012    
-0.249498    1.143538     107.386090   107.410508   -0.007301    0.033462     3.142339    
-0.948277    0.037494     73.193341    73.225957    -0.105153    0.004158     8.116310    
-1.841151    -0.283605    38.879073    38.973421    -0.279722    -0.043087    5.906812    
0.112045     -0.419395    14.927222    15.062714    0.001720     -0.006437    0.229103    
0.299326     0.797195     78.923945    78.953082    0.002307     0.006145     0.608382    
-1.461047    -1.101258    26.047492    26.185764    -0.069226    -0.052179    1.234154    
0.438613     -1.244785    44.657995    44.720837    0.044623     -0.126640    4.543359    
-0.616549    -1.151312    28.728757    28.825719    -0.049622    -0.092662    2.312194    
-0.156610    -1.069147    58.566961    58.609995    -0.000978    -0.006676    0.365721    
-0.182561    1.011475     43.850460    43.906654    -0.002676    0.014826     0.642758    
-1.045986    -1.295440    80.374429    80.415770    -0.023767    -0.029435    1.826248    
0.100239     -0.948255    32.395407    32.469164    0.001822     -0.017240    0.588966    
2.076800     0.805551     66.244518    66.311184    0.084325     0.032708     2.689733    
-1.134596    3.014335     38.677544    38.861303    -0.016944    0.045015     0.577598    
-1.183687    -0.022230    109.390601   109.414716   -0.059036    -0.001109    5.455817    
0.389345     0.284366     27.518759    27.593287    0.068252     0.049849     4.824021    
-2.315247    -0.861646    68.777198    68.849696    -0.002025    -0.000754    0.060147    
-0.909836    -0.171068    53.469996    53.514227    -0.015787    -0.002968    0.927802    
0.354347     -1.166133    57.998798    58.044991    0.016372     -0.053880    2.679792    
-1.503148    -0.203545    34.291331    34.381263    -0.155175    -0.021013    3.540017    
-1.122434    1.330775     47.631489    47.703926    -0.179065    0.212302     7.598778    
-0.982193    -2.239841    39.480084    39.604717    -0.043257    -0.098645    1.738749    
1.553650     -1.003724    94.905103    94.943535    0.076397     -0.049356    4.666756    
0.693453     1.789061     12.195844    12.501807    0.004133     0.010664     0.072696    
-0.356436    -0.607058    29.593442    29.667193    -0.032178    -0.054804    2.671629    
0.756347     -0.409160    16.868449    17.004676    0.102977     -0.055707    2.296646    
-0.808983    -0.747497    38.475754    38.541819    -0.089437    -0.082639    4.253657    
1.645059     -1.162236    172.396487   172.419491   0.218055     -0.154056    22.851438   
-0.900856    -0.757692    30.149073    30.236190    -0.017787    -0.014960    0.595279    
0.697941     -0.136525    39.411444    39.466982    0.067526     -0.013209    3.813046    
0.137259     0.675625     12.902792    13.070283    0.000337     0.001659     0.031681    
-0.668547    -0.246133    51.229553    51.272308    -0.059749    -0.021997    4.578444    
-0.149352    -0.517449    125.539340   125.555928   -0.029649    -0.102723    24.921882   
-0.209911    0.773284     82.729768    82.757063    -0.000309    0.001138     0.121802    
0.264594     0.752422     39.192364    39.249872    0.007116     0.020235     1.054009    
1.321512     -0.155451    68.209062    68.250434    0.344566     -0.040532    17.784546   
0.779417     -0.375136    49.348644    49.395464    0.105513     -0.050784    6.680564    
0.866546     0.208972     33.085761    33.156253    0.208162     0.050199     7.947874    
-1.713616    -1.143752    34.657041    34.773986    -0.000189    -0.000126    0.003832    
1.099457     -0.238874    27.187418    27.281798    0.021481     -0.004667    0.531183    
0.272481     0.096505     53.591346    53.628265    0.032483     0.011505     6.388794    
1.437462     -1.638418    27.774414    27.929263    0.032877     -0.037473    0.635240    
-0.554672    -0.358605    18.632385    18.747720    -0.023675    -0.015306    0.795295    
-0.883555    -0.181670    41.284965    41.341710    -0.016573    -0.003408    0.774398    
0.826380     1.472836     76.885526    76.929261    0.167655     0.298807     15.598454   
0.250507     -0.510638    14.884443    15.024816    0.000238     -0.000485    0.014147    
-1.057990    -0.368241    8.399105     8.699130     -0.015832    -0.005510    0.125686    
-0.188814    -0.171219    60.867503    60.899859    -0.013467    -0.012212    4.341384    
-1.440916    -1.196329    69.166756    69.220102    -0.115816    -0.096157    5.559401    
0.101833     -0.207792    18.916274    19.019829    0.011895     -0.024271    2.209545    
-0.553601    -1.615715    13.783208    14.027430    -0.022604    -0.065970    0.562773    
0.440829     -2.128903    26.671375    26.832140    0.057673     -0.278520    3.489363    
0.875870     -0.380925    121.073319   121.093087   0.002220     -0.000966    0.306897    
0.886662     1.063200     13.674259    13.884411    0.071615     0.085874     1.104456    
1.329489     2.055801     80.719491    80.780598    0.140401     0.217103     8.524388    
0.660387     0.129429     45.202205    45.250052    0.027098     0.005311     1.854776    
0.289477     -0.837419    96.711041    96.735131    0.005013     -0.014501    1.674719    
-0.552286    1.353119     16.263421    16.447182    -0.013531    0.033151     0.398444    
1.213603     -0.434189    20.393997    20.529282    0.046640     -0.016686    0.783759    
-0.124969    -1.593636    73.741437    73.785025    -0.009631    -0.122816    5.682990    
0.415508     -0.913662    50.621327    50.669529    0.111123     -0.244348    13.538090   
0.135188     -0.278443    9.798039     9.998617     0.000582     -0.001198    0.042151    
-1.483414    -1.306099    14.657746    14.920821    -0.057830    -0.050917    0.571422    
0.401312     1.431090     17.543924    17.716470    0.007506     0.026767     0.328143    
-0.692349    -0.909421    28.131960    28.223900    -0.162775    -0.213810    6.613986    
-0.360961    0.784750     49.996973    50.043165    -0.042964    0.093407     5.951049    
0.837771     -1.367452    55.032573    55.091114    0.318151     -0.519302    20.899094   
-1.263956    0.687573     116.693286   116.718757   -0.188351    0.102460     17.389295   
-0.954843    0.183426     34.205086    34.275476    -0.030130    0.005788     1.079325    
-2.239019    -1.101084    44.032554    44.147099    -0.010255    -0.005043    0.201669    
0.775351     0.227852     25.810829    25.898396    0.028847     0.008477     0.960286    
-1.418065    1.099997     49.527904    49.599487    -0.004645    0.003604     0.162250    
1.045167     -0.844348    115.981616   116.006101   0.098460     -0.079542    10.926111   
-0.887661    1.167748     11.512135    11.770973    -0.003602    0.004738     0.046710    
0.643857     -0.007288    63.532635    63.566384    0.023770     -0.000269    2.345508    
0.818753     -0.417312    30.374922    30.452510    0.176094     -0.089754    6.532902    
-0.801200    -0.018193    9.760883     9.989597     -0.045456    -0.001032    0.553777    
0.363637     -0.894376    43.480588    43.535832    0.000496     -0.001221    0.059337    
1.065813     0.008074     37.375075    37.442051    0.012209     0.000092     0.428119    
0.055645     0.837670     32.784028    32.853801    0.000161     0.002424     0.094879    
0.279765     -0.956320    22.741916    22.848687    0.010063     -0.034398    0.818001    
0.029247     -0.450853    59.785055    59.819160    0.001874     -0.028885    3.830271    
-0.764924    -0.226086    92.914290    92.938563    -0.004459    -0.001318    0.541586    
0.515201     0.439714     14.168628    14.320745    0.037910     0.032355     1.042566    
-0.050690    -0.567615    131.673221   131.689167   -0.001202    -0.013458    3.121831    
2.584164     1.650314     83.167147    83.246926    0.620981     0.396574     19.985259   
0.207456     -1.300560    46.841565    46.901404    0.030768     -0.192887    6.947095    
-0.806112    0.545626     7.026169     7.361353     -0.002928    0.001982     0.025519    
0.433306     1.104256     39.011757    39.079397    0.047921     0.122123     4.314422    
-1.334259    -0.142919    25.904574    26.013892    -0.034762    -0.003723    0.674894    
0.379049     0.306324     72.200451    72.228925    0.009311     0.007524     1.773517    
-1.724549    0.191457     65.588418    65.640889    -0.201149    0.022331     7.650139    
-0.294159    -0.416928    102.093203   102.113454   -0.033878    -0.048017    11.757941   
0.189230     -0.792586    99.868205    99.890927    0.021702     -0.090898    11.453397   
1.576668     -0.008796    131.581208   131.605376   0.115101     -0.000642    9.605821    
0.498682     -0.082421    31.265084    31.331069    0.048936     -0.008088    3.068074    
-0.748988    0.470662     26.426250    26.514225    -0.043270    0.027190     1.526663    
-1.029435    -0.774776    36.534067    36.609740    -0.011949    -0.008993    0.424069    
0.375859     -0.059887    77.367896    77.393870    0.045868     -0.007308    9.441525    
0.790003     0.385283     52.754791    52.798821    0.010665     0.005201     0.712211    
-0.790849    -0.432756    34.289304    34.357591    -0.008376    -0.004583    0.363150    
-1.842824    0.736922     60.554420    60.618906    -0.206573    0.082606     6.787895    
-0.307722    1.469067     62.728684    62.777508    -0.043537    0.207846     8.874946    
-0.093751    1.023650     13.193686    13.379273    -0.004214    0.046016     0.593097    
-0.119598    -0.997975    32.204219    32.279977    -0.014016    -0.116955    3.774075    
-0.535769    -0.197976    21.651530    21.748332    -0.007967    -0.002944    0.321974    
0.076928     -1.328330    189.691979   189.706859   0.008697     -0.150176    21.445857   
0.522150     0.404097     28.067384    28.144075    0.042830     0.033147     2.302264    
-0.285233    -1.244536    25.296905    25.405483    -0.021945    -0.095753    1.946306    
0.174456     -0.276600    134.290354   134.305179   0.008030     -0.012731    6.180881    
0.820782     0.013502     35.610185    35.673997    0.013924     0.000229     0.604090    
-0.403067    -2.002083    53.820588    53.895282    -0.024727    -0.122824    3.301785    
-0.772768    -0.382390    162.901471   162.915646   -0.025800    -0.012766    5.438634    
0.723549     0.908306     49.277242    49.330215    0.053467     0.067120     3.641363    
-0.810655    -2.092304    116.163000   116.201344   -0.210380    -0.542992    30.146475   
2.408575     0.063726     68.311054    68.381871    0.071085     0.001881     2.016095    
-0.791507    0.192930     15.453338    15.599497    -0.075075    0.018300     1.465757    
0.258974     1.243678     38.071973    38.143989    0.010371     0.049806     1.524671    
-1.404653    -0.511680    43.919577    43.989079    -0.111476    -0.040608    3.485552    
-0.116006    0.773235     28.767568    28.845438    -0.001197    0.007979     0.296841    
1.535646     0.123722     18.749053    18.914954    0.128756     0.010373     1.572009    
0.261358     -0.138483    20.374402    20.471412    0.025143     -0.013322    1.960062    
1.026428     0.475169     68.329905    68.367611    0.081116     0.037552     5.399962    
1.197661     0.280071     192.988731   193.002690   0.125101     0.029255     20.158576   
-0.564107    1.955882     12.323722    12.644871    -0.000289    0.001003     0.006321    
-2.195490    -1.186040    21.261284    21.497535    -0.165294    -0.089295    1.600720    
-1.001749    -1.840502    23.439329    23.614996    -0.077170    -0.141783    1.805647    
-0.187726    0.124025     119.561134   119.577549   -0.002457    0.001623     1.564550    
-0.921693    1.715130     55.046576    55.116165    -0.038112    0.070920     2.276158    
0.684469     -0.543278    47.988330    48.036636    0.050540     -0.040114    3.543348    
-0.303297    2.237507     42.099365    42.205804    -0.015731    0.116053     2.183565    
-1.593909    1.595846     20.143508    20.364752    -0.112533    0.112670     1.422172    
-0.610648    -1.365418    32.436405    32.530487    -0.415991    -0.930161    22.096586   
0.879480     -1.334064    110.072357   110.101553   0.061108     -0.092694    7.648108    
-1.280826    -1.085595    52.576380    52.640001    -0.095960    -0.081333    3.939028    
0.389180     1.830702     54.206550    54.274561    0.058672     0.275995     8.172127    
-0.081698    -0.094715    6.330933     6.631087     -0.003086    -0.003578    0.239148    
-0.074260    -0.157151    26.951530    27.023881    -0.006450    -0.013650    2.341039    
1.070632     -1.001378    18.732263    18.892370    0.063754     -0.059630    1.115472    
0.279192     -0.576598    42.806039    42.856065    0.007796     -0.016101    1.195332    
-0.915239    -0.302316    15.195866    15.353122    -0.007694    -0.002541    0.127745    
0.747758     0.778054     14.499102    14.671858    0.076203     0.079290     1.477584    
-1.728812    -0.784662    25.303981    25.451344    -0.094411    -0.042851    1.381855    
0.385786     2.032046     86.305524    86.352745    0.004370     0.023020     0.977709    
-0.350342    0.938672     26.105888    26.199163    -0.033349    0.089351     2.484980    
-0.950131    0.601584     20.043752    20.171554    -0.036665    0.023214     0.773466    
0.310041     -1.093441    52.738747    52.787708    0.001105     -0.003897    0.187958    
-0.416800    0.602640     27.884227    27.963225    -0.087948    0.127161     5.883760    
0.111220     -0.035494    35.695809    35.750236    0.013450     -0.004292    4.316821    
-0.756959    0.958166     79.755132    79.788766    -0.001963    0.002484     0.206792    
-0.338058    -0.998066    5.868992     6.279366     -0.026847    -0.079261    0.466082    
-2.104388    0.580698     24.749545    24.923495    -0.022251    0.006140     0.261693    
-0.084466    0.368749     15.324844    15.455385    -0.002287    0.009985     0.414986    
0.004243     -0.574047    44.829190    44.876060    0.000694     -0.093930    7.335296    
2.197656     -0.825596    91.924412    91.975453    0.021778     -0.008181    0.910929    
0.759549     -1.793144    45.570627    45.654675    0.100853     -0.238095    6.050896    
0.137715     0.189891     11.805105    11.970400    0.035069     0.048356     3.006171    
-1.194460    1.014816     60.647159    60.699336    -0.005168    0.004391     0.262416    
0.409492     0.275099     5.584554     5.941849     0.008951     0.006013     0.122065    
1.518626     -0.075778    48.071410    48.135718    0.017354     -0.000866    0.549319    
-0.173685    -0.402420    34.584915    34.643663    -0.014815    -0.034325    2.949952    
-0.666823    0.916249     52.664930    52.713887    -0.134955    0.185436     10.658633   
-1.705187    -1.648161    28.608967    28.774503    -0.074621    -0.072126    1.251965    
0.874619     -0.730406    21.908876    22.026626    0.059463     -0.049659    1.489537    
0.966138     -1.198328    30.486523    30.588763    0.098149     -0.121737    3.097103    
0.005822     -0.569628    20.724770    20.825838    0.000406     -0.039687    1.443923    
0.189190     1.000388     10.288157    10.524148    0.008680     0.045896     0.472006    
-0.748807    -0.372957    16.038491    16.180481    -0.084248    -0.041962    1.804496    
1.068118     -1.039251    174.406429   174.423904   0.206092     -0.200523    33.651573   
-1.284117    -0.543638    47.496435    47.557657    -0.081487    -0.034498    3.014018    
0.608227     0.216822     120.736603   120.754376   0.013355     0.004761     2.650958    
-0.248778    -0.691098    25.910627    25.995674    -0.031684    -0.088017    3.299916    
0.446147     0.698118     42.596695    42.650203    0.066562     0.104155     6.355148    
0.097728     -0.532691    85.124034    85.148514    0.000513     -0.002796    0.446790    
0.070834     -0.505418    79.046305    79.072459    0.005099     -0.036384    5.690388    
-0.888563    -1.544866    67.101684    67.154204    -0.005925    -0.010300    0.447404    
0.303400     -0.544315    27.596468    27.673603    0.003924     -0.007041    0.356956    
0.262764     -1.051374    32.415600    32.493391    0.007581     -0.030333    0.935221    
-0.783404    -0.655393    26.396969    26.489964    -0.032698    -0.027355    1.101753    
0.872572     0.936511     24.582576    24.694461    0.058892     0.063208     1.659151    
1.489967     0.020517     11.995063    12.246506    0.164316     0.002263     1.322835    
-0.338265    0.716180     9.443726     9.679165     -0.014315    0.030307     0.399642    
0.406910     -1.490233    75.300876    75.342440    0.038305     -0.140285    7.088534    
-0.464043    1.585904     63.192906    63.245148    -0.040745    0.139251     5.548660    
1.727868     0.793310     17.475642    17.688637    0.070978     0.032588     0.717872    
-0.016924    2.239946     18.042382    18.287158    -0.003781    0.500499     4.031431    
0.329154     -0.192837    52.605474    52.643674    0.070477     -0.041289    11.263671   
0.873501     -0.281785    18.547112    18.673852    0.011194     -0.003611    0.237691    
0.600445     0.823713     9.508603     9.763581     0.030949     0.042457     0.490108    
0.837716     -2.812181    58.946000    59.051808    0.058015     -0.194755    4.082256    
0.061099     -1.459490    59.333223    59.383837    0.012263     -0.292932    11.908669   
-0.230525    1.089264     8.283312     8.586492     -0.037834    0.178771     1.359463    
0.869270     0.476942     19.598551    19.722100    0.033038     0.018127     0.744866    
0.614523     -0.889327    52.458647    52.506696    0.179175     -0.259299    15.295258   
1.191817     -0.258976    41.740401    41.804587    0.015954     -0.003467    0.558747    
1.182548     -0.051838    68.052014    68.090768    0.138607     -0.006076    7.976415    
-0.330307    -0.655560    80.190542    80.218058    -0.028538    -0.056639    6.928238    
0.057877     -1.505540    17.626657    17.800112    0.004123     -0.107252    1.255691    
-0.717576    -0.433759    29.555613    29.632959    -0.016825    -0.010170    0.692980    
-0.436005    -1.621462    29.951172    30.062716    -0.102211    -0.380112    7.021310    
-0.683190    -1.481154    186.240875   186.258420   -0.036491    -0.079112    9.947613    
0.398917     1.006745     28.942002    29.029073    0.109310     0.275865     7.930585    
-0.488379    0.521066     44.328517    44.377950    -0.019248    0.020536     1.747064    
1.454110     -1.193506    45.938422    46.019044    0.122742     -0.100744    3.877665    
0.294593     -0.209499    66.542437    66.572528    0.004328     -0.003078    0.977673    
-1.017104    1.853986     51.385422    51.466575    -0.240593    0.438556     12.155096   
-0.933548    -0.100830    67.472069    67.507308    -0.198956    -0.021489    14.379498   
-3.346934    -0.715722    42.297636    42.481516    -0.097297    -0.020806    1.229607    
1.432584     -1.006931    34.369490    34.470321    0.131603     -0.092501    3.157319    
0.012720     -0.748029    21.983031    22.083666    0.003206     -0.188552    5.541162    
-1.785672    0.568412     49.626895    49.701261    -0.232423    0.073985     6.459444    
0.199568     -0.826205    15.821306    15.965936    0.007749     -0.032079    0.614301    
-1.014575    0.141577     48.155935    48.207037    -0.027276    0.003806     1.294653    
0.863789     0.089087     18.674097    18.797631    0.017852     0.001841     0.385945    
-0.204048    0.582791     57.554748    57.591712    -0.008988    0.025670     2.535065    
0.184572     2.996869     66.745292    66.841785    0.013263     0.215342     4.796018    
1.187165     0.146917     24.223793    24.333065    0.119173     0.014748     2.431693    
-0.294769    0.491691     79.006012    79.032611    -0.037481    0.062520     10.045931   
-0.357904    0.813447     23.842700    23.940323    -0.068929    0.156662     4.591871    
-0.925785    0.221924     12.609819    12.798000    -0.146733    0.035174     1.998608    
-0.260474    0.426066     106.638369   106.657706   -0.038628    0.063185     15.814352   
0.378623     0.878924     123.694342   123.713706   0.001179     0.002737     0.385122    
-0.226012    -0.671462    11.636006    11.822585    -0.040152    -0.119287    2.067170    
3.012539     -1.104703    114.914752   114.976393   0.590029     -0.216364    22.506926   
1.564365     0.407010     14.782176    15.000020    0.297348     0.077363     2.809733    
0.920264     -0.889781    22.624672    22.746194    0.083390     -0.080628    2.050140    
0.006836     -0.130060    7.493288     7.748631     0.000047     -0.000891    0.051313    
1.824768     -0.656568    46.921712    47.003009    0.008014     -0.002883    0.206063    
0.519141     1.034207     26.918991    27.015665    0.036914     0.073539     1.914120    
0.003821     0.047206     15.635846    15.759343    0.000530     0.006551     2.169773    
-1.188042    0.469819     130.663310   130.684382   -0.020295    0.008026     2.232091    
1.776123     1.726129     32.130797    32.286176    0.171070     0.166255     3.094722    
0.971670     -0.207797    24.724843    24.822976    0.039294     -0.008403    0.999871    
-0.870233    -0.404222    25.935267    26.027558    -0.061146    -0.028402    1.822309    
-0.282583    0.569590     19.880951    19.988283    -0.005486    0.011057     0.385942    
0.061693     -1.528346    67.871481    67.917247    0.009283     -0.229967    10.212486   
-0.684363    -0.020646    13.540905    13.700359    -0.131842    -0.003978    2.608648    
1.519453     0.565517     68.739525    68.786814    0.093605     0.034838     4.234644    
-1.290305    0.874199     22.158293    22.300090    -0.027257    0.018467     0.468081    
-0.825034    -1.546123    40.813615    40.898622    -0.038502    -0.072152    1.904634    
0.976759     -0.234496    131.037164   131.055799   0.006235     -0.001497    0.836520    
0.676356     0.453802     79.243523    79.272153    0.084897     0.056962     9.946765    
0.497668     -1.164651    12.366487    12.586065    0.004795     -0.011222    0.119158    
0.559645     1.410894     8.753332     9.099428     0.159831     0.402943     2.499900    
-0.512816    -0.720495    45.156527    45.208063    -0.032408    -0.045533    2.853752    
0.250574     1.100849     66.723290    66.761868    0.018985     0.083406     5.055304    
-0.365485    -0.178474    104.179841   104.199231   -0.017383    -0.008488    4.954928    
-0.256498    2.711028     17.820189    18.134210    -0.003349    0.035400     0.232692    
-0.695675    -0.597298    26.765249    26.853198    -0.079067    -0.067886    3.042014    
-0.506250    0.126143     29.552400    29.622483    -0.079104    0.019711     4.617712    
-1.540787    -0.823118    24.155025    24.297978    -0.037348    -0.019952    0.585506    
0.364447     0.109392     29.386597    29.454912    0.075177     0.022565     6.061787    
-0.061733    -0.032479    7.568689     7.820797     -0.001611    -0.000848    0.197565    
0.246682     -0.019847    17.329187    17.442389    0.055641     -0.004477    3.908736    
0.902271     0.503958     52.404198    52.451339    0.151527     0.084635     8.800764    
0.339371     0.422865     9.700711     9.913261     0.003999     0.004982     0.114298    
0.759628     -1.017594    61.117279    61.162156    0.242827     -0.325290    19.537108   
1.112904     0.406636     13.521353    13.715169    0.290694     0.106214     3.531819    
-1.157182    2.115286     115.400460   115.442429   -0.020445    0.037373     2.038922    
1.117547     0.185928     59.525225    59.568539    0.309744     0.051532     16.498238   
0.263531     -1.148452    10.904529    11.143253    0.027140     -0.118275    1.123021    
-0.428144    0.142692     16.521205    16.644183    -0.000220    0.000073     0.008501    
1.493705     1.677046     67.635074    67.700974    0.091163     0.102353     4.127884    
-0.581121    2.637770     42.046185    42.178812    -0.030423    0.138093     2.201212    
-0.122868    1.347191     39.829471    39.901024    -0.007566    0.082956     2.452569    
-0.979197    0.416841     99.228671    99.253900    -0.050237    0.021386     5.090817    
-3.935597    -1.166430    51.328880    51.530364    -0.034986    -0.010369    0.456298    
0.218436     -1.140112    58.453990    58.498645    0.020891     -0.109040    5.590529    
0.848432     -0.503969    61.849192    61.888378    0.010106     -0.006003    0.736678    
-0.703247    -0.577588    64.836356    64.872615    -0.016849    -0.013838    1.553364    
1.331907     -0.359529    22.519736    22.647665    0.078896     -0.021297    1.333969    
-0.515630    -0.634612    25.501111    25.590042    -0.014377    -0.017695    0.711055    
1.359339     -0.034165    78.759769    78.796099    0.206646     -0.005194    11.973015   
0.185826     -0.123000    82.149786    82.173669    0.004545     -0.003009    2.009361    
-0.601754    -0.971679    15.989419    16.150627    -0.008504    -0.013731    0.225952    
-0.409806    0.325531     20.315214    20.417071    -0.080024    0.063567     3.966991    
0.733748     -2.355990    39.349615    39.476021    0.185793     -0.596561    9.963737    
0.545008     0.111635     123.344727   123.361688   0.002009     0.000412     0.454761    
-1.515326    -0.451005    56.527163    56.583520    -0.028134    -0.008374    1.049510    
-0.155128    0.873972     50.761915    50.807823    -0.000773    0.004356     0.253029    
0.324630     0.054579     15.699987    15.826336    0.015715     0.002642     0.760004    
0.081414     -1.637391    108.514193   108.544427   0.000572     -0.011507    0.762571    
0.030431     -0.200710    19.526239    19.626262    0.002670     -0.017611    1.713334    
0.547975     0.236049     10.543749    10.742513    0.028344     0.012210     0.545370    
-0.000645    0.889594     26.620762    26.708263    -0.000067    0.092924     2.780719    
-0.536893    -1.666450    23.698985    23.844960    -0.051568    -0.160060    2.276257    
0.498825     1.075458     53.936327    53.985255    0.169930     0.366367     18.374023   
1.844314     -0.281612    50.526212    50.598951    0.110987     -0.016947    3.040576    
-0.724047    0.765831     67.254333    67.291389    -0.043955    0.046491     4.082797    
1.314536     0.558794     11.931848    12.177200    0.019472     0.008277     0.176743    
-0.937743    0.425394     22.950473    23.057742    -0.013156    0.005968     0.321982    
-0.124151    -0.279216    14.224541    14.363352    -0.000781    -0.001757    0.089505    
-1.144642    -0.912208    136.024624   136.046741   -0.183211    -0.146008    21.772080   
0.432682     0.356453     9.024735     9.253922     0.017244     0.014206     0.359660    
-1.259444    1.106892     55.836026    55.895869    -0.535988    0.471065     23.762404   
1.108045     0.623609     36.956013    37.030238    0.052456     0.029522     1.749532    
-1.764172    -0.755874    104.308692   104.344918   -0.284121    -0.121734    16.798968   
-1.458526    -2.127038    24.170120    24.386907    -0.030761    -0.044860    0.509751    
-0.312796    -0.659051    13.021843    13.189979    -0.017376    -0.036612    0.723390    
-0.003798    -1.139125    21.633883    21.753103    -0.000179    -0.053615    1.018242    
-0.167132    0.213923     100.565449   100.585079   -0.015851    0.020289     9.537964    
0.409313     -0.273846    224.380727   224.389902   0.010867     -0.007271    5.957235    
0.455894     1.282294     39.036163    39.109450    0.028541     0.080279     2.443881    
0.278111     1.121452     38.472960    38.540609    0.008535     0.034417     1.180735    
0.002542     2.168023     22.796682    22.983994    0.000188     0.160537     1.688042    
0.334533     0.037156     139.577885   139.592171   0.020011     0.002223     8.349417    
0.216207     1.457184     10.727004    11.005167    0.000070     0.000471     0.003469    
0.805503     -0.073962    47.486893    47.534559    0.098675     -0.009060    5.817181    
0.058663     0.982241     153.694548   153.710303   0.000562     0.009407     1.471997    
1.018166     -0.739366    15.448304    15.623968    0.032744     -0.023778    0.496813    
0.363714     -0.420708    14.442246    14.586387    0.053218     -0.061557    2.113159    
-0.402001    -1.124434    41.831706    41.895018    -0.010190    -0.028502    1.060346    
0.255822     1.221374     9.012424     9.308917     0.002543     0.012142     0.089592    
0.425487     -0.625034    18.616907    18.735951    0.080534     -0.118303    3.523719    
1.463203     0.861955     37.247647    37.338265    0.033645     0.019820     0.856485    
0.195543     -0.272507    5.894455     6.223507     0.002255     -0.003142    0.067965    
-2.503543    0.671068     43.696867    43.817910    -0.302614    0.081115     5.281832    
0.577031     -0.532962    24.454209    24.545881    0.053542     -0.049453    2.269075    
0.645043     -0.870347    32.939296    33.015841    0.058949     -0.079539    3.010233    
-0.180377    -1.846315    60.061553    60.122430    -0.001915    -0.019598    0.637543    
-1.531149    3.932066     154.690593   154.760654   -0.117626    0.302069     11.883633   
1.965334     0.421323     41.699521    41.794318    0.041843     0.008970     0.887799    
-0.715212    -0.161107    18.502991    18.621845    -0.012555    -0.002828    0.324810    
0.460777     0.151546     27.885839    27.959439    0.054689     0.017987     3.309725    
0.010595     0.788444     16.987844    17.119683    0.001537     0.114376     2.464358    
0.716947     -1.005504    28.643745    28.737852    0.071589     -0.100403    2.860164    
0.838324     0.413885     102.442307   102.465483   0.062562     0.030887     7.645070    
-0.722083    -0.914001    12.597681    12.803645    -0.058528    -0.074083    1.021089    
-0.038284    0.391698     12.479229    12.639660    -0.001377    0.014088     0.448823    
0.426745     0.152956     19.768459    19.871398    0.044046     0.015787     2.040365    
0.759782     -0.874402    24.759667    24.864793    0.044219     -0.050889    1.440987    
-0.959810    -0.801435    30.650530    30.739119    -0.049302    -0.041167    1.574401    
-0.687134    0.528056     62.642427    62.679340    -0.136916    0.105218     12.481908   
0.069465     0.006951     9.350756     9.555965     0.008376     0.000838     1.127460    
0.130819     -1.390899    13.302053    13.519293    0.004562     -0.048508    0.463913    
-1.962804    0.714758     37.109819    37.220655    -0.065356    0.023799     1.235653    
-0.143277    -2.022524    105.084864   105.122855   -0.002059    -0.029069    1.510366    
-1.449537    1.018973     89.692097    89.731192    -0.077409    0.054415     4.789759    
0.655637     -1.585295    99.712380    99.746562    0.084267     -0.203752    12.815659   
0.200768     0.076998     11.703211    11.869555    0.015864     0.006084     0.924760    
0.670802     -1.353553    9.796700     10.106055    0.112599     -0.227204    1.644448    
1.697436     -0.636238    52.946884    53.014466    0.154729     -0.057996    4.826345    
0.277225     1.135464     21.277187    21.399995    0.003151     0.012908     0.241874    
-0.490650    0.229650     25.778628    25.859352    -0.099847    0.046734     5.245931    
-1.855548    0.362602     129.602069   129.630805   -0.025970    0.005075     1.813889    
0.033197     -0.654709    73.809522    73.838677    0.000241     -0.004745    0.534921    
0.789531     -1.074114    10.022864    10.300963    0.052259     -0.071095    0.663411    
-0.742464    -0.562629    108.356602   108.378484   -0.067006    -0.050776    9.778944    
0.600694     0.595933     26.551873    26.638185    0.035215     0.034936     1.556572    
-0.337796    0.581310     73.153938    73.183507    -0.121438    0.208981     26.298918   
-0.311406    -0.165875    8.030387     8.275660     -0.012116    -0.006454    0.312430    
-0.022027    -1.068041    28.881830    28.968539    -0.005065    -0.245572    6.640725    
0.543892     -1.246811    14.313878    14.512492    0.002142     -0.004911    0.056377    
-1.125244    0.212558     34.890899    34.965142    -0.035085    0.006628     1.087909    
0.599421     -0.306701    103.490676   103.511585   0.059853     -0.030624    10.333649   
-0.159566    -0.202030    12.747187    12.900853    -0.005386    -0.006819    0.430237    
-0.766975    -0.738493    98.519786    98.545202    -0.000550    -0.000529    0.070588    
0.694806     0.560224     105.783031   105.805109   0.006752     0.005444     1.027959    
0.302239     -0.109992    76.419726    76.445752    0.050238     -0.018283    12.702325   
-0.134508    -0.979666    30.310320    30.390266    -0.030368    -0.221179    6.843167    
-1.470755    0.030002     30.072947    30.173185    -0.096149    0.001961     1.965982    
0.608743     -0.999358    11.853795    12.072974    0.081856     -0.134381    1.593946    
-0.923406    -0.285282    18.946959    19.073444    -0.039238    -0.012122    0.805099    
0.581441     -0.409769    50.972227    51.015183    0.007767     -0.005474    0.680892    
-0.691734    -0.617141    37.839386    37.901892    -0.050716    -0.045247    2.774304    
-0.027098    0.661775     47.401298    47.446777    -0.002505    0.061183     4.382403    
1.462187     0.113898     24.443398    24.566352    0.270542     0.021074     4.522658    
-1.125656    1.336929     25.545366    25.680637    -0.018594    0.022084     0.421970    
-0.490990    -1.365033    46.320466    46.384965    -0.039020    -0.108481    3.681159    
-0.481404    -0.014714    15.735617    15.865578    -0.050185    -0.001534    1.640387    
0.516167     1.405310     34.952103    35.039489    0.052748     0.143610     3.571797    
-0.701510    3.095454     100.869132   100.938252   -0.028232    0.124575     4.059414    
-1.541333    1.093780     20.626481    20.806219    -0.093147    0.066100     1.246515    
0.317616     -0.770597    17.969929    18.096630    0.007164     -0.017382    0.405329    
0.191123     1.193836     17.620534    17.771323    0.003552     0.022186     0.327454    
1.343186     -0.226984    21.535310    21.667953    0.083184     -0.014057    1.333685    
0.668992     0.126788     30.350502    30.421893    0.041860     0.007933     1.899096    
-1.772714    1.340399     126.545511   126.580332   -0.073923    0.055895     5.277006    
2.003616     0.192583     108.673547   108.710010   0.090711     0.008719     4.920039    
-0.612944    -0.128082    40.255693    40.308657    -0.073516    -0.015362    4.828257    
-0.523918    -0.354097    204.383539   204.393997   -0.188763    -0.127578    73.637408   
0.679642     -0.526552    19.855790    19.971643    0.041387     -0.032064    1.209110    
2.087911     1.962565     63.070037    63.165778    0.504563     0.474272     15.241455   
-1.554170    0.590822     66.990846    67.040383    -0.011038    0.004196     0.475789    
-2.339304    -0.235871    25.469950    25.653875    -0.117263    -0.011824    1.276739    
0.552406     0.632832     43.737417    43.789751    0.049111     0.056261     3.888440    
-1.376664    0.880977     26.808014    26.929833    -0.000782    0.000500     0.015224    
-0.590027    -1.442945    48.142849    48.208289    -0.011947    -0.029217    0.974795    
0.992868     2.429955     22.840019    23.074486    0.120226     0.294241     2.765678    
0.054277     -2.315532    27.150876    27.320499    0.002616     -0.111592    1.308480    
0.497333     0.383974     33.652915    33.716293    0.091974     0.071010     6.223605    
-0.815321    -0.168120    13.279980    13.450868    -0.098560    -0.020323    1.605349    
-1.891399    1.832214     109.960836   110.009976   -0.091416    0.088556     5.314702    
-0.284945    -1.362609    46.568048    46.630419    -0.017068    -0.081621    2.789433    
-0.352177    -0.172403    12.134169    12.299055    -0.051393    -0.025159    1.770742    
-1.345208    -0.375186    67.857963    67.900872    -0.241835    -0.067449    12.199154   
-0.300798    -1.877426    75.930864    75.980170    -0.011153    -0.069609    2.815274    
-0.558157    0.809619     107.232692   107.255267   -0.132680    0.192455     25.490373   
1.349044     -1.347846    30.938094    31.059254    0.115546     -0.115444    2.649864    
-0.869571    1.379514     93.079786    93.114879    -0.150271    0.238395     16.085192   
0.466686     0.061562     42.589634    42.637700    0.005190     0.000685     0.473602    
-0.832171    -1.279175    17.961114    18.132991    -0.342484    -0.526451    7.391990    
-0.285039    -1.614815    63.800273    63.851693    -0.029561    -0.167472    6.616699    
0.601618     -0.268908    23.969435    24.059157    0.017100     -0.007643    0.681296    
1.346081     2.099058     20.915049    21.154957    0.166869     0.260213     2.592772    
-1.224623    -0.898336    38.985818    39.065019    -0.195880    -0.143690    6.235832    
-0.339225    -1.164192    47.936237    47.991960    -0.002405    -0.008252    0.339794    
-0.169223    0.614177     16.830031    16.956731    -0.022396    0.081285     2.227409    
-0.387866    0.568610     69.960166    69.991239    -0.096172    0.140987     17.346662   
0.056768     1.042636     27.857716    27.946693    0.008033     0.147535     3.941923    
-0.547490    -0.254859    125.634826   125.651698   -0.007894    -0.003675    1.811544    
-0.790885    -0.086747    8.425451     8.688855     -0.018389    -0.002017    0.195905    
-1.294674    -1.115812    15.718500    15.933218    -0.050517    -0.043538    0.613326    
0.515543     -2.982856    44.883695    45.028705    0.064370     -0.372433    5.604088    
1.246566     0.751907     10.909526    11.180877    0.240070     0.144806     2.101015    
0.242438     -1.060296    11.129446    11.354405    0.001422     -0.006218    0.065271    
-0.215928    0.797561     29.762718    29.839187    -0.012286    0.045380     1.693459    
0.092654     -0.270449    13.787038    13.929792    0.001051     -0.003067    0.156366    
0.255689     0.341034     19.230714    19.335899    0.008554     0.011410     0.643385    
-0.955119    0.216135     62.383206    62.421937    -0.038522    0.008717     2.516054    
2.443615     0.645691     24.508409    24.716901    0.374011     0.098827     3.751169    
0.719608     0.689491     18.176904    18.310326    0.067911     0.065069     1.715403    
-0.618781    0.753530     100.666896   100.690862   -0.031628    0.038515     5.145429    
0.523275     0.261767     46.336359    46.381844    0.108911     0.054483     9.644174    
-1.339348    1.131225     100.662712   100.697220   -0.129537    0.109408     9.735775    
-1.882683    0.896531     81.098420    81.149104    -0.056416    0.026865     2.430164    
-0.255662    0.479627     48.513986    48.556948    -0.054523    0.102286     10.346187   
0.893676     -0.130487    31.041675    31.117137    0.058518     -0.008544    2.032600    
-1.670570    0.799457     16.398598    16.619835    -0.016576    0.007932     0.162710    
-1.594065    -0.940522    35.095261    35.199118    -0.000898    -0.000530    0.019768    
0.617224     -0.305634    38.411613    38.468187    0.076017     -0.037642    4.730764    
0.630652     -0.876556    33.865495    33.939841    0.074038     -0.102907    3.975772    
1.001820     0.114684     31.986317    32.062692    0.055301     0.006331     1.765647    
1.849298     -0.559583    76.175738    76.225659    0.000844     -0.000255    0.034764    
-0.272507    0.487574     38.902347    38.956123    -0.001351    0.002417     0.192823    
0.150346     1.796125     10.871686    11.194515    0.000993     0.011864     0.071810    
-1.754525    0.112844     18.096646    18.288101    -0.071073    0.004571     0.733064    
-0.351608    0.962379     68.071932    68.108095    -0.004159    0.011382     0.805116    
1.678799     -0.576616    29.658371    29.776581    0.296381     -0.101798    5.235998    
-0.282050    0.517239     39.284040    39.337741    -0.002645    0.004850     0.368360    
-0.060237    0.124804     8.427011     8.654979     -0.000437    0.000906     0.061182    
0.504513     -1.733632    29.569097    29.689501    0.047743     -0.164058    2.798192    
0.788643     0.964335     11.333116    11.570063    0.027843     0.034045     0.400111    
-1.337428    -1.693689    77.662819    77.717731    -0.139271    -0.176369    8.087277    
0.010023     -2.000261    65.426579    65.486742    0.000290     -0.057966    1.896008    
-0.473077    0.518397     64.016250    64.050353    -0.008286    0.009080     1.121249    
-0.015206    0.026264     37.148170    37.200301    -0.000700    0.001209     1.710226    
1.024052     0.539757     125.816386   125.837109   0.009663     0.005093     1.187231    
0.104710     0.009572     33.952730    34.009909    0.004292     0.000392     1.391794    
1.443528     -2.856245    59.751878    59.869891    0.138077     -0.273206    5.715402    
-0.121602    1.016937     76.526531    76.558696    -0.013038    0.109031     8.204834    
1.102463     -0.409495    34.433963    34.510228    0.088392     -0.032832    2.760799    
1.581420     0.547406     54.443187    54.504460    0.074192     0.025681     2.554175    
0.317998     -0.044797    15.517375    15.645032    0.035695     -0.005028    1.741810    
-0.467112    -0.281599    12.405951    12.572989    -0.013555    -0.008172    0.360016    
-0.442936    -0.736426    33.017128    33.086919    -0.025399    -0.042228    1.893276    
-0.872507    1.642241     70.639464    70.691351    -0.025649    0.048277     2.076581    
0.629240     -1.828512    36.320530    36.425201    0.004209     -0.012231    0.242959    
0.275377     1.154724     94.040516    94.068607    0.030795     0.129130     10.516326   
-0.085336    -0.165748    10.100035    10.291764    -0.014882    -0.028905    1.761362    
-0.620551    0.680700     23.964127    24.062476    -0.123112    0.135045     4.754283    
-0.450942    0.406798     34.030651    34.092947    -0.016608    0.014982     1.253325    
0.038967     -2.352984    52.254431    52.344422    0.002773     -0.167423    3.718087    
0.612905     0.031766     78.417723    78.444827    0.035902     0.001861     4.593430    
0.064132     0.948266     33.789493    33.860125    0.002294     0.033920     1.208657    
-0.358710    1.494522     19.923084    20.079006    -0.000754    0.003143     0.041897    
-0.496453    0.876121     35.487635    35.556451    -0.007632    0.013468     0.545531    
-1.610473    1.263012     188.975539   188.996873   -0.009639    0.007559     1.131005    
-0.540085    -1.931567    30.082020    30.213003    -0.066519    -0.237899    3.705017    
1.129761     0.069084     17.523415    17.669922    0.014716     0.000900     0.228257    
0.468616     0.281851     72.691128    72.719833    0.011933     0.007177     1.851017    
0.813975     1.243389     75.692792    75.732967    0.201456     0.307734     18.733706   
2.391956     -0.299571    43.145760    43.257864    0.007183     -0.000900    0.129557    
0.499171     -0.198447    116.700799   116.718636   0.041546     -0.016517    9.712952    
0.685536     0.764860     18.846321    18.976663    0.070260     0.078390     1.931543    
0.559405     0.474037     15.978943    16.116427    0.058463     0.049542     1.669958    
-0.901260    -0.635184    27.202585    27.295994    -0.008555    -0.006029    0.258211    
0.992527     1.270883     6.064210     6.576461     0.033120     0.042409     0.202360    
-0.342839    -1.178759    23.345236    23.460221    -0.097019    -0.333573    6.606387    
0.036972     0.944329     84.231229    84.259528    0.001258     0.032134     2.866286    
0.614211     0.175984     42.329863    42.380426    0.039304     0.011261     2.708744    
2.886555     1.006742     32.693689    32.895258    0.054771     0.019102     0.620344    
0.297020     -0.538951    194.508250   194.519184   0.026780     -0.048593    17.537217   
2.168344     -0.018883    59.111218    59.183724    0.297657     -0.002592    8.114427    
0.353085     -0.505303    124.560292   124.577370   0.012137     -0.017370    4.281707    
1.030128     0.224892     21.662978    21.777771    0.076470     0.016695     1.608123    
1.047967     0.054710     28.321511    28.409227    0.064417     0.003363     1.740883    
0.281555     1.361312     13.431723    13.646192    0.030636     0.148125     1.461510    
2.156208     -1.134836    27.771720    27.947817    0.068212     -0.035901    0.878563    
0.440934     1.200053     39.008879    39.079434    0.006099     0.016599     0.539558    
0.845140     0.853446     59.302639    59.347457    0.002412     0.002436     0.169264    
-0.185165    -1.371745    16.116416    16.295085    -0.001788    -0.013243    0.155590    
-1.186107    -0.205609    7.796679     8.130946     -0.007626    -0.001322    0.050129    
0.603114     -0.241837    10.906217    11.101476    0.062786     -0.025176    1.135362    
1.771087     -1.315527    153.386446   153.414941   0.106830     -0.079351    9.252098    
0.345089     1.205757     21.669357    21.794700    0.018359     0.064149     1.152854    
1.732575     0.068779     37.691556    37.782732    0.052564     0.002087     1.143521    
0.877008     -0.359301    21.762445    21.871836    0.107254     -0.043941    2.661449    
0.098841     -1.611916    62.245486    62.297541    0.000430     -0.007005    0.270499    
0.532283     -0.355116    35.550028    35.610236    0.010364     -0.006915    0.692200    
-0.428459    -0.121553    42.391277    42.439294    -0.067414    -0.019125    6.669889    
1.098452     -1.266567    154.562818   154.584444   0.083107     -0.095827    11.694004   
0.387530     -0.214760    29.608661    29.677332    0.000070     -0.000039    0.005320    
0.078465     0.702160     8.196351     8.458978     0.005541     0.049586     0.578815    
3.002040     2.434651     138.976030   139.043704   0.406706     0.329838     18.827998   
0.035894     1.112414     34.713606    34.787183    0.000507     0.015724     0.490674    
0.335806     1.075189     40.861149    40.924043    0.048580     0.155544     5.911257    
1.601718     -1.111340    35.983793    36.090288    0.299757     -0.207984    6.734262    
-0.618100    1.022224     45.246735    45.305286    -0.029514    0.048811     2.160503    
0.930475     0.211846     35.128084    35.196135    0.006825     0.001554     0.257659    
0.320334     -0.285540    62.431906    62.464405    0.021911     -0.019531    4.270459    
-0.898787    0.778170     40.143444    40.209257    -0.028087    0.024318     1.254498    
-0.353465    1.009552     134.467693   134.486355   -0.016526    0.047201     6.286918    
-0.026127    -1.411879    83.567100    83.602208    -0.000635    -0.034312    2.030900    
-2.022751    1.346333     92.174239    92.227270    -0.054200    0.036075     2.469827    
-0.879387    -0.119616    15.455390    15.605501    -0.009787    -0.001331    0.172008    
-0.063246    -0.825982    70.853903    70.886083    -0.001802    -0.023532    2.018616    
0.308159     -0.926403    84.680712    84.709215    0.043983     -0.132222    12.086200   
0.167413     -1.829618    24.493605    24.641168    0.006935     -0.075792    1.014645    
0.593259     -0.494588    18.826051    18.944438    0.009507     -0.007926    0.301697    
0.859099     0.822089     33.078766    33.158613    0.027350     0.026171     1.053073    
0.232421     -2.561180    23.763776    23.983446    0.021900     -0.241333    2.239194    
-0.580048    0.862672     13.131442    13.318798    -0.092617    0.137743     2.096704    
-0.107480    0.382701     6.881964     7.168989     -0.009638    0.034317     0.617116    
-0.140802    -0.648112    20.628953    20.733271    -0.012148    -0.055917    1.779797    
0.841007     -0.321880    31.660697    31.734611    0.026521     -0.010151    0.998423    
0.815694     2.232731     54.726813    54.813770    0.165975     0.454310     11.135652   
-1.945282    1.469655     76.716331    76.780300    -0.042815    0.032346     1.688492    
-0.790138    -0.044014    39.176527    39.233933    -0.094024    -0.005238    4.661899    
-0.364337    2.358399     24.610762    24.804422    -0.000061    0.000398     0.004152    
0.675460     -0.383284    88.179351    88.204740    0.021016     -0.011925    2.743574    
0.700132     0.347650     23.930624    24.024171    0.048759     0.024211     1.666599    
0.174489     -1.415848    35.865649    35.947945    0.019253     -0.156227    3.957485    
0.322948     0.569477     35.311845    35.372729    0.037516     0.066155     4.102082    
-0.393355    0.226105     9.962178     10.164930    -0.009329    0.005363     0.236279    
0.709254     0.061656     119.250202   119.268573   0.119268     0.010368     20.053017   
-0.964393    -0.269700    56.452985    56.496170    -0.023868    -0.006675    1.397160    
-0.175139    -1.100722    34.508278    34.582343    -0.007404    -0.046532    1.458808    
-1.396623    -0.513842    42.933003    43.003863    -0.291905    -0.107397    8.973331    
1.503043     0.560376     22.152745    22.297808    0.033713     0.012569     0.496890    
-1.324077    -0.020081    24.461809    24.576588    -0.342675    -0.005197    6.330781    
-1.963707    -2.083314    18.219968    18.548275    -0.022333    -0.023694    0.207217    
-0.139855    0.217994     17.561440    17.673319    -0.010236    0.015955     1.285342    
0.758903     1.052410     9.859572     10.137535    0.015974     0.022152     0.207536    
-0.081716    -0.895405    34.126058    34.194608    -0.000074    -0.000815    0.031081    
0.545468     -0.289046    25.652805    25.735626    0.037340     -0.019786    1.756040    
1.923697     -2.488577    87.571502    87.650081    0.294164     -0.380543    13.391086   
-0.609788    0.134639     88.705333    88.729370    -0.034235    0.007559     4.980068    
0.658062     -0.779488    47.862681    47.914005    0.050395     -0.059695    3.665404    
0.276105     -0.317054    74.429147    74.456360    0.006482     -0.007443    1.747339    
0.361079     0.573521     40.846761    40.899782    0.017850     0.028352     2.019266    
-1.487530    -0.519159    20.799157    20.951424    -0.024586    -0.008581    0.343765    
1.869590     -0.100809    43.442142    43.527005    0.292943     -0.015796    6.806887    
0.653111     -0.849897    29.765720    29.849990    0.043821     -0.057025    1.997159    
0.080485     -0.346927    171.259095   171.270778   0.017680     -0.076208    37.619904   
0.211069     1.627634     76.225681    76.268756    0.008344     0.064345     3.013427    
-0.729687    0.533780     10.503722    10.724761    -0.110445    0.080792     1.589833    
0.777899     1.846029     74.678750    74.731544    0.000700     0.001660     0.067155    
0.565409     0.734655     75.575074    75.606390    0.027692     0.035981     3.701424    
-0.032933    -0.381175    27.311336    27.384857    -0.000657    -0.007610    0.545266    
0.313500     -0.735067    22.807404    22.906139    0.003145     -0.007374    0.228789    
-1.881850    0.701854     21.985353    22.164491    -0.362871    0.135336     4.239361    
0.270295     -2.060976    115.855403   115.890768   0.021100     -0.160887    9.044076    
-1.658796    0.184379     23.334187    23.476474    -0.245844    0.027326     3.458272    
-1.799509    -0.956579    20.772277    20.964630    -0.011993    -0.006375    0.138437    
-1.583778    -0.210970    45.504401    45.574975    -0.104458    -0.013914    3.001237    
-2.706503    0.776266     74.653730    74.732738    -0.206411    0.059202     5.693451    
-0.863082    0.818149     130.145233   130.165552   -0.001119    0.001061     0.168805    
0.437063     -0.864976    69.179926    69.214711    0.007941     -0.015716    1.256965    
-0.782465    0.355219     82.458354    82.486323    -0.000379    0.000172     0.039980    
0.187657     -0.501251    111.843366   111.861969   0.013085     -0.034952    7.798771    
-2.446818    -0.847093    67.426195    67.504601    -0.035452    -0.012273    0.976931    
1.454729     -0.283573    19.951836    20.103416    0.237805     -0.046356    3.261532    
0.016350     0.713621     62.959122    62.993932    0.000789     0.034445     3.038937    
0.076317     -0.958150    30.526349    30.604850    0.003273     -0.041086    1.308984    
-0.855998    0.215192     72.361150    72.393301    -0.122394    0.030769     10.346462   
-0.539514    -1.031077    37.491519    37.561192    -0.027981    -0.053476    1.944451    
-0.108763    0.454396     11.009614    11.193965    -0.002542    0.010620     0.257325    
-1.567987    1.598293     17.193284    17.449846    -0.252171    0.257045     2.765104    
0.391239     0.866368     13.381565    13.558941    0.004786     0.010599     0.163701    
0.654348     0.163771     93.738270    93.761363    0.017531     0.004388     2.511380    
0.812979     0.274778     69.355452    69.388689    0.088324     0.029852     7.534920    
-0.462317    -0.230194    18.222689    18.335978    -0.032302    -0.016084    1.273210    
-0.741425    -0.053037    9.328697     9.563057     -0.158149    -0.011313    1.989854    
0.274768     -0.697913    17.712142    17.836971    0.058936     -0.149697    3.799119    
0.553840     0.355818     37.075949    37.134005    0.057254     0.036784     3.832812    
0.610190     -0.365654    9.739001     9.961382     0.022258     -0.013338    0.355253    
-0.535205    -0.627780    10.420122    10.636468    -0.015452    -0.018124    0.300834    
-0.485239    0.056559     26.811458    26.888062    -0.051345    0.005985     2.837036    
1.070562     1.457538     61.074835    61.133304    0.004239     0.005771     0.241839    
0.556940     -0.903922    20.306720    20.429515    0.057492     -0.093310    2.096212    
0.307989     -0.719995    40.995646    41.050349    0.011459     -0.026789    1.525311    
-1.514200    -0.441422    50.958290    51.020681    -0.021091    -0.006149    0.709800    
0.323661     0.268770     61.191370    61.224470    0.051211     0.042526     9.681870    
-0.746080    0.337814     16.914561    17.048404    -0.054366    0.024616     1.232537    
1.047527     0.038498     20.334151    20.456086    0.042823     0.001574     0.831264    
-0.420952    0.626177     56.747213    56.786358    -0.078581    0.116892     10.593279   
0.807727     0.592919     10.046993    10.286933    0.191305     0.140429     2.379564    
0.418110     0.750879     28.628230    28.708695    0.046809     0.084063     3.205009    
-0.194864    -0.169312    19.435588    19.536726    -0.009824    -0.008536    0.979820    
-0.215098    -0.782531    50.421677    50.466613    -0.002984    -0.010855    0.699445    
-1.165745    -0.177902    31.070725    31.155345    -0.028974    -0.004422    0.772255    
0.716826     -1.117321    15.919696    16.095773    0.123213     -0.192054    2.736400    
-0.068803    0.875364     33.745191    33.813960    -0.010223    0.130070     5.014198    
0.937946     0.396414     73.345387    73.378863    0.072605     0.030686     5.677545    
-2.269420    1.378794     78.247589    78.317377    -0.248393    0.150912     8.564388    
0.346404     0.295117     46.714340    46.758011    0.034986     0.029806     4.718007    
-0.817465    -0.340885    9.948021     10.179515    -0.001463    -0.000610    0.017800    
-1.007000    -0.209094    37.768136    37.833382    -0.025118    -0.005216    0.942065    
3.070492     -0.431253    50.896354    51.028695    0.116946     -0.016425    1.938490    
-0.441708    -0.351581    35.022512    35.082332    -0.059797    -0.047596    4.741204    
0.961451     -0.183463    57.736563    57.778402    0.025210     -0.004811    1.513905    
0.140393     0.251713     27.538581    27.610351    0.001268     0.002274     0.248742    
1.041243     0.644970     43.010253    43.072694    0.087846     0.054414     3.628645    
-0.907633    -0.635664    48.505055    48.557627    -0.182978    -0.128149    9.778564    
-0.727698    -0.498310    11.481774    11.682634    -0.018612    -0.012745    0.293672    
-0.574184    -0.049616    89.770885    89.794315    -0.068275    -0.005900    10.674514   
-0.474035    0.355378     45.877833    45.923867    -0.002960    0.002219     0.286452    
0.745147     -0.536345    36.494537    36.559118    0.075181     -0.054114    3.682094    
-0.511399    1.782511     15.057394    15.298332    -0.024745    0.086249     0.728575    
0.187925     0.052788     64.098428    64.128945    0.007482     0.002102     2.551953    
-0.460152    -0.333255    58.507608    58.543470    -0.027622    -0.020005    3.512130    
-0.988210    -0.465773    48.567525    48.619677    -0.090281    -0.042552    4.437018    
0.530866     0.162379     7.962522     8.221003     0.050528     0.015455     0.757880    
1.033428     -0.531844    7.633895     7.968823     0.062737     -0.032287    0.463433    
-0.575737    -0.273928    41.823425    41.874579    -0.000481    -0.000229    0.034946    
0.490668     0.927656     44.544644    44.600466    0.051510     0.097385     4.676267    
0.325859     -0.591328    17.455682    17.579296    0.016622     -0.030164    0.890414    
1.116309     0.576944     79.499890    79.534184    0.162757     0.084118     11.591019   
-0.073753    -0.530035    52.976844    53.016104    -0.000354    -0.002542    0.254073    
0.011854     -1.124742    70.208228    70.244825    0.000293     -0.027761    1.732856    
0.573020     -0.838103    6.254135     6.634751     0.027333     -0.039978    0.298325    
0.533884     -0.198230    27.115522    27.192845    0.005251     -0.001950    0.266674    
0.141961     2.323601     9.802080     10.265233    0.020027     0.327807     1.382850    
-0.794478    0.104106     19.801731    19.915460    -0.117867    0.015445     2.937729    
-0.528889    0.657376     28.957703    29.036794    -0.006374    0.007923     0.348996    
-0.058618    -0.489055    78.292886    78.319177    -0.005616    -0.046855    7.501071    
1.086738     0.011326     41.024207    41.085784    0.264735     0.002759     9.993711    
1.631565     1.166627     75.802459    75.854537    0.026358     0.018847     1.224610    
1.001921     -0.462821    32.013195    32.092642    0.065187     -0.030112    2.082849    
0.230991     0.245492     39.925426    39.975345    0.010176     0.010815     1.758861    
0.668833     -1.152753    29.652770    29.747906    0.070596     -0.121675    3.129897    
-1.568697    0.969079     26.256806    26.394975    -0.149741    0.092504     2.506356    
2.092487     0.160097     82.157669    82.208039    0.255108     0.019518     10.016333   
0.765452     -0.448324    24.028834    24.125645    0.167774     -0.098265    5.266711    
-1.024525    2.458225     35.698227    35.851512    -0.030260    0.072606     1.054386    
0.127968     -1.528955    27.710022    27.822191    0.024162     -0.288691    5.232098    
0.888139     0.440920     72.152985    72.186643    0.060722     0.030146     4.933112    
1.419507     -1.395091    90.231951    90.275364    0.285475     -0.280565    18.146417   
0.309877     -1.529107    24.796694    24.923586    0.043308     -0.213708    3.465587    
-1.261788    0.386819     13.043785    13.257338    -0.145078    0.044476     1.499754    
0.095731     -0.636302    45.687802    45.734716    0.003781     -0.025129    1.804322    
1.974658     0.497512     94.266717    94.309256    0.301872     0.076056     14.410849   
-0.541618    -0.851094    11.976608    12.179155    -0.045928    -0.072171    1.015589    
-0.623531    1.171191     38.695485    38.768234    -0.010958    0.020583     0.680058    
-0.704781    -1.508395    12.320111    12.586980    -0.025834    -0.055290    0.451594    
-1.835904    0.844607     17.104288    17.335384    -0.270136    0.124276     2.516733    
-0.564840    1.148345     25.507628    25.615460    -0.011208    0.022786     0.506143    
-0.728899    1.008163     38.107865    38.178947    -0.007713    0.010668     0.403234    
0.407531     -0.384071    11.411907    11.593971    0.042215     -0.039785    1.182134    
-1.204209    0.830722     10.014933    10.310871    -0.013191    0.009100     0.109705    
0.487955     0.435669     6.307766     6.640088     0.000929     0.000829     0.012003    
-0.465895    0.421438     20.784388    20.886848    -0.013726    0.012416     0.612321    
0.493573     -0.484212    32.374708    32.441868    0.033043     -0.032416    2.167363    
-0.129316    1.140251     68.779636    68.817368    -0.003630    0.032008     1.930702    
-1.350199    -1.054631    104.100430   104.133135   -0.403607    -0.315255    31.118156   
-1.865983    -2.782799    63.950566    64.068524    -0.206628    -0.308151    7.081512    
-0.487433    -0.316915    54.861896    54.900279    -0.057962    -0.037685    6.523746    
-1.078379    -1.172093    22.433865    22.576314    -0.031266    -0.033984    0.650446    
0.744444     0.355315     47.614571    47.662383    0.007084     0.003381     0.453116    
-0.600996    -0.381825    9.462663     9.691436     -0.016017    -0.010176    0.252181    
2.299135     0.311435     39.151760    39.269814    0.243132     0.032934     4.140275    
-1.343015    0.197142     14.492566    14.688498    -0.059791    0.008777     0.645211    
0.894481     0.469576     75.337333    75.369816    0.048236     0.025323     4.062691    
-1.258985    -2.501534    83.846324    83.916170    -0.097456    -0.193640    6.490404    
-0.313182    -0.869903    12.594924    12.781310    -0.009735    -0.027041    0.391510    
0.119265     -0.058503    79.402566    79.427074    0.001604     -0.000787    1.068005    
0.548843     0.442537     61.416217    61.451800    0.063430     0.051144     7.097900    
-0.801924    -0.945591    11.616823    11.847479    -0.018553    -0.021877    0.268765    
-1.249926    -0.790678    21.142015    21.284907    -0.043672    -0.027626    0.738688    
-1.260224    0.726093     37.224945    37.305319    -0.038766    0.022335     1.145083    
0.332747     -2.003193    29.450411    29.585895    0.022436     -0.135069    1.985749    
0.380435     -1.642766    17.981207    18.167063    0.117755     -0.508481    5.565678    
0.178903     -0.723163    103.847326   103.868653   0.004019     -0.016247    2.333028    
0.598005     0.812770     19.110941    19.238535    0.053418     0.072602     1.707125    
-2.201100    -0.091913    26.258359    26.424036    -0.022795    -0.000952    0.271931    
0.938920     -0.670833    14.202844    14.384969    0.105558     -0.075419    1.596761    
-1.087051    -1.026557    18.849325    19.010720    -0.003786    -0.003575    0.065645    
-0.535015    0.820857     9.042061     9.305582     -0.007762    0.011910     0.131189    
-0.106047    0.399514     13.368286    13.518761    -0.000779    0.002936     0.098235    
0.668842     -0.182547    28.901960    28.977214    0.090707     -0.024757    3.919624    
0.723156     -0.715157    63.545044    63.583661    0.048794     -0.048254    4.287634    
-0.401508    -0.724283    6.756131     7.085623     -0.011099    -0.020021    0.186758    
0.019354     -0.388791    30.101604    30.168411    0.000939     -0.018866    1.460666    
-0.291185    -0.451493    30.824627    30.892090    -0.011323    -0.017557    1.198691    
-0.379676    -0.561719    16.428637    16.560035    -0.046769    -0.069193    2.023690    
1.658195     1.593671     32.371470    32.512711    0.421980     0.405560     8.237948    
-0.108156    -0.250356    3.541087     4.060619     -0.010992    -0.025445    0.359901    
-0.816643    -0.692228    15.569880    15.730296    -0.015681    -0.013292    0.298970    
0.596658     1.808409     100.395650   100.433001   0.118435     0.358963     19.928199   
1.228494     -0.715176    58.869627    58.919680    0.011263     -0.006557    0.539708    
0.916334     -0.088058    88.588916    88.615565    0.015050     -0.001446    1.454989    
0.754661     -0.074471    6.855882     7.173084     0.031185     -0.003077    0.283309    
-0.611915    -0.944354    11.233380    11.459931    -0.020020    -0.030897    0.367530    
0.013401     -0.387459    21.045752    21.141167    0.000149     -0.004296    0.233343    
2.219102     -0.381061    54.442346    54.524431    0.076518     -0.013140    1.877260    
-1.065080    -0.749052    16.145214    16.316812    -0.208201    -0.146424    3.156054    
0.296104     0.032384     105.708860   105.727606   0.024236     0.002651     8.652187    
0.360894     0.258037     16.688524    16.810075    0.026621     0.019034     1.231006    
-1.745605    1.826517     34.157941    34.307772    -0.118798    0.124305     2.324642    
-0.303218    0.102233     21.277737    21.370995    -0.008557    0.002885     0.600496    
0.635244     -2.147224    26.209112    26.378147    0.196643     -0.664683    8.113150    
0.546760     -1.276833    24.018360    24.138886    0.024981     -0.058339    1.097400    
-0.666591    0.358045     29.410840    29.486352    -0.018751    0.010072     0.827320    
0.191433     -1.213310    49.189795    49.244489    0.032394     -0.205314    8.323819    
1.017327     -1.658702    73.366442    73.418635    0.036293     -0.059175    2.617371    
1.005156     0.244547     86.540949    86.569515    0.030603     0.007446     2.634848    
-1.236739    0.785493     9.308119     9.626139     -0.034938    0.022190     0.262952    
-0.224956    1.397184     29.864777    29.963020    -0.000329    0.002045     0.043710    
0.463856     0.517733     21.965261    22.064244    0.009085     0.010140     0.430194    
-0.695282    0.621426     35.408224    35.475159    -0.009771    0.008733     0.497599    
-0.026857    0.899940     90.303787    90.329727    -0.000647    0.021687     2.176150    
-0.255101    -0.858206    21.009434    21.120437    -0.021364    -0.071872    1.759477    
-0.424610    0.389355     10.177735    10.382347    -0.072313    0.066309     1.733305    
-1.274429    0.785531     82.686544    82.723520    -0.162405    0.100103     10.537069   
0.025048     2.241369     36.085581    36.208680    0.002127     0.190292     3.063668    
-2.063067    -0.568651    34.861633    34.982681    -0.037371    -0.010301    0.631499    
1.142379     0.806997     22.608343    22.736939    0.105435     0.074481     2.086625    
-0.859052    -0.625295    14.560469    14.731299    -0.026629    -0.019383    0.451351    
-0.718809    0.117308     7.883336     8.157965     -0.046889    0.007652     0.514239    
0.990208     1.262811     39.740849    39.821919    0.000293     0.000374     0.011766    
1.098072     0.535577     18.261261    18.407640    0.016029     0.007818     0.266573    
1.981365     0.500649     19.697709    19.901034    0.167052     0.042211     1.660745    
1.118343     0.263599     30.206355    30.292227    0.198016     0.046673     5.348388    
1.096230     -0.574011    25.080424    25.187969    0.036570     -0.019149    0.836689    
-1.407672    -0.744703    45.006495    45.077663    -0.021323    -0.011281    0.681753    
0.293552     0.231787     32.760105    32.821325    0.000196     0.000155     0.021899    
0.318809     1.962676     93.131252    93.173273    0.032338     0.199085     9.446804    
0.102072     -0.394615    31.012124    31.077209    0.005771     -0.022310    1.753288    
-2.109559    -2.019822    40.793290    40.945053    -0.256443    -0.245535    4.958935    
0.706283     0.668247     31.964297    32.039610    0.057901     0.054783     2.620419    
0.812604     -1.173790    31.242699    31.337187    0.066925     -0.096671    2.573090    
0.081530     1.422733     83.406749    83.442145    0.003332     0.058137     3.408272    
-0.320919    -0.401007    88.771215    88.794523    -0.111489    -0.139312    30.839698   
1.440120     -1.288993    53.978416    54.048864    0.089876     -0.080444    3.368716    
-0.834739    -1.578449    42.325687    42.409044    -0.232727    -0.440075    11.800490   
0.245871     0.678165     13.310035    13.474136    0.001204     0.003320     0.065164    
0.556872     -0.750516    22.585994    22.690867    0.033940     -0.045742    1.376569    
0.286144     1.050096     38.594671    38.660162    0.006315     0.023175     0.851766    
-0.811100    -0.196468    25.997649    26.085421    -0.033608    -0.008141    1.077214    
0.987438     -1.191674    31.183222    31.283596    0.090158     -0.108806    2.847183    
0.822598     0.002315     42.286696    42.340480    0.094621     0.000266     4.864112    
1.238633     0.839397     25.922020    26.039679    0.040025     0.027124     0.837637    
-1.533289    0.313205     76.925990    76.967083    -0.033529    0.006849     1.682173    
0.219350     1.240801     24.747600    24.857722    0.000820     0.004639     0.092522    
-1.501257    -0.263970    105.199238   105.228694   -0.043505    -0.007650    3.048585    
0.986022     -0.621624    46.755130    46.811065    0.010593     -0.006678    0.502306    
-0.748142    0.348035     47.884177    47.931724    -0.081686    0.038000     5.228234    
0.595119     0.737058     36.686282    36.751267    0.037855     0.046884     2.333597    
0.364643     0.719446     33.530276    33.597693    0.009804     0.019344     0.901546    
0.390182     -0.636142    61.427733    61.463796    0.009295     -0.015154    1.463340    
0.558637     1.800855     23.703895    23.860107    0.012128     0.039098     0.514628    
-0.616388    -1.362931    48.100575    48.164071    -0.008303    -0.018360    0.647961    
1.072532     -0.188330    39.283240    39.347601    0.516631     -0.090717    18.922442   
1.016493     -0.215524    5.639771     6.063141     0.000075     -0.000016    0.000415    
1.327537     0.216179     28.156070    28.256828    0.217456     0.035411     4.612089    
0.427205     0.296336     33.203079    33.265444    0.026200     0.018174     2.036300    
-0.490520    0.173215     61.254819    61.288649    -0.037443    0.013222     4.675791    
-0.266630    -0.463393    92.110501    92.133084    -0.017019    -0.029578    5.879378    
-1.108218    -0.053893    15.053581    15.222231    -0.043187    -0.002100    0.586637    
0.893805     0.666366     19.136174    19.269432    0.003041     0.002267     0.065106    
0.536590     0.224620     6.501181     6.817528     0.020755     0.008688     0.251460    
-0.390563    -1.083814    140.382761   140.401288   -0.033284    -0.092363    11.963422   
0.374898     -0.611286    41.399215    41.452192    0.003302     -0.005384    0.364608    
0.394008     -0.187791    49.181135    49.222449    0.078281     -0.037310    9.771265    
0.560105     0.206168     38.900283    38.954630    0.006651     0.002448     0.461931    
0.721523     0.479801     62.085876    62.123118    0.021838     0.014522     1.879164    
1.043582     -1.458196    37.589269    37.683465    0.044067     -0.061575    1.587277    
-1.827357    0.949097     50.412656    50.493077    -0.134815    0.070020     3.719231    
-1.298553    -1.460507    45.808750    45.892656    -0.152042    -0.171004    5.363535    
-0.148883    0.995032     50.004970    50.053813    -0.018495    0.123606     6.211788    
0.017002     -0.304395    23.422568    23.507118    0.000326     -0.005834    0.448927    
0.707965     -0.735904    37.202428    37.268464    0.076385     -0.079399    4.013906    
-0.281996    -0.511613    20.123083    20.227572    -0.001819    -0.003300    0.129778    
1.089723     -0.067049    28.038704    28.128915    0.013459     -0.000828    0.346306    
-1.279239    -0.371660    29.881220    29.975605    -0.036251    -0.010532    0.846780    
0.442181     -1.076400    41.089297    41.152879    0.012866     -0.031321    1.195603    
-0.056272    1.482087     41.249521    41.323089    -0.004524    0.119147     3.316111    
-1.112642    -0.575846    22.961733    23.079985    -0.223886    -0.115872    4.620375    
-2.124712    -1.088709    99.837715    99.885655    -0.092428    -0.047360    4.343068    
0.160877     -0.947096    61.887379    61.926130    0.020286     -0.119425    7.803766    
-0.527127    -0.982825    56.982493    57.027391    -0.008975    -0.016734    0.970221    
-1.055351    1.251425     24.432483    24.566257    -0.032454    0.038484     0.751347    
-1.513952    -0.596278    14.284051    14.510571    -0.008389    -0.003304    0.079150    
0.334702     -1.643122    80.379176    80.420761    0.023489     -0.115310    5.640800    
1.651214     1.882307     52.036615    52.133999    0.041467     0.047270     1.306794    
-0.493302    -1.375361    82.874926    82.911177    -0.003556    -0.009913    0.597354    
1.388142     -0.841078    65.217326    65.267212    0.321595     -0.194855    15.109099   
0.960045     1.670654     59.720689    59.784182    0.032677     0.056863     2.032681    
0.826137     1.673598     105.994082   106.028788   0.009959     0.020174     1.277711    
-0.422023    -0.029395    13.668975    13.816469    -0.001247    -0.000087    0.040376    
0.432998     1.287559     14.669707    14.863396    0.019056     0.056663     0.645590    
0.122951     0.765432     15.142285    15.289368    0.000002     0.000010     0.000201    
1.876719     1.196373     199.748573   199.770671   0.117155     0.074684     12.469419   
-0.725973    0.511334     48.001543    48.050094    -0.079971    0.056327     5.287676    
-0.085034    0.917401     20.090187    20.207410    -0.005607    0.060487     1.324602    
0.566354     -0.324326    28.321599    28.397427    0.044483     -0.025473    2.224461    
-0.972269    -0.497423    25.753223    25.851426    -0.016635    -0.008511    0.440635    
-1.167369    0.118034     11.090562    11.324849    -0.195682    0.019786     1.859071    
0.290917     0.092849     26.351687    26.426873    0.002283     0.000729     0.206775    
-0.026309    1.287033     57.539863    57.587914    -0.000041    0.001996     0.089219    
0.233483     1.011326     40.661984    40.722834    0.039966     0.173114     6.960304    
0.464953     2.031889     110.168409   110.205708   0.004656     0.020348     1.103276    
-0.916417    -0.235166    20.634088    20.749354    -0.123707    -0.031745    2.785389    
-0.064663    1.315337     42.474049    42.540029    -0.011843    0.240910     7.779306    
0.570926     -1.115489    35.381967    35.458833    0.015627     -0.030532    0.968424    
-0.420350    0.061092     16.556786    16.678805    -0.003200    0.000465     0.126061    
-0.281284    -0.210530    133.993072   134.007992   -0.022051    -0.016504    10.504312   
-1.055216    1.085841     29.012046    29.118144    -0.029568    0.030426     0.812929    
-0.346907    0.806079     60.325085    60.363573    -0.059445    0.138128     10.337171   
0.868252     0.803962     52.362444    52.412791    0.025422     0.023540     1.533165    
0.855328     0.102963     9.877727     10.108740    0.051151     0.006158     0.590716    
-0.852024    -0.327718    21.004016    21.115799    -0.049224    -0.018933    1.213469    
0.719791     1.171134     25.964333    26.075106    0.022103     0.035963     0.797311    
-1.248308    1.013369     12.695440    12.947368    -0.053988    0.043827     0.549060    
0.944829     0.790210     21.393471    21.519124    0.083303     0.069671     1.886212    
0.083679     0.010803     12.434330    12.589465    0.002538     0.000328     0.377180    
-0.170546    -0.701097    80.738972    80.766188    -0.012272    -0.050451    5.809993    
-1.227208    1.011974     19.503108    19.666629    -0.016132    0.013303     0.256375    
0.009799     0.127646     22.169150    22.256741    0.000131     0.001702     0.295659    
-0.370781    -1.060767    63.321896    63.362450    -0.002091    -0.005983    0.357124    
-0.536029    -0.089341    108.510397   108.529611   -0.010194    -0.001699    2.063522    
0.154189     -0.955229    69.203689    69.238441    0.010267     -0.063604    4.607946    
-0.988558    -0.896366    16.495184    16.665737    -0.219001    -0.198577    3.654269    
1.121271     0.283903     70.148284    70.185430    0.021944     0.005556     1.372826    
-0.353897    0.115840     21.347427    21.441228    -0.051996    0.017020     3.136459    
-0.814183    -0.296970    6.897610     7.225169     -0.071284    -0.026001    0.603906    
2.079601     0.467381     17.823514    18.058123    0.001764     0.000396     0.015115    
0.726629     1.417110     11.788647    12.057501    0.007993     0.015589     0.129684    
-1.051582    0.153154     20.292933    20.415860    -0.003627    0.000528     0.069998    
0.444041     0.661107     27.882592    27.963335    0.015058     0.022418     0.945511    
1.885165     0.193744     48.186426    48.263838    0.023393     0.002404     0.597950    
-1.141515    1.026407     40.637278    40.713878    -0.015580    0.014009     0.554643    
0.638423     0.429914     29.716096    29.791169    0.036466     0.024556     1.697346    
0.393137     -0.364599    13.298599    13.454188    0.040611     -0.037663    1.373756    
-0.490996    0.516231     94.794604    94.817717    -0.032312    0.033972     6.238283    
1.397902     -1.094665    22.685617    22.839978    0.032423     -0.025390    0.526175    
0.789926     1.574178     29.363886    29.482448    0.026112     0.052036     0.970661    
0.111296     -0.571006    110.140682   110.159808   0.008797     -0.045134    8.705889    
1.415494     0.424335     34.347677    34.435760    0.083076     0.024904     2.015887    
0.793118     0.179700     153.322290   153.337083   0.022554     0.005110     4.360105    
-1.503784    -1.025446    16.937723    17.148596    -0.092967    -0.063395    1.047128    
4.150773     4.094495     60.194420    60.508156    0.757102     0.746837     10.979474   
-0.370265    -0.128735    49.198744    49.239669    -0.004118    -0.001432    0.547123    
-0.916586    -0.409676    45.718688    45.772059    -0.105653    -0.047223    5.269912    
-1.187272    0.199483     13.007707    13.210783    -0.086179    0.014480     0.944175    
-0.120744    -0.093925    28.794415    28.862028    -0.017244    -0.013414    4.112332    
0.577894     -0.868837    74.511594    74.544895    0.028502     -0.042851    3.674914    
-0.130824    1.267697     38.399518    38.471056    -0.000079    0.000764     0.023137    
1.148880     -1.505624    39.708674    39.802520    0.024557     -0.032182    0.848761    
-0.155522    -1.515441    26.612105    26.728259    -0.022050    -0.214864    3.773154    
-1.463498    -0.377328    79.205977    79.244848    -0.068572    -0.017680    3.711199    
0.512121     0.355588     89.476088    89.499910    0.026385     0.018320     4.609859    
0.063450     0.033814     30.861738    30.924537    0.000890     0.000474     0.433044    
0.572751     1.177437     22.579449    22.702882    0.054669     0.112386     2.155194    
-2.057432    1.624984     65.825667    65.907261    -0.048154    0.038032     1.540637    
-0.231009    -0.033216    11.278764    11.451635    -0.036281    -0.005217    1.771403    
0.618942     0.292241     61.854524    61.889624    0.098766     0.046633     9.870223    
-0.222257    0.387400     43.023132    43.070457    -0.003552    0.006192     0.687617    
-0.731665    -0.180417    13.681189    13.842607    -0.035975    -0.008871    0.672680    
1.082180     0.398314     23.841079    23.949985    0.167000     0.061467     3.679121    
-0.116626    -1.061795    41.350921    41.411528    -0.005806    -0.052857    2.058474    
-1.379213    0.432884     37.908371    37.986960    -0.038398    0.012052     1.055389    
-1.148052    1.579185     48.682547    48.761431    -0.030924    0.042537     1.311309    
1.908258     -0.538658    124.638978   124.670291   0.039930     -0.011271    2.608052    
-0.419503    0.642502     18.851403    18.969426    -0.000841    0.001289     0.037812    
-1.722564    0.273439     6.901145     7.385306     -0.176338    0.027992     0.706469    
0.039610     0.901808     98.729691    98.753438    0.005749     0.130886     14.329353   
0.163627     -1.324749    20.602473    20.739300    0.003410     -0.027606    0.429323    
0.357293     0.146022     117.407754   117.424889   0.054074     0.022100     17.768930   
0.615823     0.099678     15.770388    15.905008    0.188246     0.030470     4.820730    
0.497516     0.442562     30.495998    30.566718    0.067896     0.060396     4.161770    
-0.296867    -1.518612    22.359753    22.499507    -0.038637    -0.197643    2.910062    
0.306123     -1.524516    50.706990    50.769003    0.011681     -0.058174    1.934920    
-0.991222    -0.278887    24.095197    24.197392    -0.082943    -0.023337    2.016235    
0.795171     1.807789     44.390008    44.477502    0.049076     0.111572     2.739623    
-0.751126    -0.078066    31.525978    31.596401    -0.020242    -0.002104    0.849592    
1.163005     -0.752851    34.297468    34.381835    0.052120     -0.033739    1.537035    
0.231590     0.560554     198.255347   198.266047   0.005911     0.014307     5.060063    
0.263291     1.637337     41.010768    41.091462    0.031486     0.195805     4.904376    
1.980321     0.751579     38.708502    38.816358    0.457722     0.173716     8.946901    
0.082939     0.770439     15.938960    16.078739    0.006918     0.064266     1.329550    
-0.010579    -1.996568    73.166802    73.220505    -0.001247    -0.235381    8.625833    
-0.453380    -0.446487    43.787003    43.835847    -0.035097    -0.034563    3.389641    
0.716434     -0.004737    27.530541    27.610124    0.079010     -0.000522    3.036113    
0.112517     -0.697020    39.147457    39.203276    0.003322     -0.020582    1.155960    
1.714577     -0.755937    71.352899    71.404639    0.010957     -0.004831    0.455961    
-0.894356    -0.182966    8.800947     9.064489     -0.013139    -0.002688    0.129299    
0.515210     1.523315     38.934546    39.017429    0.033189     0.098130     2.508104    
-1.382481    0.249662     9.427606     9.732846     -0.176321    0.031842     1.202390    
0.448309     -1.433522    33.275421    33.367418    0.008343     -0.026677    0.619238    
0.497903     1.527008     44.457055    44.529590    0.012818     0.039312     1.144521    
0.841837     0.274266     28.154936    28.237551    0.028661     0.009338     0.958563    
0.825742     0.512970     25.889079    25.982001    0.031307     0.019449     0.981549    
0.416652     1.691587     43.239879    43.319708    0.169870     0.689662     17.628950   
-2.404696    -1.225606    17.599691    17.913926    -0.216437    -0.110312    1.584078    
0.456186     -0.690384    16.619140    16.755761    0.043924     -0.066474    1.600178    
-1.292052    0.730216     38.577929    38.656619    -0.007336    0.004146     0.219042    
0.782383     -0.696161    31.143463    31.223181    0.066896     -0.059524    2.662864    
-0.115731    0.224196     6.958672     7.236141     -0.004957    0.009602     0.298032    
0.483041     1.776740     13.160286    13.433474    0.000144     0.000529     0.003916    
0.529207     -0.585706    32.793198    32.861709    0.042937     -0.047521    2.660683    
0.244450     0.698136     94.707454    94.730797    0.033750     0.096387     13.075602   
-0.774658    0.655777     57.717741    57.760218    -0.000930    0.000787     0.069278    
0.366376     0.618725     27.030878    27.111997    0.015478     0.026139     1.141963    
-0.769380    0.053795     23.135721    23.232120    -0.060632    0.004239     1.823232    
0.639146     0.786056     54.422077    54.467089    0.088892     0.109324     7.568955    
0.242190     1.241481     42.189586    42.254421    0.001055     0.005410     0.183841    
-0.201821    0.778138     47.103285    47.151252    -0.003211    0.012379     0.749341    
-1.055952    -1.052566    23.042841    23.174779    -0.005077    -0.005061    0.110793    
0.156191     -0.765049    17.871260    17.996293    0.005566     -0.027263    0.636854    
0.064821     0.153895     18.678209    18.782394    0.001011     0.002401     0.291359    
-1.577549    0.263105     59.821809    59.875552    -0.463047    0.077227     17.559096   
0.350938     -0.900690    35.441554    35.509338    0.021044     -0.054010    2.125252    
-0.871275    -1.226500    26.963826    27.077413    -0.031100    -0.043780    0.962469    
0.338128     -0.431071    57.072149    57.108715    0.008967     -0.011431    1.513454    
-1.268716    1.174821     25.434120    25.568716    -0.045993    0.042589     0.922023    
-2.477911    -1.262627    79.492523    79.565511    -0.214073    -0.109082    6.867559    
-0.353367    -0.272796    9.719793     9.927165     -0.016187    -0.012496    0.445253    
0.301890     0.870521     14.585050    14.746104    0.056462     0.162812     2.727819    
1.228173     0.683396     30.269806    30.366290    0.178687     0.099427     4.403956    
0.276385     0.688570     16.458762    16.592658    0.019153     0.047716     1.140542    
0.167005     0.894509     16.119255    16.264482    0.001152     0.006170     0.111179    
0.755383     0.522347     17.933452    18.064526    0.061834     0.042758     1.468003    
-1.751088    -1.685495    122.418809   122.458757   -0.073316    -0.070569    5.125511    
1.106304     1.381276     21.962915    22.121854    0.021471     0.026807     0.426247    
0.411584     -0.259381    41.481437    41.530968    0.067665     -0.042643    6.819620    
-0.434141    0.703200     26.436203    26.522269    -0.034804    0.056375     2.119353    
0.355535     -1.106909    39.966148    40.031482    0.024716     -0.076950    2.778355    
-1.086211    -1.118403    10.362307    10.662224    -0.089172    -0.091815    0.850693    
-0.447606    0.060162     50.117549    50.158226    -0.224591    0.030187     25.146961   
1.212354     -0.982385    12.255320    12.510104    0.103618     -0.083963    1.047442    
0.015890     -1.009916    13.859377    14.034866    0.000644     -0.040928    0.561669    
0.755878     -0.184780    30.674539    30.747484    0.027486     -0.006719    1.115421    
0.571454     0.007838     93.746516    93.768922    0.010837     0.000149     1.777805    
-1.095807    0.593874     20.668619    20.799525    -0.064333    0.034865     1.213425    
1.569464     1.006886     121.603178   121.633403   0.014137     0.009070     1.095369    
0.378942     0.109905     27.766196    27.838683    0.039464     0.011446     2.891617    
0.094363     -0.066438    8.225167     8.458229     0.001957     -0.001378    0.170580    
1.356934     -0.281246    28.116936    28.219805    0.000295     -0.000061    0.006111    
-1.335477    -0.119920    27.850010    27.951670    -0.013882    -0.001247    0.289495    
0.636352     0.602717     12.648568    12.830801    0.082858     0.078478     1.646939    
0.123683     0.606524     53.772906    53.812485    0.019664     0.096429     8.549194    
-0.316944    0.960847     39.004568    39.067314    -0.028594    0.086686     3.518922    
0.353721     -0.772747    8.016329     8.298117     0.001735     -0.003789    0.039310    
-0.885197    -0.324001    8.948581     9.210896     -0.167222    -0.061207    1.690470    
-0.127406    -1.205457    74.309724    74.345675    -0.026165    -0.247559    15.260640   
-0.930671    -0.810361    36.334153    36.408357    -0.073360    -0.063877    2.864049    
-0.045386    -0.491460    111.680288   111.698725   -0.000635    -0.006871    1.561430    
0.151776     0.248737     42.887776    42.933916    0.003871     0.006344     1.093849    
0.440025     -1.986693    43.563982    43.655882    0.009827     -0.044370    0.972942    
1.298315     -0.673844    41.036152    41.109372    0.088889     -0.046134    2.809522    
-0.620584    0.101891     22.902672    22.995714    -0.015588    0.002559     0.575257    
1.473167     0.511486     42.916078    42.989493    0.241343     0.083795     7.030774    
1.497680     -1.809969    19.788433    20.024387    0.032464     -0.039233    0.428938    
0.543346     -2.785292    50.469567    50.587600    0.008620     -0.044186    0.800659    
-0.307349    2.582515     11.238232    11.701994    -0.016978    0.142658     0.620801    
-0.827897    -0.596477    35.336236    35.405731    -0.223654    -0.161136    9.545966    
-0.490293    -1.353170    131.916972   131.939509   -0.027164    -0.074972    7.308776    
-0.459336    0.718143     25.476547    25.566700    -0.001180    0.001844     0.065434    
1.753905     -1.877748    31.811824    31.976073    0.234039     -0.250564    4.244927    
-0.476935    -0.689436    39.201007    39.259352    -0.126933    -0.183489    10.433070   
0.309161     -0.854417    16.650278    16.790841    0.002923     -0.008079    0.157438    
-0.171103    0.461856     48.687146    48.729414    -0.010119    0.027315     2.879466    
0.291469     0.380185     7.181678     7.461966     0.020230     0.026388     0.498460    
2.645896     -2.147302    52.417984    52.565499    0.107534     -0.087270    2.130361    
0.490437     -0.639875    11.259896    11.459066    0.059552     -0.077698    1.367256    
-0.594619    -0.365764    25.153756    25.240319    -0.061818    -0.038026    2.615040    
0.206234     0.518660     19.037466    19.147105    0.007233     0.018190     0.667659    
-0.241853    0.493610     15.938101    16.068608    -0.060355    0.123181     3.977367    
-2.536232    0.165590     38.520507    38.654421    -0.087625    0.005721     1.330850    
-0.536858    -0.188335    12.774449    12.937743    -0.051027    -0.017901    1.214182    
-0.273475    -0.986526    25.343799    25.440737    -0.006798    -0.024523    0.629988    
1.109764     0.041733     20.964268    21.085749    0.025527     0.000960     0.482226    
-0.441361    0.611690     85.503191    85.529174    -0.058909    0.081643     11.412153   
0.713087     0.729880     15.935327    16.088841    0.111143     0.113760     2.483700    
0.807651     -0.705228    57.670321    57.713868    0.007096     -0.006196    0.506672    
0.049829     -0.748673    23.876849    23.969603    0.009278     -0.139400    4.445771    
-2.048047    -0.198370    20.822648    21.016457    -0.412490    -0.039953    4.193819    
-0.129218    1.118955     128.972509   128.992448   -0.000613    0.005304     0.611390    
0.359310     0.572232     19.022147    19.135662    0.012537     0.019967     0.663742    
-1.712688    0.735593     64.204771    64.261979    -0.128080    0.055010     4.801429    
0.846935     1.158412     19.209967    19.363806    0.080936     0.110702     1.835776    
0.258639     -0.009545    54.454711    54.490894    0.031464     -0.001161    6.624461    
-0.067049    -0.263871    15.866252    15.990216    -0.001843    -0.007253    0.436143    
-0.863141    -1.238675    28.417039    28.525119    -0.002281    -0.003273    0.075097    
0.666693     0.728971     10.411377    10.641786    0.021713     0.023742     0.339084    
0.016821     -1.390720    61.163237    61.210709    0.001151     -0.095188    4.186333    
0.709443     2.063461     17.935769    18.174926    0.034888     0.101474     0.882024    
