1.299860     1.312649     24.853569    24.999751    0.139700     0.141075     2.671093    
0.795302     2.551377     28.908360    29.098287    0.028471     0.091335     1.034873    
0.908418     -0.354499    21.491850    21.603830    0.182604     -0.071259    4.320133    
1.369952     -0.741448    19.668781    19.828323    0.045426     -0.024586    0.652195    
0.684810     0.069192     11.211692    11.403980    0.026165     0.002644     0.428369    
0.509329     2.371374     50.438908    50.535544    0.008292     0.038606     0.821149    
0.248829     1.073061     8.574253     8.866011     0.013501     0.058221     0.465216    
0.004267     -1.001431    19.734739    19.857939    0.001225     -0.287485    5.665343    
2.453006     -1.391684    28.658115    28.863758    0.199362     -0.113106    2.329121    
-0.325486    0.566319     9.534616     9.757588     -0.003775    0.006568     0.110583    
1.933145     1.488078     64.820266    64.896019    0.007702     0.005929     0.258261    
-0.233278    -1.511204    55.862291    55.917874    -0.024790    -0.160596    5.936482    
-1.718321    0.324246     40.635994    40.721208    -0.168696    0.031833     3.989436    
-0.339695    0.713399     15.080425    15.228870    -0.013681    0.028732     0.607363    
-1.270421    0.283909     64.704366    64.747390    -0.338278    0.075597     17.228976   
-1.672123    -0.935651    33.505768    33.618192    -0.258887    -0.144862    5.187541    
-0.701679    -0.976523    20.042180    20.174486    -0.002074    -0.002887    0.059249    
0.645631     -0.718560    9.706304     9.950903     0.033225     -0.036978    0.499494    
-0.933156    -0.483453    25.341670    25.439726    -0.018424    -0.009545    0.500353    
0.842731     0.648233     97.256164    97.281894    0.225393     0.173373     26.011632   
2.600132     1.577910     110.096741   110.156334   0.284029     0.172365     12.026564   
-1.256783    0.017299     42.135003    42.199682    -0.134371    0.001849     4.504924    
-0.784438    1.031795     22.019290    22.145067    -0.026824    0.035283     0.752966    
-0.451422    2.657109     34.912676    35.071839    -0.099238    0.584124     7.675002    
0.418453     0.410879     26.154499    26.235028    0.033155     0.032555     2.072288    
0.644483     0.255878     73.015659    73.045481    0.041232     0.016370     4.671342    
0.667801     -0.156422    35.910685    35.971137    0.003136     -0.000734    0.168623    
0.140084     -1.051281    42.068947    42.128329    0.007864     -0.059016    2.361643    
-0.418024    -0.240137    54.769004    54.806488    -0.003620    -0.002080    0.474291    
-0.556869    0.071367     50.733698    50.774976    -0.019108    0.002449     1.740806    
-1.078687    -0.393626    52.734610    52.783828    -0.036454    -0.013302    1.782142    
-0.543303    -0.647478    19.685343    19.801568    -0.007474    -0.008907    0.270791    
-1.178602    -0.024137    18.733670    18.873660    -0.070049    -0.001435    1.113417    
-0.101070    1.335276     31.732378    31.821564    -0.005510    0.072793     1.729901    
0.244097     -0.299833    38.384932    38.437318    0.027933     -0.034311    4.392534    
-1.605977    0.139979     15.251776    15.462548    -0.095430    0.008318     0.906289    
-0.206847    0.564859     56.285639    56.323263    -0.175043    0.478009     47.631432   
-0.425274    -2.307328    29.262718    29.422546    -0.082362    -0.446857    5.667275    
-0.129651    0.625553     9.891053     10.105246    -0.026229    0.126554     2.001033    
-1.018006    -0.232714    51.120419    51.168962    -0.121306    -0.027730    6.091536    
0.692916     0.792684     5.559588     5.991031     0.078469     0.089767     0.629594    
-0.816436    -1.121432    49.436809    49.495426    -0.036589    -0.050257    2.215517    
0.247048     0.433565     44.994096    45.039901    0.018070     0.031713     3.291067    
-1.026620    -0.528717    48.902963    48.956187    -0.068064    -0.035054    3.242238    
1.043388     0.663451     15.917782    16.086626    0.020341     0.012934     0.310324    
-0.526389    0.990192     88.904243    88.933103    -0.008530    0.016045     1.440627    
-1.894833    0.854961     194.710180   194.731227   -0.257329    0.116108     26.442715   
0.041903     -1.561199    51.901120    51.961912    0.000307     -0.011420    0.379649    
-0.363279    1.767873     38.656867    38.749008    -0.035909    0.174750     3.821142    
0.932459     0.930711     90.148278    90.179391    0.008079     0.008064     0.781040    
-0.571850    0.463339     15.784039    15.923333    -0.024928    0.020197     0.688044    
0.522045     0.034782     45.256417    45.302229    0.004684     0.000312     0.406057    
-0.664399    -1.086943    122.710368   122.732768   -0.016976    -0.027773    3.135383    
1.603729     -1.270761    21.962162    22.144938    0.268039     -0.212389    3.670647    
0.325828     0.423680     70.626544    70.655993    0.019437     0.025274     4.213086    
0.096462     -0.187516    10.276016    10.464985    0.007682     -0.014932    0.818303    
0.369986     0.332954     24.252147    24.336996    0.005114     0.004602     0.335222    
-2.468726    -0.693061    96.923507    96.977400    -0.036510    -0.010250    1.433384    
1.956669     -0.338203    38.218342    38.320484    0.161298     -0.027880    3.150523    
-0.295071    1.403575     34.284014    34.370418    -0.010933    0.052007     1.270333    
-0.760222    0.034784     21.922722    22.024074    -0.024846    0.001137     0.716495    
0.344899     -0.177890    27.525308    27.598336    0.206754     -0.106638    16.500360   
0.658066     -0.087326    8.867295     9.107390     0.020759     -0.002755    0.279727    
1.216700     0.226880     22.915544    23.033214    0.086014     0.016039     1.619994    
0.204367     0.673877     94.451608    94.474743    0.032339     0.106633     14.945889   
1.096357     -1.337568    37.760241    37.851049    0.143122     -0.174611    4.929346    
0.856074     0.135516     12.513273    12.696778    0.086872     0.013752     1.269805    
-0.671105    1.295082     91.689657    91.722384    -0.000904    0.001745     0.123537    
-0.571001    -0.456019    9.457550     9.687838     -0.011253    -0.008987    0.186382    
-0.869123    0.299056     21.119022    21.230470    -0.021131    0.007271     0.513460    
0.121793     -0.007607    8.567905     8.791976     0.023929     -0.001495    1.683374    
0.191648     -0.324895    22.347500    22.437201    0.004232     -0.007174    0.493423    
-0.473723    -0.806233    16.681585    16.823336    -0.024123    -0.041055    0.849460    
-1.524080    1.524503     17.979207    18.214658    -0.156400    0.156444     1.845018    
-0.632882    1.241128     73.145471    73.185216    -0.002535    0.004971     0.292966    
0.092847     0.659924     26.979702    27.059627    0.001607     0.011419     0.466848    
0.775351     0.227852     25.810829    25.898396    0.028847     0.008477     0.960286    
0.707863     -0.367518    41.572829    41.627049    0.002963     -0.001538    0.174015    
0.524586     -0.168338    33.134380    33.197373    0.009342     -0.002998    0.590076    
-0.130694    0.612653     12.880239    13.044843    -0.001785    0.008366     0.175888    
0.665228     -0.012818    64.594466    64.627879    0.024559     -0.000473    2.384708    
1.114620     -0.017178    13.761262    13.945966    0.081428     -0.001255    1.005317    
-0.166987    -3.237686    35.073996    35.278473    -0.004346    -0.084262    0.912819    
-1.071871    -0.171518    50.561826    50.611773    -0.131238    -0.021000    6.190681    
0.093118     0.321512     16.259601    16.381747    0.003579     0.012357     0.624945    
0.072266     1.453005     35.451079    35.535481    0.000732     0.014711     0.358932    
0.688034     0.980229     29.333865    29.424221    0.016392     0.023353     0.698841    
-0.691828    -1.243072    29.563702    29.663298    -0.003898    -0.007005    0.166593    
0.247710     1.513862     19.934053    20.089663    0.012007     0.073381     0.966261    
-1.107546    0.664860     18.809880    18.956667    -0.061528    0.036935     1.044950    
2.226857     0.033387     34.243028    34.371790    0.012915     0.000194     0.198591    
-0.857247    -0.367305    9.556426     9.801531     -0.189208    -0.081070    2.109259    
0.646847     -0.481333    29.381114    29.458019    0.031431     -0.023388    1.427660    
0.885870     -0.272197    22.899454    23.002583    0.036900     -0.011338    0.953852    
-1.782159    0.675922     23.009282    23.171858    -0.066410    0.025188     0.857417    
1.310984     0.620235     41.461760    41.533792    0.017095     0.008088     0.540667    
1.914971     -0.331589    81.149619    81.196753    0.210571     -0.036462    8.923252    
-2.217264    -0.456315    66.969935    67.037091    -0.500429    -0.102989    15.114880   
0.503353     1.201647     12.682405    12.900220    0.010124     0.024169     0.255082    
-0.006642    -0.323610    100.088904   100.108783   -0.000049    -0.002373    0.734084    
-0.524653    0.121020     6.541540     6.852489     -0.086621    0.019981     1.080021    
-0.447669    -0.137243    65.689061    65.720217    -0.016701    -0.005120    2.450627    
-0.016979    1.223408     63.948386    63.990374    -0.002584    0.186171     9.731270    
0.014132     -0.895016    14.582193    14.741661    0.000423     -0.026777    0.436264    
0.249472     0.655487     9.202518     9.436800     0.025849     0.067919     0.953525    
-0.447756    0.813616     18.431616    18.559684    -0.026090    0.047407     1.073964    
0.580824     -0.113318    86.450913    86.475347    0.025156     -0.004908    3.744285    
-0.381848    -2.022987    41.980301    42.076822    -0.035236    -0.186675    3.873814    
1.104470     -0.351293    7.615800     7.951014     0.060829     -0.019348    0.419444    
-0.032830    1.395683     33.453094    33.540028    -0.000403    0.017113     0.410183    
-1.042564    0.796709     10.963069    11.215415    -0.117548    0.089828     1.236076    
0.259491     1.133070     28.896270    28.986558    0.014334     0.062588     1.596147    
-0.592352    -0.136999    60.377132    60.412272    -0.017892    -0.004138    1.823668    
-1.567764    -0.059011    38.347909    38.430436    -0.087938    -0.003310    2.150982    
-1.009921    -0.178782    14.874552    15.039254    -0.013349    -0.002363    0.196615    
-0.353103    1.231062     101.004540   101.031838   -0.040144    0.139957     11.483007   
0.368917     -1.480682    26.777324    26.892909    0.018531     -0.074375    1.345040    
-0.573382    0.230544     15.202820    15.342184    -0.078489    0.031559     2.081074    
0.748433     0.153782     54.000487    54.041755    0.009029     0.001855     0.651486    
-0.505458    0.710785     11.556519    11.755373    -0.014414    0.020270     0.329563    
-0.989130    -0.188281    82.769963    82.799490    -0.130199    -0.024784    10.895017   
-0.444421    -0.513932    13.216612    13.379664    -0.102642    -0.118697    3.052480    
-0.440014    1.198881     12.113417    12.338588    -0.013512    0.036815     0.371975    
0.750263     1.123183     62.189699    62.235504    0.031609     0.047320     2.620086    
0.387961     -1.156331    27.681115    27.777810    0.001119     -0.003335    0.079837    
0.772020     1.418978     30.314955    30.421719    0.015123     0.027796     0.593838    
-1.489954    -0.779192    52.972398    53.035620    -0.419755    -0.219516    14.923550   
0.782698     1.554179     6.488139     6.999928     0.032489     0.064512     0.269316    
-1.470071    1.035491     59.083259    59.143384    -0.204118    0.143777     8.203650    
0.303570     0.955945     62.652325    62.691265    0.006581     0.020725     1.358286    
-0.954325    1.259297     41.602998    41.679503    -0.001067    0.001409     0.046532    
1.149574     -1.123533    111.689120   111.718030   0.065872     -0.064379    6.399884    
0.920510     -0.210617    7.917181     8.212698     0.013338     -0.003052    0.114720    
0.738065     -0.034883    18.720690    18.838395    0.039940     -0.001888    1.013049    
-1.129756    -2.377132    64.279340    64.363309    -0.098247    -0.206723    5.589928    
0.573143     0.570775     63.135001    63.170860    0.090500     0.090126     9.969141    
-0.727550    0.436317     8.147032     8.424298     -0.014600    0.008756     0.163487    
1.263948     -0.545969    41.048444    41.118674    0.025846     -0.011164    0.839384    
0.932304     0.266981     35.907840    35.974830    0.103782     0.029720     3.997199    
-0.313076    0.505667     8.094845     8.351957     -0.034877    0.056332     0.901772    
-0.953842    0.778885     92.195099    92.224334    -0.035862    0.029284     3.466267    
0.293846     -0.310875    64.252359    64.283929    0.015274     -0.016159    3.339844    
1.489565     0.892832     38.486080    38.575501    0.228421     0.136914     5.901750    
-0.185639    -1.920203    18.429486    18.634446    -0.012573    -0.130048    1.248160    
-2.533497    2.155334     73.621744    73.723132    -0.050165    0.042677     1.457769    
-0.958747    0.490605     9.061125     9.334818     -0.129431    0.066232     1.223251    
-1.811254    -2.244488    47.230242    47.359150    -0.137581    -0.170489    3.587559    
-1.121210    -1.029990    43.729728    43.800480    -0.082444    -0.075737    3.215510    
-0.034407    0.651710     5.249261     5.644077     -0.009839    0.186371     1.501139    
0.558631     1.146941     51.180738    51.234465    0.059676     0.122523     5.467440    
-1.997025    1.686084     18.233896    18.525142    -0.166731    0.140770     1.522338    
-0.619650    -0.787726    45.803191    45.856425    -0.013631    -0.017328    1.007561    
-0.251573    -1.344384    121.242295   121.265987   -0.016890    -0.090259    8.139948    
-0.524835    -0.862382    15.369686    15.528082    -0.000690    -0.001133    0.020199    
0.593542     -0.147389    24.573334    24.659638    0.023497     -0.005835    0.972790    
0.708053     0.525728     91.480593    91.506020    0.068568     0.050912     8.859050    
1.378700     -0.785571    31.995143    32.094892    0.049110     -0.027982    1.139684    
1.014207     -0.381929    54.181127    54.227704    0.282429     -0.106357    15.087954   
0.293185     -1.634674    52.345930    52.409249    0.013392     -0.074669    2.391060    
-0.820660    0.614604     76.508616    76.540803    -0.080955    0.060629     7.547322    
0.177523     0.065716     20.068413    20.165614    0.005588     0.002068     0.631654    
0.522217     -0.419354    55.640145    55.678984    0.004759     -0.003821    0.507012    
-0.279206    1.243770     85.797850    85.829896    -0.030614    0.136377     9.407540    
0.379032     2.622513     105.753614   105.805119   0.057428     0.397346     16.023095   
-0.082654    1.367982     42.378739    42.446563    -0.047037    0.778496     24.117031   
-0.617298    -0.945936    30.966004    31.049062    -0.003655    -0.005601    0.183364    
-0.291012    -0.132448    91.294928    91.316708    -0.027495    -0.012514    8.625519    
0.990269     1.017156     14.435728    14.638321    0.149559     0.153619     2.180202    
-0.417861    0.230207     83.345081    83.369689    -0.026329    0.014505     5.251413    
0.832589     -0.980455    51.334026    51.387855    0.134095     -0.157911    8.267780    
0.357407     -0.393945    22.041638    22.135756    0.070120     -0.077288    4.324342    
-0.147880    0.334245     18.918080    19.023730    -0.012278    0.027750     1.570651    
0.602439     0.254307     41.818865    41.870276    0.022596     0.009538     1.568495    
-0.187870    -1.089746    55.073891    55.120153    -0.005495    -0.031876    1.610976    
0.785485     1.602748     36.216436    36.313785    0.081883     0.167078     3.775370    
0.288243     0.005035     6.817456     7.101815     0.014641     0.000256     0.346290    
0.584614     -0.611776    53.797962    53.840614    0.009391     -0.009828    0.864227    
0.005822     -0.569628    20.724770    20.825838    0.000406     -0.039687    1.443923    
0.150202     -0.475870    12.350086    12.515934    0.002942     -0.009321    0.241914    
-2.766139    0.155384     50.457821    50.572150    -0.223341    0.012546     4.074022    
-0.132468    -0.327902    19.777727    19.878595    -0.027251    -0.067455    4.068635    
-1.126392    -0.550144    68.275622    68.315496    -0.033583    -0.016402    2.035609    
1.565264     -1.036385    24.807337    24.956022    0.724251     -0.479537    11.478400   
-0.581911    1.274469     22.609153    22.737890    -0.000583    0.001277     0.022648    
0.604190     -1.076997    23.206947    23.323000    0.042810     -0.076311    1.644328    
1.253834     -0.302384    65.945448    65.987428    0.032074     -0.007735    1.686954    
-0.660156    0.005791     39.893406    39.947398    -0.174083    0.001527     10.519867   
-0.793241    0.533539     101.103330   101.127010   -0.023486    0.015797     2.993420    
0.352651     1.000614     109.592495   109.615306   0.025032     0.071027     7.779271    
-0.197556    -0.407597    69.063344    69.092876    -0.006899    -0.014233    2.411654    
1.642738     0.364360     66.543236    66.593608    0.219866     0.048766     8.906218    
0.121840     -0.239864    68.890151    68.918795    0.008575     -0.016882    4.848491    
0.824515     -0.963873    23.001066    23.119966    0.060366     -0.070569    1.684010    
0.215713     0.145911     66.679718    66.709277    0.010959     0.007413     3.387574    
0.218966     0.867865     13.400341    13.573696    0.002398     0.009504     0.146746    
0.763509     0.194201     5.192366     5.608589     0.001377     0.000350     0.009366    
0.336507     -1.695272    20.589935    20.755904    0.033463     -0.168581    2.047498    
0.874087     -0.358161    40.517442    40.576229    0.059962     -0.024570    2.779488    
-0.990016    -0.364708    75.584272    75.617262    -0.028208    -0.010391    2.153566    
-2.563604    -1.038991    35.585327    35.746917    -0.016645    -0.006746    0.231051    
1.334620     0.712836     23.262202    23.394323    0.030370     0.016221     0.529337    
1.357146     -0.889672    17.841449    18.022919    0.025249     -0.016552    0.331937    
1.422886     1.022872     47.631159    47.704016    0.149766     0.107662     5.013420    
-0.411281    -0.381109    7.548835     7.821398     -0.034304    -0.031787    0.629623    
2.902017     0.354409     32.140041    32.332715    0.725117     0.088555     8.030717    
-0.451412    -0.810932    50.965221    51.011666    -0.016299    -0.029280    1.840157    
-0.794699    -1.244713    43.999476    44.068239    -0.227660    -0.356577    12.604684   
-2.740400    0.277649     32.797368    32.971642    -0.032307    0.003273     0.386657    
0.282493     -0.206721    7.305255     7.573919     0.017389     -0.012725    0.449689    
0.114932     0.677506     34.365799    34.428989    0.010538     0.062120     3.150953    
-0.408283    -1.163030    96.578301    96.606224    -0.003263    -0.009296    0.771926    
0.106315     0.564777     12.147422    12.319297    0.002095     0.011131     0.239404    
0.518288     -0.015848    29.106359    29.177456    0.031339     -0.000958    1.759958    
-1.017505    0.642174     46.973040    47.029662    -0.009109    0.005749     0.420495    
0.177282     1.466000     96.316314    96.347744    0.010348     0.085569     5.621895    
-1.884621    -1.071074    42.343712    42.444834    -0.233699    -0.132817    5.250754    
-1.417110    0.003288     25.861087    25.974583    -0.031676    0.000073     0.578058    
-0.177484    -0.379348    7.808007     8.063208     -0.011291    -0.024133    0.496731    
-1.434729    -0.061529    59.579429    59.629234    -0.112051    -0.004805    4.653091    
-0.326369    0.563763     4.861970     5.285645     -0.018791    0.032459     0.279930    
0.839767     -0.363361    65.645607    65.681489    0.015131     -0.006547    1.182828    
1.575182     2.053425     80.126707    80.192655    0.187503     0.244431     9.537947    
0.060509     0.501627     16.494187    16.618918    0.000209     0.001731     0.056904    
-0.516828    0.023814     17.094345    17.215089    -0.089172    0.004109     2.949404    
-1.311940    0.126150     20.174039    20.312654    -0.156474    0.015046     2.406144    
0.156751     -1.133567    105.125816   105.150472   0.016013     -0.115800    10.739128   
0.715552     -0.014083    12.004564    12.185923    0.013736     -0.000270    0.230438    
0.255959     -0.264091    26.159901    26.236437    0.028896     -0.029814    2.953267    
1.316022     -1.210062    62.521779    62.578303    0.020325     -0.018689    0.965625    
-1.193670    0.639826     21.079950    21.214935    -0.000676    0.000362     0.011930    
1.212178     0.660156     32.913697    33.001387    0.176795     0.096283     4.800428    
0.763816     1.362832     22.439821    22.580107    0.047086     0.084013     1.383321    
1.433670     1.414692     36.994040    37.101088    0.019612     0.019352     0.506065    
-0.524513    1.720567     44.869765    44.948930    -0.001709    0.005605     0.146181    
-1.417938    1.165859     93.782462    93.821079    -0.109807    0.090286     7.262646    
-2.028189    1.858034     46.459673    46.582636    -0.233543    0.213950     5.349757    
1.131718     -0.536574    19.826968    19.963775    0.014348     -0.006803    0.251374    
0.295945     -1.856170    57.103668    57.168495    0.006892     -0.043226    1.329803    
-0.940609    -0.253153    103.810846   103.834077   -0.241154    -0.064904    26.615104   
0.848552     -0.865964    19.062355    19.202038    0.100944     -0.103015    2.267657    
-0.192231    -2.011509    73.196252    73.250593    -0.008493    -0.088868    3.233802    
0.092821     1.611642     13.357542    13.597974    0.000348     0.006034     0.050012    
-0.852439    0.008531     19.849626    19.965203    -0.021119    0.000211     0.491762    
-0.830469    -0.497447    134.546826   134.564707   -0.129068    -0.077311    20.910723   
-0.164207    -1.241399    23.933452    24.046894    -0.002508    -0.018958    0.365494    
0.846338     1.053892     122.564501   122.587760   0.134024     0.166892     19.409008   
0.912565     2.087599     110.781214   110.822124   0.359221     0.821759     43.607758   
0.324562     -0.218579    85.142003    85.165654    0.009559     -0.006438    2.507615    
-0.708023    -1.739826    25.158268    25.304974    -0.061450    -0.151001    2.183511    
2.171747     0.395342     110.700299   110.739803   0.004036     0.000735     0.205744    
1.203217     0.219640     53.111885    53.162424    0.019919     0.003636     0.879272    
0.542632     0.016888     32.031741    32.096762    0.017442     0.000543     1.029619    
-1.484613    -0.047354    8.186234     8.549602     -0.082104    -0.002619    0.452725    
0.466663     1.089634     13.372442    13.568428    0.013493     0.031506     0.386650    
-1.111830    -0.066491    10.865054    11.097970    -0.043071    -0.002576    0.420901    
0.277816     -1.702260    58.581148    58.639583    0.015657     -0.095933    3.301400    
0.333120     -1.209318    47.350102    47.407600    0.127668     -0.463470    18.146885   
0.555030     -1.246856    26.739374    26.846448    0.000359     -0.000807    0.017315    
-0.108943    0.677196     103.149283   103.170345   -0.007761    0.048243     7.348252    
-0.091173    0.139090     55.009946    55.045406    -0.001522    0.002322     0.918150    
0.183443     -0.957627    20.402943    20.520861    0.022961     -0.119862    2.553751    
-1.307072    -0.425285    72.926096    72.965606    -0.000803    -0.000261    0.044791    
0.102699     -0.036320    59.664348    59.696912    0.011623     -0.004111    6.752799    
-0.432504    0.257983     8.557271     8.795195     -0.000487    0.000290     0.009634    
-1.091327    0.010503     24.100737    24.205610    -0.059358    0.000571     1.310854    
-0.447114    -0.087050    15.623540    15.753649    -0.029360    -0.005716    1.025929    
-1.482001    -1.404808    39.231960    39.334355    -0.120031    -0.113779    3.177488    
-0.584477    -0.154716    21.336140    21.435284    -0.017679    -0.004680    0.645380    
-0.281263    -1.553623    104.497086   104.527550   -0.021692    -0.119823    8.059305    
1.649355     2.649253     60.280943    60.393758    0.070095     0.112589     2.561848    
-0.081821    -0.382837    80.071940    80.097090    -0.002718    -0.012717    2.659721    
0.619662     1.403565     31.389403    31.488466    0.025613     0.058016     1.297464    
-0.258305    1.079643     19.251887    19.384077    -0.009519    0.039786     0.709447    
0.087046     0.233478     44.304990    44.349399    0.006025     0.016162     3.066839    
-0.822365    0.579234     40.846189    40.905964    -0.231153    0.162813     11.481179   
0.301833     0.456139     18.177790    18.292244    0.032461     0.049057     1.954976    
0.275539     1.709642     29.467586    29.583989    0.050342     0.312357     5.383821    
-1.151554    -0.894290    73.124226    73.165246    -0.127336    -0.098889    8.085903    
-1.679375    2.083359     59.968224    60.060166    -0.016471    0.020434     0.588170    
1.413806     0.883604     21.855306    22.007021    0.047276     0.029547     0.730822    
0.249578     -1.079093    74.505068    74.539297    0.037177     -0.160741    11.098231   
0.227594     -0.376456    11.448911    11.625232    0.021910     -0.036240    1.102147    
1.295930     1.008614     14.182910    14.412724    0.136667     0.106367     1.495714    
-0.724396    -0.664562    81.634309    81.663956    -0.073432    -0.067367    8.275257    
-0.042109    0.194794     128.193785   128.209053   -0.007199    0.033301     21.915724   
-0.076143    0.302634     8.453451     8.685228     -0.006070    0.024125     0.673875    
-0.957095    -1.074920    34.406783    34.493088    -0.098346    -0.110453    3.535468    
-0.360171    -0.368031    51.690464    51.730496    -0.009202    -0.009402    1.320567    
-0.188955    -0.943027    54.139683    54.183995    -0.018813    -0.093891    5.390343    
-0.324982    -0.182309    68.611116    68.640361    -0.002330    -0.001307    0.491860    
0.313073     1.373061     15.489104    15.677073    0.011216     0.049190     0.554900    
-0.328273    1.280348     69.390333    69.430831    -0.027560    0.107493     5.825721    
-1.022276    -0.748483    30.907803    30.996331    -0.060288    -0.044141    1.822765    
0.024982     -0.332467    54.265450    54.302165    0.000769     -0.010229    1.669623    
0.462216     -0.805192    35.735916    35.802132    0.000720     -0.001255    0.055705    
1.522378     -0.473214    30.490938    30.595977    0.061924     -0.019249    1.240254    
-0.189793    -0.402591    77.731673    77.757868    -0.019122    -0.040562    7.831630    
-0.691772    1.708916     8.732583     9.139579     -0.064410    0.159115     0.813078    
0.755294     -0.782488    77.096759    77.129553    0.135660     -0.140544    13.847504   
0.871481     -0.020794    52.616496    52.660522    0.049135     -0.001172    2.966574    
-0.276678    0.690152     23.550228    23.644049    -0.019964    0.049799     1.699312    
0.243654     -0.239567    60.982579    61.015299    0.013152     -0.012932    3.291834    
0.885422     -0.685069    26.791789    26.887324    0.018697     -0.014466    0.565739    
-1.783468    0.329684     18.877670    19.066485    -0.019233    0.003555     0.203580    
0.123826     -0.500944    12.720579    12.882327    0.000434     -0.001754    0.044537    
0.879895     0.202961     101.405915   101.429039   0.084535     0.019499     9.742435    
1.205957     -0.943320    41.775180    41.849550    0.128012     -0.100133    4.434430    
0.368928     -0.493979    131.088045   131.104274   0.091726     -0.122817    32.592120   
-1.476884    0.248377     33.149040    33.241190    -0.132887    0.022349     2.982692    
-1.880137    -1.876264    78.853177    78.922454    -0.144259    -0.143962    6.050255    
0.337778     -0.123486    68.413774    68.443033    0.041664     -0.015232    8.438667    
0.404018     0.673306     59.981517    60.018946    0.062289     0.103805     9.247514    
0.266448     -1.445066    19.076987    19.234490    0.026042     -0.141236    1.864527    
0.359386     1.691068     97.853266    97.888331    0.010773     0.050690     2.933152    
-0.184075    -0.240050    13.077150    13.227936    -0.008197    -0.010690    0.582338    
0.350727     1.570105     58.174910    58.230434    0.011028     0.049370     1.829220    
-1.189425    -1.990759    98.052125    98.099297    -0.238903    -0.399856    19.694374   
-0.474037    -0.089549    9.557134     9.769672     -0.064831    -0.012247    1.307067    
0.288496     0.833163     58.383382    58.423211    0.014768     0.042650     2.988669    
0.781294     -0.377576    27.200357    27.285295    0.017979     -0.008689    0.625927    
-0.408314    0.642623     34.951596    35.015263    -0.047178    0.074250     4.038392    
-0.998271    -0.277945    44.953802    45.008811    -0.065818    -0.018326    2.963914    
2.261255     1.969376     23.267355    23.542227    0.129107     0.112442     1.328456    
0.167465     -0.750116    15.806235    15.946873    0.029569     -0.132448    2.790902    
1.249729     0.762768     75.080987    75.121057    0.074041     0.045191     4.448225    
0.708123     -0.122930    15.221650    15.365224    0.009521     -0.001653    0.204654    
-0.063662    0.121824     61.097455    61.129312    -0.008319    0.015920     7.984138    
0.823842     -0.692223    27.048376    27.141251    0.125309     -0.105289    4.114138    
-1.024073    -1.020105    21.838961    21.975088    -0.020404    -0.020325    0.435135    
0.194719     0.978530     26.097393    26.190538    0.073934     0.371542     9.909031    
1.676542     -1.448758    42.527130    42.630287    0.088737     -0.076681    2.250913    
-0.596983    0.517455     107.956379   107.977214   -0.116779    0.101223     21.118011   
-0.201608    -0.048416    91.558640    91.580033    -0.003065    -0.000736    1.391983    
1.747412     0.251221     24.945252    25.084997    0.040082     0.005762     0.572186    
0.723836     -0.366983    6.187300     6.543413     0.003509     -0.001779    0.029994    
0.321367     -1.804149    35.498061    35.599796    0.010242     -0.057499    1.131340    
-1.892001    -0.766095    38.797520    38.901016    -0.227492    -0.092114    4.664966    
2.137020     -1.590777    103.923523   103.976301   0.040863     -0.030418    1.987173    
-0.813243    -0.813548    21.147952    21.270497    -0.070486    -0.070512    1.832943    
1.443935     -0.967962    107.625271   107.657307   0.076966     -0.051595    5.736768    
-2.249070    0.791968     19.530654    19.773895    -0.208688    0.073485     1.812218    
-1.218524    -1.042765    12.482767    12.738390    -0.007822    -0.006694    0.080133    
1.227824     -1.610930    39.904480    40.004313    0.272998     -0.358178    8.872464    
-0.259179    1.176395     48.593011    48.647782    -0.042098    0.191079     7.892844    
0.451723     1.290187     29.387650    29.485210    0.003142     0.008973     0.204376    
-1.104273    -1.935622    42.841753    42.944811    -0.034297    -0.060117    1.330587    
-0.117388    0.796662     25.192662    25.282279    -0.005855    0.039735     1.256541    
-0.438720    0.986016     66.015282    66.053441    -0.149135    0.335177     22.440637   
0.271950     1.614117     31.373390    31.477673    0.019274     0.114399     2.223568    
-3.790942    -0.405711    127.547490   127.619642   -0.244041    -0.026118    8.210834    
0.220580     -1.411955    13.914489    14.125517    0.030838     -0.197400    1.945328    
1.270188     -0.201609    10.125123    10.394571    0.279422     -0.044351    2.227372    
0.245102     -0.114081    13.797892    13.940225    0.009317     -0.004336    0.524488    
0.186928     -0.195685    15.137677    15.267530    0.008405     -0.008799    0.680673    
-1.010417    -0.067210    45.985833    46.039084    -0.023189    -0.001542    1.055350    
-0.167287    -0.053870    87.419305    87.441642    -0.004897    -0.001577    2.558789    
-1.674426    -0.301800    57.603519    57.662251    -0.574255    -0.103504    19.755500   
-0.582246    -0.219512    15.197846    15.337428    -0.019374    -0.007304    0.505699    
-0.009894    -1.140623    28.659727    28.749888    -0.000287    -0.033143    0.832765    
-1.021900    -0.057294    10.874412    11.098439    -0.045638    -0.002559    0.485655    
-1.103588    0.676996     20.425401    20.560842    -0.230371    0.141321     4.263742    
-0.154289    -0.866024    63.137285    63.174089    -0.003836    -0.021530    1.569656    
-0.550061    -0.610084    35.577609    35.641492    -0.035674    -0.039567    2.307404    
1.657804     -0.817828    31.110321    31.227299    0.050275     -0.024801    0.943453    
-0.351440    1.254516     10.165238    10.435724    -0.015422    0.055052     0.446082    
-1.118328    -0.707216    12.228972    12.456867    -0.007857    -0.004969    0.085922    
1.134195     0.747431     14.480118    14.676302    0.199873     0.131715     2.551747    
-0.125668    -0.326619    128.494720   128.510274   -0.008152    -0.021187    8.335208    
0.736216     0.408916     71.226063    71.258236    0.051822     0.028784     5.013618    
-0.043041    -1.369414    59.364653    59.413080    -0.000362    -0.011528    0.499753    
-0.919039    -0.313073    31.507579    31.583938    -0.003557    -0.001212    0.121949    
-1.355790    1.264819     37.056940    37.155480    -0.028659    0.026736     0.783326    
1.117067     -0.290989    26.374720    26.473257    0.136052     -0.035441    3.212280    
-0.009903    1.944788     40.670182    40.764212    -0.000664    0.130317     2.725250    
0.048674     -1.433198    32.901749    32.991764    0.002883     -0.084876    1.948495    
-0.254973    -0.270079    55.627031    55.663089    -0.005806    -0.006150    1.266696    
-0.036196    -0.482937    133.511485   133.526874   -0.005889    -0.078572    21.721788   
0.770355     -0.557282    5.684470     6.090333     0.046691     -0.033777    0.344534    
-0.304439    -0.477894    46.630117    46.675088    -0.047078    -0.073900    7.210745    
0.059708     1.932012     30.390258    30.515225    0.003831     0.123964     1.949942    
1.409758     -0.543044    55.282307    55.337969    0.057022     -0.021965    2.236073    
0.296354     -0.420558    40.498602    40.549679    0.052389     -0.074346    7.159336    
-0.088463    -1.076485    7.479915     7.809656     -0.000312    -0.003800    0.026402    
-0.358241    -1.038201    43.701889    43.759984    -0.014777    -0.042823    1.802595    
0.363216     -0.458049    72.083050    72.112292    0.001392     -0.001756    0.276337    
0.341588     0.046505     9.231190     9.445034     0.005719     0.000779     0.154545    
1.438306     0.014762     113.486433   113.512618   0.014069     0.000144     1.110089    
-0.423268    0.227198     75.025130    75.052487    -0.004667    0.002505     0.827288    
-0.406847    1.184464     15.372056    15.548104    -0.000714    0.002080     0.026992    
-0.128299    -0.671787    25.993482    26.076883    -0.009661    -0.050584    1.957237    
0.411801     1.453850     16.492430    16.678083    0.019240     0.067925     0.770537    
0.129302     -0.613756    25.352898    25.436938    0.011259     -0.053443    2.207612    
2.016208     -1.451516    37.985017    38.117037    0.112049     -0.080667    2.110989    
1.192006     -0.254636    40.677155    40.742994    0.031625     -0.006756    1.079193    
-0.910305    -0.915186    47.825898    47.883794    -0.018352    -0.018450    0.964162    
0.829691     -2.068342    65.325785    65.393422    0.205692     -0.512772    16.195201   
-0.429618    -2.057981    15.638486    15.901479    -0.030116    -0.144264    1.096257    
1.003257     -0.182052    20.050457    20.172641    0.017256     -0.003131    0.344875    
0.205828     0.185619     17.082015    17.197297    0.009445     0.008517     0.783832    
0.747471     -0.459540    21.360931    21.469379    0.093053     -0.057209    2.659245    
-0.789439    -0.474842    86.809702    86.836904    -0.029845    -0.017952    3.281920    
2.363688     -0.775737    151.358822   151.392063   0.106511     -0.034956    6.820441    
-0.186008    0.625391     36.745806    36.804278    -0.004366    0.014679     0.862478    
-0.215140    1.265329     12.222286    12.446147    -0.004409    0.025930     0.250471    
-1.281823    -0.654697    66.739258    66.783794    -0.089469    -0.045697    4.658268    
1.002283     -0.838895    41.316227    41.383739    0.064836     -0.054267    2.672672    
-0.038991    -0.665849    82.618408    82.644547    -0.006386    -0.109059    13.531957   
0.566945     -0.980400    100.893995   100.919551   0.032900     -0.056892    5.854833    
-0.406183    -0.563089    24.069529    24.159868    -0.015212    -0.021089    0.901440    
-1.215455    0.501028     32.027752    32.115109    -0.027778    0.011450     0.731961    
2.040696     0.691823     71.144428    71.204267    0.016106     0.005460     0.561494    
-1.187931    1.428388     108.036344   108.070246   -0.389918    0.468844     35.461063   
0.554446     -0.980238    17.992599    18.134962    0.015398     -0.027223    0.499696    
0.438592     1.386664     33.138997    33.229253    0.022753     0.071936     1.719163    
0.489305     0.090041     147.809685   147.823630   0.016937     0.003117     5.116332    
-0.556167    -0.618775    31.911011    31.982492    -0.001861    -0.002071    0.106780    
-0.743953    0.350148     60.118243    60.156082    -0.068801    0.032382     5.559788    
-1.015010    -1.244745    27.409908    27.527399    -0.000532    -0.000653    0.014376    
-1.461068    1.109354     23.868176    24.019371    -0.028211    0.021420     0.460864    
-0.105218    1.263061     13.139215    13.346172    -0.014085    0.169084     1.758925    
0.360861     0.701890     21.781182    21.884189    0.003335     0.006486     0.201269    
0.507365     -0.695014    11.360836    11.562181    0.030798     -0.042189    0.689623    
-0.946998    0.963662     46.284864    46.346403    -0.013859    0.014103     0.677358    
0.259914     0.989574     50.929719    50.978015    0.007227     0.027515     1.416084    
-0.502844    0.185912     12.186575    12.356171    -0.047382    0.017518     1.148328    
-0.658622    1.310227     123.120285   123.144752   -0.013598    0.027052     2.541998    
1.051160     0.602289     66.209916    66.250249    0.084626     0.048489     5.330380    
0.283455     -1.255459    22.740411    22.861709    0.015518     -0.068731    1.244940    
-0.850400    0.463372     39.843492    39.903843    -0.004811    0.002621     0.225410    
0.184996     0.560844     14.617021    14.760793    0.010141     0.030743     0.801240    
-0.600752    -0.019694    13.164356    13.324283    -0.012608    -0.000413    0.276287    
-0.353177    1.410331     17.595133    17.764499    -0.001285    0.005132     0.064022    
0.110644     0.055686     52.236036    52.273261    0.011309     0.005692     5.338876    
0.019926     -0.134840    23.736629    23.818503    0.002167     -0.014664    2.581341    
-0.171382    -0.182149    46.261588    46.304125    -0.016356    -0.017383    4.414935    
-0.155232    0.341763     121.810539   121.827022   -0.000534    0.001176     0.419284    
0.053210     0.805119     65.029353    65.064143    0.011159     0.168848     13.637813   
0.818351     -1.307144    14.074325    14.294751    0.027566     -0.044030    0.474083    
0.901058     -1.040218    38.456890    38.531822    0.014834     -0.017125    0.633110    
-0.367603    -0.031965    14.743832    14.879237    -0.021883    -0.001903    0.877683    
-0.740554    -1.291966    29.896969    29.998688    -0.009988    -0.017425    0.403229    
0.248877     -0.873652    67.469263    67.504086    0.002655     -0.009319    0.719704    
0.226354     -0.084559    40.377992    40.426670    0.038939     -0.014547    6.946164    
-0.085923    -0.018181    82.883495    82.906915    -0.003770    -0.000798    3.636182    
1.331514     0.083700     25.736413    25.846041    0.063858     0.004014     1.234300    
2.425468     -0.309240    12.821306    13.199976    0.055265     -0.007046    0.292138    
-0.401845    0.962142     37.585715    37.651668    -0.002464    0.005900     0.230463    
-0.297203    0.661367     43.793119    43.843334    -0.008275    0.018414     1.219283    
-0.424022    -0.657610    9.787806     10.014407    -0.020095    -0.031165    0.463852    
-0.991428    -0.064878    31.471421    31.548572    -0.054454    -0.003563    1.728562    
0.368771     0.517664     32.768332    32.833557    0.025537     0.035848     2.269203    
0.935528     -0.671557    36.222395    36.294119    0.032682     -0.023460    1.265389    
0.698171     0.199184     103.866809   103.887998   0.043553     0.012426     6.479427    
1.751733     -1.971520    95.186608    95.243482    0.068277     -0.076844    3.710090    
-0.253005    1.168305     18.789387    18.930002    -0.038085    0.175864     2.828353    
-2.019697    0.602153     172.246240   172.270380   -0.056013    0.016700     4.776995    
0.079765     0.683225     60.230376    60.266461    0.010011     0.085751     7.559418    
-0.548313    1.221635     81.645282    81.679985    -0.104952    0.233832     15.627633   
0.021560     -1.055931    37.628355    37.694609    0.000534     -0.026161    0.932239    
2.424653     -0.616838    39.885872    40.012712    0.187629     -0.047733    3.086529    
-0.079194    -0.215838    84.777686    84.800848    -0.007663    -0.020886    8.203553    
-0.218795    0.266665     23.459970    23.544938    -0.026233    0.031972     2.812788    
-0.320202    0.164189     16.780934    16.899828    -0.047577    0.024396     2.493386    
1.020276     2.463486     24.190627    24.416616    0.200701     0.484599     4.758608    
1.223481     1.067392     75.307358    75.350577    0.011642     0.010156     0.716558    
-1.915426    0.021397     78.926040    78.973818    -0.032151    0.000359     1.324814    
-0.819800    0.838755     34.092702    34.169619    -0.130838    0.133863     5.441114    
-0.076030    -0.774544    25.898738    25.985097    -0.001315    -0.013400    0.448049    
-0.278055    0.337430     17.893752    18.007012    -0.019855    0.024095     1.277729    
0.726035     1.407292     69.934946    69.980563    0.182273     0.353304     17.557323   
-1.211027    -1.752646    64.914755    64.979525    -0.013151    -0.019033    0.704954    
-1.076132    -0.344783    15.001539    15.172279    -0.027329    -0.008756    0.380976    
0.296614     0.478622     12.069337    12.241769    0.004448     0.007177     0.180992    
-0.232253    -1.031302    32.023331    32.101187    -0.004256    -0.018899    0.586836    
-0.760671    -0.379487    27.130961    27.215558    -0.124978    -0.062349    4.457602    
1.298112     0.075204     71.585732    71.624596    0.231726     0.013425     12.778762   
-0.510268    0.896458     26.115217    26.209607    -0.018338    0.032217     0.938528    
-1.437357    0.081899     18.072687    18.236493    -0.117139    0.006674     1.472854    
1.942690     -0.390479    22.814992    22.985329    0.555283     -0.111611    6.521249    
-0.074111    1.441353     19.232860    19.387131    -0.004870    0.094716     1.263849    
-0.035902    0.191511     18.206347    18.313492    -0.002861    0.015264     1.451059    
0.562038     0.441711     68.263736    68.295854    0.059299     0.046603     7.202269    
0.404644     -0.387518    36.108364    36.166322    0.042076     -0.040295    3.754654    
0.358475     -0.205335    23.491234    23.577186    0.058059     -0.033256    3.804679    
0.980772     1.347676     130.893393   130.918805   0.022612     0.031071     3.017735    
-2.734182    -0.275404    58.562022    58.659501    -0.087429    -0.008806    1.872605    
-0.228471    -1.031803    8.613089     8.898149     -0.005921    -0.026741    0.223222    
1.704409     -1.289913    68.175624    68.237523    0.061458     -0.046512    2.458298    
2.168344     -0.018883    59.111218    59.183724    0.297657     -0.002592    8.114427    
-0.683450    0.092291     21.936467    22.035407    -0.035919    0.004850     1.152883    
-1.084131    0.016459     20.095009    20.220285    -0.423015    0.006422     7.840834    
1.256114     -0.007887    17.870640    18.022558    0.054226     -0.000340    0.771468    
-1.461973    -0.884438    12.809570    13.072094    -0.002813    -0.001702    0.024648    
-0.185165    -1.371745    16.116416    16.295085    -0.001788    -0.013243    0.155590    
-0.058039    0.766278     42.856128    42.908195    -0.004347    0.057388     3.209557    
0.350755     0.833647     17.819612    17.950808    0.018939     0.045013     0.962171    
0.599008     0.790607     28.560994    28.645928    0.021773     0.028737     1.038147    
0.915408     0.385054     31.595362    31.672198    0.041614     0.017504     1.436296    
0.907956     2.561417     61.923223    62.014077    0.128780     0.363299     8.782878    
-0.595879    -1.350141    16.944350    17.122030    -0.005759    -0.013049    0.163763    
-0.821036    0.344116     50.872941    50.918795    -0.059097    0.024769     3.661781    
0.756116     1.495703     17.492595    17.682609    0.025428     0.050300     0.588272    
0.237325     -1.496226    110.902592   110.930405   0.000603     -0.003802    0.281826    
0.692427     0.000923     47.883787    47.929234    0.062302     0.000083     4.308388    
0.021166     -0.637483    24.138548    24.227077    0.002651     -0.079851    3.023575    
0.900960     0.651388     10.280208    10.525857    0.016600     0.012001     0.189405    
-0.318206    -1.204003    72.508191    72.545596    -0.065015    -0.245998    14.814652   
-1.305319    -0.894285    23.037205    23.175232    -0.030050    -0.020588    0.530351    
0.392024     1.268568     25.488620    25.598977    0.027599     0.089309     1.794432    
0.932107     -0.486957    17.097423    17.242470    0.130176     -0.068007    2.387791    
1.869244     1.509732     17.908866    18.176243    0.068200     0.055083     0.653407    
-1.242036    0.186254     44.631888    44.692927    -0.258691    0.038793     9.295920    
-0.852363    -0.782920    37.446635    37.516196    -0.037652    -0.034584    1.654156    
-1.252028    -1.166322    15.049502    15.273846    -0.167765    -0.156281    2.016558    
-1.313273    0.689454     85.679550    85.714995    -0.072188    0.037898     4.709665    
-0.847367    0.372368     8.910170     9.171847     -0.167082    0.073423     1.756892    
-0.216197    -0.249303    4.884051     5.276154     -0.044556    -0.051379    1.006557    
-0.535362    1.906739     150.690655   150.716524   -0.019183    0.068324     5.399651    
-1.159095    -1.165581    41.367471    41.446890    -0.000229    -0.000231    0.008187    
0.951442     -0.454905    7.102526     7.445335     0.007761     -0.003710    0.057933    
0.137782     -1.071857    41.577564    41.638163    0.008157     -0.063459    2.461569    
-1.016774    -0.726334    31.321872    31.408534    -0.003959    -0.002828    0.121963    
0.293974     1.603770     27.028027    27.148622    0.013748     0.075002     1.263995    
1.803018     -0.336141    81.371317    81.415785    0.078105     -0.014561    3.524911    
-0.615884    0.207979     33.566551    33.630505    -0.011819    0.003991     0.644173    
0.114105     0.257475     43.934706    43.979684    0.008456     0.019081     3.255988    
0.146320     -0.738275    54.535533    54.576238    0.015259     -0.076989    5.687091    
1.739053     -1.713475    25.403256    25.596107    0.083256     -0.082031    1.216158    
0.213678     0.960958     45.073489    45.127192    0.020352     0.091528     4.293090    
0.346693     -0.481560    31.137730    31.205533    0.012362     -0.017171    1.110302    
1.103850     0.343325     18.552363    18.692284    0.006022     0.001873     0.101219    
-0.394132    -0.363312    97.342278    97.363655    -0.081763    -0.075369    20.193768   
-0.435530    1.006733     107.844675   107.868216   -0.010230    0.023646     2.533057    
0.382019     0.091715     9.335777     9.549138     0.033368     0.008011     0.815440    
0.043639     0.159559     92.756667    92.777700    0.001706     0.006237     3.625843    
-1.200027    -0.145779    73.440019    73.476341    -0.147854    -0.017961    9.048439    
1.213135     -1.569544    9.368817     9.776750     0.003157     -0.004084    0.024380    
0.093846     -0.144409    190.214315   190.224578   0.002465     -0.003793    4.995461    
0.296988     -1.153516    29.727826    29.816730    0.001975     -0.007671    0.197705    
-1.758290    -0.513858    36.634559    36.733112    -0.316704    -0.092556    6.598634    
-1.050416    -0.793150    106.342117   106.368478   -0.104910    -0.079216    10.620901   
1.292594     0.082424     19.174104    19.318354    0.025318     0.001614     0.375567    
0.222569     1.332429     54.972439    55.024257    0.027290     0.163376     6.740447    
0.313185     1.197498     34.428261    34.506698    0.018258     0.069811     2.007084    
-0.848930    0.113274     14.836194    14.990701    -0.050267    0.006707     0.878487    
-0.892921    1.104857     20.918298    21.058684    -0.002719    0.003364     0.063688    
-1.118423    -0.060090    9.543337     9.808400     -0.138974    -0.007467    1.185840    
0.075875     0.740185     7.707266     7.989401     0.006494     0.063352     0.659655    
-1.189956    1.100262     31.284751    31.388488    -0.038494    0.035592     1.012034    
-2.081470    -1.079986    19.933006    20.166769    -0.028366    -0.014718    0.271648    
-0.842526    -1.398833    18.506644    18.682543    -0.042689    -0.070876    0.937697    
1.170832     -0.122891    32.680188    32.760579    0.013556     -0.001423    0.378381    
0.243753     -1.285122    91.308603    91.339186    0.000811     -0.004274    0.303682    
-0.388761    -0.494004    16.942225    17.067780    -0.001975    -0.002509    0.086061    
-0.422311    0.486254     19.935850    20.043150    -0.019913    0.022929     0.940042    
0.560176     0.959799     33.884441    33.959760    0.111354     0.190793     6.735704    
1.456556     0.104931     51.901969    51.959811    0.028388     0.002045     1.011564    
0.935603     -1.462854    42.702539    42.783140    0.074137     -0.115916    3.383725    
-0.939885    0.448824     9.738351     9.989757     -0.069730    0.033298     0.722488    
0.292554     0.600307     136.805492   136.821283   0.041007     0.084145     19.175925   
-1.512005    0.945454     43.398287    43.479493    -0.079039    0.049423     2.268602    
-0.946820    0.416130     29.431191    29.515074    -0.047894    0.021050     1.488757    
-0.052619    -0.430465    107.783891   107.802737   -0.008624    -0.070552    17.665520   
-0.956619    -1.073056    127.282306   127.305644   -0.162071    -0.181798    21.564297   
0.553581     -0.017483    10.910984    11.100958    0.004007     -0.000127    0.078972    
0.905999     -0.219379    69.391850    69.426024    0.001642     -0.000398    0.125783    
1.203133     1.570065     13.393557    13.681190    0.058893     0.076854     0.655612    
-0.992094    0.528418     7.924369     8.242211     -0.091135    0.048541     0.727944    
0.867100     0.344293     40.477128    40.535703    0.146550     0.058190     6.841117    
0.235833     0.289496     94.489298    94.510539    0.014273     0.017521     5.718657    
0.544181     0.096441     14.940941    15.080189    0.026456     0.004689     0.726365    
0.326655     2.008253     72.839528    72.894524    0.004932     0.030323     1.099829    
-0.434445    -1.067552    35.884045    35.956474    -0.011123    -0.027332    0.918713    
-0.767267    -0.543447    20.428340    20.544490    -0.010670    -0.007557    0.284074    
1.770695     0.268416     32.809486    32.917240    0.024368     0.003694     0.451525    
-1.045969    -0.111818    75.385607    75.418640    -0.021969    -0.002349    1.583389    
-0.183752    -0.960782    35.057201    35.126046    -0.011493    -0.060092    2.192655    
-0.470910    0.108910     47.820125    47.863064    -0.005744    0.001328     0.583258    
-1.490759    0.295444     12.569627    12.813280    -0.125445    0.024861     1.057716    
0.463641     -1.620963    40.802929    40.885162    0.051249     -0.179175    4.510189    
1.331741     -0.390304    9.603794     9.901196     0.570632     -0.167240    4.115089    
-0.492706    -0.932309    19.856888    19.982064    -0.040874    -0.077342    1.647287    
2.381426     1.622423     23.304751    23.564588    0.239160     0.162936     2.340432    
-0.390126    0.529027     86.889851    86.914632    -0.005143    0.006975     1.145543    
0.083387     -0.428487    27.257086    27.331562    0.006383     -0.032800    2.086457    
-1.516844    0.944864     11.788332    12.084424    -0.053540    0.033351     0.416091    
-0.314976    0.699833     56.610026    56.649439    -0.007802    0.017334     1.402161    
-0.647570    -1.788353    42.503047    42.591096    -0.003100    -0.008560    0.203453    
-0.195858    1.501434     24.186453    24.313620    -0.011629    0.089147     1.436068    
0.711812     2.667832     16.766478    17.105957    0.073373     0.274998     1.728277    
0.389217     -0.410414    61.002525    61.036898    0.002579     -0.002720    0.404248    
-2.062662    -1.315481    49.911281    50.009959    -0.854419    -0.544913    20.674798   
-0.060980    -0.074578    11.397437    11.566581    -0.001033    -0.001263    0.193053    
-0.935431    -0.200319    11.168407    11.380836    -0.130096    -0.027859    1.553254    
0.245102     -1.195789    13.877801    14.069765    0.012641     -0.061673    0.715747    
-0.633912    -1.019176    10.220100    10.476925    -0.034579    -0.055594    0.557489    
0.490880     1.093807     60.939427    60.982998    0.049537     0.110382     6.149734    
1.193038     -1.165822    38.802413    38.888105    0.135092     -0.132011    4.393748    
-0.195487    0.559898     47.561452    47.605865    -0.018541    0.053104     4.511043    
-1.696761    0.015454     65.344036    65.395697    -0.048189    0.000439     1.855804    
0.810777     -0.425016    10.333435    10.559016    0.113418     -0.059455    1.445524    
0.583094     -0.514917    53.618861    53.660622    0.060103     -0.053076    5.526837    
0.945934     0.703695     73.262714    73.298637    0.123559     0.091917     9.569658    
0.533304     -0.494609    17.207903    17.335395    0.002839     -0.002633    0.091596    
1.182737     -0.354681    59.185407    59.231006    0.102750     -0.030813    5.141702    
-0.331109    0.535659     17.888930    18.007924    -0.045463    0.073548     2.456229    
-0.569021    -0.371804    37.133408    37.191759    -0.037168    -0.024286    2.425524    
0.121781     0.221044     27.411016    27.482766    0.001100     0.001997     0.247590    
-0.062802    -0.156044    55.865163    55.900086    -0.000252    -0.000625    0.223834    
-0.576354    0.230588     16.916943    17.042396    -0.021916    0.008768     0.643275    
-1.620075    1.051552     25.911229    26.057574    -0.089504    0.058095     1.431505    
0.060543     1.359144     28.666384    28.766082    0.005326     0.119574     2.521999    
-1.069811    -1.732990    45.167224    45.255948    -0.001505    -0.002439    0.063555    
0.099932     -0.329039    66.660963    66.690908    0.003613     -0.011896    2.410099    
1.291990     0.120172     63.798703    63.842252    0.121128     0.011267     5.981306    
0.118162     0.802111     76.064710    76.094496    0.012963     0.087996     8.344756    
-1.536133    1.427378     79.709869    79.761741    -0.252266    0.234406     13.090056   
-1.076711    -0.584073    20.604321    20.734354    -0.069745    -0.037834    1.334667    
0.379094     -0.730163    12.859006    13.034794    0.001350     -0.002600    0.045787    
-0.509645    0.101104     22.240027    22.333018    -0.014520    0.002881     0.633645    
0.026566     -1.436997    15.690106    15.878288    0.001477     -0.079869    0.872061    
-1.022310    1.810296     31.568114    31.697682    -0.000253    0.000449     0.007823    
0.637699     1.073992     94.098573    94.127448    0.042883     0.072222     6.327770    
-0.296023    0.094740     91.647400    91.669065    -0.018140    0.005806     5.616044    
0.665428     -0.416285    4.578753     5.045396     0.105510     -0.066006    0.726004    
1.637301     -2.358339    34.345479    34.521434    0.062388     -0.089863    1.308715    
0.430973     -1.295891    32.069847    32.159215    0.040421     -0.121541    3.007811    
-0.768824    0.645301     63.569244    63.607635    -0.037040    0.031089     3.062632    
-0.102151    0.490172     82.875096    82.899983    -0.004583    0.021992     3.718239    
-1.028621    -0.450342    7.394480     7.733961     -0.052937    -0.023176    0.380546    
1.070012     -0.042451    27.623839    27.714584    0.113180     -0.004490    2.921890    
0.178873     1.036847     19.438109    19.565840    0.011345     0.065762     1.232860    
-2.320957    0.704439     12.139504    12.534974    -0.191896    0.058243     1.003690    
0.299285     -0.188602    28.626431    28.696213    0.051829     -0.032661    4.957425    
1.995728     -0.979176    92.018208    92.066102    0.040211     -0.019729    1.854049    
-0.562710    3.193628     28.455700    28.707451    -0.058982    0.334751     2.982678    
0.932057     -1.711058    65.275480    65.334216    0.019349     -0.035521    1.355095    
1.370266     0.586394     61.074002    61.123892    0.107658     0.046071     4.798429    
0.499412     1.516241     58.508154    58.563021    0.020220     0.061389     2.368871    
0.879760     1.056468     145.739044   145.758822   0.286610     0.344178     47.479100   
0.907360     0.042758     97.127725    97.151918    0.066572     0.003137     7.126175    
0.952213     -0.860049    56.623742    56.672476    0.076217     -0.068840    4.532303    
-0.970223    -0.789280    15.034534    15.214351    -0.084879    -0.069049    1.315274    
-0.096870    0.587271     31.111831    31.179725    -0.006949    0.042127     2.231780    
2.151550     1.284854     22.021800    22.251172    0.295410     0.176412     3.023617    
-0.202652    -0.029374    32.380961    32.441386    -0.013931    -0.002019    2.225954    
-2.208419    -0.620482    49.114201    49.207132    -0.050501    -0.014189    1.123125    
-1.190251    0.882046     50.336216    50.396471    -0.001214    0.000899     0.051331    
-0.241323    2.970748     111.134980   111.192366   -0.000727    0.008945     0.334618    
1.831290     -0.155772    15.068714    15.307482    0.170337     -0.014489    1.401611    
-0.586898    0.488938     58.554782    58.592841    -0.030520    0.025425     3.044930    
-2.738459    -0.130727    56.573440    56.674026    -0.274799    -0.013118    5.677038    
0.262230     -0.066958    12.617349    12.772850    0.000194     -0.000050    0.009333    
-0.073534    -0.008557    7.860888     8.103949     -0.008701    -0.001013    0.930203    
0.289776     -0.284527    11.605578    11.778342    0.002627     -0.002579    0.105196    
0.210778     -0.970206    22.370820    22.479196    0.032221     -0.148311    3.419725    
-0.366196    -1.417629    17.688883    17.858200    -0.028840    -0.111646    1.393101    
0.924330     0.779561     34.406096    34.483568    0.079044     0.066664     2.942240    
0.899230     0.332141     16.719811    16.862561    0.050675     0.018718     0.942231    
-0.959817    0.360228     80.833965    80.864429    -0.007748    0.002908     0.652491    
0.542288     -0.324810    112.445371   112.464376   0.024120     -0.014447    5.001279    
0.278660     -0.003192    5.311928     5.671789     0.057547     -0.000659    1.096984    
0.504563     -2.160418    52.106925    52.191269    0.042705     -0.182852    4.410200    
0.440929     0.721201     10.429715    10.647463    0.010918     0.017858     0.258252    
-0.706965    -0.834170    19.347483    19.478082    -0.113973    -0.134481    3.119109    
-0.369942    0.319105     158.181050   158.194053   -0.020002    0.017253     8.552497    
-1.946049    -1.805631    18.286702    18.582945    -0.091323    -0.084733    0.858147    
0.725079     -0.664981    12.951780    13.137408    0.155825     -0.142909    2.783432    
2.305903     1.482093     30.896828    31.080585    0.165387     0.106301     2.216026    
0.366403     2.258657     125.531552   125.567835   0.001834     0.011307     0.628422    
0.323885     0.896596     21.829341    21.938638    0.015727     0.043535     1.059942    
0.272362     -1.200921    83.410088    83.442400    0.015833     -0.069812    4.848810    
0.811130     -0.289905    13.148378    13.322791    0.152839     -0.054626    2.477514    
-0.400983    -0.245999    43.277806    43.325106    -0.034199    -0.020981    3.691038    
0.109434     -0.228382    54.143877    54.180241    0.003196     -0.006669    1.581045    
-0.934129    -1.402839    48.162501    48.232168    -0.090070    -0.135264    4.643916    
-0.511686    -0.030865    10.352265    10.550219    -0.042048    -0.002536    0.850694    
-0.977159    -0.546294    28.106994    28.198073    -0.280744    -0.156954    8.075327    
0.050288     -0.262996    41.547290    41.594759    0.003615     -0.018903    2.986287    
2.085000     -0.292177    35.507578    35.624368    0.336122     -0.047102    5.724159    
0.492003     2.534304     28.568529    28.752401    0.004677     0.024094     0.271600    
-0.112392    0.170000     16.092634    16.213863    -0.008161    0.012344     1.168513    
-0.655057    0.769611     43.783615    43.839495    -0.032541    0.038232     2.175020    
-1.840408    -0.015649    45.589313    45.668893    -0.138875    -0.001181    3.440103    
-0.052694    1.108785     55.228408    55.274625    -0.016517    0.347557     17.311762   
1.624120     0.022169     47.366123    47.434827    0.074344     0.001015     2.168169    
1.713583     0.196903     27.205686    27.331290    0.265104     0.030462     4.208929    
-0.280215    1.266380     25.430344    25.539373    -0.032807    0.148265     2.977320    
-0.861216    0.847826     99.545110    99.571906    -0.065529    0.064510     7.574289    
1.517265     -0.088391    23.972210    24.100865    0.137943     -0.008036    2.179445    
-1.990290    1.046815     31.781497    31.921710    -0.160935    0.084646     2.569856    
0.379348     -0.527470    14.316509    14.465805    0.010743     -0.014938    0.405451    
-0.235315    0.050736     28.111249    28.181115    -0.012284    0.002649     1.467515    
-1.509533    0.678112     35.509450    35.602451    -0.065147    0.029265     1.532490    
-0.708697    0.543578     54.586200    54.628984    -0.011732    0.008998     0.903603    
0.509933     -0.126092    8.696631     8.932092     0.050160     -0.012403    0.855455    
0.479607     -0.456630    17.823177    17.943776    0.002391     -0.002276    0.088846    
-3.214113    -0.113115    45.102487    45.259834    -0.230330    -0.008106    3.232137    
-1.726294    0.420483     33.472736    33.577611    -0.085626    0.020856     1.660289    
1.074996     0.239147     22.213817    22.328042    0.026841     0.005971     0.554653    
1.042961     0.553106     32.793683    32.873915    0.063669     0.033765     2.001923    
-1.363075    -0.443241    59.501236    59.551041    -0.208310    -0.067738    9.093199    
-0.163493    0.404763     77.757861    77.783999    -0.010252    0.025380     4.875660    
0.359696     -0.409838    28.597764    28.670620    0.010017     -0.011413    0.796380    
0.439354     -0.645382    13.900690    14.061070    0.028275     -0.041535    0.894602    
-0.522373    1.043264     22.574544    22.690224    -0.018829    0.037605     0.813708    
0.596343     -2.116723    63.586440    63.654901    0.029932     -0.106243    3.191546    
0.469660     -0.505846    23.696341    23.787980    0.039663     -0.042719    2.001189    
-0.550158    -0.133260    93.433620    93.456068    -0.064538    -0.015632    10.960536   
-1.122257    -0.459268    30.477276    30.564844    -0.005897    -0.002413    0.160152    
0.561864     -0.144770    70.937351    70.967030    0.028632     -0.007377    3.614841    
-0.024725    1.149309     27.135101    27.230684    -0.000154    0.007179     0.169501    
-0.379444    0.122648     24.333310    24.416060    -0.029115    0.009411     1.867110    
-0.000384    -0.240693    5.307490     5.665892     -0.000000    -0.000069    0.001511    
2.110501     0.149525     119.879789   119.914616   0.069143     0.004899     3.927421    
-0.611329    -1.528023    47.729159    47.798077    -0.150909    -0.377198    11.782104   
-0.294819    0.978977     99.781438    99.806090    -0.005109    0.016965     1.729130    
1.427899     1.937796     14.729861    15.054491    0.004273     0.005799     0.044083    
-0.716904    0.123003     57.409942    57.448286    -0.008908    0.001528     0.713317    
-0.179985    -0.016505    33.871802    33.929435    -0.038161    -0.003500    7.181692    
0.243448     1.200663     19.174941    19.314611    0.044297     0.218471     3.489043    
-0.206297    0.068122     62.713782    62.745045    -0.028080    0.009273     8.536404    
4.414738     0.566427     130.380291   130.471093   0.238060     0.030544     7.030607    
1.503472     -0.950232    60.490596    60.548745    0.077559     -0.049019    3.120503    
-0.551933    0.327374     15.630884    15.767413    -0.012395    0.007352     0.351021    
1.057367     -0.099657    74.836618    74.870036    0.006883     -0.000649    0.487186    
0.062882     -0.769246    33.810656    33.876704    0.001660     -0.020308    0.892598    
-0.484770    1.104941     61.465708    61.509058    -0.048175    0.109805     6.108254    
1.059444     1.610493     69.535208    69.589771    0.108269     0.164583     7.106116    
0.000047     -0.511207    11.298464    11.480051    0.000012     -0.137252    3.033472    
0.701444     0.933968     30.809441    30.894351    0.030788     0.040994     1.352281    
0.683426     -0.016523    89.079141    89.103510    0.019064     -0.000461    2.484803    
-1.696232    1.114072     74.016761    74.070738    -0.011007    0.007229     0.480282    
-0.533724    -0.052584    56.335706    56.372639    -0.005855    -0.000577    0.618010    
-0.504420    -0.207943    13.179722    13.337080    -0.024191    -0.009972    0.632062    
-0.290029    -0.223676    43.783763    43.829522    -0.008987    -0.006931    1.356677    
0.012194     0.544422     57.427406    57.463714    0.001379     0.061584     6.496126    
-0.504627    -0.784367    41.488953    41.546095    -0.045217    -0.070283    3.717591    
-0.178773    -0.584279    19.198206    19.308532    -0.035388    -0.115658    3.800290    
2.373742     0.556673     77.846225    77.909269    0.030813     0.007226     1.010499    
-2.081604    -1.112439    22.154079    22.366242    -0.050211    -0.026834    0.534387    
1.148598     0.716019     80.343574    80.379081    0.423215     0.263826     29.603543   
1.046411     -0.331899    19.260971    19.392398    0.015571     -0.004939    0.286619    
-2.152018    1.240261     42.468829    42.586920    -0.315439    0.181795     6.225002    
-1.444715    -0.032694    42.237708    42.308240    -0.144933    -0.003280    4.237272    
1.500355     1.564600     18.740032    18.967414    0.092935     0.096915     1.160797    
-0.221094    -0.013830    115.855082   115.872016   -0.013825    -0.000865    7.244241    
-0.640564    -0.192441    30.751455    30.821653    -0.051158    -0.015369    2.455928    
-0.275960    1.224795     25.235365    25.343142    -0.018730    0.083128     1.712757    
0.315566     2.094148     22.526666    22.711465    0.044160     0.293053     3.152353    
-2.445968    -1.543538    61.356641    61.456307    -0.212596    -0.134160    5.332937    
-0.804218    1.631271     30.384301    30.502271    -0.004837    0.009812     0.182764    
0.444167     -0.502693    107.354451   107.374592   0.039897     -0.045155    9.643138    
0.457971     -0.261033    61.038074    61.072082    0.030868     -0.017594    4.114049    
0.385101     1.227152     21.584209    21.711914    0.008629     0.027497     0.483633    
0.810061     0.063005     33.933033    33.999792    0.023537     0.001831     0.985957    
-0.093247    -0.671996    26.074565    26.157564    -0.026580    -0.191555    7.432642    
0.976757     0.555335     15.709659    15.872328    0.005873     0.003339     0.094457    
-0.800790    0.422815     57.529443    57.570234    -0.050655    0.026746     3.639082    
-0.937974    2.942482     35.170638    35.360807    -0.126949    0.398248     4.760144    
0.031635     0.198991     101.310639   101.329962   0.001016     0.006391     3.253843    
-0.304108    -0.162976    2.820765     3.456980     -0.055653    -0.029825    0.516207    
0.173089     1.248342     9.346101     9.633944     0.010622     0.076604     0.573522    
-1.391254    -0.487442    28.815825    28.920579    -0.166994    -0.058508    3.458808    
-2.440656    -0.635715    33.511993    33.664366    -0.198085    -0.051595    2.719850    
1.789215     -0.306971    66.043719    66.097982    0.066705     -0.011444    2.462233    
1.631224     0.819460     70.123660    70.175032    0.108268     0.054389     4.654249    
2.580570     -0.128975    108.296986   108.345688   0.136905     -0.006842    5.745387    
0.152446     1.802411     85.745487    85.787152    0.051341     0.607014     28.877269   
1.278631     -1.286390    43.952530    44.033959    0.061899     -0.062274    2.127745    
-0.127740    0.923799     37.204811    37.268521    -0.020579    0.148825     5.993749    
-0.058466    -0.622809    11.917268    12.094938    -0.001713    -0.018253    0.349266    
0.065168     -2.445119    43.001854    43.116322    0.004459     -0.167292    2.942135    
-0.720532    -0.390754    37.324441    37.385301    -0.024053    -0.013044    1.245960    
-1.857662    -0.544744    37.472152    37.573725    -0.195191    -0.057238    3.937338    
0.402844     0.154621     86.558066    86.581522    0.014850     0.005700     3.190698    
0.304430     0.929416     54.119248    54.163867    0.014285     0.043612     2.539481    
-0.568945    -1.204349    81.254303    81.289058    -0.017856    -0.037798    2.550104    
0.056716     -0.555066    40.528659    40.580272    0.000810     -0.007929    0.578937    
-0.970094    0.550405     77.872135    77.904995    -0.018468    0.010478     1.482487    
-1.047776    -1.038216    88.099408    88.133741    -0.059693    -0.059148    5.019091    
1.123756     0.769140     43.319731    43.385809    0.071408     0.048875     2.752726    
1.130145     -0.264818    21.427699    21.549213    0.123492     -0.028937    2.341431    
1.035750     -0.376621    136.977652   136.996229   0.030513     -0.011095    4.035396    
-1.083685    3.294415     19.399914    19.805534    -0.064749    0.196839     1.159130    
0.078055     -0.285960    25.104836    25.183638    0.003045     -0.011156    0.979363    
-0.285103    -1.041087    18.460645    18.596653    -0.000005    -0.000018    0.000324    
-1.168250    -0.180951    89.273547    89.303072    -0.246666    -0.038206    18.849345   
-0.260069    -0.867419    167.388611   167.402635   -0.010633    -0.035466    6.844016    
0.407957     0.553738     22.122124    22.220179    0.028824     0.039124     1.563032    
0.558818     -0.111429    11.996039    12.169824    0.031433     -0.006268    0.674762    
0.576810     -0.088586    25.403295    25.486132    0.067699     -0.010397    2.981548    
-0.713808    -1.317344    15.666871    15.860981    -0.152665    -0.281746    3.350745    
-0.383619    -1.345182    38.169624    38.245939    -0.013127    -0.046030    1.306110    
-0.175130    -2.622009    24.985233    25.200048    -0.036604    -0.548031    5.222213    
0.673110     -0.603329    148.663335   148.679115   0.016841     -0.015096    3.719619    
0.334702     -1.643122    80.379176    80.420761    0.023489     -0.115310    5.640800    
0.500356     0.287805     10.990079    11.179892    0.032298     0.018578     0.709407    
0.103748     0.539290     7.646997     7.915372     0.005097     0.026495     0.375692    
0.702542     -0.516117    101.809852   101.832612   0.014503     -0.010655    2.101782    
1.272864     -1.607824    46.614710    46.701300    0.085835     -0.108423    3.143446    
-1.407188    1.537675     79.803548    79.855031    -0.138619    0.151473     7.861254    
-1.283842    0.235528     27.679642    27.780232    -0.046564    0.008542     1.003930    
1.324385     -0.319646    24.215976    24.334022    0.041065     -0.009911    0.750860    
-0.400834    -0.041508    84.346746    84.370676    -0.000863    -0.000089    0.181626    
0.642825     -0.941732    11.286774    11.513744    0.005645     -0.008269    0.099111    
1.756142     -1.142114    15.340448    15.607458    0.336907     -0.219108    2.942983    
-1.056010    -1.368791    29.676333    29.791751    -0.029332    -0.038020    0.824292    
0.704410     1.276221     26.682800    26.794994    0.046258     0.083808     1.752237    
1.061070     0.776778     123.308556   123.331278   0.035465     0.025963     4.121420    
-0.387355    0.251848     22.256421    22.348081    -0.035208    0.022892     2.022980    
0.740285     0.132365     34.901217    34.964775    0.046716     0.008353     2.202473    
1.476883     -2.241710    56.451629    56.549693    0.028100     -0.042652    1.074075    
-0.818314    -0.742104    22.513205    22.626084    -0.024295    -0.022032    0.668389    
0.980715     1.589955     93.399911    93.439328    0.047314     0.076706     4.505977    
0.055446     0.565685     38.227395    38.282264    0.011125     0.113505     7.670338    
-0.410229    -0.377423    8.625372     8.864690     -0.027264    -0.025084    0.573253    
-1.286194    0.317153     31.962121    32.050070    -0.050581    0.012472     1.256939    
-1.133243    -2.795342    78.602853    78.685333    -0.060186    -0.148459    4.174544    
0.408889     1.461721     40.554517    40.630625    0.070647     0.252553     7.006929    
-0.874008    -0.880732    12.131870    12.353008    -0.025207    -0.025401    0.349897    
0.680946     1.018682     25.429059    25.534553    0.006918     0.010349     0.258329    
0.236422     2.138105     72.290902    72.349684    0.006493     0.058716     1.985218    
-1.389644    0.458051     153.789518   153.809076   -0.079012    0.026044     8.744110    
0.730692     -0.114093    10.515764    10.723953    0.166094     -0.025934    2.390349    
1.684563     -0.276196    14.714267    14.943180    0.064330     -0.010547    0.561910    
-1.197597    0.631867     16.053598    16.230417    -0.105070    0.055436     1.408449    
-1.126669    0.514082     115.935446   115.958770   -0.029873    0.013630     3.073919    
0.569162     -0.070980    22.396616    22.490272    0.058208     -0.007259    2.290490    
0.005096     -1.306772    127.737255   127.759105   0.000199     -0.050984    4.983658    
0.654591     1.077188     6.847877     7.235827     0.045850     0.075451     0.479655    
0.151441     1.112965     33.928665    34.004277    0.014029     0.103101     3.143028    
1.762744     -0.127884    25.453877    25.590983    0.018776     -0.001362    0.271125    
-0.057752    -0.058789    4.437492     4.855212     -0.006822    -0.006945    0.524192    
-0.305527    1.322062     54.287777    54.340398    -0.024274    0.105039     4.313232    
-1.470095    -0.283291    59.097893    59.149618    -0.177050    -0.034118    7.117439    
0.255621     1.534235     36.328647    36.415173    0.016054     0.096355     2.281558    
-0.787686    -0.216027    52.453347    52.496625    -0.006562    -0.001800    0.436976    
1.331345     -2.535911    27.069061    27.291250    0.000423     -0.000806    0.008602    
1.556919     0.653567     118.880494   118.908780   0.029330     0.012312     2.239520    
-0.462543    -0.578103    16.496122    16.629646    -0.036047    -0.045052    1.285568    
-0.309077    0.770883     16.902074    17.036574    -0.047618    0.118767     2.604030    
-0.357883    -1.642028    41.175768    41.257038    -0.017725    -0.081325    2.039316    
0.595930     -1.014974    34.880796    34.956118    0.052974     -0.090223    3.100635    
0.204413     0.778754     116.229833   116.249290   0.010544     0.040170     5.995398    
0.789926     1.574178     29.363886    29.482448    0.026112     0.052036     0.970661    
0.175716     -0.799811    19.376160    19.493104    0.016083     -0.073206    1.773478    
1.105907     1.099227     88.067279    88.103076    0.070097     0.069674     5.582069    
-0.016114    -0.674480    7.501271     7.784549     -0.001553    -0.065020    0.723120    
-1.930369    -0.172913    45.984561    46.067462    -0.051907    -0.004650    1.236506    
-0.553983    -0.047052    134.312387   134.327962   -0.061741    -0.005244    14.968913   
-0.369128    1.474989     93.782709    93.815688    -0.030868    0.123345     7.842509    
0.257416     0.729223     36.435272    36.496603    0.002031     0.005754     0.287508    
1.052774     0.285228     100.709627   100.734768   0.110695     0.029991     10.589217   
0.725176     -0.805255    23.121122    23.230058    0.022519     -0.025005    0.717973    
0.178481     -0.895280    73.666547    73.698497    0.001030     -0.005169    0.425322    
0.779874     -0.570468    66.821231    66.857202    0.026581     -0.019444    2.277552    
-0.649618    -0.512814    58.011138    58.050427    -0.076506    -0.060394    6.831979    
0.154186     3.790442     74.829063    74.951017    0.007416     0.182315     3.599171    
-0.303884    -0.912074    37.011151    37.075929    -0.000759    -0.002279    0.092472    
-1.548524    2.041338     56.944196    57.035791    -0.063580    0.083815     2.338055    
0.598542     0.405297     13.721431    13.880747    0.080784     0.054702     1.851944    
0.498552     -0.232910    22.324811    22.418183    0.027458     -0.012828    1.229545    
0.583370     -0.451271    74.201464    74.231235    0.010943     -0.008465    1.391932    
0.915848     -0.394326    28.384356    28.470000    0.055283     -0.023803    1.713362    
-0.240129    -1.099672    62.572292    62.613366    -0.021512    -0.098512    5.605443    
-0.449434    -0.032025    29.072185    29.142236    -0.030115    -0.002146    1.948002    
-0.995471    0.731950     30.186562    30.275901    -0.080709    0.059344     2.447406    
-0.379155    1.142192     19.483448    19.619584    -0.012177    0.036683     0.625736    
-0.215524    -1.783121    49.010184    49.082574    -0.084000    -0.694968    19.101640   
-0.653644    -1.290484    53.750657    53.806140    -0.167804    -0.331295    13.798933   
0.149930     0.760898     9.707802     9.935684     0.022822     0.115824     1.477726    
-1.222979    -1.815781    26.959682    27.119958    -0.082453    -0.122420    1.817622    
-1.653572    -1.888481    28.393538    28.572165    -0.006197    -0.007078    0.106417    
-1.527675    -0.706514    37.109619    37.199889    -0.097427    -0.045058    2.366652    
-0.121431    -0.315970    99.576261    99.596291    -0.010152    -0.026417    8.325065    
-0.789671    0.296925     33.462535    33.530999    -0.121709    0.045764     5.157470    
0.877961     -0.937751    9.904740     10.179834    0.002434     -0.002600    0.027463    
-1.442879    0.658500     19.961318    20.120753    -0.284250    0.129726     3.932412    
-1.343903    0.331686     12.470543    12.700610    -0.009290    0.002293     0.086205    
-0.629513    0.070386     26.344415    26.425450    -0.161982    0.018111     6.778784    
0.613860     2.140724     45.505565    45.602532    0.042905     0.149622     3.180520    
0.187091     2.219926     30.313616    30.459044    0.014030     0.166477     2.273279    
0.101517     0.354184     10.405997    10.596956    0.003487     0.012167     0.357464    
-1.223336    -1.383370    41.065516    41.154122    -0.127921    -0.144656    4.294127    
-0.193789    -0.907059    14.176575    14.342613    -0.016875    -0.078985    1.234467    
-0.737671    0.236106     58.253278    58.291674    -0.092023    0.029454     7.266977    
-1.232103    0.085596     8.591269     8.900014     -0.022980    0.001596     0.160236    
0.359045     -0.026792    24.674276    24.755292    0.002476     -0.000185    0.170151    
-0.802126    0.505263     68.013784    68.048869    -0.078228    0.049276     6.633075    
0.381549     -1.582524    23.169008    23.309393    0.006485     -0.026895    0.393764    
-1.735000    -0.404220    20.840267    21.008696    -0.181780    -0.042351    2.183481    
-0.021325    -1.671257    32.239455    32.342711    -0.002039    -0.159791    3.082461    
0.092338     -0.090473    5.432210     5.779322     0.000040     -0.000039    0.002352    
-0.090509    -1.724690    45.511776    45.587053    -0.027592    -0.525770    13.874224   
1.468091     -1.223688    155.942833   155.966967   0.148485     -0.123765    15.772271   
-0.216570    -0.633465    15.654295    15.791773    -0.024261    -0.070964    1.753666    
1.031047     -0.635081    33.580541    33.659978    0.006819     -0.004200    0.222105    
0.180368     1.471344     51.015397    51.074877    0.008136     0.066365     2.301065    
-0.117050    0.455650     34.732382    34.791301    -0.002586    0.010068     0.767440    
-1.363434    -2.244139    35.026645    35.180050    -0.204121    -0.335973    5.243883    
0.110306     0.261836     28.810583    28.879151    0.004957     0.011767     1.294762    
-0.315227    -0.053923    26.059031    26.135231    -0.043237    -0.007396    3.574264    
0.360257     -0.616701    12.244570    12.422340    0.006740     -0.011538    0.229092    
-0.115201    0.138729     34.525214    34.581757    -0.029285    0.035266     8.776685    
0.157843     0.580303     45.898613    45.944742    0.003456     0.012706     1.004938    
-1.596404    2.289320     51.630250    51.743088    -0.085789    0.123026     2.774556    
0.092540     -0.390473    11.684741    11.856187    0.012890     -0.054390    1.627589    
0.518253     -0.285702    149.507431   149.521561   0.021766     -0.011999    6.279098    
1.231449     0.186247     50.848129    50.901457    0.017285     0.002614     0.713702    
-0.196035    -1.660129    127.261995   127.288196   -0.020050    -0.169797    13.016284   
-0.256948    -0.980716    21.728059    21.840589    -0.059140    -0.225726    5.001014    
-1.080679    1.390553     46.042761    46.118459    -0.004916    0.006326     0.209459    
-1.391582    1.020430     51.065122    51.132176    -0.131905    0.096724     4.840348    
-2.015010    0.209749     47.585846    47.669612    -0.116936    0.012172     2.761513    
0.912624     1.213900     51.319644    51.379833    0.036547     0.048612     2.055150    
-0.829274    0.150577     140.364597   140.380930   -0.093062    0.016898     15.751914   
0.633875     0.296618     79.563437    79.590861    0.033535     0.015693     4.209310    
-0.275475    -0.007141    56.151685    56.186855    -0.071789    -0.001861    14.633204   
-1.901961    0.063246     23.518785    23.677619    -0.065388    0.002174     0.808556    
1.057672     -0.086685    75.805968    75.838947    0.009853     -0.000808    0.706202    
-2.249526    -0.712498    73.025663    73.090290    -0.262746    -0.083220    8.529452    
0.435293     -1.450108    87.258507    87.293839    0.056008     -0.186581    11.227275   
-0.101497    -2.099109    44.692502    44.785168    -0.009108    -0.188364    4.010482    
-1.630872    0.846611     44.669562    44.750656    -0.011888    0.006171     0.325602    
0.823483     -0.066168    8.561573     8.823718     0.017135     -0.001377    0.178153    
0.359232     0.918901     16.905948    17.048737    0.062473     0.159802     2.940042    
0.032821     -0.405696    39.491423    39.542548    0.001723     -0.021297    2.073124    
0.585232     -0.614371    11.197906    11.401228    0.088808     -0.093230    1.699259    
0.421020     2.006593     23.692312    23.862193    0.028887     0.137676     1.625569    
-0.952972    0.517269     19.618488    19.746791    -0.035526    0.019283     0.731365    
0.200302     -0.263214    26.627314    26.702026    0.014699     -0.019316    1.954093    
-0.215176    1.677934     66.271371    66.322178    -0.036292    0.283001     11.177353   
2.316359     0.613230     73.793049    73.858179    0.021888     0.005795     0.697298    
-0.999518    -0.450272    15.983841    16.141868    -0.034904    -0.015724    0.558175    
0.413960     0.315932     76.158551    76.185767    0.022968     0.017529     4.225617    
-0.267163    -0.889763    9.639591     9.882293     -0.052543    -0.174989    1.895806    
-1.184479    -0.034015    155.675797   155.692752   -0.027138    -0.000779    3.566699    
-0.182633    -0.096521    23.390968    23.474561    -0.013430    -0.007098    1.720098    
3.293700     2.329118     115.834730   115.921667   0.225937     0.159770     7.945885    
-1.149321    -1.267744    18.170540    18.356786    -0.013230    -0.014593    0.209162    
-0.238312    2.093463     44.079279    44.173489    -0.018427    0.161873     3.408350    
0.015181     -0.600517    25.595781    25.678392    0.000220     -0.008687    0.370280    
0.295508     0.735778     86.321126    86.347208    0.011163     0.027795     3.260902    
0.035123     0.892350     50.460115    50.506392    0.003045     0.077362     4.374616    
0.284710     -0.964643    62.613669    62.652678    0.002530     -0.008570    0.556295    
2.751447     0.612697     17.433597    17.769387    0.012251     0.002728     0.077623    
1.565392     0.062167     10.196695    10.502470    0.025611     0.001017     0.166827    
0.987753     -0.064716    38.884323    38.946699    0.042349     -0.002775    1.667115    
0.203337     -0.560122    52.353896    52.394278    0.011249     -0.030987    2.896288    
-0.321000    -0.074391    26.422816    26.498089    -0.005728    -0.001327    0.471489    
1.677421     0.629296     36.321715    36.419111    0.267252     0.100262     5.786897    
0.219266     -0.394425    24.520658    24.603684    0.004051     -0.007286    0.452972    
1.670327     1.539468     23.906099    24.094324    0.095644     0.088151     1.368885    
0.589918     -0.808088    43.376217    43.432386    0.013794     -0.018895    1.014237    
-0.631434    1.056365     25.564346    25.669542    -0.043466    0.072717     1.759766    
0.133822     2.901888     86.508849    86.579991    0.032800     0.711255     21.203392   
-1.464644    -0.084709    13.501300    13.722697    -0.190488    -0.011017    1.755949    
0.342385     -0.102556    55.813525    55.849371    0.013042     -0.003907    2.126073    
-0.699859    0.999921     22.897801    23.014645    -0.050852    0.072654     1.663750    
-0.120330    0.380512     11.810179    11.979756    -0.001416    0.004477     0.138953    
0.331812     1.215374     13.366844    13.569624    0.001472     0.005391     0.059294    
0.678605     0.795091     29.579119    29.662972    0.012760     0.014950     0.556185    
1.077348     0.812910     19.767412    19.910978    0.090938     0.068617     1.668558    
0.986434     -0.267832    36.733553    36.800457    0.144461     -0.039223    5.379563    
-0.068553    0.276355     22.644824    22.732006    -0.000041    0.000165     0.013540    
0.301273     -0.778450    38.998232    39.056802    0.024146     -0.062391    3.125628    
2.228860     -1.169081    14.809305    15.150083    0.151838     -0.079642    1.008863    
-0.228752    0.186792     69.367656    69.396209    -0.016864    0.013770     5.113760    
0.000548     0.439940     35.923576    35.980158    0.000020     0.016428     1.341463    
-0.627998    0.407559     8.424631     8.683884     -0.157687    0.102336     2.115378    
0.080347     -0.092673    93.145748    93.166627    0.010589     -0.012213    12.275686   
-0.391387    -1.093693    89.983067    90.012092    -0.030897    -0.086338    7.103446    
-0.578735    0.096415     25.414066    25.496939    -0.011163    0.001860     0.490218    
-0.255509    0.644364     40.632244    40.685805    -0.002971    0.007492     0.472405    
-1.882935    1.722246     37.734239    37.871617    -0.087564    0.080091     1.754793    
0.637758     -0.807048    36.677050    36.744237    0.026543     -0.033589    1.526480    
-1.242305    0.228971     47.773777    47.830999    -0.020961    0.003863     0.806086    
0.667428     1.322254     37.029576    37.111430    0.033193     0.065759     1.841561    
-0.329924    0.370212     48.809499    48.851694    -0.007143    0.008015     1.056709    
-1.068635    -0.486411    64.876446    64.916922    -0.018576    -0.008455    1.127770    
0.172138     -1.480050    38.153989    38.233781    0.000791     -0.006802    0.175337    
-0.290270    -1.589818    59.350307    59.404929    -0.011544    -0.063227    2.360345    
2.520373     0.189173     15.401062    15.730726    0.319013     0.023944     1.949371    
-1.077155    -1.076885    40.562217    40.638508    -0.016906    -0.016902    0.636630    
0.058017     -0.690128    26.185630    26.268647    0.000549     -0.006527    0.247663    
0.875777     1.060113     81.042048    81.077613    0.180297     0.218247     16.684240   
-1.712313    1.405975     57.841418    57.917297    -0.031051    0.025496     1.048900    
-0.477909    0.021200     27.836530    27.910145    -0.043999    0.001952     2.562809    
-1.082344    1.473345     108.851491   108.884638   -0.041640    0.056682     4.187698    
0.503621     1.135111     21.729652    21.853943    0.010060     0.022675     0.434065    
-2.306655    -0.183678    17.189464    17.455859    -0.191989    -0.015288    1.430727    
-0.101339    0.484375     154.777421   154.790729   -0.004061    0.019411     6.202528    
0.311557     0.579674     9.771158     9.989172     0.016620     0.030923     0.521243    
-1.157370    1.024719     20.128178    20.283197    -0.083022    0.073506     1.443860    
-0.289620    1.149854     12.655371    12.862326    -0.072966    0.289693     3.188380    
-0.228278    -0.004152    14.953184    15.083925    -0.017547    -0.000319    1.149406    
-0.314811    -0.932036    27.566201    27.653900    -0.007104    -0.021033    0.622079    
-0.146478    -0.191162    76.527680    76.553372    -0.004178    -0.005452    2.182579    
-0.956248    0.138440     28.891549    28.974646    -0.038627    0.005592     1.167058    
