-0.203014    1.158952     58.148301    58.193507    -0.017305    0.098789     4.956535    
0.776351     1.189903     126.686021   126.709279   0.059943     0.091874     9.781632    
1.169948     -0.193299    57.961893    58.007431    0.389722     -0.064390    19.307724   
-0.233566    -0.679342    149.146274   149.160993   -0.002021    -0.005878    1.290561    
0.695023     -0.016771    20.885896    20.989973    0.023164     -0.000559    0.696089    
-2.990476    -1.003733    84.960000    85.041325    -0.030700    -0.010304    0.872191    
-0.167960    -1.059653    30.275919    30.358809    -0.015004    -0.094659    2.704551    
-1.574395    -0.841440    71.428587    71.478001    -0.057103    -0.030519    2.590687    
0.209975     -0.978458    58.345994    58.387768    0.005746     -0.026776    1.596657    
0.853349     0.025683     70.549263    70.581884    0.142551     0.004290     11.785156   
-0.952282    -0.058427    21.503141    21.614122    -0.257520    -0.015800    5.814963    
0.844562     -0.338919    8.728170     8.993557     0.008821     -0.003540    0.091158    
-1.279499    -0.447319    27.274303    27.378820    -0.181657    -0.063508    3.872269    
1.405163     -0.256271    18.205907    18.367639    0.055703     -0.010159    0.721716    
0.153631     -0.237596    20.833086    20.927792    0.002527     -0.003908    0.342640    
-0.683314    -0.039428    54.287157    54.327147    -0.022537    -0.001300    1.790486    
-0.272675    -0.287802    14.484155    14.622683    -0.006080    -0.006417    0.322971    
-0.762484    0.402383     53.774079    53.817003    -0.092580    0.048857     6.529230    
0.984381     -0.730354    56.770971    56.818312    0.017046     -0.012647    0.983050    
0.731094     -1.541262    136.230141   136.255042   0.024241     -0.051103    4.516918    
-1.117892    -0.254896    73.897168    73.932273    -0.002708    -0.000617    0.178979    
-0.876557    -0.286133    44.418568    44.471726    -0.008221    -0.002683    0.416577    
0.241946     -0.034312    29.589865    29.656278    0.018164     -0.002576    2.221393    
1.128594     0.452759     45.012377    45.071807    0.008424     0.003379     0.335962    
0.291765     1.347078     40.549108    40.620252    0.021340     0.098526     2.965772    
-0.675370    0.713367     55.796426    55.839781    -0.006083    0.006426     0.502577    
0.849674     -0.409807    8.713467     8.982725     0.038827     -0.018727    0.398171    
1.666234     -2.821306    39.152537    39.338686    0.039651     -0.067137    0.931693    
0.266496     0.430740     78.817804    78.844009    0.007396     0.011955     2.187491    
1.242411     -0.621354    110.310108   110.336415   0.156153     -0.078095    13.864416   
-0.580331    0.141577     38.915136    38.969470    -0.004159    0.001015     0.278921    
-0.161316    -0.766067    23.399900    23.495598    -0.013896    -0.065990    2.015707    
-0.921072    -0.683312    37.467692    37.536891    -0.496795    -0.368555    20.208810   
-0.103386    1.317839     78.614788    78.650539    -0.003541    0.045133     2.692373    
-0.658131    2.584764     43.952403    44.077237    -0.113539    0.445918     7.582568    
0.393642     -0.279724    18.387661    18.499033    0.078658     -0.055895    3.674223    
0.669869     0.264053     84.237188    84.263262    0.112379     0.044298     14.131902   
-1.370411    -1.881988    24.136194    24.327983    -0.073898    -0.101485    1.301525    
-0.763870    0.066172     17.262181    17.390966    -0.137049    0.011872     3.097087    
0.553254     0.785107     98.877372    98.901628    0.041992     0.059590     7.504881    
0.595643     0.398383     11.526369    11.715188    0.050949     0.034076     0.985921    
1.049850     -0.430467    5.863496     6.288325     0.024115     -0.009888    0.134687    
0.515750     0.248922     151.625566   151.639424   0.002984     0.001440     0.877387    
-0.232733    -1.052279    31.843644    31.922626    -0.009084    -0.041073    1.242933    
1.041652     0.252438     28.063355    28.152720    0.018973     0.004598     0.511161    
-2.099693    0.512931     71.925590    71.984979    -0.019048    0.004653     0.652483    
1.014871     -0.432264    70.074915    70.111236    0.095022     -0.040473    6.561078    
-1.859304    -2.025289    100.030521   100.087656   -0.162486    -0.176992    8.741765    
-0.682244    -0.445232    45.416169    45.466109    -0.008230    -0.005371    0.547843    
1.680006     -0.882743    64.612808    64.670639    0.023564     -0.012382    0.906279    
-2.194463    -0.282946    42.509575    42.612612    -0.197354    -0.025446    3.823005    
-0.671105    1.295082     91.689657    91.722384    -0.000904    0.001745     0.123537    
1.487292     0.480480     67.790931    67.837513    0.021929     0.007084     0.999535    
0.923547     0.429000     35.881588    35.949969    0.002404     0.001117     0.093415    
-1.174835    -0.504887    82.486506    82.519899    -0.056013    -0.024072    3.932772    
-0.225198    0.566589     6.232368     6.564229     -0.019367    0.048728     0.535996    
2.366730     -0.057286    59.634633    59.714061    0.225665     -0.005462    5.686100    
-0.025583    0.190971     50.487091    50.525819    -0.003536    0.026397     6.978480    
-0.481965    -0.869828    11.706155    11.912091    -0.011968    -0.021598    0.290672    
1.133406     1.075711     77.843063    77.883626    0.044494     0.042229     3.055851    
0.656317     0.708809     16.959540    17.100705    0.004852     0.005240     0.125375    
-0.358920    -0.611290    51.452950    51.495471    -0.047880    -0.081546    6.863813    
-0.647241    -0.581762    11.422019    11.623030    -0.037436    -0.033649    0.660648    
-0.438453    0.415053     29.603304    29.674822    -0.070472    0.066711     4.758130    
0.796526     0.000951     14.874317    15.025136    0.237716     0.000284     4.439106    
-1.282564    -0.101034    17.242942    17.402563    -0.234279    -0.018455    3.149676    
1.530446     1.192939     10.668768    11.021022    0.321259     0.250412     2.239502    
0.837773     -0.642826    27.897173    27.986466    0.109215     -0.083801    3.636787    
1.400093     -0.625399    18.003022    18.175124    0.289586     -0.129353    3.723626    
0.798353     -0.556465    17.101936    17.242338    0.037167     -0.025906    0.796164    
2.849299     -1.192637    187.944305   187.979993   0.008524     -0.003568    0.562236    
1.915021     -0.331592    81.151627    81.198761    0.210577     -0.036462    8.923472    
0.771635     0.888230     84.331494    84.362671    0.286537     0.329833     31.315413   
1.882889     -0.081101    35.013151    35.119048    0.119796     -0.005160    2.227657    
0.290514     0.127523     26.839845    26.913805    0.006904     0.003031     0.637866    
0.758965     -0.316463    20.215571    20.327825    0.014660     -0.006113    0.390474    
-1.121640    0.767731     85.786256    85.819603    -0.038420    0.026297     2.938471    
1.441329     -1.322483    91.187300    91.229518    0.135329     -0.124170    8.561743    
-0.604787    1.032318     134.861258   134.880930   -0.096613    0.164909     21.543632   
0.319498     -0.228592    10.135363    10.332224    0.009660     -0.006911    0.306442    
0.486757     -0.350585    123.483979   123.501125   0.071884     -0.051775    18.236171   
-2.274619    0.494730     46.213319    46.313761    -0.047941    0.010427     0.974012    
1.206978     -0.442548    27.317685    27.418671    0.114980     -0.042158    2.602365    
0.045126     1.410273     22.807036    22.935273    0.002250     0.070309     1.137045    
-0.072672    -0.358141    57.629032    57.663800    -0.013582    -0.066934    10.770509   
0.162799     -0.511565    46.485054    46.529812    0.003137     -0.009857    0.895651    
1.071174     1.024277     34.822918    34.909986    0.093320     0.089234     3.033742    
1.209451     0.297651     37.014637    37.087864    0.095240     0.023439     2.914767    
-0.380141    1.907987     86.895235    86.939299    -0.011238    0.056405     2.568841    
-0.064828    0.087202     17.956682    18.064583    -0.001005    0.001351     0.278282    
-0.368008    0.989237     53.024035    53.071059    -0.018911    0.050836     2.724841    
-0.369795    -0.448539    7.412911     7.691823     -0.003733    -0.004528    0.074831    
-0.145050    -0.583022    26.155536    26.236386    -0.020857    -0.083833    3.760905    
0.484730     -0.089630    60.737967    60.771857    0.022070     -0.004081    2.765376    
1.580581     -1.175677    38.626672    38.726931    0.041454     -0.030835    1.013063    
-0.380951    -0.594080    23.062518    23.157132    -0.005343    -0.008333    0.323477    
0.295166     1.187367     32.981587    33.062925    0.014313     0.057576     1.599291    
0.275540     -1.116223    133.155217   133.174730   0.009461     -0.038329    4.572263    
0.662577     -0.618296    19.003956    19.127116    0.027642     -0.025795    0.792821    
0.060753     -1.269905    7.924310     8.263534     0.005847     -0.122226    0.762698    
-0.306023    0.952895     15.657414    15.812376    -0.014959    0.046579     0.765360    
-0.928646    -0.055251    57.659838    57.700929    -0.011738    -0.000698    0.728835    
-0.068719    0.958769     26.928246    27.017205    -0.000597    0.008334     0.234071    
1.151802     0.136571     32.393458    32.473933    0.394032     0.046721     11.081822   
0.936786     1.958223     62.973582    63.041726    0.036704     0.076726     2.467383    
0.676299     -1.142383    8.987304     9.295645     0.234932     -0.396840    3.122000    
-0.389946    -0.577573    11.938724    12.119972    -0.004689    -0.006945    0.143557    
0.374359     -2.248010    10.376896    10.805027    0.036143     -0.217035    1.001843    
0.345997     1.274407     25.093815    25.205522    0.080562     0.296733     5.842850    
-0.623888    -0.891066    84.886693    84.916482    -0.016944    -0.024200    2.305415    
-0.642275    1.630045     56.247046    56.308745    -0.044680    0.113393     3.912801    
-1.659190    -0.968766    11.501945    11.826289    -0.199170    -0.116291    1.380696    
0.484311     0.376577     61.221737    61.256448    0.048265     0.037528     6.101145    
-0.185639    -1.920203    18.429486    18.634446    -0.012573    -0.130048    1.248160    
0.962100     -0.634187    86.434258    86.464349    0.038972     -0.025689    3.501186    
1.639846     -0.328924    88.998289    89.035767    0.076828     -0.015410    4.169640    
-0.892700    0.125769     13.031331    13.209968    -0.147499    0.020781     2.153142    
-0.167228    0.043831     30.164639    30.229295    -0.021490    0.005632     3.876308    
0.088013     0.826748     134.473173   134.490150   0.024037     0.225791     36.725600   
0.996967     0.501580     19.053099    19.187003    0.003871     0.001948     0.073983    
-0.371258    -1.371658    41.427927    41.499004    -0.048513    -0.179237    5.413468    
1.325978     -0.553502    15.758909    15.946246    0.019577     -0.008172    0.232663    
-0.530969    0.998232     46.642252    46.697463    -0.027222    0.051177     2.391252    
0.576261     0.629111     9.203490     9.450241     0.001459     0.001593     0.023309    
-0.321468    -0.233080    89.839038    89.861479    -0.021353    -0.015482    5.967343    
0.248198     -0.130715    42.630125    42.676472    0.003356     -0.001767    0.576372    
0.162366     -0.202640    15.205701    15.334788    0.023978     -0.029926    2.245590    
-2.067012    -0.550296    28.479899    28.627870    -0.063485    -0.016902    0.874718    
-1.518405    0.992994     17.146838    17.354556    -0.102076    0.066755     1.152716    
-0.735188    0.463662     18.681014    18.804540    -0.007105    0.004481     0.180538    
0.694864     0.623329     9.870255     10.107832    0.030824     0.027651     0.437842    
1.949258     0.830468     107.953868   107.992601   0.328083     0.139778     18.169927   
0.653154     1.116947     111.960091   111.984870   0.002821     0.004824     0.483537    
1.327348     -0.580485    76.886516    76.925354    0.074887     -0.032750    4.337815    
-0.546078    -0.287251    16.465345    16.594072    -0.190446    -0.100179    5.742321    
0.184911     1.451961     27.733612    27.841886    0.000227     0.001784     0.034073    
1.441890     0.148261     56.077948    56.131206    0.071423     0.007344     2.777795    
0.641180     -0.330381    68.128347    68.160596    0.021826     -0.011246    2.319104    
0.458869     -0.587255    67.249140    67.282072    0.014808     -0.018951    2.170178    
0.409901     0.463971     21.241363    21.341363    0.007871     0.008909     0.407860    
3.416422     0.431207     22.399578    22.748054    0.190190     0.024005     1.246972    
-0.300983    1.147396     28.507900    28.600392    -0.002356    0.008981     0.223129    
0.093717     0.041452     17.488073    17.598811    0.002262     0.001001     0.422136    
1.262815     -0.605475    51.645637    51.702109    0.204404     -0.098004    8.359535    
0.294889     -0.357518    131.067856   131.083457   0.016135     -0.019562    7.171462    
0.322128     -0.060448    12.897443    13.050916    0.038955     -0.007310    1.559671    
1.213550     -0.353613    184.944833   184.959628   0.014172     -0.004130    2.159804    
0.515958     0.448958     84.188184    84.213972    0.027735     0.024133     4.525441    
0.204700     -0.221580    54.158063    54.194666    0.038370     -0.041534    10.151556   
-2.766139    0.155384     50.457821    50.572150    -0.223341    0.012546     4.074022    
1.339827     -0.305855    22.857949    22.983679    0.138002     -0.031503    2.354363    
-0.130388    -0.202244    7.755006     8.004560     -0.002240    -0.003475    0.133237    
1.277522     -1.080125    32.977985    33.079014    0.177928     -0.150435    4.593031    
-0.498884    -0.210184    27.765493    27.840449    -0.002257    -0.000951    0.125608    
0.223666     -1.738349    21.332717    21.494921    0.001774     -0.013788    0.169200    
0.202677     -0.462967    26.551890    26.629555    0.014069     -0.032137    1.843081    
0.119170     0.941594     12.840475    13.025113    0.004494     0.035511     0.484259    
0.967412     -0.243615    29.220728    29.303944    0.089978     -0.022658    2.717779    
0.118282     0.262150     13.905712    14.047294    0.003460     0.007669     0.406812    
-2.077275    -0.276707    54.561443    54.637145    -0.014847    -0.001978    0.389971    
-0.837758    -1.669959    74.267618    74.317190    -0.014752    -0.029406    1.307742    
0.672536     -0.406183    16.497825    16.633414    0.027226     -0.016443    0.667868    
-1.078422    -0.964976    108.132752   108.160350   -0.022171    -0.019839    2.223089    
-0.974888    -1.790777    46.140612    46.227571    -0.160922    -0.295598    7.616287    
-0.541757    0.895581     26.380140    26.474182    -0.040599    0.067115     1.976922    
1.858067     1.439374     26.008824    26.188892    0.349595     0.270818     4.893555    
-1.407664    1.445508     40.069255    40.168285    -0.425508    0.436948     12.112118   
1.464167     0.058827     114.901856   114.928059   0.063057     0.002533     4.948487    
-0.958324    0.643355     31.557736    31.640132    -0.146597    0.098416     4.827475    
2.694789     -0.922232    54.804076    54.913333    0.001390     -0.000476    0.028261    
-0.580338    0.422024     108.220008   108.240288   -0.051458    0.037421     9.595859    
0.041642     -0.084634    45.281031    45.323897    0.000969     -0.001970    1.053826    
-0.365067    1.178661     25.891680    25.995703    -0.001669    0.005389     0.118381    
-1.487207    0.764042     15.272172    15.489020    -0.066934    0.034387     0.687344    
0.737022     0.259275     10.062540    10.283000    0.011129     0.003915     0.151943    
-0.602726    -0.147150    23.506277    23.596714    -0.013689    -0.003342    0.533864    
1.068481     -0.323612    40.111044    40.174832    0.042924     -0.013001    1.611392    
0.461246     0.412727     18.116718    18.233857    0.004406     0.003943     0.173069    
-0.381971    -1.869402    32.238251    32.354603    -0.067668    -0.331175    5.711193    
-1.122715    -0.714742    15.293997    15.477488    -0.127344    -0.081070    1.734722    
1.022374     0.001102     11.799517    12.006198    0.052750     0.000057     0.608805    
0.293066     0.595772     36.297044    36.356447    0.034924     0.070998     4.325486    
0.199568     -0.826205    15.821306    15.965936    0.007749     -0.032079    0.614301    
-0.037926    -0.606989    21.291984    21.391433    -0.003035    -0.048572    1.703803    
-0.568934    -0.849196    29.995488    30.077384    -0.027695    -0.041338    1.460159    
0.880445     0.338549     32.524570    32.597737    0.035863     0.013790     1.324811    
-0.256658    0.391509     22.224139    22.316058    -0.022969    0.035037     1.988891    
-0.738138    -0.048509    11.141466    11.338184    -0.064950    -0.004268    0.980352    
-0.619979    -0.716289    19.876991    19.996679    -0.004971    -0.005743    0.159378    
-1.254106    -0.625558    100.682824   100.711817   -0.050526    -0.025203    4.056330    
1.329362     -0.734620    38.168094    38.248990    0.025398     -0.014035    0.729214    
-0.056998    -0.818583    20.636637    20.746544    -0.004035    -0.057943    1.460753    
0.779349     0.076606     89.392016    89.417116    0.016477     0.001620     1.889955    
-0.475400    -0.597361    24.820594    24.910233    -0.000495    -0.000622    0.025855    
0.052156     0.304977     65.151702    65.182168    0.003112     0.018196     3.887097    
1.536121     -0.402579    14.354141    14.575255    0.007021     -0.001840    0.065611    
0.445184     -1.422104    19.328338    19.485384    0.009542     -0.030480    0.414262    
-1.230955    0.194533     15.925723    16.095238    -0.133777    0.021141     1.730772    
-0.553428    0.602793     31.194673    31.267431    -0.077666    0.084594     4.377748    
0.960795     -0.120109    29.810369    29.890979    0.021785     -0.002723    0.675931    
-0.914916    0.216332     35.175088    35.242668    -0.094105    0.022251     3.617978    
0.193084     -0.918090    41.237978    41.295593    0.020816     -0.098980    4.445890    
-1.143082    -0.107803    8.765020     9.056422     -0.135580    -0.012787    1.039615    
1.542186     0.451259     12.416870    12.674210    0.072579     0.021237     0.584369    
0.021667     0.865102     12.779915    12.959555    0.001131     0.045170     0.667283    
-1.292387    -0.319930    37.522731    37.597911    -0.098190    -0.024307    2.850820    
0.689872     -1.334419    52.188677    52.247388    0.059487     -0.115066    4.500185    
-0.176849    -0.674131    19.385491    19.497639    -0.019933    -0.075984    2.185026    
1.751854     1.203434     59.171130    59.242002    0.232836     0.159947     7.864353    
-0.930833    -0.050060    19.821623    19.940929    -0.062904    -0.003383    1.339515    
-0.076547    -0.174559    7.754757     8.002971     -0.001468    -0.003348    0.148728    
1.888882     -1.262561    53.184803    53.269693    0.105141     -0.070278    2.960428    
0.303523     2.114519     16.382928    16.638468    0.009630     0.067091     0.519808    
1.169900     -0.465599    12.514018    12.730320    0.219324     -0.087287    2.346035    
2.436089     0.082603     90.086662    90.141128    0.063827     0.002164     2.360312    
0.825141     -0.114972    28.049231    28.130560    0.281916     -0.039281    9.583235    
0.457310     -0.455211    5.597677     5.968692     0.079250     -0.078886    0.970050    
0.051222     -1.622978    44.132052    44.205765    0.001942     -0.061530    1.673125    
0.315666     -0.692277    42.205048    42.257779    0.034406     -0.075455    4.600180    
0.425967     1.421048     44.304414    44.372929    0.040452     0.134951     4.207393    
0.676347     -0.414369    12.957196    13.129852    0.010712     -0.006563    0.205215    
1.180353     -0.119865    76.140491    76.175172    0.101424     -0.010300    6.542538    
1.388760     -0.780734    55.885535    55.942883    0.203194     -0.114232    8.176788    
0.643515     -0.186252    98.960180    98.982024    0.037065     -0.010728    5.699811    
-0.515440    0.898354     26.735330    26.827701    -0.010585    0.018449     0.549042    
1.782726     -0.395218    38.081063    38.175602    0.197586     -0.043804    4.220673    
-0.022686    0.145371     40.373153    40.421381    -0.001730    0.011084     3.078429    
-0.647544    -0.016768    22.924382    23.017859    -0.063698    -0.001649    2.255055    
-2.283774    -1.466275    66.456679    66.541196    -0.015164    -0.009736    0.441260    
-0.307720    2.864730     27.305231    27.527295    -0.026408    0.245842     2.343246    
-1.005525    -0.079225    17.631987    17.770179    -0.140142    -0.011042    2.457406    
-0.085932    -0.043398    92.057430    92.078524    -0.001707    -0.000862    1.828445    
0.830807     -0.364822    24.391176    24.487298    0.056254     -0.024702    1.651529    
1.297830     -0.912226    28.904655    29.015005    0.251301     -0.176636    5.596862    
0.381906     0.625916     51.987012    52.029434    0.022471     0.036828     3.058857    
-0.023907    0.248030     8.060532     8.301157     -0.000299    0.003099     0.100712    
0.043090     0.187671     81.112506    81.136618    0.000047     0.000205     0.088425    
0.723736     0.901762     41.585840    41.648458    0.051105     0.063676     2.936504    
-0.363796    -0.808993    14.844063    15.000266    -0.005506    -0.012245    0.224677    
1.251981     -3.219718    112.628493   112.698654   0.023523     -0.060494    2.116134    
-1.206799    0.304209     20.664872    20.795692    -0.038103    0.009605     0.652460    
-0.277102    0.085271     12.108542    12.270933    -0.000547    0.000168     0.023914    
0.070212     -0.891240    63.356914    63.393791    0.013704     -0.173956    12.366265   
0.822635     -0.547109    92.963529    92.989616    0.021448     -0.014265    2.423812    
-0.702070    -0.671993    19.640782    19.763091    -0.005304    -0.005077    0.148390    
-0.538473    -0.359221    112.984540   113.003540   -0.026774    -0.017861    5.617910    
0.266545     -0.338880    16.433331    16.556425    0.012603     -0.016023    0.777014    
0.467753     -1.369467    117.497541   117.522940   0.032290     -0.094537    8.111109    
-0.042844    2.253359     68.298728    68.364249    -0.000763    0.040128     1.216274    
0.349113     -1.263323    36.039561    36.117070    0.063048     -0.228150    6.508561    
1.101357     0.605730     111.367716   111.392203   0.041351     0.022742     4.181333    
-1.116412    1.719650     92.672737    92.716313    -0.220621    0.339830     18.313603   
2.321842     0.859347     60.410976    60.493722    0.045656     0.016898     1.187895    
-0.730678    -0.186088    12.546413    12.722262    -0.000103    -0.000026    0.001764    
-2.876278    -0.891582    36.136017    36.314661    -0.000920    -0.000285    0.011564    
-0.775456    0.599795     48.259137    48.309216    -0.027437    0.021222     1.707477    
0.103997     0.453767     68.498859    68.528719    0.002454     0.010706     1.616074    
-2.476462    0.359294     157.606146   157.638302   -0.050570    0.007337     3.218336    
1.720146     0.557262     81.678468    81.722191    0.087147     0.028232     4.138057    
0.579571     -0.970072    18.898664    19.034479    0.051537     -0.086262    1.680530    
1.588602     -0.122575    21.269701    21.419939    0.022917     -0.001768    0.306835    
0.957128     2.004140     24.082400    24.264576    0.021640     0.045312     0.544485    
0.504988     -0.377312    42.903004    42.952766    0.027541     -0.020578    2.339829    
1.467546     0.759334     49.581447    49.648012    0.087850     0.045455     2.968051    
1.500302     0.206610     32.055060    32.151134    0.042846     0.005900     0.915430    
-0.100757    1.339020     27.253520    27.357493    -0.007860    0.104454     2.125978    
-0.447896    0.666582     39.931613    39.988168    -0.077792    0.115774     6.935454    
-0.866581    -1.238633    42.318003    42.390724    -0.000401    -0.000574    0.019602    
-0.188658    -0.506194    21.555156    21.651594    -0.010572    -0.028366    1.207885    
-1.123535    0.982773     14.962602    15.165177    -0.215840    0.188799     2.874438    
1.205957     -0.943320    41.775180    41.849550    0.128012     -0.100133    4.434430    
-0.514494    -0.404460    25.490636    25.574906    -0.061088    -0.048023    3.026583    
-0.348578    0.401986     62.163746    62.197181    -0.009901    0.011418     1.765722    
0.747356     -0.281318    19.728559    19.842597    0.013991     -0.005267    0.369340    
0.167087     -0.194288    75.125238    75.151460    0.041146     -0.047844    18.499789   
-0.810022    -0.155439    20.373542    20.485030    -0.063295    -0.012146    1.591987    
-1.136898    -1.616532    88.623907    88.667793    -0.038495    -0.054735    3.000756    
0.343973     -0.900143    86.159314    86.187185    0.017428     -0.045607    4.365421    
0.047873     -0.507636    29.236113    29.306744    0.000155     -0.001640    0.094453    
-0.052470    -1.100097    66.265688    66.304067    -0.002964    -0.062148    3.743538    
0.125880     -0.129550    44.899234    44.942728    0.000949     -0.000977    0.338584    
0.726841     -0.647966    69.095848    69.130740    0.043328     -0.038626    4.118925    
-0.641896    -1.566962    22.346168    22.496523    -0.025041    -0.061129    0.871744    
0.476754     0.423729     47.557855    47.602851    0.001228     0.001092     0.122521    
-0.474037    -0.089549    9.557134     9.769672     -0.064831    -0.012247    1.307067    
-0.392607    -0.289425    7.274431     7.551835     -0.145671    -0.107387    2.699066    
0.774718     1.685077     64.296943    64.353799    0.125309     0.272559     10.399934   
-0.865420    0.333868     72.256856    72.289616    -0.029776    0.011487     2.486066    
-0.139323    1.817829     18.793248    18.983810    -0.000745    0.009725     0.100538    
1.435250     0.537459     124.781740   124.806676   0.027559     0.010320     2.396000    
-0.060008    -0.276962    11.066783    11.244063    -0.001051    -0.004851    0.193820    
0.897198     0.794294     31.753336    31.836853    0.180883     0.160137     6.401752    
0.166182     1.250046     16.329553    16.496045    0.000113     0.000850     0.011106    
-1.025052    1.053139     54.196863    54.252509    -0.081613    0.083849     4.315059    
-0.026142    -0.453505    42.946204    42.993694    -0.001687    -0.029265    2.771359    
0.204155     -0.103131    46.335602    46.377961    0.004091     -0.002066    0.928402    
-0.512668    0.779604     17.788049    17.920945    -0.018645    0.028354     0.646938    
-0.533439    -0.721391    101.002267   101.025432   -0.002535    -0.003428    0.479914    
-0.498248    1.185697     36.332538    36.408548    -0.101011    0.240379     7.365783    
-0.439391    -0.941929    45.113556    45.168442    -0.019160    -0.041074    1.967247    
0.300933     -1.300985    28.733637    28.831927    0.002963     -0.012810    0.282913    
-3.505098    -1.066730    51.276825    51.445227    -0.152286    -0.046346    2.227821    
0.138460     -1.148263    69.123786    69.161480    0.004302     -0.035680    2.147875    
1.409929     -1.458702    26.054589    26.207485    0.561169     -0.580581    10.370047   
-0.997991    -1.966617    87.921579    87.971260    -0.001473    -0.002903    0.129802    
1.574068     -0.771281    46.600329    46.674813    0.123536     -0.060531    3.657273    
-0.403472    -1.528159    33.328926    33.424397    -0.007901    -0.029927    0.652697    
0.386874     1.407986     10.562901    10.843520    0.045786     0.166634     1.250114    
0.639449     0.581807     14.995813    15.149150    0.012773     0.011621     0.299536    
-0.331282    0.035392     36.985152    37.038999    -0.038614    0.004125     4.310935    
-0.360344    -0.443982    41.640712    41.691136    -0.000063    -0.000077    0.007244    
-0.160874    -0.142329    88.634276    88.656393    -0.012394    -0.010965    6.828270    
0.710867     0.491836     46.937831    46.987042    0.087264     0.060376     5.761947    
-0.669089    0.415853     29.050127    29.127400    -0.209979    0.130506     9.116760    
0.219919     0.123746     9.593368     9.796497     0.015558     0.008755     0.678697    
-0.567213    -1.087474    46.542123    46.599877    -0.018611    -0.035681    1.527106    
-0.646621    -1.355572    32.902245    32.995278    -0.022468    -0.047101    1.143228    
-0.583385    -1.600213    75.600123    75.644924    -0.036399    -0.099842    4.716916    
-1.937910    1.132766     191.420530   191.443811   -0.240265    0.140442     23.732626   
-0.834101    -0.339584    20.781314    20.893756    -0.086649    -0.035277    2.158828    
0.446240     0.427465     11.795404    11.974488    0.050165     0.048054     1.326005    
0.688670     -1.033645    22.954289    23.071996    0.031032     -0.046577    1.034338    
0.703334     1.913744     77.601174    77.652908    0.001192     0.003244     0.131556    
1.353665     0.684796     12.746815    12.986824    0.071581     0.036212     0.674045    
-0.902191    0.735981     15.969655    16.132590    -0.072432    0.059088     1.282125    
0.018858     -0.116868    6.426250     6.722028     0.000561     -0.003474    0.191010    
2.565204     1.106698     65.114364    65.203990    0.226433     0.097689     5.747705    
-0.208145    1.105112     8.257943     8.563479     -0.009735    0.051687     0.386232    
-0.370084    0.121649     7.831422     8.084422     -0.029016    0.009538     0.614024    
1.673576     0.141046     24.805535    24.940134    0.159563     0.013448     2.365016    
-0.435015    -1.031554    104.557222   104.581743   -0.123772    -0.293502    29.749056   
1.078993     -0.014227    56.420619    56.465260    0.063086     -0.000832    3.298773    
0.889235     -0.074627    34.843831    34.910798    0.010791     -0.000906    0.422824    
-0.035218    1.657165     16.324516    16.526107    -0.003890    0.183023     1.802934    
-0.512442    -1.388537    90.390846    90.424392    -0.002389    -0.006475    0.421489    
-3.003980    -1.552715    108.238043   108.308742   -0.474401    -0.245211    17.093387   
-0.618275    -0.316605    66.951591    66.984125    -0.005611    -0.002873    0.607571    
0.045248     1.541497     52.503773    52.563289    0.006814     0.232132     7.906459    
0.107188     1.009363     30.379859    30.460484    0.011186     0.105334     3.170349    
-1.740266    0.655535     71.908257    71.959229    -0.082692    0.031149     3.416858    
0.209585     0.085263     26.803530    26.876669    0.026593     0.010819     3.400995    
1.064307     -1.174200    30.996449    31.099297    0.105516     -0.116411    3.073010    
2.171141     0.947437     63.460983    63.535681    0.027260     0.011896     0.796799    
-0.526367    1.154502     91.410022    91.440018    -0.002902    0.006365     0.503931    
-1.197217    1.801004     24.887657    25.058878    -0.006658    0.010016     0.138410    
1.155615     1.418600     59.581247    59.641829    0.022325     0.027406     1.151046    
0.405081     -0.565936    19.814965    19.924662    0.002303     -0.003218    0.112674    
-0.019007    -0.787310    41.952641    42.006181    -0.004236    -0.175484    9.350863    
0.836942     -0.600471    15.595511    15.752966    0.003760     -0.002698    0.070064    
-0.109694    -0.285754    113.704914   113.722364   -0.006230    -0.016230    6.458134    
-0.812363    2.832131     21.744191    22.031017    -0.010997    0.038340     0.294361    
-0.337273    0.402339     19.903671    20.007666    -0.003996    0.004767     0.235843    
1.051238     1.103019     43.227257    43.298874    0.013013     0.013654     0.535087    
0.653864     0.650900     53.826425    53.870309    0.043185     0.042989     3.554976    
0.471926     -0.067744    9.053540     9.277329     0.014968     -0.002149    0.287156    
0.709920     0.774084     12.861653    13.053746    0.046599     0.050811     0.844240    
-1.178739    1.562627     17.078975    17.303108    -0.113678    0.150700     1.647096    
-1.058009    -0.447166    39.305892    39.371912    -0.052448    -0.022167    1.948469    
-1.320012    -0.635282    25.384845    25.503163    -0.025124    -0.012092    0.483161    
1.810232     2.239940     57.869962    57.975009    0.454095     0.561887     14.516628   
1.038053     -0.022609    10.723336    10.951847    0.042242     -0.000920    0.436372    
0.240340     0.940355     42.570033    42.626572    0.026798     0.104848     4.746502    
0.881653     0.553953     9.216854     9.482063     0.056167     0.035290     0.587174    
-0.095602    0.147945     10.155423    10.345946    -0.001571    0.002431     0.166896    
0.892944     -0.228560    10.270427    10.497914    0.111498     -0.028539    1.282429    
-2.151317    0.165679     103.660814   103.701952   -0.041738    0.003214     2.011129    
-0.522339    0.293080     104.465104   104.485365   -0.111722    0.062686     22.343815   
-0.484103    -0.911740    24.918515    25.017454    -0.049030    -0.092342    2.523762    
-1.988164    -1.379501    45.343879    45.451052    -0.089197    -0.061890    2.034309    
0.183652     0.254316     8.995913     9.214109     0.018268     0.025297     0.894819    
-0.811260    -0.518158    40.217530    40.277181    -0.007843    -0.005009    0.388801    
0.945416     1.131463     23.960961    24.086856    0.070519     0.084396     1.787250    
0.269511     -1.472913    89.891139    89.925158    0.001009     -0.005514    0.336490    
0.908234     0.076737     94.475918    94.500819    0.012211     0.001032     1.270214    
0.487411     0.737201     7.558052     7.860034     0.076504     0.115711     1.186308    
0.533848     0.517832     52.448936    52.491133    0.078330     0.075980     7.695715    
-0.133043    1.267367     28.789010    28.884355    -0.001557    0.014828     0.336832    
-1.127499    -0.854563    13.684710    13.897761    -0.145277    -0.110109    1.763256    
-0.388534    1.355904     42.828565    42.896974    -0.008204    0.028629     0.904297    
-0.289706    -0.237314    81.536457    81.561076    -0.056142    -0.045989    15.800965   
0.781786     -0.377873    89.972989    89.998709    0.055654     -0.026900    6.405018    
-1.015993    2.190677     38.907299    39.031836    -0.008652    0.018656     0.331341    
-0.015055    0.582982     43.992155    44.040036    -0.000076    0.002942     0.222016    
-0.632045    1.184205     16.499993    16.671129    -0.073546    0.137796     1.919969    
-0.850400    0.463372     39.843492    39.903843    -0.004811    0.002621     0.225410    
0.671784     -0.106146    71.001966    71.032504    0.000874     -0.000138    0.092364    
-2.694839    0.033296     20.506652    20.776453    -0.466836    0.005768     3.552434    
-1.969971    -0.397764    21.918129    22.097926    -0.032613    -0.006585    0.362857    
-0.795726    0.923587     20.246815    20.378780    -0.022034    0.025574     0.560634    
0.314622     1.378477     88.176253    88.209556    0.032411     0.142005     9.083536    
0.538865     0.288714     57.382633    57.419642    0.055587     0.029783     5.919388    
-0.355272    0.618068     44.179315    44.228894    -0.028624    0.049798     3.559544    
0.824518     0.227914     18.107040    18.233805    0.005020     0.001388     0.110253    
0.818351     -1.307144    14.074325    14.294751    0.027566     -0.044030    0.474083    
-0.211224    2.426391     36.913939    37.046536    -0.002789    0.032043     0.487492    
0.342046     -0.437551    37.929814    37.984920    0.029675     -0.037961    3.290725    
0.738433     0.692309     22.397604    22.506715    0.025136     0.023566     0.762410    
0.564156     -0.101887    20.115432    20.219649    0.023318     -0.004211    0.831434    
-1.704687    -0.888671    36.231177    36.335504    -0.022302    -0.011626    0.474002    
1.045253     -1.488951    47.442261    47.517919    0.062337     -0.088798    2.829361    
0.636142     2.510638     23.973100    24.192819    0.102171     0.403233     3.850310    
0.046563     0.043868     76.136722    76.162192    0.002031     0.001914     3.321696    
-0.365985    -0.498809    23.316392    23.407516    -0.040882    -0.055719    2.604518    
0.209687     0.016291     12.265534    12.424271    0.012758     0.000991     0.746282    
-0.877196    1.238494     32.219874    32.315609    -0.023387    0.033019     0.859006    
0.953995     -0.146258    94.201275    94.226783    0.098673     -0.015128    9.743355    
0.424065     0.486442     12.819391    12.985692    0.006678     0.007660     0.201878    
-0.048088    1.047041     23.705123    23.809797    -0.007511    0.163539     3.702542    
0.068389     0.179624     31.077812    31.140686    0.001313     0.003448     0.596641    
-0.531050    -2.272642    27.001579    27.173648    -0.008665    -0.037081    0.440569    
0.493465     -1.101067    46.841567    46.898435    0.048528     -0.108280    4.606428    
0.217058     -1.493758    88.616829    88.651541    0.005333     -0.036701    2.177307    
0.417371     1.116795     51.660142    51.711378    0.027746     0.074243     3.434278    
1.096152     0.777557     9.024557     9.334010     0.119249     0.084589     0.981769    
-1.056391    -0.292069    19.723485    19.851753    -0.262211    -0.072495    4.895641    
-0.520368    1.314770     29.107697    29.208430    -0.035593    0.089930     1.990971    
-0.228473    -0.247411    49.117349    49.157933    -0.002932    -0.003175    0.630275    
1.093286     1.425867     56.393900    56.456844    0.065170     0.084995     3.361617    
0.149822     0.822718     44.457607    44.509022    0.010866     0.059668     3.224314    
0.004281     0.547128     37.551886    37.607426    0.000152     0.019433     1.333759    
-2.365742    0.163922     62.753353    62.828989    -0.027167    0.001882     0.720625    
-0.441715    0.707883     35.249031    35.313812    -0.129980    0.208303     10.372452   
-1.023626    -0.548455    7.915083     8.238453     -0.030803    -0.016504    0.238183    
0.257931     -0.058912    72.524336    72.551529    0.000378     -0.000086    0.106363    
-0.905321    -0.770084    24.984305    25.089900    -0.031811    -0.027059    0.877895    
-1.436905    -0.096489    34.362209    34.448663    -0.085263    -0.005726    2.038994    
-0.680727    0.900120     20.802094    20.925479    -0.005797    0.007665     0.177149    
1.955422     -0.352670    25.767187    25.918544    0.103945     -0.018747    1.369709    
1.128751     -0.665473    29.599184    29.693494    0.026635     -0.015703    0.698452    
0.934930     0.958986     30.860933    30.952639    0.231045     0.236990     7.626535    
-0.970461    1.331776     48.046107    48.114642    -0.128143    0.175852     6.344182    
1.564260     0.490292     79.849684    79.890765    0.010944     0.003430     0.558662    
-0.388937    1.865682     36.476811    36.579567    -0.048545    0.232864     4.552842    
-0.465828    -0.109365    18.976927    19.084750    -0.003063    -0.000719    0.124789    
-0.152802    -1.026133    49.359232    49.409362    -0.003661    -0.024583    1.182497    
-0.517880    0.808437     40.326021    40.385451    -0.060012    0.093682     4.672999    
-0.091015    0.305211     45.492437    45.536120    -0.002972    0.009967     1.485535    
-0.052224    0.303691     46.754777    46.797212    -0.003781    0.021989     3.385323    
0.991438     1.052286     54.988733    55.042947    0.031509     0.033443     1.747600    
0.620536     0.456690     52.476528    52.519087    0.187134     0.137723     15.825220   
0.164002     -0.443726    14.539792    14.680065    0.005581     -0.015101    0.494820    
1.071646     0.402912     38.493029    38.560329    0.005329     0.002004     0.191423    
0.961643     0.861154     38.155037    38.227584    0.136580     0.122308     5.419073    
0.821080     -0.338397    4.704953     5.176893     0.010764     -0.004436    0.061677    
0.576553     1.593769     11.880611    12.161265    0.029573     0.081749     0.609390    
-0.712748    1.936412     39.663132    39.765521    -0.147701    0.401277     8.219267    
-0.380694    0.330608     42.042323    42.091402    -0.045550    0.039557     5.030348    
0.650781     1.587091     20.679455    20.843636    0.000014     0.000034     0.000444    
-0.588428    -0.909456    25.152870    25.253024    -0.033512    -0.051795    1.432485    
-0.793340    0.527240     23.505457    23.606966    -0.000779    0.000518     0.023088    
0.659850     -0.090065    82.050096    82.076408    0.063918     -0.008724    7.947967    
-1.461973    -0.884438    12.809570    13.072094    -0.002813    -0.001702    0.024648    
0.069929     0.816775     20.346888    20.458319    0.011143     0.130151     3.242214    
0.654043     0.880807     45.818027    45.873414    0.008865     0.011939     0.621036    
-1.087827    -0.286170    45.227917    45.284707    -0.032640    -0.008586    1.357057    
1.263147     0.980381     90.450450    90.485996    0.101678     0.078917     7.280901    
-0.474862    0.436879     23.932811    24.022297    -0.014113    0.012984     0.711264    
1.098452     -1.266567    154.562818   154.584444   0.083107     -0.095827    11.694004   
-1.677206    -1.888192    59.942943    60.028407    -0.017663    -0.019885    0.631269    
-1.072030    0.398358     98.868707    98.894915    -0.022038    0.008189     2.032484    
-0.008319    0.197871     31.619026    31.680862    -0.001302    0.030961     4.947458    
0.656178     -0.801186    11.027438    11.249525    0.054974     -0.067123    0.923869    
-0.283765    2.191463     62.500306    62.570330    -0.026132    0.201812     5.755650    
-0.627570    -0.114664    12.873690    13.038935    -0.059359    -0.010846    1.217663    
1.704460     -0.210644    19.707988    19.880375    0.041168     -0.005088    0.476008    
0.758990     -1.253464    70.261877    70.304720    0.022018     -0.036363    2.038312    
-1.468291    -0.694792    67.098471    67.146991    -0.228299    -0.108030    10.432874   
-2.054764    -0.087931    101.158979   101.199030   -0.087801    -0.003757    4.322565    
0.539267     1.739015     60.785854    60.844966    0.021804     0.070313     2.457725    
-0.247506    -1.356957    11.165727    11.421514    -0.011880    -0.065134    0.535956    
-0.158341    -0.893796    47.224262    47.273987    -0.036634    -0.206788    10.925766   
-0.118964    -1.341593    71.538203    71.577954    -0.001531    -0.017262    0.920461    
-0.495163    -0.307158    8.544295     8.787461     -0.006581    -0.004083    0.113566    
-0.491630    -0.045453    66.233477    66.264562    -0.120159    -0.011109    16.188126   
0.959295     0.181043     58.817031    58.858059    0.014230     0.002686     0.872469    
-0.878997    0.161791     91.206026    91.231644    -0.031526    0.005803     3.271209    
-0.425418    -0.207503    80.309316    80.334832    -0.012665    -0.006178    2.390916    
-0.262524    0.350319     50.961300    51.001183    -0.005608    0.007484     1.088662    
-0.264880    -1.439435    39.799293    39.874815    -0.004538    -0.024659    0.681798    
-0.379925    -0.531034    48.444055    48.488429    -0.000476    -0.000665    0.060672    
0.316453     -0.342971    21.010259    21.107432    0.009802     -0.010624    0.650804    
0.607272     -0.824812    47.608194    47.659880    0.000969     -0.001316    0.075974    
1.397412     -1.177813    52.504035    52.572699    0.021546     -0.018160    0.809533    
-0.500396    -0.377897    92.981604    93.004553    -0.059794    -0.045157    11.110769   
-0.214505    -1.023040    43.139541    43.197078    -0.015772    -0.075221    3.171908    
0.236739     -2.489705    32.397954    32.553910    0.014755     -0.155178    2.019302    
0.503423     -0.358522    39.557739    39.611509    0.062338     -0.044395    4.898400    
0.484783     -1.865389    41.111352    41.203555    0.047957     -0.184534    4.066945    
0.813860     0.342544     14.282692    14.444721    0.244446     0.102884     4.289857    
0.293974     1.603770     27.028027    27.148622    0.013748     0.075002     1.263995    
-0.191229    0.863805     17.021177    17.157452    -0.001402    0.006331     0.124750    
-1.487264    -0.786173    57.566156    57.624364    -0.157693    -0.083357    6.103677    
-1.344129    -0.531492    49.710743    49.770695    -0.002609    -0.001031    0.096474    
-1.227166    1.693024     37.485311    37.595156    -0.066860    0.092241     2.042312    
-1.638846    -1.156065    38.473287    38.575784    -0.069840    -0.049266    1.639551    
-0.764685    0.519754     56.818675    56.860282    -0.041966    0.028524     3.118210    
-1.689935    -1.138467    41.185751    41.283084    -0.353421    -0.238091    8.613295    
1.155933     0.547783     79.893744    79.928227    0.109546     0.051913     7.571408    
0.246141     0.050011     64.888107    64.918445    0.003013     0.000612     0.794217    
0.558004     -0.051515    22.721399    22.813394    0.020712     -0.001912    0.843379    
0.295422     0.201697     146.518166   146.531825   0.023733     0.016203     11.770627   
-0.638831    -1.820478    16.833271    17.057439    -0.039916    -0.113750    1.051803    
0.363035     -1.922659    60.549934    60.613513    0.032304     -0.171083    5.387890    
0.430437     -0.348784    41.249317    41.299977    0.025031     -0.020283    2.398754    
-0.619410    -0.385354    45.466215    45.514655    -0.075596    -0.047030    5.548911    
0.342880     -0.117904    23.705615    23.789969    0.014325     -0.004926    0.990419    
-1.845689    1.496880     28.487439    28.654081    -0.035547    0.028829     0.548653    
0.726691     0.333698     24.915156    25.005588    0.021337     0.009798     0.731545    
0.860197     0.093628     39.706482    39.764663    0.034546     0.003760     1.594648    
0.624807     0.488183     11.273679    11.471682    0.067237     0.052534     1.213185    
-0.929077    2.138719     14.218988    14.542760    -0.154712    0.356145     2.367783    
1.441476     -0.905162    18.648914    18.829607    0.028421     -0.017847    0.367697    
-0.845677    -0.367448    58.391685    58.432132    -0.035286    -0.015332    2.436377    
-0.193169    -0.618474    40.549972    40.602894    -0.003164    -0.010129    0.664134    
1.309458     0.276118     15.434378    15.616846    0.098425     0.020754     1.160120    
-1.070608    0.176336     57.875848    57.919478    -0.018205    0.002999     0.984153    
0.350176     -0.262984    25.224104    25.304588    0.012762     -0.009584    0.919250    
0.840173     -0.738759    55.395862    55.442115    0.057126     -0.050230    3.766514    
-1.605295    1.847293     66.718773    66.792657    -0.062994    0.072490     2.618139    
-0.833329    -0.754943    68.854063    68.891373    -0.037598    -0.034062    3.106579    
-0.617769    0.096778     78.955595    78.982605    -0.039173    0.006137     5.006583    
0.270140     -1.062726    21.064116    21.184294    0.005323     -0.020940    0.415058    
1.306556     0.414444     33.342163    33.428336    0.008003     0.002539     0.204237    
-0.027906    -0.080281    17.043193    17.156707    -0.003815    -0.010976    2.330132    
1.035025     -2.080683    55.190184    55.274152    0.220409     -0.443082    11.752764   
-0.003826    0.777034     74.882759    74.912658    -0.000390    0.079107     7.623512    
-0.331429    0.939452     19.390213    19.515320    -0.032422    0.091902     1.896850    
0.404994     0.113786     162.038159   162.050661   0.027277     0.007664     10.913590   
-0.150838    -0.169838    9.705337     9.905560     -0.048121    -0.054182    3.096224    
1.666612     -2.028241    59.524965    59.615332    0.033567     -0.040850    1.198879    
1.507813     0.514898     39.692008    39.772717    0.125679     0.042918     3.308391    
0.967089     1.168114     14.286169    14.500667    0.005906     0.007134     0.087251    
-0.422393    1.423203     10.247148    10.539588    -0.012743    0.042934     0.309131    
-0.627115    0.373889     46.641766    46.688996    -0.120046    0.071572     8.928449    
-1.914863    1.066711     49.849585    49.936566    -0.033257    0.018526     0.865776    
0.739237     -1.216883    47.558805    47.620817    0.106219     -0.174851    6.833595    
0.423383     -0.653048    13.604519    13.768210    0.028572     -0.044070    0.918087    
0.608769     -0.019613    114.588893   114.607418   0.093542     -0.003014    17.607405   
0.224703     -0.121362    15.971217    16.094096    0.033143     -0.017901    2.355709    
-0.741380    0.734640     48.999372    49.050003    -0.035290    0.034969     2.332406    
1.427479     -0.219910    62.907376    62.954738    0.359552     -0.055391    15.845029   
1.642809     0.051094     53.450919    53.512401    0.477942     0.014865     15.550451   
0.497107     2.177946     23.824691    24.010027    0.050673     0.222012     2.428602    
-0.745681    0.782164     137.782707   137.801005   -0.018105    0.018991     3.345374    
-0.634872    0.470451     51.439780    51.483496    -0.001104    0.000818     0.089431    
-0.385056    3.551899     74.267957    74.379894    -0.009947    0.091751     1.918454    
0.234303     0.158209     5.263233     5.626411     0.017109     0.011553     0.384337    
0.477655     0.294215     77.399536    77.426597    0.008298     0.005111     1.344582    
2.348689     1.918828     41.371398    41.529095    0.006301     0.005148     0.110992    
-0.573875    0.057183     39.006966    39.060862    -0.016863    0.001680     1.146183    
-0.386843    0.189754     21.141270    21.237088    -0.038776    0.019020     2.119127    
-1.217011    -0.483227    21.007137    21.139758    -0.035032    -0.013910    0.604700    
-0.875602    -0.093989    12.498616    12.683291    -0.043485    -0.004668    0.620715    
-1.204033    0.730785     61.672652    61.720132    -0.062296    0.037810     3.190891    
-0.434445    -1.067552    35.884045    35.956474    -0.011123    -0.027332    0.918713    
-0.264161    0.146275     34.093732    34.151847    -0.024405    0.013514     3.149771    
0.144686     0.076683     64.431970    64.462241    0.018443     0.009774     8.212883    
0.599939     -0.558731    8.541514     8.803665     0.101126     -0.094180    1.439765    
-1.514893    -0.885910    25.204269    25.341860    -0.000326    -0.000191    0.005426    
1.404323     0.489826     16.553493    16.736342    0.090028     0.031402     1.061208    
0.168478     4.465888     92.340686    92.469723    0.020873     0.553277     11.440056   
-0.194051    0.084930     44.097893    44.142315    -0.003647    0.001596     0.828852    
-0.251490    1.529134     7.839885     8.230447     -0.034474    0.209614     1.074694    
-1.296354    -1.401232    65.581250    65.638551    -0.011212    -0.012119    0.567198    
0.706883     1.009742     56.112193    56.160239    0.011863     0.016946     0.941680    
-0.746415    0.089620     12.056827    12.239575    -0.027155    0.003260     0.438633    
-0.588905    0.025077     28.187793    28.262591    -0.025073    0.001068     1.200092    
0.260290     -1.713053    47.691453    47.763501    0.015639     -0.102924    2.865398    
0.081612     -1.198118    48.434306    48.489165    0.003645     -0.053511    2.163215    
-1.506394    -0.009284    15.934020    16.125671    -0.050187    -0.000309    0.530860    
-3.427569    0.939415     87.011906    87.106701    -0.261281    0.071611     6.632849    
1.144697     0.515079     18.711053    18.856142    0.221558     0.099694     3.621548    
0.446056     2.836412     32.470932    32.657014    0.007938     0.050477     0.577853    
-1.597630    0.920640     83.031991    83.075787    -0.079917    0.046053     4.153448    
-1.489591    -0.967270    27.623285    27.750231    -0.343651    -0.223150    6.372725    
0.271291     -1.872683    84.108724    84.153033    0.006159     -0.042516    1.909534    
0.524659     -0.644397    81.982870    82.010710    0.112145     -0.137739    17.523691   
-0.633248    0.352728     17.302707    17.429402    -0.083736    0.046642     2.287987    
0.356957     -1.559401    17.204621    17.390603    0.004364     -0.019065    0.210345    
-0.769066    0.635618     21.842247    21.953455    -0.022778    0.018825     0.646910    
0.765914     -0.616499    46.574476    46.626425    0.283879     -0.228500    17.262406   
0.562754     -0.859462    20.124359    20.246484    0.014959     -0.022846    0.534951    
0.211450     2.296529     160.150709   160.179410   0.015039     0.163337     11.390456   
-0.116362    -0.076494    67.629242    67.658028    -0.043461    -0.028570    25.259186   
-0.350824    -0.210692    45.678807    45.723034    -0.013195    -0.007925    1.718079    
0.739841     -0.902676    49.276285    49.329397    0.148827     -0.181583    9.912432    
0.207611     -0.227893    60.670853    60.703562    0.000048     -0.000052    0.013955    
-0.472228    -1.239134    16.111617    16.285503    -0.045625    -0.119720    1.556643    
-0.308237    -0.527214    6.085991     6.425512     -0.016679    -0.028528    0.329316    
1.763789     -0.492069    120.120771   120.150854   0.143218     -0.039956    9.753694    
-1.519540    -1.535013    32.352782    32.484500    -0.090563    -0.091485    1.928193    
-3.414533    -0.464542    49.436696    49.595733    -0.209368    -0.028484    3.031303    
-1.765445    -1.325758    51.492931    51.577818    -0.085687    -0.064346    2.499242    
0.267545     -1.672122    28.081259    28.201057    0.008643     -0.054019    0.907183    
-0.710217    -0.409920    71.431139    71.462962    -0.042333    -0.024434    4.257730    
0.786646     0.899985     10.638712    10.885125    0.057199     0.065440     0.773562    
-0.097947    0.674847     125.367232   125.384539   -0.004224    0.029101     5.406078    
-0.792807    -0.351002    48.659089    48.706608    -0.005910    -0.002616    0.362722    
0.485314     0.471726     52.381107    52.422451    0.160442     0.155950     17.316924   
1.053572     -0.476959    36.810513    36.881246    0.065276     -0.029551    2.280665    
-1.153191    -0.052544    30.440394    30.525812    -0.137050    -0.006245    3.617662    
0.035667     -1.424056    15.626702    15.814486    0.001696     -0.067727    0.743198    
1.610281     -0.796112    108.108073   108.140913   0.019772     -0.009775    1.327400    
0.685122     -0.635113    35.167862    35.235298    0.063218     -0.058603    3.245016    
-0.291070    0.358896     10.705546    10.894825    -0.067988    0.083831     2.500602    
1.015414     1.007756     47.677276    47.739336    0.035551     0.035282     1.669225    
1.132750     0.691456     100.916568   100.944489   0.099240     0.060578     8.841259    
-0.124134    2.507310     24.700700    24.905853    -0.005240    0.105836     1.042644    
-1.678041    0.527694     26.640596    26.771077    -0.051889    0.016318     0.823789    
-0.273577    -0.237128    6.874743     7.160176     -0.009216    -0.007989    0.231601    
0.839179     1.537239     28.417968    28.539852    0.098195     0.179877     3.325269    
-0.390822    1.437218     64.000800    64.048386    -0.005508    0.020256     0.902023    
-0.717867    -0.376378    105.367620   105.389123   -0.033492    -0.017560    4.915885    
-0.290888    0.813210     20.327007    20.440354    -0.118397    0.330993     8.273500    
-0.101559    0.718931     110.110260   110.130248   -0.008806    0.062341     9.548028    
-0.410898    -0.312973    13.133730    13.290470    -0.009659    -0.007357    0.308739    
1.730718     0.019043     65.055113    65.107898    0.166068     0.001827     6.242262    
-0.575123    0.626719     37.496059    37.557329    -0.004744    0.005170     0.309313    
0.184256     -1.503006    27.682861    27.794041    0.024231     -0.197658    3.640537    
0.548718     -0.085816    46.930478    46.975027    0.046530     -0.007277    3.979559    
-0.319634    -0.969546    65.757836    65.795214    -0.017236    -0.052281    3.545901    
0.609558     -1.291673    42.277355    42.347251    0.094674     -0.200618    6.566377    
-0.331328    0.387282     53.955961    53.994263    -0.010443    0.012206     1.700573    
-1.144000    -1.924644    113.587110   113.626227   -0.091550    -0.154023    9.089991    
-1.132268    0.242059     44.724664    44.782934    -0.114910    0.024566     4.538961    
0.939762     1.160049     28.365386    28.472775    0.064696     0.079861     1.952748    
-1.196718    0.482256     141.043119   141.062756   -0.013049    0.005258     1.537926    
0.398472     -0.323461    25.726658    25.806962    0.010970     -0.008905    0.708230    
0.705227     -0.922077    79.449878    79.482738    0.239226     -0.312786    26.950928   
-0.897457    -1.293529    16.144803    16.340387    -0.217636    -0.313685    3.915166    
-0.601291    0.185057     142.178701   142.193719   -0.080002    0.024622     18.916925   
-1.368041    0.983483     133.943691   133.968750   -0.009810    0.007052     0.960483    
-0.260484    1.535907     21.739874    21.884331    -0.041158    0.242680     3.434997    
0.703207     -1.080311    54.443660    54.494483    0.072516     -0.111403    5.614315    
0.339237     0.264412     18.008284    18.120657    0.008631     0.006728     0.458190    
0.921652     0.329446     12.525658    12.717116    0.076956     0.027508     1.045869    
0.016182     0.819962     19.387885    19.504811    0.004029     0.204171     4.827601    
0.508180     -1.003637    49.538822    49.590678    0.006894     -0.013615    0.672050    
1.012355     1.397810     17.085986    17.285387    0.456994     0.630994     7.712898    
-0.075438    -0.512656    22.731086    22.822045    -0.000932    -0.006334    0.280856    
0.337276     -0.201356    26.432719    26.508827    0.016179     -0.009659    1.267931    
-0.502241    -1.680843    50.503849    50.572633    -0.057618    -0.192829    5.793881    
-1.215801    -0.754896    56.381334    56.433836    -0.254838    -0.158230    11.817810   
0.801643     -0.427697    55.070182    55.112843    0.093243     -0.049748    6.405479    
1.208078     -0.805310    19.734357    19.885366    0.128861     -0.085899    2.104990    
-0.998456    0.664443     6.553494     6.947060     -0.041363    0.027526     0.271493    
0.347146     -0.645937    24.948553    25.036833    0.034950     -0.065032    2.511773    
1.332358     -0.808779    14.246488    14.466052    0.371849     -0.225723    3.976064    
1.835797     0.609223     46.590005    46.671670    0.174556     0.057928     4.429992    
-1.521038    0.642324     114.089058   114.117984   -0.002185    0.000923     0.163883    
0.426031     0.150280     13.963517    14.108822    0.047701     0.016826     1.563440    
-0.431510    0.313439     86.419425    86.443487    -0.003833    0.002784     0.767681    
-0.133535    1.724585     69.284110    69.333649    -0.006478    0.083668     3.361292    
1.304096     -0.625342    35.016299    35.101394    0.205040     -0.098321    5.505537    
0.200144     -0.977537    21.531856    21.644662    0.002763     -0.013493    0.297212    
0.008732     1.166203     21.838130    21.957663    0.001928     0.257535     4.822566    
1.476483     0.683576     16.521902    16.718119    0.002912     0.001348     0.032582    
-1.181306    -0.031805    15.468597    15.638060    -0.050567    -0.001361    0.662147    
0.272362     -1.200921    83.410088    83.442400    0.015833     -0.069812    4.848810    
1.639949     -0.100108    18.473900    18.650989    0.098964     -0.006041    1.114817    
-0.338352    -0.711684    225.241921   225.251901   -0.004558    -0.009588    3.034603    
1.220933     -0.262671    10.150725    10.414982    0.133894     -0.028806    1.113182    
0.357956     0.460124     42.105886    42.155906    0.008969     0.011529     1.055043    
0.178487     0.458900     5.678421     6.030080     0.010731     0.027590     0.341399    
0.880514     -0.334065    91.902730    91.928634    0.041850     -0.015878    4.368096    
1.424572     -2.182274    81.504829    81.570239    0.137079     -0.209988    7.842753    
-1.889367    0.662177     19.586083    19.786303    -0.049581    0.017377     0.513983    
-0.305425    0.302446     22.129836    22.221371    -0.066329    0.065682     4.805936    
0.076801     0.257627     96.064213    96.084755    0.017433     0.058478     21.805346   
0.893166     -0.008180    65.122212    65.158079    0.022460     -0.000206    1.637622    
1.117783     -0.040425    72.971078    73.006193    0.014467     -0.000523    0.944459    
-0.225926    0.046333     7.061364     7.334235     -0.028151    0.005773     0.879855    
1.463547     -0.300550    65.575338    65.621889    0.015811     -0.003247    0.708408    
1.420146     1.037351     15.192724    15.420335    0.018726     0.013679     0.200332    
-1.316744    -1.194473    33.561396    33.666048    -0.197825    -0.179455    5.042195    
-0.384314    1.809691     62.581394    62.639672    -0.015067    0.070950     2.453534    
0.238234     0.209323     53.409758    53.446963    0.000234     0.000206     0.052517    
-1.116302    0.861949     42.301694    42.370950    -0.010383    0.008017     0.393463    
0.244091     -0.917454    52.850712    52.895879    0.010713     -0.040265    2.319516    
-1.379269    -0.270098    35.819634    35.901204    -0.191819    -0.037563    4.981551    
-1.814791    -0.389970    32.471912    32.584437    -0.008102    -0.001741    0.144961    
0.316918     -1.238906    126.901713   126.923422   0.016020     -0.062626    6.414809    
0.031996     0.915633     25.386336    25.479019    0.000357     0.010219     0.283338    
1.470977     -0.051984    136.178446   136.200626   0.093944     -0.003320    8.697043    
-0.480090    -1.961125    25.535607    25.690829    -0.059027    -0.241122    3.139622    
1.327836     -0.509224    97.092944    97.123310    0.151340     -0.058039    11.066136   
0.399263     -0.981587    11.263643    11.483359    0.017605     -0.043282    0.496660    
0.243014     0.411593     11.454699    11.632435    0.006646     0.011256     0.313268    
0.497324     -0.337251    144.073761   144.088461   0.049488     -0.033559    14.336591   
-2.658944    0.242752     62.945033    63.032381    -0.038565    0.003521     0.912952    
-1.106580    -1.754447    27.311770    27.461069    -0.139621    -0.221365    3.446031    
-0.669787    0.965636     68.873096    68.911242    -0.059897    0.086354     6.159148    
-1.895284    -0.938480    142.806440   142.835665   -0.285724    -0.141481    21.528847   
1.193422     -0.561408    60.399793    60.446252    0.198087     -0.093184    10.025286   
-3.034907    0.013180     65.289529    65.389666    -0.168172    0.000730     3.617870    
-0.704563    -0.932736    55.364489    55.411803    -0.008783    -0.011627    0.690140    
0.800956     -2.848732    101.071467   101.133937   0.129891     -0.461980    16.390785   
0.153460     0.413434     15.550650    15.680948    0.012193     0.032849     1.235572    
-0.809540    -0.562083    20.704953    20.821655    -0.097735    -0.067860    2.499698    
-0.412213    0.441714     47.513770    47.558368    -0.004637    0.004969     0.534524    
1.558065     2.000027     82.270464    82.333054    0.364641     0.468075     19.254107   
0.184423     0.389542     23.967122    24.051687    0.008047     0.016997     1.045772    
-0.474291    -2.317488    46.597267    46.698778    -0.002324    -0.011355    0.228306    
0.359696     -0.409838    28.597764    28.670620    0.010017     -0.011413    0.796380    
0.960921     1.485467     46.945180    47.019728    0.175317     0.271019     8.564992    
0.467599     1.595802     25.234431    25.365660    0.025853     0.088230     1.395182    
-0.231229    -0.886223    58.389187    58.429538    -0.042557    -0.163106    10.746325   
1.520075     -1.041358    44.521280    44.602852    0.160774     -0.110141    4.708886    
0.674204     -0.656264    64.939164    64.975804    0.015112     -0.014710    1.455585    
-1.519401    -2.174702    39.441825    39.579924    -0.060184    -0.086141    1.562311    
-0.731301    -0.311721    6.102549     6.461271     -0.038687    -0.016491    0.322839    
0.656705     -1.687003    43.712477    43.794210    0.030449     -0.078221    2.026815    
-0.469413    -1.109922    8.863964     9.159535     -0.022025    -0.052078    0.415902    
0.641511     -0.535908    52.477572    52.521132    0.071200     -0.059479    5.824376    
-0.072115    -1.817716    29.561073    29.682340    -0.000079    -0.001979    0.032186    
-0.023753    -0.058628    62.651903    62.682851    -0.000106    -0.000262    0.280068    
-0.549583    -0.854979    23.530814    23.634873    -0.005534    -0.008608    0.236923    
-0.777869    0.680637     70.631985    70.666970    -0.062641    0.054811     5.687944    
-1.301063    1.753720     35.001491    35.124744    -0.122482    0.165095     3.295040    
1.658803     -0.936572    46.027355    46.108797    0.122587     -0.069214    3.401468    
0.326946     0.762970     3.970737     4.508960     0.019477     0.045453     0.236553    
-1.501613    -2.184350    90.578536    90.638691    -0.052523    -0.076403    3.168217    
2.560466     0.443471     49.638148    49.745084    0.112105     0.019417     2.173314    
0.606176     0.825438     23.772513    23.875848    0.046529     0.063359     1.824721    
-1.116232    -0.038714    42.561087    42.621222    -0.179286    -0.006218    6.836045    
-0.949216    1.361013     8.416503     8.801469     -0.011056    0.015852     0.098028    
-0.673534    -0.233328    46.535485    46.582555    -0.167597    -0.058059    11.579497   
0.402640     -1.200420    98.573309    98.601091    0.076086     -0.226840    18.627164   
-1.248581    1.169396     21.406223    21.564503    -0.178809    0.167469     3.065585    
-0.510380    -0.655810    8.307700     8.578077     -0.007806    -0.010030    0.127057    
-0.110599    0.471335     12.056580    12.225812    -0.001951    0.008313     0.212647    
-0.236318    1.757128     94.868092    94.905075    -0.022656    0.168455     9.094955    
0.393365     0.089910     20.152989    20.252920    0.101423     0.023182     5.196117    
-0.875499    -1.881226    49.793077    49.875154    -0.008928    -0.019184    0.507773    
-0.415255    0.324809     14.039348    14.186479    -0.030047    0.023503     1.015868    
0.961017     -0.174088    11.868470    12.070186    0.034687     -0.006284    0.428387    
-1.216656    0.002142     10.539652    10.790712    -0.004488    0.000008     0.038876    
-1.102301    -2.173537    157.277492   157.308690   -0.036227    -0.071432    5.168856    
-0.529350    -0.953263    33.191121    33.267318    -0.021496    -0.038711    1.347848    
0.917729     -0.922589    74.953678    74.990814    0.013361     -0.013432    1.091266    
0.030374     0.985264     28.712295    28.796571    0.001302     0.042250     1.231243    
-1.251135    -1.313009    20.196553    20.373145    -0.162403    -0.170435    2.621603    
-1.597825    -0.382764    41.893111    41.971505    -0.000549    -0.000131    0.014390    
-0.859046    1.142109     74.905748    74.945236    -0.054037    0.071842     4.711805    
-0.837174    -0.478249    87.394075    87.421559    -0.108068    -0.061735    11.281363   
-0.804218    1.631271     30.384301    30.502271    -0.004837    0.009812     0.182764    
0.512207     -0.169952    19.910403    20.014753    0.001531     -0.000508    0.059509    
0.544352     -1.063451    28.751678    28.843738    0.054579     -0.106627    2.882786    
1.334469     0.837005     23.733760    23.867293    0.031195     0.019566     0.554816    
-0.123148    0.581844     47.420328    47.464894    -0.000759    0.003584     0.292114    
-2.006663    2.161244     14.851708    15.269114    -0.057934    0.062397     0.428782    
-1.492698    1.149779     85.129088    85.172687    -0.051915    0.039989     2.960745    
-0.815663    -0.328522    9.764603     9.999783     -0.041221    -0.016603    0.493477    
-0.063772    0.583994     182.574369   182.585926   -0.003188    0.029192     9.126230    
-0.387285    0.757719     121.642197   121.661100   -0.000053    0.000104     0.016747    
-1.309660    0.002942     15.785698    15.961781    -0.381101    0.000856     4.593518    
0.596464     -0.257951    70.996585    71.026842    0.032076     -0.013872    3.818012    
-0.728465    1.139438     32.097755    32.186485    -0.105780    0.165457     4.660889    
0.684811     -1.026790    46.167399    46.225825    0.025328     -0.037976    1.707500    
0.253954     0.834059     30.102071    30.178963    0.010183     0.033442     1.206970    
-1.217330    -0.289723    72.530699    72.568196    -0.193038    -0.045943    11.501567   
-0.660799    0.430203     32.563394    32.632366    -0.027279    0.017760     1.344286    
-0.507736    1.793223     46.853399    46.931752    -0.004067    0.014365     0.375331    
-1.333836    0.268838     44.865257    44.929029    -0.050112    0.010100     1.685576    
-1.762436    -1.881949    39.358135    39.491590    -0.055931    -0.059724    1.249033    
-0.533082    0.970782     14.958060    15.127627    -0.010065    0.018329     0.282421    
-1.704244    0.845477     75.931219    75.980552    -0.072396    0.035916     3.225543    
0.465061     -2.433806    46.752865    46.859845    0.002172     -0.011369    0.218388    
1.392081     -1.001262    33.086736    33.189568    0.007474     -0.005376    0.177642    
-0.370308    1.318951     11.929317    12.168004    -0.020793    0.074060     0.669835    
-0.813097    0.833547     37.630215    37.699655    -0.012397    0.012709     0.573729    
-0.593418    -0.160431    56.589072    56.626636    -0.037713    -0.010196    3.596328    
1.056367     -1.278919    20.697572    20.857037    0.015662     -0.018962    0.306869    
-1.612946    0.057528     17.568348    17.751808    -0.073482    0.002621     0.800377    
-0.277432    -1.226577    118.652394   118.675385   -0.016271    -0.071938    6.958934    
1.532605     0.310057     18.468789    18.639103    0.047579     0.009626     0.573358    
1.737463     -0.801977    22.897706    23.061696    0.106695     -0.049248    1.406113    
-0.310824    0.192948     50.647908    50.687468    -0.005325    0.003305     0.867660    
-0.908867    0.026658     19.756577    19.875211    -0.022524    0.000661     0.489625    
-0.838955    0.831341     88.322379    88.352207    -0.055106    0.054606     5.801336    
0.142694     0.472999     99.747609    99.768254    0.012009     0.039808     8.394860    
0.142436     0.425795     18.899590    19.007132    0.014555     0.043511     1.931306    
0.062604     0.765914     11.145201    11.343765    0.002429     0.029715     0.432402    
-0.845610    -0.389194    42.908299    42.963515    -0.006495    -0.002989    0.329564    
-0.318447    -0.216241    36.747949    36.802648    -0.005975    -0.004057    0.689494    
1.166197     1.407669     64.492585    64.548509    0.049789     0.060098     2.753414    
-1.513952    -0.596278    14.284051    14.510571    -0.008389    -0.003304    0.079150    
-0.435465    -0.469928    22.114054    22.210736    -0.034943    -0.037708    1.774471    
-0.038430    -1.496690    50.175008    50.235923    -0.003541    -0.137903    4.623072    
-0.448950    -0.946047    39.508620    39.571487    -0.019132    -0.040316    1.683688    
-1.019415    0.717880     59.173620    59.219480    -0.095166    0.067016     5.524055    
0.230830     -1.917499    50.901670    50.976319    0.013468     -0.111880    2.969963    
1.994420     -0.818160    58.928385    59.000649    0.385800     -0.158265    11.399081   
-0.725973    0.511334     48.001543    48.050094    -0.079971    0.056327     5.287676    
-1.644445    0.965738     12.157532    12.462640    -0.007803    0.004582     0.057688    
-1.377156    1.682005     15.725734    15.996855    -0.028214    0.034459     0.322174    
0.204247     0.808445     51.084432    51.129145    0.080021     0.316737     20.014159   
-0.079619    0.752595     26.557708    26.641313    -0.007285    0.068863     2.430057    
0.740285     0.132365     34.901217    34.964775    0.046716     0.008353     2.202473    
-0.619676    -0.000242    51.414244    51.455645    -0.005342    -0.000002    0.443243    
0.131622     0.308060     46.003199    46.046514    0.000744     0.001740     0.259894    
-0.531226    -0.852382    33.051363    33.125162    -0.006384    -0.010243    0.397192    
0.129395     -0.182419    7.436439     7.695817     0.019610     -0.027646    1.126990    
-1.636984    0.690369     30.757663    30.871752    -0.024918    0.010509     0.468197    
-1.958694    -2.093275    105.729961   105.787135   -0.045204    -0.048309    2.440077    
0.237962     0.524076     86.936165    86.960353    0.044828     0.098728     16.377434   
-0.872276    1.320352     9.348831     9.683997     -0.005749    0.008703     0.061622    
0.394633     0.591192     5.296374     5.694890     0.004729     0.007084     0.063466    
-0.432021    -0.414704    55.339459    55.377697    -0.021542    -0.020679    2.759429    
-0.014300    1.060568     15.168589    15.332516    -0.000784    0.058170     0.831973    
0.577926     -0.464786    90.294435    90.318935    0.027725     -0.022297    4.331752    
-0.929916    -0.135802    32.640538    32.713344    -0.097354    -0.014217    3.417178    
-0.623545    -0.418811    95.208333    95.231643    -0.031588    -0.021216    4.823105    
1.725430     -1.624166    150.913133   150.944571   0.021337     -0.020085    1.866230    
0.539806     0.788204     23.499484    23.601131    0.080078     0.116926     3.486041    
-0.764780    -0.720163    150.667509   150.684029   -0.039927    -0.037598    7.865903    
-0.095683    0.114634     25.293206    25.370130    -0.000307    0.000368     0.081230    
-1.126901    0.514298     115.971109   115.994429   -0.029879    0.013636     3.074865    
-0.668320    0.381094     23.990828    24.083742    -0.010305    0.005876     0.369933    
-2.542412    2.202316     32.565787    32.798162    -0.564738    0.489193     7.233736    
-0.937615    0.399882     15.651680    15.807879    -0.108662    0.046343     1.813906    
1.579583     1.315950     13.938400    14.226059    0.072226     0.060172     0.637332    
-1.123481    0.545468     127.946157   127.967393   -0.035468    0.017220     4.039172    
0.401112     -0.308679    24.022279    24.108111    0.058933     -0.045352    3.529424    
-0.000980    0.333594     66.725476    66.755339    -0.000033    0.011147     2.229712    
-1.356918    0.510005     38.331397    38.409273    -0.186901    0.070248     5.279744    
1.121271     0.283903     70.148284    70.185430    0.022760     0.005763     1.423886    
-0.385744    1.428968     64.657338    64.704227    -0.018213    0.067471     3.052897    
-1.116990    1.644224     105.340822   105.377962   -0.020190    0.029720     1.904058    
1.116334     -0.307483    8.994850     9.280249     0.099747     -0.027474    0.803711    
-0.895494    -0.021828    109.677974   109.699295   -0.035790    -0.000872    4.383465    
0.681138     0.501195     28.650290    28.730284    0.035718     0.026282     1.502392    
0.859022     -2.218714    58.304135    58.385852    0.008969     -0.023166    0.608761    
-1.078787    0.059269     27.526829    27.618265    -0.005148    0.000283     0.131367    
-0.218479    -1.150771    15.421718    15.590905    -0.023911    -0.125945    1.687818    
-0.085125    0.326173     98.186424    98.206733    -0.002085    0.007988     2.404463    
-0.800732    0.680442     11.294507    11.512819    -0.044944    0.038192     0.633946    
0.455686     -0.805724    58.951646    58.991765    0.006350     -0.011227    0.821445    
2.107984     -0.098639    20.228377    20.433196    0.342957     -0.016048    3.291039    
-0.986695    0.754723     22.799623    22.918136    -0.044526    0.034058     1.028865    
-1.295450    -1.242939    34.685526    34.787696    -0.070618    -0.067756    1.890793    
0.204413     0.778754     116.229833   116.249290   0.010544     0.040170     5.995398    
0.943677     -0.177021    57.838239    57.879691    0.019536     -0.003665    1.197391    
0.486974     -0.590935    89.971417    89.996207    0.019305     -0.023426    3.566668    
0.129123     1.912588     28.203505    28.337031    0.004332     0.064172     0.946291    
-0.150206    -0.032494    9.153606     9.364138     -0.031744    -0.006867    1.934466    
0.518183     -0.974244    14.996115    15.164962    0.001020     -0.001917    0.029505    
-0.633721    -0.011003    45.657460    45.704270    -0.125931    -0.002187    9.072923    
0.397950     -1.059389    12.266922    12.475295    0.002114     -0.005628    0.065165    
-0.206461    -0.274590    25.926451    26.003342    -0.020591    -0.027386    2.585728    
-1.523290    1.276181     54.161172    54.233353    -0.026919    0.022552     0.957111    
-0.991756    0.580427     9.061855     9.344124     -0.011551    0.006760     0.105546    
-0.165938    0.402932     55.494837    55.531449    -0.039381    0.095626     13.170335   
-0.610530    0.428290     13.579330    13.741519    -0.068326    0.047931     1.519706    
0.307701     0.413368     45.179538    45.225338    0.033511     0.045019     4.920436    
0.235890     -0.946490    70.287266    70.321592    0.005261     -0.021111    1.567746    
0.685952     1.896290     44.825121    44.913616    0.138903     0.383992     9.076931    
-1.958580    -1.732825    35.114471    35.266695    -0.065030    -0.057534    1.165892    
-1.222979    -1.815781    26.959682    27.119958    -0.082453    -0.122420    1.817622    
0.465531     -0.699266    10.528042    10.743384    0.000444     -0.000666    0.010031    
-0.557093    -0.574142    8.074089     8.349003     -0.063950    -0.065907    0.926839    
-0.922378    1.572799     18.763567    18.954442    -0.115137    0.196327     2.342187    
-0.407432    0.481812     51.411362    51.452903    -0.011001    0.013010     1.388207    
-0.884818    -2.087330    34.563842    34.694005    -0.053307    -0.125755    2.082359    
-0.614042    -0.593296    13.846319    14.011587    -0.063498    -0.061353    1.431843    
-0.949343    -0.237731    47.305243    47.356295    -0.174087    -0.043594    8.674674    
0.911978     0.468703     23.997733    24.100156    0.020044     0.010302     0.527441    
-1.843869    1.066888     15.115950    15.391718    -0.045753    0.026473     0.375083    
0.864544     -0.173402    48.816244    48.863874    0.012552     -0.002518    0.708738    
1.525301     -0.192029    22.311245    22.450613    0.524647     -0.066051    7.674245    
-1.126815    1.403234     70.767994    70.818237    -0.013547    0.016870     0.850794    
0.175534     0.078362     118.691271   118.707750   0.022416     0.010007     15.157300   
-0.909375    -0.430799    32.091564    32.167623    -0.014875    -0.007047    0.524936    
1.329223     0.381372     33.542662    33.628818    0.059436     0.017053     1.499844    
0.832700     0.815877     22.567337    22.683004    0.057324     0.056166     1.553572    
-0.207416    0.739677     7.761028     8.043547     -0.008039    0.028668     0.300794    
1.896252     0.543095     35.926620    36.034535    0.144195     0.041298     2.731942    
-1.702564    0.989640     23.468532    23.633135    -0.053838    0.031294     0.742112    
0.368307     -0.758135    35.060775    35.126106    0.049159     -0.101191    4.679665    
0.851654     0.417621     12.344815    12.536712    0.001972     0.000967     0.028579    
-0.274465    2.098139     98.100977    98.143538    -0.022053    0.168583     7.882283    
-0.769505    -1.308126    75.778753    75.819507    -0.038469    -0.065396    3.788327    
-0.677957    -0.556919    106.107063   106.128948   -0.037288    -0.030631    5.835896    
-0.602437    -0.742491    75.734414    75.766026    -0.004553    -0.005611    0.572313    
0.363536     -0.166219    40.777639    40.827081    0.010167     -0.004648    1.140380    
0.829950     -0.339655    35.032028    35.098748    0.044905     -0.018377    1.895445    
-1.439606    0.841366     36.121232    36.213239    -0.026178    0.015300     0.656844    
-0.062867    -2.080544    14.843241    15.117188    -0.001001    -0.033130    0.236363    
-0.182556    0.020615     109.738415   109.756222   -0.016160    0.001825     9.714287    
-0.095645    1.814536     34.913707    35.016333    -0.014787    0.280540     5.397900    
-0.077797    -0.147811    21.184336    21.276253    -0.003110    -0.005909    0.846834    
-1.801617    0.687745     66.677486    66.734406    -0.230302    0.087915     8.523441    
0.185024     0.722547     92.819347    92.843214    0.003147     0.012290     1.578758    
-0.817522    0.217671     11.789650    11.982759    -0.018350    0.004886     0.264634    
-0.008188    -0.526081    35.168457    35.227434    -0.002585    -0.166090    11.103109   
0.217566     -0.885787    37.817791    37.879972    0.038831     -0.158096    6.749745    
0.542062     -0.471360    48.523832    48.569056    0.024343     -0.021168    2.179148    
1.030290     -0.155554    77.595857    77.627815    0.052552     -0.007934    3.957908    
0.518253     -0.285702    149.507431   149.521561   0.021766     -0.011999    6.279098    
0.620812     0.998430     27.173802    27.270364    0.113245     0.182128     4.956891    
0.772948     0.206626     21.624895    21.729040    0.247551     0.066176     6.925780    
0.433041     -0.526738    89.877589    89.901730    0.020428     -0.024848    4.239813    
-0.935063    -0.249090    20.384649    20.502323    -0.039343    -0.010481    0.857697    
-0.652045    0.410507     140.459335   140.475241   -0.081370    0.051228     17.528171   
-0.461992    0.291926     35.190790    35.250040    -0.087866    0.055521     6.692943    
-0.210599    4.586294     52.667499    52.903864    -0.008954    0.195003     2.239356    
-0.529296    0.420722     30.329795    30.401128    -0.008693    0.006910     0.498109    
0.256245     -1.399956    62.431100    62.478338    0.090847     -0.496329    22.133808   
-1.784995    -0.918488    65.701874    65.762003    -0.238403    -0.122673    8.775113    
-0.539240    0.492895     12.203074    12.382394    -0.249782    0.228315     5.652599    
0.246487     1.295225     61.068392    61.114334    0.009610     0.050497     2.380874    
0.029043     -0.152855    12.767917    12.919708    0.002510     -0.013212    1.103616    
-0.193164    0.242669     22.193335    22.282623    -0.020667    0.025964     2.374555    
0.418233     -0.011195    25.301772    25.381680    0.000292     -0.000008    0.017666    
1.667801     0.249965     24.096712    24.235728    0.047364     0.007099     0.684322    
0.310862     -0.853654    10.480176    10.702075    0.006380     -0.017520    0.215087    
0.330710     1.834883     37.140344    37.239176    0.013757     0.076330     1.545018    
0.459726     -1.347568    25.157284    25.274319    0.017583     -0.051540    0.962180    
0.094363     -0.066438    8.225167     8.458229     0.001957     -0.001378    0.170580    
1.570074     -0.505480    75.441773    75.485473    0.030287     -0.009751    1.455275    
-1.800899    -0.950026    141.432405   141.460758   -0.102486    -0.054064    8.048701    
0.957744     -0.148626    27.038161    27.127043    0.025299     -0.003926    0.714221    
-0.559218    -0.930819    27.188872    27.281658    -0.012516    -0.020833    0.608521    
-0.361137    0.102079     8.630556     8.860152     -0.030880    0.008729     0.737989    
-0.190742    -0.743394    50.313886    50.358228    -0.005494    -0.021412    1.449183    
-0.283977    -1.101666    9.401003     9.672028     -0.039935    -0.154926    1.322049    
-1.980090    0.922804     29.146283    29.294250    -0.175237    0.081668     2.579429    
0.214910     0.307968     17.597616    17.711355    0.002566     0.003677     0.210134    
-3.677616    1.444246     123.500088   123.578952   -0.743599    0.292020     24.971204   
0.579227     -0.176971    50.610405    50.652293    0.003248     -0.000992    0.283786    
1.122560     0.102535     28.108123    28.199507    0.016940     0.001547     0.424175    
-2.194570    -0.110948    56.312785    56.390010    -0.112562    -0.005691    2.888360    
1.117823     0.022854     238.487293   238.498037   0.200034     0.004090     42.677306   
-1.588447    0.489435     10.378379    10.693381    -0.187105    0.057651     1.222480    
3.293700     2.329118     115.834730   115.921667   0.225937     0.159770     7.945885    
0.380614     -0.322528    14.756689    14.895762    0.000605     -0.000512    0.023447    
-0.597161    0.092634     79.354289    79.381001    -0.041412    0.006424     5.503061    
1.804274     -0.164379    30.958901    31.074281    0.045391     -0.004135    0.778847    
-1.309336    0.120980     39.408024    39.479061    -0.066242    0.006121     1.993742    
-1.221194    -0.554256    32.082670    32.170968    -0.115584    -0.052459    3.036564    
-0.534212    0.565089     14.790170    14.940843    -0.069659    0.073685     1.928567    
0.650188     -0.409183    10.164350    10.381674    0.020853     -0.013123    0.325989    
-0.131522    -0.719733    15.558735    15.699825    -0.002724    -0.014906    0.322232    
0.913949     -1.520271    84.858857    84.900218    0.076632     -0.127471    7.115190    
-0.490733    -0.043103    14.466774    14.608395    -0.016729    -0.001469    0.493175    
-0.059468    0.791267     70.328428    70.360447    -0.007821    0.104061     9.248998    
1.431698     0.166525     108.853812   108.881150   0.021108     0.002455     1.604873    
0.757866     -0.010531    38.858689    38.915898    0.047980     -0.000667    2.460114    
0.589918     -0.808088    43.376217    43.432386    0.013794     -0.018895    1.014237    
0.416554     -0.124831    13.589978    13.738688    0.060654     -0.018176    1.978811    
-0.455756    1.209419     100.848350   100.875840   -0.001249    0.003315     0.276423    
-1.364422    1.100911     65.904257    65.956954    -0.018925    0.015270     0.914098    
0.314058     0.621575     43.146183    43.196679    0.016801     0.033253     2.308240    
0.899877     1.788522     42.041550    42.135205    0.042971     0.085405     2.007562    
0.177464     -0.667955    9.275572     9.507305     0.000858     -0.003228    0.044828    
-0.102535    1.243057     31.140523    31.227597    -0.001393    0.016884     0.422973    
2.267803     -0.018224    23.420218    23.611963    0.053298     -0.000428    0.550425    
-0.435953    -0.065197    31.848640    31.912461    -0.028590    -0.004276    2.088667    
1.235164     1.135046     65.242623    65.293864    0.126926     0.116638     6.704384    
0.578717     0.033307     39.270562    39.324140    0.047454     0.002731     3.220153    
-0.959683    0.332736     119.332314   119.352871   -0.019202    0.006657     2.387630    
0.525834     -1.810114    21.744990    21.915121    0.014480     -0.049845    0.598790    
-1.340447    3.203175     45.764983    45.938717    -0.047131    0.112625     1.609113    
0.242667     -2.306009    92.826426    92.876245    0.005762     -0.054760    2.204306    
-1.297752    1.145335     42.950851    43.030762    -0.025049    0.022107     0.829041    
-1.663780    -0.231167    118.613662   118.641887   -0.175086    -0.024327    12.482141   
-1.082493    -2.165639    23.812282    24.015860    -0.105097    -0.210257    2.311878    
1.015876     0.536820     33.873472    33.950070    0.005926     0.003132     0.197613    
-0.221188    -0.803796    34.735431    34.801152    -0.022519    -0.081833    3.536344    
-0.971047    0.952446     68.191364    68.233329    -0.063821    0.062599     4.481830    
-0.706205    0.501347     16.202836    16.344936    -0.010403    0.007385     0.238687    
-1.254946    1.356185     56.285265    56.349979    -0.150726    0.162886     6.760183    
1.788888     0.547518     35.054125    35.159160    0.095430     0.029208     1.869997    
-0.922473    0.567155     68.657714    68.694464    -0.001112    0.000684     0.082774    
3.020240     -1.139024    81.132287    81.220331    0.489460     -0.184590    13.148294   
0.085408     1.389929     23.018651    23.144599    0.002097     0.034120     0.565063    
0.435274     -0.369046    45.387479    45.433730    0.055830     -0.047336    5.821605    
-0.058485    0.527850     35.139290    35.198391    -0.000496    0.004473     0.297762    
0.359471     -1.793460    23.477082    23.630363    0.084378     -0.420974    5.510711    
-2.125530    0.128493     45.062545    45.155756    -0.194610    0.011765     4.125861    
-0.071776    -0.113245    9.522585     9.724842     -0.009318    -0.014701    1.236183    
1.289320     2.072906     23.379586    23.588965    0.013692     0.022013     0.248278    
0.924871     0.353259     39.170818    39.232743    0.000236     0.000090     0.009997    
0.658077     0.537028     22.797844    22.898431    0.026298     0.021460     0.911029    
-0.499285    1.080604     114.077607   114.100799   -0.007873    0.017040     1.798847    
-1.214869    0.423833     18.478984    18.628026    -0.136482    0.047614     2.075979    
-0.407933    -0.761246    122.317392   122.336279   -0.109335    -0.204031    32.783766   
-0.359992    -1.176599    106.728752   106.753995   -0.034717    -0.113468    10.292657   
-0.998295    -0.955042    33.582391    33.668393    -0.090411    -0.086494    3.041414    
-0.892082    0.625413     38.771035    38.836259    -0.093416    0.065492     4.059996    
-1.114506    1.988280     19.077974    19.314229    -0.053209    0.094925     0.910828    
0.195748     1.973012     8.376920     8.830563     0.004220     0.042530     0.180573    
0.491395     -0.852854    13.000758    13.185730    0.007600     -0.013190    0.201062    
0.261915     -0.656004    175.163214   175.175698   0.040517     -0.101480    27.096723   
1.301157     0.961807     89.493968    89.530237    0.028555     0.021108     1.964043    
0.420473     1.549531     52.232665    52.294398    0.055887     0.205957     6.942540    
0.372171     -0.077902    17.876208    17.988283    0.007901     -0.001654    0.379490    
1.046760     0.205611     47.521438    47.574152    0.043461     0.008537     1.973084    
2.014497     0.159030     18.843692    19.053692    0.005428     0.000429     0.050774    
-0.553530    1.749642     26.030305    26.169053    -0.022647    0.071586     1.065018    
