0.353349     1.934542     63.233876    63.295066    0.028391     0.155439     5.080794    
0.784400     -0.656707    29.574469    29.657558    0.052689     -0.044112    1.986548    
-0.155531    -2.050544    36.947618    37.057122    -0.005031    -0.066327    1.195116    
-0.181122    1.626557     23.384194    23.523902    -0.039143    0.351523     5.053675    
-1.191155    2.091813     28.291196    28.461575    -0.026357    0.046287     0.626015    
-0.867437    0.401067     40.430777    40.489949    -0.037477    0.017328     1.746769    
-0.286848    0.068589     82.638224    82.662192    -0.014145    0.003382     4.075045    
1.314802     0.877447     12.904465    13.149099    0.026788     0.017877     0.262914    
0.464716     1.243624     20.279984    20.418503    0.054242     0.145155     2.367075    
0.458268     1.250584     27.660749    27.762672    0.016967     0.046303     1.024137    
0.134539     -0.660141    15.665222    15.802785    0.025600     -0.125612    2.980788    
-0.146336    -2.812642    34.917296    35.085964    -0.020780    -0.399392    4.958221    
2.190974     -0.267567    48.787303    48.876864    0.110615     -0.013509    2.463120    
1.271992     1.466077     81.145943    81.193020    0.035999     0.041492     2.296537    
-1.421422    -0.637378    28.342076    28.453030    -0.035379    -0.015864    0.705430    
-1.940265    -3.869433    86.297497    86.428410    -0.188499    -0.375920    8.383904    
0.544147     0.202093     61.409034    61.443318    0.010591     0.003934     1.195282    
-0.120575    -0.547689    104.910060   104.930025   -0.006190    -0.028116    5.385542    
1.513958     0.629732     57.252526    57.309819    0.387689     0.161259     14.661008   
-1.429718    2.366121     68.974844    69.058285    -0.341020    0.564373     16.452054   
-0.703238    0.026422     59.714315    59.750896    -0.001399    0.000053     0.118770    
-0.880625    0.093545     106.163714   106.185656   -0.119729    0.012718     14.433917   
1.755932     0.102913     33.549764    33.653462    0.133217     0.007808     2.545307    
-1.326976    1.502111     49.353449    49.433340    -0.064085    0.072543     2.383478    
0.901597     -0.870328    54.159488    54.209736    0.036322     -0.035062    2.181884    
0.433290     0.184980     22.630978    22.721313    0.074759     0.031916     3.904707    
-0.173960    -0.046217    112.812345   112.829662   -0.002344    -0.000623    1.519855    
0.634944     -1.945091    17.225663    17.458091    0.049137     -0.150526    1.333051    
-2.180215    -2.154332    54.622687    54.744017    -0.038454    -0.037998    0.963420    
-0.886353    -0.225630    12.515158    12.701994    -0.297826    -0.075815    4.205260    
0.849674     -0.409807    8.713467     8.982725     0.038827     -0.018727    0.398171    
1.666234     -2.821306    39.152537    39.338686    0.039651     -0.067137    0.931693    
-0.134093    0.125046     175.793787   175.804903   -0.005703    0.005319     7.477186    
1.183547     -0.888661    50.688738    50.748533    0.118342     -0.088857    5.068336    
-0.991073    -1.267390    37.492157    37.578256    -0.063176    -0.080789    2.389925    
-0.611320    -2.350830    29.737129    29.901036    -0.057993    -0.223011    2.821002    
-1.596809    0.724951     32.102201    32.210272    -0.010599    0.004812     0.213087    
-0.188749    0.593521     69.511359    69.542015    -0.014749    0.046377     5.431577    
0.524001     -0.951750    18.714919    18.849497    0.017191     -0.031223    0.613969    
1.102914     0.397277     58.973520    59.018008    0.330498     0.119048     17.671947   
-1.076069    -0.853755    48.636613    48.695810    -0.026538    -0.021056    1.199488    
-1.051293    0.085442     42.518139    42.576750    -0.069791    0.005672     2.822614    
0.085531     0.605038     16.761111    16.887368    0.005440     0.038479     1.065967    
-1.100882    -0.592384    13.236724    13.440561    -0.080917    -0.043542    0.972929    
-0.210612    0.933296     36.737642    36.802781    -0.013149    0.058269     2.293674    
-1.532729    -0.471288    93.337776    93.372302    -0.348998    -0.107311    21.252760   
1.303539     -0.328996    40.360912    40.431246    0.009751     -0.002461    0.301909    
-1.131705    -0.198912    56.409316    56.455347    -0.159992    -0.028121    7.974707    
-1.413659    0.939185     65.045796    65.097704    -0.690075    0.458462     31.751986   
1.133645     -0.343244    44.009592    44.069515    0.066199     -0.020044    2.569943    
-0.345220    1.660185     16.285968    16.491910    -0.050697    0.243803     2.391643    
0.574632     0.385546     26.852573    26.933520    0.012623     0.008469     0.589853    
0.662463     -0.694570    18.201843    18.333121    0.093793     -0.098339    2.577072    
1.159451     1.798446     79.316364    79.369637    0.222464     0.345069     15.218470   
-0.225198    0.566589     6.232368     6.564229     -0.019367    0.048728     0.535996    
-0.513766    -0.883627    27.148274    27.238731    -0.022023    -0.037878    1.163760    
-0.325805    0.623143     104.642524   104.663400   -0.030506    0.058346     9.797827    
-0.407610    -0.836610    35.040528    35.108113    -0.004930    -0.010119    0.423825    
0.984140     0.464173     16.363458    16.517315    0.041616     0.019628     0.691960    
0.749701     0.879038     15.556762    15.723313    0.129623     0.151985     2.689759    
-0.854518    1.492901     24.748507    24.886191    -0.056299    0.098358     1.630518    
-2.013044    -0.026791    51.742246    51.818800    -0.247427    -0.003293    6.359723    
-0.095211    1.575642     90.016583    90.051940    -0.018094    0.299436     17.106793   
0.049304     -0.047168    51.554872    51.592484    0.001640     -0.001569    1.714756    
0.148201     -1.223038    35.916054    35.991050    0.007414     -0.061188    1.796863    
1.134617     -0.612711    21.196016    21.326247    0.096279     -0.051992    1.798599    
0.465888     1.453485     49.007005    49.070268    0.009902     0.030893     1.041604    
-0.632888    1.155781     100.669205   100.697071   -0.050285    0.091831     7.998569    
-1.239783    0.081447     11.820862    12.047880    -0.000529    0.000035     0.005046    
-0.924579    -0.608432    81.461425    81.492722    -0.032742    -0.021546    2.884741    
1.706394     0.298760     19.903925    20.075911    0.143328     0.025094     1.671820    
0.858449     -0.368697    12.242999    12.435387    0.060818     -0.026121    0.867377    
-1.318252    0.895452     28.908651    29.019385    -0.082932    0.056334     1.818667    
0.212053     -0.342338    52.887476    52.925629    0.000069     -0.000111    0.017163    
0.538922     -0.067807    67.194038    67.225060    0.031179     -0.003923    3.887412    
-0.468940    -0.622598    61.419965    61.456445    -0.081064    -0.107626    10.617452   
-2.031834    0.012793     98.059364    98.100164    -0.281548    0.001773     13.587944   
0.321044     1.386001     25.049562    25.167034    0.017170     0.074125     1.339678    
0.112060     -1.142783    20.323311    20.450683    0.000434     -0.004425    0.078688    
-2.696916    -1.071001    83.012493    83.086517    -0.422632    -0.167836    13.008820   
1.300874     -0.728072    38.887874    38.966191    0.278978     -0.156138    8.339679    
-0.271987    -1.024756    25.177386    25.276467    -0.005880    -0.022154    0.544299    
0.574759     0.368976     15.090792    15.233957    0.010810     0.006940     0.283832    
0.963105     0.854509     66.835135    66.876513    0.093596     0.083043     6.495166    
-1.121640    0.767731     85.786256    85.819603    -0.038420    0.026297     2.938471    
-0.605039    -0.013332    57.084020    57.121157    -0.169717    -0.003740    16.012362   
0.438968     1.109765     51.435858    51.487345    0.001234     0.003119     0.144556    
-2.274619    0.494730     46.213319    46.313761    -0.047941    0.010427     0.974012    
0.212071     -0.009546    11.569803    11.737988    0.001561     -0.000070    0.085187    
0.255473     0.695186     24.656935    24.746473    0.009197     0.025026     0.887634    
0.401919     -0.884360    42.246855    42.303845    0.015228     -0.033507    1.600645    
-1.801058    -0.219446    34.476468    34.580251    -0.032192    -0.003922    0.616236    
-2.039210    0.102133     168.533758   168.557620   -0.160884    0.008058     13.296527   
-0.824035    0.986788     17.023669    17.185256    -0.024607    0.029467     0.508346    
-0.034468    1.088721     63.962313    64.001867    -0.005832    0.184224     10.823136   
0.239041     0.375810     35.176448    35.234299    0.012809     0.020137     1.884888    
-0.927511    0.419713     45.376903    45.430988    -0.117418    0.053134     5.744499    
-1.732416    -1.307787    15.392161    15.668604    -0.014523    -0.010963    0.129031    
0.657434     1.554959     12.200606    12.473165    0.063308     0.149737     1.174872    
0.655356     0.325550     35.315178    35.377566    0.008055     0.004001     0.434076    
-0.409658    0.063153     12.882586    13.038703    -0.047363    0.007302     1.489440    
1.454040     -1.563484    100.381181   100.423181   0.142283     -0.152993    9.822677    
0.151395     0.340513     25.306057    25.385238    0.012691     0.028543     2.121262    
-0.068719    0.958769     26.928246    27.017205    -0.000597    0.008334     0.234071    
-0.150558    0.626104     48.542247    48.586411    -0.028125    0.116958     9.067863    
1.477345     0.797750     37.947249    38.035347    0.078206     0.042230     2.008805    
0.668292     0.493471     19.685416    19.801028    0.032338     0.023878     0.952546    
0.699709     -2.151912    44.381985    44.483209    0.113748     -0.349825    7.214944    
-1.231017    0.993668     13.883800    14.111613    -0.015688    0.012663     0.176936    
0.179676     -1.096746    25.416702    25.517030    0.006025     -0.036778    0.852306    
1.755054     -0.684679    79.605025    79.651641    0.065461     -0.025538    2.969155    
-1.153183    -0.151041    7.818889     8.146326     -0.022236    -0.002912    0.150767    
-0.906020    0.660930     38.124700    38.191954    -0.149159    0.108810     6.276504    
1.194234     -0.107237    11.589861    11.816832    0.109101     -0.009797    1.058808    
0.661200     -0.941621    7.996518     8.315232     0.016563     -0.023587    0.200310    
-0.246856    0.746478     74.035371    74.065709    -0.003151    0.009530     0.945171    
0.996967     0.501580     19.053099    19.187003    0.003871     0.001948     0.073983    
-0.759710    0.443193     98.528089    98.551676    -0.062884    0.036685     8.155580    
0.356896     -0.344725    9.809385     10.017245    0.014878     -0.014371    0.408934    
0.328019     0.805783     69.573212    69.606492    0.041539     0.102041     8.810448    
-0.658168    0.003617     11.622707    11.806586    -0.009097    0.000050     0.160651    
-0.404228    0.423818     12.310093    12.480239    -0.003485    0.003654     0.106119    
1.942058     1.429173     38.593266    38.718591    0.133063     0.097922     2.644278    
-0.369190    0.576570     114.555834   114.574791   -0.006163    0.009625     1.912330    
0.890382     -0.608329    68.843073    68.879652    0.021532     -0.014711    1.664850    
-0.983727    0.530500     26.197731    26.295345    -0.013633    0.007352     0.363056    
-2.067012    -0.550296    28.479899    28.627870    -0.063485    -0.016902    0.874718    
0.051102     1.290101     15.832956    16.007012    0.003069     0.077474     0.950805    
0.559148     0.687770     27.329689    27.414823    0.085347     0.104980     4.171560    
0.047341     1.140032     30.379039    30.464125    0.000694     0.016713     0.445371    
0.163030     -0.040851    36.382354    36.435956    0.011475     -0.002875    2.560747    
-2.548541    -2.835040    91.379520    91.480184    -0.091308    -0.101573    3.273920    
-0.991918    -0.286609    9.766882     10.016635    -0.128069    -0.037005    1.261026    
0.975449     0.815559     41.861338    41.926880    0.245408     0.205182     10.531650   
-0.578838    1.906879     22.243671    22.419347    -0.040013    0.131815     1.537618    
-0.930540    0.277937     7.494455     7.809287     -0.053228    0.015898     0.428690    
1.339558     -0.562315    34.191675    34.279093    0.075532     -0.031707    1.927927    
-0.473102    0.906885     89.469807    89.497305    -0.047206    0.090488     8.927236    
3.256911     -1.177364    107.575026   107.648756   0.018401     -0.006652    0.607765    
0.649525     0.918021     46.438819    46.494123    0.047543     0.067196     3.399147    
0.365567     0.781704     30.023963    30.100798    0.013681     0.029254     1.123609    
-1.049114    -0.614272    25.926382    26.029411    -0.180505    -0.105689    4.460763    
-1.173621    0.248597     27.489116    27.585605    -0.032363    0.006855     0.758031    
-1.707349    0.855689     37.942693    38.041689    -0.058166    0.029152     1.292636    
0.067314     2.065431     40.499007    40.599447    0.007981     0.244892     4.801854    
0.290692     1.318847     105.996605   106.023484   0.031586     0.143304     11.517426   
1.743561     -0.006497    83.351806    83.393277    0.381487     -0.001421    18.237178   
0.127766     -0.129517    39.047264    39.097275    0.014858     -0.015062    4.540993    
-0.514014    0.115442     7.405350     7.680605     -0.028384    0.006375     0.408924    
-0.427364    0.166706     34.187265    34.246963    -0.030824    0.012024     2.465777    
-2.783366    0.867582     27.266029    27.492019    -0.141582    0.044132     1.386949    
-0.906688    -2.152149    97.832142    97.879807    -0.094167    -0.223518    10.160640   
1.154022     -0.766155    71.101453    71.142184    0.204464     -0.135743    12.597386   
-1.046498    1.535082     147.239882   147.264759   -0.098975    0.145184     13.925546   
-0.446199    -0.751771    38.290559    38.351090    -0.018868    -0.031789    1.619123    
-2.766139    0.155384     50.457821    50.572150    -0.223341    0.012546     4.074022    
0.728247     1.751371     17.192046    17.408017    0.071282     0.171427     1.682784    
0.598902     0.575544     43.839125    43.891158    0.040258     0.038688     2.946833    
1.320796     0.161698     74.298583    74.336566    0.002801     0.000343     0.157583    
-1.455214    -0.404093    15.678701    15.873801    -0.067978    -0.018877    0.732410    
-0.660156    0.005791     39.893406    39.947398    -0.174083    0.001527     10.519867   
-0.793241    0.533539     101.103330   101.127010   -0.023486    0.015797     2.993420    
1.000052     -0.198896    12.216541    12.416058    0.149046     -0.029643    1.820735    
1.173394     -0.353064    10.076519    10.339860    0.045961     -0.013829    0.394693    
-0.963322    -1.140588    22.368772    22.504796    -0.045989    -0.054452    1.067893    
-2.663411    0.382385     45.452644    45.574749    -0.753751    0.108216     12.863197   
-1.101464    -0.317464    13.806960    13.993609    -0.077936    -0.022463    0.976935    
-0.300080    -0.323059    230.945319   230.954129   -0.054184    -0.058333    41.700560   
-0.166378    0.483178     31.698432    31.763606    -0.010120    0.029390     1.928130    
-0.208988    -0.596177    13.122882    13.284731    -0.000563    -0.001607    0.035372    
-0.435401    -3.377566    59.254524    59.384940    -0.058920    -0.457062    8.018502    
0.218700     0.674013     19.161727    19.275602    0.061003     0.188005     5.344854    
-1.064363    -0.009312    76.556025    76.588725    -0.074542    -0.000652    5.361540    
-0.656236    0.416585     41.901478    41.954893    -0.042590    0.027037     2.719437    
1.468405     -1.187069    59.059758    59.122714    0.039203     -0.031692    1.576765    
-0.411281    -0.381109    7.548835     7.821398     -0.034304    -0.031787    0.629623    
-0.487202    0.943829     21.596364    21.711888    -0.027324    0.052933     1.211189    
0.754839     0.451367     36.555952    36.619476    0.011189     0.006691     0.541888    
-1.280355    0.530307     26.711763    26.820025    -0.224850    0.093130     4.690997    
0.566406     0.042770     8.737979     8.974959     0.061188     0.004620     0.943944    
-0.304738    0.707566     98.108869    98.131639    -0.003734    0.008670     1.202223    
0.904232     0.825264     68.742861    68.781935    0.180048     0.164324     13.687899   
-0.752463    0.253494     26.716528    26.800714    -0.004252    0.001432     0.150971    
1.069744     -0.815323    44.124300    44.188663    0.063027     -0.048037    2.599726    
0.527532     0.111590     36.663609    36.720375    0.012290     0.002600     0.854149    
-0.728329    -0.025312    43.440831    43.491515    -0.022210    -0.000772    1.324718    
1.371501     -1.213516    71.223904    71.274631    0.170718     -0.151053    8.865639    
-0.775804    0.585454     9.218522     9.476324     -0.076083    0.057415     0.904059    
0.201808     -1.073803    65.906060    65.944503    0.014605     -0.077710    4.769538    
0.014841     -0.382523    27.932099    28.003993    0.003536     -0.091142    6.655223    
0.837261     1.212269     54.675457    54.730715    0.203760     0.295023     13.306074   
-0.660521    -0.827398    16.338301    16.490479    -0.017084    -0.021400    0.422571    
1.475400     -0.013405    48.938320    49.000113    0.009991     -0.000091    0.331410    
0.728621     0.474749     35.041274    35.107294    0.077277     0.050351     3.716431    
-0.021923    -0.388967    45.466623    45.510884    -0.001241    -0.022019    2.573806    
0.408996     -0.138610    61.504828    61.537836    0.013725     -0.004651    2.063905    
0.608084     -0.007326    25.396116    25.479550    0.046136     -0.000556    1.926827    
0.255948     0.173549     6.307748     6.615003     0.024704     0.016751     0.608827    
0.989185     0.167180     8.557419     8.838032     0.165058     0.027896     1.427911    
-1.122715    -0.714742    15.293997    15.477488    -0.127344    -0.081070    1.734722    
2.259111     -1.893759    66.380050    66.474626    0.008234     -0.006902    0.241945    
-0.499884    -1.218556    50.529861    50.585339    -0.000152    -0.000370    0.015328    
-0.203958    -0.644898    69.632554    69.663656    -0.030000    -0.094859    10.242313   
-0.046060    1.631171     18.829506    19.002318    -0.017923    0.634708     7.326785    
-0.336887    -0.252585    15.739567    15.867773    -0.062284    -0.046698    2.909947    
1.031488     -1.696933    62.072649    62.135595    0.032507     -0.053479    1.956215    
0.891774     -0.296858    12.889784    13.073058    0.001417     -0.000472    0.020483    
-0.824231    -0.808879    8.411140     8.715266     -0.154999    -0.152112    1.581735    
-1.019031    -0.934958    41.238152    41.308264    -0.105436    -0.096737    4.266775    
0.414600     -0.978863    98.278635    98.304095    0.009647     -0.022777    2.286827    
0.948823     -1.119647    29.816387    29.917315    0.008298     -0.009792    0.260755    
0.612279     0.311191     13.989976    14.144473    0.027253     0.013851     0.622700    
1.569264     -0.476319    58.164208    58.220611    0.114105     -0.034634    4.229253    
0.250391     -0.743426    42.417531    42.470428    0.020018     -0.059434    3.391134    
-1.509459    0.317086     23.245417    23.379550    -0.138890    0.029176     2.138884    
-0.684363    -0.020646    13.540905    13.700359    -0.131842    -0.003978    2.608648    
0.997078     0.852602     133.417017   133.437987   0.061458     0.052553     8.223539    
1.542186     0.451259     12.416870    12.674210    0.072579     0.021237     0.584369    
0.694708     -0.767610    59.872035    59.913332    0.058039     -0.064130    5.002004    
0.681288     0.174690     27.126772    27.207193    0.034441     0.008831     1.371324    
-0.762864    0.650009     46.851708    46.903753    -0.049839    0.042466     3.060876    
-0.185157    0.241453     17.627997    17.740175    -0.008512    0.011100     0.810354    
-0.102725    0.332025     60.356852    60.389944    -0.007902    0.025540     4.642837    
-0.657248    2.149415     53.203271    53.287100    -0.028882    0.094452     2.337921    
0.401012     0.709901     7.431963     7.731352     0.025449     0.045052     0.471649    
0.158512     -0.607266    13.539032    13.695774    0.010039     -0.038461    0.857492    
0.508231     0.143231     13.676436    13.827461    0.024279     0.006842     0.653347    
-1.433378    -0.732368    126.580026   126.605564   -0.026546    -0.013563    2.344206    
0.489312     -0.370821    118.638019   118.655937   0.041934     -0.031779    10.167223   
0.838369     0.580671     48.817592    48.867906    0.049248     0.034110     2.867670    
1.169900     -0.465599    12.514018    12.730320    0.219324     -0.087287    2.346035    
-1.398601    -0.179932    35.962767    36.044195    -0.188148    -0.024205    4.837912    
0.001252     -0.419824    12.039786    12.206869    0.000233     -0.078048    2.238289    
0.475760     0.013437     20.619901    20.719117    0.026929     0.000761     1.167131    
0.869956     0.091474     81.586010    81.614442    0.077323     0.008130     7.251504    
0.322399     0.625341     51.474344    51.516775    0.019958     0.038712     3.186571    
0.715593     -1.098597    21.798323    21.926259    0.008325     -0.012780    0.253585    
-0.678216    0.235423     16.549301    16.681418    -0.054363    0.018871     1.326529    
-0.596679    -0.405740    25.881059    25.965839    -0.025972    -0.017661    1.126542    
-0.447114    -0.087050    15.623540    15.753649    -0.029360    -0.005716    1.025929    
-0.718182    -1.332632    64.682235    64.729886    -0.003332    -0.006183    0.300097    
0.698783     -1.917545    30.748894    30.879357    0.009650     -0.026480    0.424618    
-0.653584    -0.828756    19.417211    19.545257    -0.078852    -0.099986    2.342610    
-0.403820    -0.937329    25.342167    25.438987    -0.008783    -0.020387    0.551184    
-0.516809    1.390511     56.054272    56.108439    -0.044285    0.119152     4.803271    
-1.954607    -0.967810    58.257744    58.331783    -0.111344    -0.055131    3.318660    
-0.411937    -2.005655    15.294125    15.555628    -0.000624    -0.003038    0.023168    
-0.296660    0.642513     7.344300     7.636395     -0.028741    0.062248     0.711534    
0.307260     1.391929     30.789279    30.885053    0.007341     0.033257     0.735637    
0.777735     0.693578     73.286913    73.320751    0.000318     0.000283     0.029927    
-0.935123    -2.186048    86.063216    86.118554    -0.011328    -0.026482    1.042590    
-0.423230    0.193892     25.927596    26.006382    -0.010740    0.004920     0.657920    
1.553867     -1.158220    22.051985    22.224333    0.001233     -0.000919    0.017503    
0.219124     1.308244     37.485656    37.560736    0.029670     0.177137     5.075587    
-0.433752    0.457278     105.801540   105.821728   -0.042088    0.044371     10.266132   
-0.258610    -1.640428    28.609603    28.725289    -0.020282    -0.128654    2.243768    
0.925791     -0.344997    45.024911    45.078749    0.035048     -0.013061    1.704524    
0.913014     0.770648     15.336571    15.508477    0.028414     0.023983     0.477286    
-0.044037    0.881690     8.336261     8.610896     -0.004824    0.096590     0.913247    
0.351940     -0.307602    8.845616     9.074048     0.009276     -0.008107    0.233132    
0.098524     0.237841     8.150338     8.388637     0.023296     0.056236     1.927104    
-0.178245    -0.495674    10.836171    11.026106    -0.002048    -0.005694    0.124484    
0.055976     -1.271274    12.268705    12.490610    0.010506     -0.238597    2.302628    
2.260937     0.933852     84.476834    84.535166    0.165770     0.068469     6.193783    
0.220467     1.732501     92.259765    92.297287    0.010332     0.081193     4.323729    
1.126178     -0.005660    62.970806    63.011631    0.019623     -0.000099    1.097219    
-0.836268    0.362661     62.038376    62.076291    -0.030364    0.013168     2.252579    
-0.679774    1.262797     36.220261    36.302053    -0.095943    0.178231     5.112134    
-0.892149    1.176254     29.456554    29.559145    -0.083068    0.109521     2.742689    
-0.594399    -0.641649    154.269983   154.285021   -0.054533    -0.058868    14.153485   
1.101324     -0.366952    26.056488    26.156511    0.042301     -0.014094    1.000802    
-0.238237    1.323279     45.568788    45.631100    -0.001056    0.005863     0.201907    
0.802644     -0.212519    86.396476    86.422888    0.000556     -0.000147    0.059835    
-2.013970    1.153218     100.081162   100.127419   -0.029055    0.016637     1.443866    
0.451310     2.807725     72.541200    72.623603    0.038395     0.238864     6.171354    
-2.894630    2.903818     78.993078    79.123905    -0.425059    0.426409     11.599667   
-0.341256    2.139215     56.664735    56.740284    -0.001162    0.007284     0.192953    
-0.734115    -0.000749    11.421879    11.613492    -0.003583    -0.000004    0.055751    
-0.343173    -2.418816    72.437077    72.504989    -0.082758    -0.583309    17.468549   
-0.570291    2.117642     24.227040    24.405615    -0.007317    0.027170     0.310838    
0.145827     -0.081527    27.290975    27.362386    0.000281     -0.000157    0.052503    
0.319933     -0.174591    113.842464   113.860065   0.028348     -0.015470    10.087204   
0.430375     0.591459     12.584848    12.758855    0.001620     0.002227     0.047376    
1.512272     0.431583     57.469875    57.525079    0.003481     0.000994     0.132300    
0.138495     -0.009464    83.685120    83.708384    0.002527     -0.000173    1.527155    
1.007217     1.357576     62.964621    63.018060    0.271013     0.365284     16.941952   
-0.567909    0.542718     10.034273    10.255664    -0.021221    0.020280     0.374948    
-0.465384    0.003616     22.351369    22.442711    -0.104287    0.000810     5.008660    
1.431126     -1.265291    27.597540    27.733522    0.315040     -0.278534    6.075167    
0.200496     -2.125136    19.258105    19.475779    0.019923     -0.211167    1.913609    
-0.147571    -0.030504    15.583861    15.708418    -0.010439    -0.002158    1.102349    
-2.167411    0.067034     82.063597    82.115839    -0.155432    0.004807     5.885044    
-0.769542    -1.246557    19.967230    20.117438    -0.064632    -0.104695    1.676995    
-0.363038    0.774313     152.915013   152.930074   -0.018009    0.038410     7.585458    
-0.475190    1.022232     26.231076    26.328978    -0.031118    0.066942     1.717767    
0.020393     -0.302633    12.393372    12.552395    0.002079     -0.030858    1.263700    
0.317234     -1.028940    26.039517    26.136005    0.006386     -0.020713    0.524196    
-0.624382    1.205434     128.003241   128.025574   -0.128969    0.248987     26.439579   
0.129371     1.005252     51.126899    51.174818    0.001915     0.014880     0.756793    
1.278306     1.301497     44.392512    44.473566    0.073392     0.074723     2.548728    
1.652387     0.292898     11.206033    11.500709    0.123462     0.021885     0.837283    
0.011361     0.638134     77.012822    77.040620    0.001778     0.099880     12.054021   
-0.148113    -0.751983    4.313901     4.803343     -0.000718    -0.003645    0.020909    
0.739512     0.918688     50.419525    50.471718    0.197948     0.245909     13.496005   
1.938694     -0.525656    47.140865    47.224686    0.008384     -0.002273    0.203869    
-1.184579    -1.168354    49.492822    49.559889    -0.099654    -0.098289    4.163655    
-1.419439    -2.555271    174.306153   174.341774   -0.082105    -0.147805    10.082401   
0.174206     0.057372     33.516351    33.574609    0.023859     0.007857     4.590286    
-0.835722    -0.652662    40.461925    40.523657    -0.063316    -0.049447    3.065468    
0.596592     1.899907     16.523601    16.759174    0.084488     0.269059     2.340024    
0.266558     -0.008441    40.397662    40.446473    0.013339     -0.000422    2.021610    
-1.964409    1.181875     99.970247    100.015904   -0.178154    0.107185     9.066370    
0.329901     -1.249529    37.909936    37.983001    0.020343     -0.077051    2.337682    
-0.765187    1.167967     46.758565    46.820807    -0.003201    0.004886     0.195600    
-0.178379    0.150652     148.628864   148.642083   -0.001466    0.001238     1.221610    
-0.339178    -0.407707    13.645023    13.796480    -0.040649    -0.048862    1.635304    
-0.238253    -1.706809    11.645201    11.935478    -0.000527    -0.003775    0.025758    
1.968993     0.657553     92.842870    92.886935    0.137609     0.045955     6.488596    
0.959271     -1.353483    97.942667    97.976493    0.053987     -0.076173    5.512112    
1.072297     -0.337518    15.662190    15.825387    0.049170     -0.015477    0.718190    
0.780911     -1.457014    24.033525    24.170602    0.085325     -0.159199    2.625995    
0.914429     -0.141206    24.007115    24.105448    0.002983     -0.000461    0.078323    
-0.086515    -0.058283    9.274540     9.481716     -0.003945    -0.002657    0.422870    
0.855265     0.604847     24.344902    24.446810    0.131751     0.093175     3.750264    
0.674236     1.599070     33.597225    33.699556    0.046827     0.111060     2.333418    
-1.158990    -0.935332    92.413057    92.446017    -0.054863    -0.044275    4.374517    
-0.575222    -0.395414    19.726938    19.837194    -0.012964    -0.008912    0.444595    
-1.533648    -0.847894    33.327838    33.431882    -0.121662    -0.067262    2.643842    
1.708332     -0.538544    37.667991    37.761898    0.054851     -0.017292    1.209446    
0.628481     -2.635465    24.243920    24.474134    0.058330     -0.244601    2.250107    
-0.592916    -0.958466    62.869034    62.909941    -0.034137    -0.055183    3.619659    
0.410037     -1.644687    36.127956    36.221227    0.031616     -0.126812    2.785613    
-1.570699    -0.177882    18.008186    18.184291    -0.055978    -0.006340    0.641790    
-0.701852    1.307512     31.486948    31.583303    -0.066198    0.123323     2.969810    
0.251573     -0.526278    63.252654    63.285966    0.007932     -0.016594    1.994458    
-0.418515    -0.063680    11.469235    11.644635    -0.026367    -0.004012    0.722588    
-1.379599    0.823346     29.956548    30.064114    -0.010440    0.006230     0.226683    
-0.998876    1.083508     25.260010    25.379417    -0.098251    0.106576     2.484625    
-1.625107    -0.380417    66.363355    66.413519    -0.058967    -0.013803    2.407977    
0.555133     -0.306676    73.481520    73.510618    0.033538     -0.018528    4.439316    
0.041962     1.611194     13.938390    14.168675    0.001086     0.041710     0.360832    
0.151227     -0.682654    14.491722    14.641511    0.002030     -0.009162    0.194501    
0.417894     0.488318     23.860651    23.950339    0.005197     0.006073     0.296744    
-1.131253    -0.865786    20.612646    20.755371    -0.043902    -0.033599    0.799935    
1.135399     -0.705436    37.107348    37.183558    0.016290     -0.010121    0.532378    
-1.774119    1.421103     41.775779    41.883859    -0.295065    0.236353     6.947996    
0.577154     -0.567038    32.885767    32.954564    0.025814     -0.025362    1.470862    
0.904084     -0.001902    14.057152    14.223074    0.049967     -0.000105    0.776918    
1.644305     -0.064478    84.005150    84.044322    0.001561     -0.000061    0.079740    
-0.512442    -1.388537    90.390846    90.424392    -0.002389    -0.006475    0.421489    
-1.863218    -1.493357    45.826092    45.930463    -0.267829    -0.214663    6.587285    
0.248711     -0.457908    23.450008    23.538253    0.007908     -0.014560    0.745612    
-0.523918    -0.354097    204.383539   204.393997   -0.188763    -0.127578    73.637408   
0.626498     -1.134433    27.422142    27.523231    0.123354     -0.223364    5.399271    
-0.066667    0.760355     64.325379    64.360018    -0.005978    0.068176     5.767633    
-0.149938    -0.874234    20.547754    20.660879    -0.016839    -0.098179    2.307580    
0.495991     0.216871     24.707924    24.792126    0.056646     0.024768     2.821816    
1.604449     -0.028812    29.790761    29.898820    0.020000     -0.000359    0.371360    
-0.898368    -1.706557    55.231528    55.300236    -0.040922    -0.077736    2.515867    
1.155615     1.418600     59.581247    59.641829    0.022325     0.027406     1.151046    
0.405081     -0.565936    19.814965    19.924662    0.002303     -0.003218    0.112674    
0.063246     -1.545241    16.258376    16.449970    0.000761     -0.018587    0.195560    
0.971483     -0.137890    22.597000    22.703791    0.018049     -0.002562    0.419827    
1.370752     -0.263824    95.431533    95.462040    0.196250     -0.037772    13.662919   
0.747247     1.399651     45.376147    45.446530    0.134126     0.251228     8.144727    
1.891337     -1.952897    63.306859    63.395775    0.094933     -0.098023    3.177595    
0.346472     -2.092152    69.431704    69.491968    0.020001     -0.120774    4.008085    
-0.417832    -0.045338    21.638543    21.731961    -0.040890    -0.004437    2.117621    
-0.012285    -0.283290    13.394685    13.541526    -0.000865    -0.019953    0.943428    
0.264540     1.094825     127.874619   127.894729   0.033771     0.139764     16.324282   
-0.465962    -1.223197    20.001647    20.140858    -0.014489    -0.038035    0.621953    
1.815892     -0.246950    103.298342   103.333348   0.178712     -0.024304    10.166181   
0.349197     -0.537402    18.860830    18.974104    0.050857     -0.078268    2.746905    
0.203476     -2.178124    24.867133    25.040665    0.008773     -0.093912    1.072172    
0.414501     -0.699765    28.952894    29.031130    0.024898     -0.042034    1.739157    
0.240340     0.940355     42.570033    42.626572    0.026798     0.104848     4.746502    
-0.013920    0.427348     12.451424    12.613316    -0.000060    0.001837     0.053510    
1.195309     -1.238674    31.694635    31.802326    0.095948     -0.099429    2.544155    
1.296683     -0.430062    114.571058   114.596111   0.051168     -0.016971    4.521062    
-2.151317    0.165679     103.660814   103.701952   -0.041738    0.003214     2.011129    
-1.068477    0.384161     28.731241    28.820972    -0.073095    0.026281     1.965517    
1.694180     1.264491     68.933778    68.994274    0.088799     0.066277     3.613112    
0.819157     -0.048727    35.969944    36.033113    0.037826     -0.002250    1.660979    
-2.148852    1.090644     64.575846    64.650769    -0.077186    0.039176     2.319549    
0.283433     1.285241     40.642529    40.711452    0.005594     0.025368     0.802191    
0.035026     0.522827     25.682730    25.763388    0.000006     0.000086     0.004244    
-0.941615    -0.176662    41.665150    41.722626    -0.063189    -0.011855    2.796013    
0.944230     0.381992     11.672663    11.881224    0.140606     0.056883     1.738182    
0.776728     0.327474     44.625388    44.676736    0.015850     0.006683     0.910654    
-1.988887    -1.051919    39.178580    39.292471    -0.297009    -0.157087    5.850694    
0.166512     0.263006     21.288570    21.381653    0.034083     0.053833     4.357441    
-2.459301    -0.823767    26.866558    27.063141    -0.180634    -0.060505    1.973335    
-0.208439    0.247987     71.864097    71.891782    -0.005563    0.006618     1.917873    
-2.077683    -0.469120    48.898738    48.984675    -0.131534    -0.029699    3.095685    
-1.855363    -0.704571    28.296299    28.434033    -0.036441    -0.013839    0.555769    
0.808754     0.849996     44.066427    44.125973    0.179487     0.188640     9.779694    
-0.328400    -0.932975    53.527467    53.572782    -0.033368    -0.094796    5.438742    
-2.610662    -0.197339    93.333394    93.390855    -0.548527    -0.041463    19.610290   
1.311596     -0.030899    25.517532    25.626951    0.006794     -0.000160    0.132188    
-1.127560    0.006738     216.292661   216.304557   -0.258622    0.001545     49.609900   
0.887681     -0.389045    17.920042    18.053869    0.018406     -0.008067    0.371562    
-0.285903    0.580150     50.491344    50.533841    -0.006190    0.012560     1.093141    
0.028877     0.361758     31.052816    31.117263    0.002281     0.028570     2.452410    
0.111681     0.511737     25.791329    25.871644    0.001819     0.008335     0.420068    
-1.271555    -0.622985    6.374111     6.819766     -0.001162    -0.000569    0.005823    
-1.839568    -0.967077    66.717809    66.779190    -0.256637    -0.134916    9.307749    
-1.465221    1.306582     18.538134    18.745437    -0.032342    0.028840     0.409192    
0.121682     -2.239900    23.885494    24.071222    0.016674     -0.306926    3.272945    
-0.713398    0.735749     46.576401    46.629243    -0.176808    0.182348     11.543477   
1.965003     -0.266415    72.834372    72.887947    0.093191     -0.012635    3.454201    
1.088360     -0.406370    61.042949    61.085728    0.025852     -0.009652    1.449946    
0.551668     0.144413     24.842742    24.927134    0.008292     0.002171     0.373392    
-0.071438    0.394723     6.739933     7.032962     -0.001299    0.007176     0.122529    
1.248355     -0.507106    12.962531    13.180201    0.113211     -0.045989    1.175552    
-0.317649    1.525102     42.883281    42.956694    -0.001143    0.005486     0.154249    
0.585063     0.286571     61.579049    61.613948    0.008937     0.004377     0.940603    
1.946907     0.604532     53.476390    53.551426    0.157101     0.048781     4.315159    
-0.336791    0.366329     9.549823     9.763283     -0.012404    0.013492     0.351727    
0.405951     2.271444     27.072533    27.241903    0.008038     0.044974     0.536026    
-1.184855    -0.024460    69.381198    69.419234    -0.055556    -0.001147    3.253149    
-0.574693    1.631710     59.898809    59.956109    -0.086477    0.245531     9.013260    
-0.713755    -1.755778    71.630498    71.682602    -0.006837    -0.016819    0.686162    
-2.351040    -0.089290    141.357772   141.391053   -0.043348    -0.001646    2.606298    
0.508563     0.046992     40.070038    40.121612    0.021540     0.001990     1.697122    
0.052176     0.238758     60.932299    60.964578    0.008119     0.037154     9.481804    
2.365831     1.375223     30.585383    30.770586    0.032344     0.018801     0.418136    
0.545282     -0.316174    13.225488    13.386030    0.000299     -0.000173    0.007249    
0.411442     1.149104     18.573471    18.717332    0.020779     0.058033     0.938016    
-0.496455    0.928458     78.367992    78.399781    -0.041619    0.077835     6.569769    
-0.353228    -1.005779    14.829124    14.997141    -0.005785    -0.016472    0.242857    
-1.554282    -1.064478    25.547189    25.692075    -0.089520    -0.061309    1.471408    
1.367649     0.826989     30.627705    30.732485    0.320064     0.193536     7.167640    
0.249431     1.860071     15.657596    15.892053    0.001554     0.011590     0.097558    
0.511066     0.109812     7.016174     7.305813     0.009615     0.002066     0.132006    
-0.927697    -1.193161    43.966116    44.036106    -0.044367    -0.057062    2.102663    
-0.225244    -1.110683    18.427945    18.567403    -0.025314    -0.124826    2.071061    
0.104872     0.870136     131.578668   131.596311   0.019604     0.162657     24.596448   
2.138807     -0.053466    23.011874    23.194798    0.098793     -0.002470    1.062932    
0.404683     0.664752     127.407815   127.425398   0.098416     0.161664     30.984758   
0.014077     -0.082076    57.968709    58.002182    0.000463     -0.002698    1.905427    
1.720739     0.952448     95.384269    95.424849    0.002970     0.001644     0.164638    
-1.287075    -0.738191    40.728157    40.802686    -0.105213    -0.060344    3.329349    
0.434085     0.596715     25.884058    25.969288    0.002498     0.003434     0.148973    
0.679436     0.507044     52.157345    52.201364    0.047553     0.035488     3.650445    
-0.103544    0.158316     14.357383    14.492935    -0.025363    0.038780     3.516885    
0.336266     0.347227     20.174259    20.275831    0.001191     0.001230     0.071441    
-0.148560    -0.407551    38.700626    38.753085    -0.001112    -0.003050    0.289666    
1.988901     2.263819     91.115272    91.186338    0.073936     0.084156     3.387145    
1.008936     -0.146811    19.824167    19.947733    0.041449     -0.006031    0.814422    
-0.974651    -0.058919    7.741738     8.047539     -0.125431    -0.007583    0.996307    
-0.338925    0.865050     51.475578    51.521580    -0.002752    0.007024     0.417984    
0.753787     0.377035     189.764574   189.776655   0.070026     0.035026     17.628862   
-1.176533    -1.553521    11.297035    11.631664    -0.015337    -0.020251    0.147261    
1.323222     -0.085473    66.152503    66.195067    0.039327     -0.002540    1.966109    
0.038982     0.632771     8.189811     8.446886     0.000639     0.010368     0.134190    
0.176233     -0.608048    64.103484    64.136825    0.001024     -0.003533    0.372479    
0.158527     -1.453292    37.132728    37.213594    0.022580     -0.207002    5.289063    
0.122760     0.279885     8.202251     8.440692     0.000093     0.000213     0.006244    
0.638251     0.664220     11.103587    11.314290    0.005347     0.005565     0.093021    
-1.589048    -0.771085    60.652426    60.710060    -0.088590    -0.042989    3.381414    
-0.553638    0.567765     14.279822    14.436660    -0.084448    0.086603     2.178152    
1.190871     -2.222370    77.073833    77.140183    0.097210     -0.181411    6.291502    
-0.516919    -0.096391    18.468441    18.580494    -0.046209    -0.008617    1.650944    
0.617003     -0.038885    8.286520     8.539530     0.002625     -0.000165    0.035256    
0.565240     -1.067094    26.247659    26.349055    0.012375     -0.023363    0.574670    
0.697759     0.683138     51.837586    51.884138    0.092762     0.090818     6.891394    
-0.417290    -0.236882    41.323822    41.373463    -0.122104    -0.069315    12.091866   
-0.261291    -0.166086    68.300536    68.329598    -0.042853    -0.027239    11.201647   
0.123855     -1.015245    110.375701   110.397991   0.002456     -0.020129    2.188407    
-0.180266    -1.054337    53.901236    53.947774    -0.001995    -0.011669    0.596566    
-0.660878    0.285677     12.446527    12.621781    -0.034701    0.015000     0.653544    
-0.325114    0.140135     71.132003    71.160116    -0.001409    0.000607     0.308314    
-0.671520    -1.112046    41.466755    41.533773    -0.095948    -0.158891    5.924826    
1.416494     -1.089658    27.884914    28.011377    0.004039     -0.003107    0.079506    
0.746342     -0.135825    21.670248    21.772692    0.011802     -0.002148    0.342683    
-0.114703    0.367493     12.674110    12.831845    -0.028941    0.092722     3.197792    
1.098452     -1.266567    154.562818   154.584444   0.083107     -0.095827    11.694004   
-1.180998    -0.493207    26.885407    26.987740    -0.001180    -0.000493    0.026861    
-0.284487    -0.740591    108.771206   108.791910   -0.030782    -0.080132    11.769073   
-0.043102    0.526217     29.388943    29.459526    -0.000836    0.010212     0.570332    
0.677518     -0.139946    26.039940    26.123401    0.030806     -0.006363    1.184007    
-1.723946    0.037816     31.440644    31.549365    -0.003940    0.000086     0.071859    
0.223247     0.615724     36.499168    36.558080    0.018612     0.051332     3.042853    
1.208736     0.164915     16.273323    16.437282    0.029655     0.004046     0.399249    
1.567836     -1.238679    65.942856    66.002482    0.266092     -0.210228    11.191770   
0.877593     1.038911     75.017415    75.055559    0.047979     0.056798     4.101254    
-0.552511    0.664065     113.870070   113.890359   -0.068075    0.081819     14.029863   
0.335238     1.443653     30.401456    30.501147    0.046268     0.199247     4.195883    
-0.485494    -0.264488    168.836283   168.848663   -0.000717    -0.000390    0.249267    
-1.305605    -1.761138    72.266752    72.326790    -0.235331    -0.317439    13.025826   
-0.706791    -1.110122    62.302350    62.347332    -0.092937    -0.145972    8.192255    
0.201799     -0.248599    50.113331    50.153001    0.013927     -0.017157    3.458616    
-0.925295    -0.691891    12.019885    12.234683    -0.111107    -0.083080    1.443310    
-1.091060    -1.612528    44.034139    44.121095    -0.017386    -0.025696    0.701691    
0.854058     -0.556568    10.267281    10.503866    0.084251     -0.054904    1.012849    
-0.009685    -0.100934    9.084525     9.295904     -0.001376    -0.014338    1.290496    
-2.606558    0.266948     18.679459    18.964771    -0.077842    0.007972     0.557839    
0.628530     -0.041120    17.528203    17.649635    0.044432     -0.002907    1.239093    
0.568512     -0.796982    19.904284    20.025331    0.007414     -0.010393    0.259566    
-1.345645    -1.199697    18.648755    18.838818    -0.184729    -0.164693    2.560081    
-0.477384    -0.832078    17.698949    17.833901    -0.010797    -0.018819    0.400304    
-2.468842    0.515917     36.720967    36.860083    -0.540063    0.112858     8.032769    
0.393569     -1.317409    29.352512    29.450559    0.002340     -0.007834    0.174546    
-0.604897    -2.240654    34.415902    34.550191    -0.162108    -0.600479    9.223211    
-0.190177    -0.388434    6.170357     6.491172     -0.029638    -0.060536    0.961623    
-0.177446    -0.654248    10.932811    11.129278    -0.030625    -0.112915    1.886869    
-0.425418    -0.207503    80.309316    80.334832    -0.012665    -0.006178    2.390916    
0.251837     -0.067355    23.593738    23.677149    0.004619     -0.001235    0.432717    
-1.767323    -0.921660    35.245472    35.356628    -0.257624    -0.134351    5.137766    
-0.218018    -1.349941    23.037182    23.161532    -0.055374    -0.342870    5.851184    
-0.030392    2.590993     27.281810    27.475194    -0.006056    0.516293     5.436299    
1.554851     -0.939781    62.820244    62.877331    0.050520     -0.030535    2.041128    
0.510284     -1.096819    75.312145    75.347578    0.065478     -0.140740    9.663775    
0.526017     0.777510     62.872405    62.910218    0.008595     0.012705     1.027353    
0.530790     -1.892772    34.498782    34.610768    0.015578     -0.055550    1.012479    
2.043609     0.745236     82.611245    82.663319    0.191772     0.069933     7.752248    
0.239281     -0.148610    93.783895    93.804974    0.026255     -0.016306    10.290567   
1.639698     -0.649788    34.148260    34.250394    0.079864     -0.031649    1.663234    
-0.484390    -0.061358    57.948321    57.983801    -0.046247    -0.005858    5.532640    
-2.153245    -0.902643    36.208780    36.337335    -0.006736    -0.002824    0.113274    
-0.041441    0.128654     19.255633    19.356462    -0.007661    0.023785     3.559914    
1.445386     1.311387     93.536238    93.577304    0.108109     0.098087     6.996140    
-0.664402    0.504206     125.728783   125.746958   -0.056034    0.042524     10.603691   
-0.666111    1.375854     33.874311    33.965874    -0.082147    0.169675     4.177504    
-1.112588    0.127711     18.381767    18.520758    -0.091964    0.010556     1.519402    
1.243754     -1.472592    55.262029    55.330663    0.024241     -0.028701    1.077047    
-1.754836    -0.212241    15.546506    15.770013    -0.123193    -0.014900    1.091399    
0.947856     0.584987     27.501982    27.594829    0.006086     0.003756     0.176572    
-1.272673    1.220790     37.204989    37.298742    -0.283104    0.271563     8.276187    
0.091716     -0.097568    16.728806    16.844756    0.000108     -0.000115    0.019686    
1.236570     0.564477     32.817543    32.904617    0.046784     0.021356     1.241615    
0.601623     -0.168686    51.805152    51.846303    0.070584     -0.019791    6.077881    
0.451599     -1.663304    35.760643    35.856227    0.022976     -0.084624    1.819400    
-0.026027    -0.671552    26.013567    26.096596    -0.000186    -0.004812    0.186391    
-0.066575    -0.736190    22.842922    22.939495    -0.002875    -0.031792    0.986463    
0.571227     0.394826     99.572128    99.594005    0.009855     0.006812     1.717898    
-1.070999    -2.328464    108.317979   108.366177   -0.263387    -0.572631    26.638278   
0.139353     1.048721     54.109675    54.155804    0.037836     0.284744     14.691593   
-0.225392    0.865630     8.247196     8.525920     -0.002431    0.009338     0.088964    
-0.551718    -1.441879    75.448949    75.490412    -0.033587    -0.087778    4.593143    
1.012764     0.183201     34.588741    34.659994    0.072432     0.013102     2.473759    
-2.653905    -0.870477    19.299669    19.599825    -0.168719    -0.055340    1.226952    
-0.489418    -0.185639    51.788984    51.829025    -0.009396    -0.003564    0.994287    
1.889440     -2.278113    50.946067    51.069918    0.023310     -0.028105    0.628516    
-0.077116    -0.775096    8.123920     8.395222     -0.005175    -0.052009    0.545117    
-1.422781    0.271972     61.299834    61.348536    -0.046799    0.008946     2.016325    
-0.162249    -0.727276    39.405369    39.461543    -0.008968    -0.040200    2.178099    
-2.835235    -1.076973    80.624479    80.705514    -0.291032    -0.110549    8.275965    
-0.417040    0.900796     11.811731    12.015710    -0.014994    0.032386     0.424662    
-0.833329    -0.754943    68.854063    68.891373    -0.037598    -0.034062    3.106579    
-1.179353    -0.077872    16.081656    16.244739    -0.273072    -0.018031    3.723608    
0.225017     0.067220     6.779853     7.063746     0.009338     0.002790     0.281360    
-0.062851    -0.602705    56.914121    56.951377    -0.004132    -0.039627    3.742035    
-0.258473    0.997722     51.263568    51.311700    -0.005524    0.021324     1.095655    
-0.265462    0.174513     18.252263    18.360855    -0.001076    0.000707     0.073949    
0.278107     0.851748     68.229040    68.263311    0.035209     0.107834     8.638005    
1.235703     -0.193625    12.492033    12.707883    0.019080     -0.002990    0.192880    
-1.984162    -0.389419    27.840137    27.982794    -0.051267    -0.010062    0.719343    
-1.755098    -0.362228    76.705804    76.751983    -0.127713    -0.026358    5.581659    
0.873788     -1.844306    57.843378    57.912833    0.002538     -0.005357    0.168023    
2.268684     -0.727074    14.774683    15.094429    0.262829     -0.084232    1.711662    
1.074229     -0.383035    47.050474    47.105442    0.056876     -0.020280    2.491118    
0.711550     -0.957455    15.479733    15.649923    0.064241     -0.086442    1.397563    
-0.862889    -0.814945    102.290478   102.316302   -0.055880    -0.052775    6.624214    
0.071686     1.449268     139.509266   139.530698   0.007922     0.160159     15.417192   
0.996324     -0.221446    21.211463    21.327044    0.011894     -0.002644    0.253219    
0.769584     -2.515649    25.780419    25.988954    0.119271     -0.389879    3.995492    
-0.968971    -0.120654    34.302024    34.372333    -0.028831    -0.003590    1.020640    
0.881247     -0.938249    7.288418     7.658518     0.037696     -0.040134    0.311768    
1.096274     -0.857105    15.395833    15.583423    0.006754     -0.005280    0.094849    
1.115387     -0.046734    33.715936    33.791797    0.098318     -0.004119    2.971945    
1.497910     0.386320     29.567180    29.672985    0.074342     0.019173     1.467429    
1.406295     -2.055308    61.090571    61.172990    0.203194     -0.296970    8.826928    
1.106034     0.617477     59.230305    59.276543    0.079648     0.044466     4.265333    
1.422867     0.231700     45.913000    45.977786    0.009912     0.001614     0.319837    
-1.180212    0.291368     23.048340    23.164169    -0.143320    0.035382     2.798889    
1.614977     -0.545981    52.563483    52.627948    0.024432     -0.008260    0.795208    
-2.191945    1.326076     38.674271    38.808984    -0.483852    0.292719     8.536998    
-0.404512    0.212263     9.165779     9.385902     -0.019750    0.010364     0.447524    
-0.165322    0.373750     27.673981    27.746913    -0.003030    0.006849     0.507147    
2.275278     -0.058508    46.147183    46.245192    0.201755     -0.005188    4.091997    
1.127476     1.124499     16.920639    17.109023    0.075666     0.075466     1.135564    
0.696548     -0.172773    26.708665    26.790722    0.081471     -0.020208    3.123942    
-0.806785    0.559081     34.034414    34.105421    -0.043239    0.029964     1.824061    
-1.516844    0.944864     11.788332    12.084424    -0.053540    0.033351     0.416091    
-0.882949    -0.076353    54.509948    54.552679    -0.013188    -0.001140    0.814204    
0.667837     0.395375     24.666593    24.757182    0.023175     0.013720     0.855984    
1.851821     -1.356930    62.170648    62.244156    0.069848     -0.051181    2.344977    
0.885554     -0.210469    89.797394    89.823579    0.037919     -0.009012    3.845104    
-0.498261    0.376065     24.186461    24.274463    -0.025180    0.019005     1.222268    
0.908708     -0.782481    18.045982    18.192593    0.030415     -0.026190    0.604007    
-0.379508    -0.527290    71.807883    71.837797    -0.032972    -0.045811    6.238712    
0.222748     -0.934766    43.181519    43.237044    0.004961     -0.020820    0.961792    
-0.215098    -0.782531    50.421677    50.466613    -0.002984    -0.010855    0.699445    
-1.154607    -0.879785    45.500096    45.565785    -0.146554    -0.111671    5.775325    
0.491397     -0.063850    88.302979    88.326307    0.008940     -0.001162    1.606489    
0.673141     1.897682     74.823337    74.876305    0.004594     0.012951     0.510651    
1.231997     1.895121     91.932198    91.981048    0.146720     0.225693     10.948345   
0.999166     0.454258     24.805507    24.907686    0.010155     0.004617     0.252098    
-1.200995    0.605663     22.521647    22.647489    -0.185084    0.093338     3.470785    
0.610678     -0.416732    20.436446    20.544339    0.064759     -0.044192    2.167159    
-1.131763    0.612413     29.212566    29.307079    -0.100538    0.054402     2.595036    
2.085516     0.447933     11.994162    12.340377    0.286943     0.061630     1.650258    
-0.407031    0.398640     66.651121    66.682618    -0.023957    0.023463     3.922913    
-2.181076    -0.249232    50.455253    50.541337    -0.091749    -0.010484    2.122449    
0.298269     -0.374989    77.344018    77.370548    0.024429     -0.030713    6.334705    
0.892660     0.739581     9.763155     10.026862    0.034414     0.028512     0.376391    
-1.668581    -0.306206    50.194478    50.261700    -0.006685    -0.001227    0.201114    
-0.849135    -0.069354    33.643483    33.711790    -0.094987    -0.007758    3.763460    
-0.612098    -0.549592    6.395208     6.741688     -0.023103    -0.020744    0.241378    
1.182840     -0.284144    29.079241    29.171169    0.020557     -0.004938    0.505390    
-0.557911    -1.266503    41.528822    41.598478    -0.007830    -0.017775    0.582859    
0.847535     -0.660762    14.020385    14.198630    0.029865     -0.023284    0.494042    
0.026852     -0.690924    24.945656    25.032754    0.004614     -0.118728    4.286650    
-0.064979    0.459344     13.271952    13.425158    -0.002120    0.014987     0.433015    
-0.263088    -0.702885    12.412770    12.590277    -0.004168    -0.011136    0.196665    
-2.046179    0.175379     135.757527   135.787329   -0.025789    0.002210     1.711039    
0.345231     2.434100     30.847560    31.007917    0.010380     0.073187     0.927503    
0.646651     -0.505625    13.397762    13.566459    0.188601     -0.147469    3.907558    
0.457904     1.063333     93.635368    93.663212    0.033892     0.078704     6.930569    
-0.624564    0.850209     20.925118    21.043965    -0.038083    0.051842     1.275933    
-0.735739    0.072475     28.593669    28.670881    -0.016891    0.001664     0.656465    
-0.040793    1.051162     36.392991    36.461368    -0.000510    0.013132     0.454647    
-1.792000    0.543435     46.269289    46.348988    -0.053128    0.016111     1.371764    
0.069550     0.448299     113.422664   113.440652   0.000741     0.004776     1.208427    
0.627689     -0.847569    60.549588    60.590758    0.024544     -0.033142    2.367614    
-0.233540    2.479722     25.105900    25.305824    -0.018309    0.194400     1.968198    
-0.048728    0.536260     14.491246    14.634245    -0.005054    0.055616     1.502904    
-0.282536    -1.498931    9.778016     10.090152    -0.068771    -0.364849    2.380028    
0.551547     -0.103437    15.336486    15.472481    0.026148     -0.004904    0.727086    
0.964907     1.550881     121.536136   121.565800   0.029202     0.046936     3.678143    
-2.014681    0.044410     62.535201    62.598620    -0.101684    0.002241     3.156245    
-0.246357    1.910627     70.084671    70.138771    -0.028181    0.218554     8.016900    
1.192554     0.577492     20.813454    20.948281    0.031135     0.015077     0.543386    
0.228994     0.521919     17.582773    17.701799    0.001855     0.004229     0.142469    
0.135288     0.055145     214.210298   214.219392   0.000003     0.000001     0.003984    
-0.228852    -1.727878    56.974404    57.035038    -0.007973    -0.060194    1.984829    
2.431971     0.552925     139.800386   139.836487   0.021736     0.004942     1.249495    
-0.009652    -0.578537    71.380163    71.409645    -0.000011    -0.000681    0.084039    
-0.954200    0.303566     126.228617   126.247936   -0.043300    0.013775     5.727993    
0.387609     0.213211     93.118537    93.140391    0.049236     0.027083     11.828312   
-0.324290    0.551178     16.585370    16.714018    -0.035953    0.061107     1.838750    
1.349133     1.198470     44.679650    44.759386    0.056077     0.049815     1.857128    
0.692927     -1.632915    89.547612    89.586808    0.084569     -0.199290    10.928878   
-0.729623    0.802816     10.497245    10.735175    -0.043777    0.048168     0.629823    
0.049046     -0.250778    21.688411    21.779059    0.003535     -0.018076    1.563307    
0.008456     0.121708     6.430414     6.726073     0.000603     0.008685     0.458850    
-3.383804    1.363208     53.555014    53.715202    -0.076062    0.030643     1.203831    
0.286137     0.390678     85.462201    85.486240    0.003126     0.004268     0.933623    
-0.248411    -1.089349    41.465371    41.527103    -0.002270    -0.009955    0.378917    
-0.229134    -0.731697    58.398535    58.436732    -0.047241    -0.150856    12.040205   
0.263462     1.199060     66.659421    66.699779    0.017573     0.079978     4.446246    
-0.370880    1.077453     20.996308    21.119147    -0.017357    0.050423     0.982592    
0.637821     -0.142503    40.398664    40.451875    0.144260     -0.032231    9.137202    
0.658649     0.660080     17.486165    17.621307    0.010231     0.010253     0.271613    
0.388071     -1.084405    50.010604    50.062581    0.019149     -0.053510    2.467769    
0.116653     -0.394504    14.285425    14.426281    0.003497     -0.011826    0.428216    
0.657849     -1.274405    155.040493   155.059622   0.023991     -0.046476    5.654110    
1.070926     0.642457     43.227650    43.290464    0.035335     0.021198     1.426292    
1.121631     -1.337352    18.164459    18.353994    0.002555     -0.003047    0.041385    
1.314362     -1.036414    54.983429    55.044110    0.097520     -0.076898    4.079553    
0.209425     -2.170273    19.296429    19.518736    0.058799     -0.609335    5.417750    
-0.203245    -0.247176    81.019234    81.043776    -0.003600    -0.004378    1.435145    
-1.786372    0.151923     31.012976    31.127060    -0.127036    0.010804     2.205454    
-0.769909    -1.224695    40.842438    40.915429    -0.057057    -0.090761    3.026783    
0.358416     0.352657     9.247811     9.468358     0.025787     0.025372     0.665342    
1.329026     -1.365674    17.868849    18.077668    0.268351     -0.275751    3.607995    
0.155311     -0.854181    83.454219    83.481946    0.000163     -0.000895    0.087418    
0.212806     -2.384741    23.594766    23.797484    0.011047     -0.123799    1.224878    
-0.738677    1.523135     8.534699     8.920853     -0.138239    0.285045     1.597216    
0.073230     0.998847     51.188688    51.236314    0.010189     0.138983     7.122548    
-1.005388    4.592520     61.026017    61.238482    -0.052177    0.238339     3.167074    
1.714500     -0.009526    25.272255    25.406720    0.083556     -0.000464    1.231635    
0.106347     0.315450     68.240267    68.269464    0.003926     0.011646     2.519384    
-0.967210    0.198459     20.075283    20.195713    -0.186886    0.038347     3.878982    
0.751966     0.432630     36.240059    36.303849    0.125270     0.072072     6.037237    
-0.839859    -1.296452    17.813397    17.988280    -0.431733    -0.666447    9.157061    
0.179238     0.597113     24.723775    24.809850    0.028649     0.095443     3.951846    
0.149587     -0.635708    14.345999    14.495142    0.016319     -0.069351    1.565037    
0.206656     0.830202     15.881658    16.026040    0.005206     0.020913     0.400066    
0.171120     -0.904810    41.271082    41.328261    0.006872     -0.036336    1.657397    
0.684123     -1.344829    75.734467    75.775069    0.005302     -0.010422    0.586923    
0.328460     -0.007097    26.233636    26.309439    0.001807     -0.000039    0.144356    
-0.877313    -0.733300    20.315293    20.442443    -0.010338    -0.008641    0.239389    
0.713123     -0.673381    39.753159    39.813950    0.058791     -0.055515    3.277332    
2.159928     1.168931     19.918043    20.165195    0.040830     0.022097     0.376518    
-0.480048    -1.960739    25.529723    25.684950    -0.059022    -0.241074    3.138899    
0.108788     0.034636     60.289643    60.321879    0.005150     0.001640     2.854105    
0.893976     -1.137082    84.397608    84.432952    0.036880     -0.046909    3.481741    
0.315825     -1.231332    78.660140    78.695035    0.037670     -0.146866    9.382087    
1.208728     0.891170     49.569958    49.631753    0.131765     0.097148     5.403706    
-0.182565    -0.994761    44.383482    44.438624    -0.015728    -0.085700    3.823711    
1.235533     -0.450259    20.515632    20.651765    0.050883     -0.018543    0.844895    
-0.979391    0.444791     45.917504    45.972265    -0.142675    0.064796     6.689118    
1.233660     -0.425593    31.326279    31.415184    0.004856     -0.001675    0.123304    
0.726777     -0.739515    27.545678    27.635384    0.043381     -0.044142    1.644196    
-3.171905    0.089307     58.331611    58.451012    -0.112959    0.003180     2.077335    
1.850479     -1.318325    20.211719    20.434060    0.048446     -0.034514    0.529150    
0.701514     1.124061     45.202815    45.265054    0.035579     0.057009     2.292548    
-1.566925    -0.450185    46.644841    46.714816    -0.022751    -0.006536    0.677261    
1.863382     1.255039     99.788070    99.832766    0.006901     0.004648     0.369587    
-0.416610    1.598154     105.705561   105.736788   -0.020028    0.076827     5.081540    
0.360434     0.630095     9.584187     9.811143     0.008006     0.013996     0.212882    
0.963771     -0.707021    33.734797    33.813314    0.145806     -0.106963    5.103624    
-0.633423    -0.070488    11.664797    11.846883    -0.066305    -0.007378    1.221034    
-0.195519    0.904086     40.440148    40.498594    -0.006159    0.028479     1.273858    
-1.040542    -0.907343    68.513600    68.555775    -0.192407    -0.167777    12.668845   
0.001534     -1.144709    20.605774    20.731214    0.000524     -0.390688    7.032737    
-0.419714    0.538972     9.821754     10.040341    -0.009826    0.012619     0.229949    
-1.358071    0.517500     25.945018    26.060144    -0.016860    0.006425     0.322102    
0.255478     -1.455128    64.272686    64.319793    0.072157     -0.410984    18.153090   
0.812776     0.006129     10.429970    10.645181    0.025677     0.000194     0.329501    
0.456845     -2.643598    73.634996    73.710141    0.004594     -0.026582    0.740408    
1.498966     -0.875837    37.499835    37.591575    0.139895     -0.081740    3.499772    
-1.413203    0.740909     25.673906    25.798653    -0.038910    0.020399     0.706880    
-1.337219    1.002023     64.539144    64.590776    -0.007176    0.005377     0.346342    
-0.874531    -0.158424    28.540171    28.621779    -0.044272    -0.008020    1.444797    
-1.446504    -0.477226    195.921035   195.936845   -0.249796    -0.082412    33.833476   
-0.842674    -1.592424    29.375997    29.496950    -0.017289    -0.032672    0.602712    
-0.036156    -0.040935    43.603919    43.648364    -0.001733    -0.001962    2.089679    
-0.244237    -0.602985    40.113794    40.167333    -0.058138    -0.143535    9.548700    
-0.104385    0.130934     11.243261    11.415511    -0.003025    0.003794     0.325812    
0.771059     0.928784     51.103083    51.155227    0.043018     0.051818     2.851101    
0.174352     -0.234591    72.357918    72.385280    0.029746     -0.040023    12.344958   
-1.888680    -1.564921    71.598076    71.667116    -0.012762    -0.010575    0.483812    
-0.510042    1.408435     71.246096    71.289024    -0.011453    0.031626     1.599807    
0.105673     0.668062     5.112864     5.520309     0.012888     0.081480     0.623588    
0.535835     -0.898351    14.536288    14.706216    0.106735     -0.178945    2.895530    
-0.300412    0.723691     34.834870    34.899242    -0.052565    0.126629     6.095292    
-0.273029    -1.163607    26.142984    26.244220    -0.002994    -0.012759    0.286663    
0.039664     -1.121539    105.010608   105.035053   0.002223     -0.062852    5.884891    
0.052117     1.746866     110.413997   110.445371   0.001064     0.035652     2.253440    
-0.024067    0.984697     60.105326    60.145618    -0.000472    0.019331     1.179939    
-0.667770    0.959567     15.536412    15.704195    -0.021223    0.030497     0.493773    
0.762524     0.230031     69.432876    69.465341    0.019670     0.005934     1.791078    
-0.909911    -0.413918    98.814799    98.839459    -0.031246    -0.014214    3.393302    
0.062867     -0.316190    32.917347    32.977729    0.006878     -0.034594    3.601419    
0.445710     1.317749     24.864089    24.980653    0.071683     0.211931     3.998850    
0.395163     0.019791     11.346746    11.523026    0.019585     0.000981     0.562374    
-0.660422    -0.212215    79.041221    79.068772    -0.001700    -0.000546    0.203417    
-0.271445    -1.042246    53.163741    53.211073    -0.020770    -0.079749    4.067878    
-2.074913    0.310581     40.631783    40.733505    -0.084218    0.012606     1.649186    
-1.560012    0.424523     38.907571    38.990869    -0.076481    0.020813     1.907471    
-1.983004    1.566992     42.385447    42.506339    -0.009865    0.007795     0.210854    
-0.497597    0.780915     20.795330    20.908805    -0.031894    0.050053     1.332894    
-0.815663    -0.328522    9.764603     9.999783     -0.041221    -0.016603    0.493477    
-0.612172    -1.717863    90.566652    90.606397    -0.012378    -0.034734    1.831171    
0.771117     -0.866585    57.179430    57.225062    0.029624     -0.033292    2.196694    
0.016348     -0.056070    100.441879   100.461184   0.004696     -0.016105    28.849900   
-1.133636    -0.221751    8.207143     8.518595     -0.007858    -0.001537    0.056888    
0.394266     0.830622     30.677671    30.754509    0.005903     0.012437     0.459345    
0.905321     0.555912     46.022032    46.076361    0.016650     0.010224     0.846409    
-0.660799    0.430203     32.563394    32.632366    -0.027279    0.017760     1.344286    
-0.006711    -0.386849    50.352258    50.392207    -0.000325    -0.018735    2.438527    
-0.758698    0.582819     44.477367    44.531185    -0.035847    0.027537     2.101486    
0.048234     0.204627     105.116372   105.135013   0.010872     0.046123     23.693154   
0.064806     -2.568340    43.403461    43.523970    0.004147     -0.164344    2.777313    
-0.815231    -0.936690    9.980668     10.248447    -0.043787    -0.050310    0.536071    
-1.613937    0.849741     40.554362    40.643057    -0.052561    0.027674     1.320738    
0.146054     -1.228254    12.999903    13.206149    0.014893     -0.125248    1.325632    
-0.307849    -0.163902    8.904222     9.125884     -0.009469    -0.005041    0.273871    
0.035756     0.856634     34.013787    34.081487    0.000827     0.019810     0.786599    
-0.511461    0.351188     117.577383   117.595497   -0.000203    0.000139     0.046655    
-1.635638    -1.668869    33.093300    33.234047    -0.165158    -0.168513    3.341580    
1.132913     0.072963     16.272737    16.430634    0.149353     0.009619     2.145246    
0.167992     1.394714     57.031282    57.082532    0.013301     0.110426     4.515419    
1.227821     -2.061140    32.488722    32.636603    0.051589     -0.086602    1.365066    
0.182689     1.583782     18.556771    18.728866    0.004556     0.039495     0.462757    
0.451516     -0.641227    20.482237    20.591552    0.070224     -0.099729    3.185581    
1.115044     -1.569006    152.397441   152.422309   0.292310     -0.411317    39.951144   
-1.226919    -0.594562    47.636417    47.696562    -0.070505    -0.034167    2.737438    
0.338887     0.035574     9.457710     9.666403     0.010827     0.001137     0.302174    
1.166197     1.407669     64.492585    64.548509    0.049789     0.060098     2.753414    
-1.355815    1.453017     41.932601    42.025796    -0.176573    0.189232     5.461036    
-0.236835    -1.670906    38.463342    38.550638    -0.012921    -0.091163    2.098515    
0.228889     0.777989     31.254480    31.326907    0.031553     0.107247     4.308496    
-1.155301    0.561928     33.413475    33.496055    -0.039137    0.019036     1.131929    
0.748813     0.770609     10.197900    10.441584    0.103290     0.106297     1.406686    
-0.276266    1.073365     11.118230    11.345414    -0.009037    0.035109     0.363672    
0.231252     -0.908671    42.780977    42.836504    0.014361     -0.056431    2.656814    
-0.413169    0.283593     7.051707     7.338437     -0.027512    0.018884     0.469554    
1.705619     0.302184     54.678764    54.741598    0.184416     0.032673     5.911997    
-0.283159    -0.666176    88.358075    88.382964    -0.004495    -0.010576    1.402744    
1.443070     0.002097     12.391475    12.629571    0.037828     0.000055     0.324825    
-0.227662    0.504591     19.989856    20.094171    -0.000250    0.000554     0.021949    
0.246526     -0.447852    35.114878    35.173725    0.006620     -0.012025    0.942880    
-0.660291    0.243066     68.171018    68.203063    -0.002718    0.001001     0.280604    
1.506993     -2.292290    56.647728    56.748266    0.021730     -0.033054    0.816833    
-1.062235    1.668717     40.283310    40.379858    -0.062227    0.097756     2.359862    
1.415073     -0.174696    73.689082    73.729158    0.001487     -0.000184    0.077426    
-2.012525    0.509458     58.619963    58.689733    -0.417523    0.105693     12.161445   
-1.812297    -1.252011    17.322965    17.573048    -0.020894    -0.014434    0.199716    
-0.677565    0.399994     57.456041    57.495136    -0.002693    0.001590     0.228379    
0.053879     -0.288367    77.740976    77.766448    0.027911     -0.149382    40.271927   
0.329251     -0.862034    52.286184    52.331362    0.020063     -0.052528    3.186064    
-0.412683    1.313953     20.975548    21.112682    -0.019903    0.063370     1.011613    
1.567852     0.311845     22.312461    22.456097    0.286184     0.056922     4.072751    
1.037652     -0.436842    32.496404    32.575433    0.131835     -0.055501    4.128701    
-0.764780    -0.720163    150.667509   150.684029   -0.039927    -0.037598    7.865903    
-0.887150    0.061703     135.287845   135.305088   -0.033448    0.002326     5.100663    
0.223556     0.301296     11.211829    11.389505    0.010618     0.014311     0.532532    
-0.170546    -0.701097    80.738972    80.766188    -0.012272    -0.050451    5.809993    
-1.147213    0.602703     24.863187    24.974634    -0.129774    0.068178     2.812552    
0.654591     1.077188     6.847877     7.235827     0.045850     0.075451     0.479655    
1.492623     -0.140631    23.895930    24.023699    0.044060     -0.004151    0.705366    
-0.118460    -0.003517    25.082443    25.159848    -0.017982    -0.000534    3.807495    
-0.283880    -1.607628    27.782002    27.899456    -0.011842    -0.067063    1.158933    
1.478554     -0.800925    50.631483    50.697630    0.062174     -0.033680    2.129093    
-0.493826    1.348660     134.412945   134.435030   -0.001181    0.003226     0.321554    
-0.553212    1.076215     81.867542    81.900144    -0.102834    0.200052     15.217917   
0.561651     -0.544922    36.322417    36.384136    0.038232     -0.037093    2.472506    
0.037150     0.726266     38.894453    38.951024    0.003427     0.066992     3.587717    
-1.422407    0.313540     92.300979    92.333457    -0.039884    0.008792     2.588097    
0.147346     1.268191     38.095721    38.167905    0.022618     0.194667     5.847685    
-0.652978    -1.912993    31.685627    31.811002    -0.027775    -0.081371    1.347771    
-0.675240    1.585717     93.168069    93.204799    -0.066164    0.155378     9.129178    
-0.040690    -0.740985    28.146554    28.225063    -0.007958    -0.144926    5.505079    
-0.384848    0.434062     218.144585   218.154237   -0.050882    0.057389     28.841731   
-1.377637    -0.238787    27.044657    27.152225    -0.038405    -0.006657    0.753937    
0.455686     -0.805724    58.951646    58.991765    0.006350     -0.011227    0.821445    
2.107984     -0.098639    20.228377    20.433196    0.342957     -0.016048    3.291039    
-0.985724    0.753669     22.791854    22.910330    -0.044482    0.034010     1.028514    
-0.237629    -0.831217    14.138023    14.300561    -0.038890    -0.136036    2.313815    
0.789926     1.574178     29.363886    29.482448    0.026112     0.052036     0.970661    
0.338670     0.946822     68.903160    68.938607    0.052805     0.147626     10.743211   
-1.203036    -1.183765    29.036094    29.151643    -0.441833    -0.434755    10.663936   
-1.653594    1.069715     48.903118    48.982330    -0.041880    0.027092     1.238540    
0.854984     0.448942     20.943461    21.057921    0.186812     0.098093     4.576098    
0.317670     -0.402449    53.365131    53.403886    0.002862     -0.003626    0.480857    
1.685333     0.436655     44.036377    44.114719    0.000835     0.000216     0.021827    
1.175717     0.051615     85.899226    85.929837    0.093076     0.004086     6.800215    
-0.424568    -1.372338    48.455797    48.517036    -0.024918    -0.080543    2.843902    
2.163926     -0.183524    28.281588    28.433069    0.051504     -0.004368    0.673142    
0.834611     -0.098270    42.434810    42.488755    0.034128     -0.004018    1.735194    
0.573874     -1.866376    72.151477    72.204732    0.042290     -0.137538    5.317034    
-1.891102    0.494898     15.603128    15.847831    -0.047369    0.012396     0.390830    
1.894968     0.230992     30.068596    30.193371    0.029328     0.003575     0.465364    
-1.167106    -0.485881    42.315273    42.379895    -0.094178    -0.039208    3.414573    
-0.206461    -0.274590    25.926451    26.003342    -0.020591    -0.027386    2.585728    
-1.206714    -0.571677    9.504188     9.797321     -0.114903    -0.054435    0.904984    
0.465814     -0.867454    52.803527    52.849379    0.006676     -0.012433    0.756804    
-0.432121    -1.801117    20.273282    20.452669    -0.034828    -0.145168    1.633999    
0.684182     -0.407723    30.201886    30.276447    0.028995     -0.017279    1.279946    
0.502577     0.272775     33.332455    33.395426    0.083927     0.045551     5.566268    
-1.313499    -1.763060    18.081133    18.320370    -0.054454    -0.073091    0.749587    
0.805083     -1.438219    85.223679    85.262342    0.202339     -0.361462    21.418947   
-0.562783    0.878948     11.877345    12.084517    -0.017816    0.027825     0.376001    
0.322134     0.519215     82.862175    82.887806    0.000082     0.000133     0.021170    
-1.301674    -0.000748    32.267711    32.353894    -0.051282    -0.000029    1.271261    
-0.851640    1.261500     16.539509    16.725639    -0.093298    0.138199     1.811929    
0.064391     -0.193783    50.521367    50.560114    0.011930     -0.035904    9.360677    
-0.420482    -1.099626    24.746652    24.852721    -0.021497    -0.056217    1.265145    
1.055943     -0.130013    60.962621    61.003672    0.010254     -0.001262    0.591965    
-0.736323    0.399565     65.873720    65.908450    -0.014325    0.007774     1.281586    
0.080496     0.298281     23.589407    23.673414    0.000879     0.003255     0.257455    
-2.042689    -1.710487    112.898335   112.946923   -0.183766    -0.153880    10.156661   
-0.432138    -0.756779    95.841438    95.865613    -0.051638    -0.090432    11.452603   
-0.316455    -0.257515    138.138162   138.152789   -0.000640    -0.000521    0.279439    
0.705833     1.682898     14.847147    15.087845    0.032104     0.076544     0.675301    
1.152473     3.262626     48.328377    48.492060    0.034036     0.096355     1.427285    
2.340272     1.523465     39.127869    39.276747    0.024282     0.015807     0.405982    
0.089981     -0.965198    11.290722    11.501959    0.006463     -0.069329    0.810996    
0.718862     0.028231     181.662854   181.674943   0.051404     0.002019     12.990371   
0.170503     -0.528253    18.628866    18.740804    0.012560     -0.038914    1.372290    
-0.056488    0.295462     6.484730     6.783595     -0.000164    0.000856     0.018777    
-0.909375    -0.430799    32.091564    32.167623    -0.014875    -0.007047    0.524936    
-0.008961    1.077106     28.048731    28.138346    -0.000263    0.031644     0.824027    
-0.301848    0.073314     86.037125    86.060202    -0.003271    0.000794     0.932211    
1.043610     -0.184598    22.333094    22.444716    0.100488     -0.017775    2.150421    
0.676888     -1.875113    52.407796    52.482628    0.005345     -0.014806    0.413805    
0.155779     -0.624928    75.740386    75.768700    0.007028     -0.028195    3.417159    
0.625483     2.139825     71.690963    71.752625    0.009145     0.031286     1.048174    
0.160003     -0.451134    24.344848    24.428993    0.017021     -0.047992    2.589827    
-0.859888    -0.895755    15.068554    15.247231    -0.107259    -0.111733    1.879593    
0.227529     -0.070273    21.023574    21.116873    0.002914     -0.000900    0.269211    
-0.741298    1.312665     21.484339    21.626937    -0.030549    0.054096     0.885386    
-1.537834    0.455418     18.573548    18.746306    -0.056145    0.016627     0.678105    
-0.571416    -1.431056    89.103798    89.138860    -0.049310    -0.123492    7.689136    
-0.225226    0.004583     9.893582     10.090028    -0.008976    0.000183     0.394289    
-0.351863    1.405924     24.423768    24.545791    -0.019919    0.079591     1.382653    
0.092533     0.375175     32.557693    32.619437    0.002844     0.011532     1.000771    
0.250228     -1.429035    47.129785    47.193181    0.000306     -0.001748    0.057637    
-0.579053    0.808877     45.106733    45.160623    -0.044301    0.061883     3.450897    
-0.114548    -0.157364    21.810542    21.900059    -0.003260    -0.004479    0.620739    
0.522601     0.622779     24.402550    24.495313    0.009030     0.010761     0.421640    
0.817001     -0.628818    44.306419    44.362108    0.007966     -0.006131    0.431980    
0.515142     0.453602     58.520109    58.557230    0.023460     0.020658     2.665102    
-0.289423    -0.025261    21.742838    21.833698    -0.037350    -0.003260    2.805910    
0.382004     0.241181     67.694925    67.725046    0.007514     0.004744     1.331607    
-1.082677    -0.528603    20.524826    20.654177    -0.253395    -0.123717    4.803724    
-1.801303    0.740801     39.352587    39.449899    -0.024139    0.009927     0.527365    
1.029162     -0.155679    77.537736    77.569703    0.052494     -0.007941    3.954943    
0.027372     -0.661155    10.686914    10.886825    0.005433     -0.131228    2.121162    
0.766237     -0.227335    127.520107   127.537804   0.061238     -0.018169    10.191452   
0.547853     0.514307     66.033576    66.067183    0.026195     0.024591     3.157287    
-0.498534    -1.003263    31.689288    31.770127    -0.054489    -0.109656    3.463602    
0.353368     1.359701     160.862453   160.880631   0.085141     0.327609     38.758533   
-0.569656    1.773658     23.066016    23.224694    -0.019317    0.060146     0.782182    
0.046547     0.678552     151.826485   151.840769   0.000398     0.005800     1.297780    
0.681912     -0.202950    18.416350    18.534915    0.042177     -0.012553    1.139081    
-1.212121    2.426915     29.823060    30.010815    -0.389299    0.779456     9.578319    
-2.345157    0.419659     26.105910    26.288199    -0.097946    0.017527     1.090317    
0.325355     -0.746145    23.001451    23.099876    0.006249     -0.014330    0.441766    
-0.375769    0.801211     170.622655   170.636305   -0.070834    0.151031     32.162878   
2.415362     -1.359696    33.649145    33.820447    0.416451     -0.234435    5.801705    
0.942936     0.547586     63.828492    63.868147    0.053218     0.030905     3.602384    
0.394503     -1.126919    30.245361    30.332860    0.020427     -0.058352    1.566107    
0.929937     0.614827     42.782178    42.841948    0.021770     0.014393     1.001539    
-0.161422    -1.320417    15.614090    15.793806    -0.015311    -0.125243    1.481012    
-0.482874    0.099809     14.210636    14.354800    -0.043550    0.009002     1.281649    
1.192732     -0.284039    25.114113    25.220962    0.308168     -0.073388    6.488767    
-0.870409    1.602666     21.502330    21.669133    -0.027745    0.051086     0.685399    
0.363938     0.176365     9.830992     10.034287    0.009010     0.004366     0.243399    
-1.457143    0.067597     38.609082    38.686742    -0.093135    0.004321     2.467732    
-1.028295    -0.713470    30.774623    30.862903    -0.064079    -0.044460    1.917732    
0.187187     -1.003189    20.555966    20.675206    0.080575     -0.431824    8.848337    
-0.144570    0.757260     13.801925    13.962895    -0.011308    0.059234     1.079603    
1.333349     0.723334     53.941007    53.998224    0.349992     0.189868     14.159021   
0.552505     -0.427655    96.981431    97.003923    0.015065     -0.011661    2.644419    
0.381315     0.001853     30.432867    30.498849    0.022305     0.000108     1.780180    
-0.057083    0.161936     26.811845    26.884558    -0.007250    0.020568     3.405522    
-1.786483    -0.161899    27.083746    27.214371    -0.179342    -0.016253    2.718886    
-0.364236    1.001177     29.774093    29.858107    -0.003754    0.010319     0.306864    
-1.288149    0.171684     75.115487    75.152513    -0.224171    0.029877     13.072027   
0.467992     -1.738161    25.278518    25.418864    0.003151     -0.011703    0.170205    
-0.719570    -0.708505    28.406210    28.492235    -0.022044    -0.021705    0.870222    
-1.252430    0.440840     26.390146    26.496749    -0.270173    0.095098     5.692850    
2.093698     0.076205     35.713458    35.828974    0.154053     0.005607     2.627771    
-0.433617    0.713307     34.768415    34.834099    -0.019180    0.031551     1.537895    
-0.750209    -2.765411    51.642016    51.758894    -0.056726    -0.209102    3.904822    
-0.273559    0.679476     65.100333    65.134206    -0.025219    0.062640     6.001554    
1.845217     1.041269     108.729010   108.767466   0.117595     0.066360     6.929287    
2.265786     -0.732458    45.615602    45.720110    0.362381     -0.117146    7.295578    
-2.472239    0.490393     23.852203    24.065639    -0.119723    0.023748     1.155091    
1.915170     1.086062     24.244327    24.423549    0.113088     0.064130     1.431594    
-0.718939    0.393258     81.018420    81.046473    -0.027783    0.015197     3.130936    
0.122030     -1.270187    17.745176    17.899567    0.012614     -0.131295    1.834262    
0.038286     0.056650     12.690131    12.842081    0.007106     0.010514     2.355258    
0.194024     -0.194326    79.915442    79.940154    0.006852     -0.006863    2.822299    
-0.220500    -1.393724    43.428003    43.495488    -0.003391    -0.021433    0.667839    
0.543346     -2.785292    50.469567    50.587600    0.008620     -0.044186    0.800659    
0.360131     0.567864     43.634909    43.684464    0.063109     0.099513     7.646596    
-1.690327    -0.595540    36.286286    36.383806    -0.195055    -0.068722    4.187239    
-1.035978    -0.417372    87.777321    87.806495    -0.099709    -0.040171    8.448253    
0.596751     -0.400762    9.871356     10.091350    0.007735     -0.005194    0.127944    
-1.025603    1.604593     91.100737    91.141899    -0.011002    0.017213     0.977277    
0.358824     -0.458331    55.008542    55.046830    0.007556     -0.009652    1.158369    
1.258409     0.707461     44.702453    44.769056    0.157462     0.088523     5.593536    
0.797802     2.174415     44.680677    44.783953    0.052166     0.142178     2.921530    
1.772728     -0.338576    24.966679    25.109106    0.064717     -0.012360    0.911455    
0.845089     1.980883     43.809822    43.906873    0.027041     0.063383     1.401794    
0.346136     0.735703     28.157566    28.237998    0.009461     0.020109     0.769650    
-1.151208    0.438268     48.420438    48.476088    -0.251749    0.095841     10.588690   
-0.171921    1.204422     169.720842   169.736618   -0.006393    0.044790     6.311569    
0.036841     1.141539     77.225419    77.258946    0.000527     0.016324     1.104333    
-0.482701    -0.819911    22.629004    22.734380    -0.015241    -0.025889    0.714507    
-0.461823    1.373376     7.083528     7.493381     -0.031561    0.093858     0.484094    
-1.091865    -0.433552    21.808001    21.928155    -0.276821    -0.109919    5.528991    
0.344446     0.653338     50.545917    50.589625    0.001986     0.003768     0.291502    
-2.348028    -0.054129    73.528631    73.592463    -0.337740    -0.007786    10.576341   
0.208919     -0.416356    73.701696    73.729451    0.010235     -0.020397    3.610538    
-1.663780    -0.231167    118.613662   118.641887   -0.175086    -0.024327    12.482141   
0.285467     -1.593460    72.361749    72.406618    0.088879     -0.496118    22.529585   
0.578703     -0.809404    8.860826     9.131222     0.027832     -0.038928    0.426157    
0.161554     1.009343     33.912851    33.985310    0.011167     0.069766     2.344079    
-0.037596    -0.536131    19.336147    19.443518    -0.011630    -0.165850    5.981576    
1.021767     0.150728     17.504384    17.644975    0.040789     0.006017     0.698772    
0.668096     -0.167718    10.156019    10.367939    0.040305     -0.010118    0.612699    
0.418091     -2.176169    19.490910    19.714996    0.023400     -0.121799    1.090895    
0.768819     -1.022657    35.227188    35.305334    0.089924     -0.119614    4.120313    
0.425127     1.096533     24.488603    24.595726    0.172024     0.443704     9.909122    
-0.414775    -1.069481    15.420182    15.587585    -0.027959    -0.072092    1.039451    
0.481047     -0.173333    4.960111     5.360887     0.015959     -0.005750    0.164553    
-0.427869    0.491481     24.182827    24.271562    -0.011837    0.013597     0.669032    
0.353370     -0.946639    27.329750    27.419176    0.035948     -0.096300    2.780205    
0.839514     0.250118     34.035177    34.103308    0.052862     0.015749     2.143102    
1.435314     -0.110270    96.963995    96.994657    0.040336     -0.003099    2.724921    
-0.680120    -1.058200    21.011091    21.140559    -0.013886    -0.021606    0.428993    
0.037355     -1.266733    38.773248    38.843863    0.006590     -0.223469    6.840128    
1.231565     0.657393     86.690998    86.724581    0.042489     0.022680     2.990831    
-1.182823    -0.489110    36.685767    36.760832    -0.108020    -0.044668    3.350294    
-0.012142    0.179197     35.722332    35.776979    -0.001080    0.015938     3.177243    
-0.771063    -0.515137    47.944750    47.994103    -0.048482    -0.032390    3.014609    
1.772911     -0.894063    107.751119   107.787389   0.293926     -0.148224    17.863745   
0.019916     -2.254514    57.317307    57.395400    0.003922     -0.444029    11.288705   
0.505504     -0.028177    130.130546   130.146418   0.017145     -0.000956    4.413662    
1.142393     -0.273331    17.928113    18.074069    0.055577     -0.013298    0.872203    
0.522688     3.404020     40.276428    40.471301    0.033582     0.218703     2.587693    
-1.018871    0.241811     31.077475    31.157358    -0.023587    0.005598     0.719437    
1.446519     -0.797129    19.559190    19.727258    0.119980     -0.066117    1.622314    
0.838447     -1.581634    95.660716    95.697712    0.097887     -0.184652    11.168155   
0.077186     -0.081940    33.509688    33.567646    0.002197     -0.002332    0.953732    
-0.230128    0.343063     33.822410    33.882164    -0.012327    0.018376     1.811690    
0.305156     -0.857858    23.722454    23.821394    0.016819     -0.047282    1.307503    
-0.458417    -0.298308    19.961937    20.066216    -0.003712    -0.002416    0.161645    
0.442827     2.209260     9.766712     10.214721    0.037363     0.186404     0.824058    
0.621221     1.112445     52.132264    52.184972    0.025528     0.045714     2.142264    
-1.312658    -0.691933    68.956872    69.000920    -0.105834    -0.055788    5.559720    
-0.538822    1.181267     66.522343    66.564125    -0.003259    0.007145     0.402352    
-0.623925    0.905723     11.920624    12.132017    -0.009733    0.014129     0.185963    
