1.773595     -0.137478    19.617339    19.795946    0.170568     -0.013221    1.886617    
-0.597194    1.565839     69.960538    70.008287    -0.011000    0.028842     1.288658    
-1.071103    0.264028     74.180695    74.215008    -0.009571    0.002359     0.662825    
0.757419     -0.079116    9.993519     10.213977    0.044729     -0.004672    0.590162    
-0.867437    0.401067     40.430777    40.489949    -0.037477    0.017328     1.746769    
-0.502386    0.128112     87.497571    87.521247    -0.004843    0.001235     0.843548    
1.089826     0.582020     15.768400    15.938753    0.003341     0.001784     0.048335    
-1.904560    0.934580     22.258940    22.446295    -0.144450    0.070883     1.688219    
-0.394267    1.177073     11.311014    11.547940    -0.048401    0.144501     1.388570    
0.217509     0.094617     104.399384   104.418210   0.010489     0.004563     5.034664    
-0.593542    -0.085352    24.901392    24.986274    -0.027835    -0.004003    1.167803    
0.433250     -0.117392    53.547470    53.585520    0.015561     -0.004216    1.923237    
0.867807     0.496201     15.823157    15.976437    0.271706     0.155358     4.954160    
1.194452     1.206242     78.931730    78.974519    0.000835     0.000843     0.055179    
1.191364     -1.199561    36.033145    36.126456    0.086679     -0.087276    2.621640    
0.286607     -0.116038    30.777282    30.841719    0.040307     -0.016319    4.328389    
-0.222154    0.912692     51.584073    51.630165    -0.009327    0.038320     2.165798    
-0.986967    0.881306     22.475160    22.599968    -0.001125    0.001004     0.025612    
-0.231824    -0.183675    31.164549    31.228057    -0.005650    -0.004476    0.759532    
-0.339695    0.713399     15.080425    15.228870    -0.013681    0.028732     0.607363    
0.248133     1.471134     18.359186    18.524591    0.008171     0.048447     0.604600    
-1.175871    -0.047832    21.773109    21.893565    -0.555665    -0.022603    10.289012   
-0.779340    -0.479953    79.067563    79.097359    -0.042675    -0.026281    4.329604    
-0.363259    -0.548673    13.491533    13.650253    -0.020897    -0.031563    0.776106    
-0.880625    0.093545     106.163714   106.185656   -0.119729    0.012718     14.433917   
0.541478     0.062556     6.589924     6.899215     0.057246     0.006614     0.696695    
1.285265     -0.964132    14.787116    15.003840    0.012890     -0.009669    0.148299    
-0.261919    -0.787853    36.737229    36.799297    -0.010219    -0.030739    1.433326    
-0.772918    -0.969500    59.620499    59.665871    -0.032126    -0.040297    2.478118    
1.335839     -0.604225    22.645310    22.777940    0.062189     -0.028129    1.054240    
-1.529907    0.309184     177.427492   177.445276   -0.068053    0.013753     7.892267    
-0.309411    -0.093197    6.625648     6.919435     -0.063684    -0.019182    1.363714    
-0.882809    -0.177282    9.351542     9.598806     -0.005592    -0.001123    0.059235    
-1.231112    0.524908     65.419230    65.462522    -0.003648    0.001555     0.193842    
-1.712927    0.420977     30.084127    30.200017    -0.095167    0.023389     1.671421    
0.711779     -1.776558    41.430814    41.521682    0.036890     -0.092074    2.147251    
0.357807     1.720119     60.859485    60.916653    0.006911     0.033226     1.175556    
1.226691     0.099492     16.184883    16.350536    0.074270     0.006024     0.979911    
-0.834476    0.604640     32.557000    32.632731    -0.064272    0.046570     2.507555    
0.161659     -1.453970    53.830516    53.886358    0.059301     -0.533353    19.746386   
0.746323     -0.976617    23.421960    23.536652    0.019483     -0.025495    0.611438    
-0.783080    -0.069192    39.678306    39.734882    -0.004417    -0.000390    0.223819    
1.767135     -0.270401    21.380132    21.544857    0.090907     -0.013910    1.099861    
-1.272566    0.254735     34.060117    34.141629    -0.000077    0.000015     0.002071    
-0.053614    -1.351923    82.993749    83.028115    -0.000839    -0.021149    1.298315    
1.068691     -1.148113    37.292910    37.377753    0.003005     -0.003228    0.104847    
0.507745     0.237419     63.493971    63.526951    0.128763     0.060209     16.101992   
0.244995     0.551232     43.364743    43.413590    0.005764     0.012970     1.020305    
1.443271     -1.051802    55.194454    55.258411    0.216116     -0.157497    8.264829    
-0.273273    0.032981     14.679708    14.813661    -0.039713    0.004793     2.133329    
0.003689     -0.756401    14.317807    14.472273    0.000217     -0.044515    0.842610    
1.649141     -0.589231    117.454701   117.484248   0.254817     -0.091045    18.148528   
-0.970887    0.254844     10.595538    10.823491    -0.025583    0.006715     0.279199    
0.652240     2.503198     18.734910    19.014816    0.060842     0.233504     1.747634    
-1.765537    1.195149     23.349354    23.528977    -0.009004    0.006095     0.119073    
-0.606085    1.337349     75.462473    75.502421    -0.005277    0.011644     0.657040    
-1.330695    0.745538     26.242061    26.359956    -0.024461    0.013705     0.482385    
0.669066     -0.013812    64.786419    64.819772    0.024701     -0.000510    2.391795    
0.465888     1.453485     49.007005    49.070268    0.009902     0.030893     1.041604    
-0.223482    -0.230436    17.372697    17.486812    -0.020465    -0.021102    1.590864    
-0.456827    0.316427     14.022069    14.170469    -0.068393    0.047374     2.099296    
-0.136046    -0.609083    11.430233    11.615277    -0.011126    -0.049811    0.934766    
-0.127575    0.087890     56.642772    56.677178    -0.001417    0.000976     0.629296    
1.354990     1.306978     12.848733    13.134271    0.069260     0.066806     0.656759    
-0.288328    1.962450     28.535406    28.671915    -0.033704    0.229401     3.335654    
-0.306367    -1.066804    13.099707    13.293202    -0.075288    -0.262160    3.219172    
-1.269661    0.210128     85.602550    85.634851    -0.146656    0.024272     9.887782    
-2.402674    -1.663626    48.250066    48.378552    -0.050313    -0.034837    1.010368    
-0.920752    0.196167     40.390661    40.449557    -0.046295    0.009863     2.030827    
1.626711     0.492573     21.769283    21.924084    0.204775     0.062006     2.740380    
0.525190     -0.048071    42.064017    42.113354    0.104671     -0.009581    8.383418    
-0.289875    -0.651062    87.290265    87.315367    -0.035687    -0.080153    10.746422   
-0.848070    -0.112640    69.338954    69.372166    -0.048831    -0.006486    3.992503    
1.114565     -0.528472    29.586601    29.677659    0.046069     -0.021844    1.222929    
0.888648     0.452178     26.694243    26.785289    0.150731     0.076698     4.527821    
1.822696     -0.356968    43.003048    43.088127    0.130740     -0.025605    3.084567    
0.362502     0.355510     6.927349     7.219481     0.031289     0.030685     0.597921    
0.663715     -0.618115    17.611907    17.744768    0.035781     -0.033323    0.949463    
0.258162     0.537306     67.383709    67.415091    0.089950     0.187210     23.478090   
2.320290     -2.350598    45.839890    46.000864    0.078431     -0.079456    1.549496    
-0.512701    -0.079367    20.386037    20.487426    -0.010011    -0.001550    0.398058    
-0.265773    0.830170     17.267527    17.401214    -0.011859    0.037042     0.770467    
1.362661     -1.041468    82.366325    82.407693    0.015198     -0.011615    0.918625    
0.400107     0.136085     59.441661    59.475748    0.006754     0.002297     1.003418    
-1.008425    -1.514014    71.389767    71.440066    -0.058648    -0.088051    4.151862    
-1.083561    -1.639606    13.866526    14.142769    -0.167315    -0.253174    2.141155    
0.866870     0.325959     37.840572    37.903055    0.107104     0.040273     4.675298    
0.674950     0.938780     50.485627    50.537217    0.039943     0.055556     2.987679    
1.311258     -1.061656    53.915921    53.978218    0.004735     -0.003834    0.194693    
-0.978162    0.289931     27.569934    27.658942    -0.216064    0.064042     6.089870    
0.340517     0.551690     12.007161    12.184711    0.008542     0.013839     0.301195    
-0.184980    1.407316     23.292326    23.418415    -0.017806    0.135465     2.242066    
-1.293039    0.228525     7.030141     7.417682     -0.089831    0.015876     0.488401    
0.274268     -0.233724    32.879339    32.940184    0.005894     -0.005023    0.706587    
-0.754425    0.873435     57.745853    57.790920    -0.062610    0.072487     4.792355    
1.197661     0.280071     192.988731   193.002690   0.125101     0.029255     20.158576   
-0.364257    0.221845     34.137085    34.196453    -0.007524    0.004582     0.705104    
0.469843     -0.268815    66.684476    66.715721    0.107976     -0.061777    15.324966   
-0.009087    1.554017     59.872384    59.924889    -0.000627    0.107306     4.134213    
-0.012544    -0.634543    38.104314    38.160405    -0.000473    -0.023950    1.438175    
-0.138082    0.780362     33.921727    33.988036    -0.002001    0.011308     0.491555    
1.378384     -1.444987    50.048983    50.127473    0.096843     -0.101523    3.516371    
0.113460     -1.045179    45.560097    45.614720    0.003996     -0.036811    1.604626    
-2.355269    -1.407035    17.675688    17.995331    -0.010198    -0.006092    0.076535    
1.284330     -1.167455    69.846176    69.895463    0.018435     -0.016757    1.002532    
1.101159     2.657130     246.423703   246.448350   0.034411     0.083035     7.700740    
-0.228177    -0.791696    45.425005    45.475101    -0.000828    -0.002871    0.164739    
1.343276     0.538333     15.423112    15.615426    0.102003     0.040879     1.171170    
2.007286     -0.041095    60.458331    60.523678    0.070174     -0.001437    2.113597    
-0.397647    0.936978     66.458710    66.495648    -0.089108    0.209965     14.892573   
0.910402     -0.012654    33.760833    33.830427    0.043478     -0.000604    1.612328    
4.404863     -1.362919    92.712769    92.848225    0.619635     -0.191723    13.041975   
0.300941     -1.629186    20.334176    20.496304    0.030476     -0.164985    2.059211    
0.494575     -1.219637    34.376458    34.457915    0.128716     -0.317418    8.946691    
0.174791     0.005520     4.272732     4.707630     0.003156     0.000100     0.077149    
1.622673     0.637510     101.834565   101.868509   0.383151     0.150531     24.045494   
-0.083156    -1.239237    61.611971    61.655921    -0.001099    -0.016372    0.814000    
0.251075     -0.673283    23.130608    23.225338    0.027920     -0.074871    2.572201    
0.593542     -0.147389    24.573334    24.659638    0.047433     -0.011779    1.963788    
0.550212     -1.227033    37.483671    37.559405    0.014510     -0.032359    0.988516    
-0.613677    -1.372999    18.495439    18.660599    -0.075824    -0.169643    2.285239    
-0.532479    0.602757     15.110942    15.259828    -0.031020    0.035114     0.880298    
0.420174     0.886623     23.724454    23.826190    0.021277     0.044898     1.201383    
0.946810     0.192436     63.411493    63.449396    0.160180     0.032556     10.727877   
-0.614102    0.226465     26.371881    26.453345    -0.107261    0.039555     4.606206    
-1.416646    -0.860577    68.652196    68.700411    -0.047427    -0.028811    2.298373    
-0.724507    1.842444     47.633663    47.715410    -0.024366    0.061962     1.601946    
-0.735209    0.597848     46.257620    46.309182    -0.051625    0.041980     3.248135    
1.040202     0.025579     33.507563    33.581459    0.165039     0.004058     5.316315    
-0.034657    -0.353805    25.524042    25.602306    -0.000387    -0.003955    0.285295    
0.452622     0.319637     78.501974    78.528606    0.032447     0.022914     5.627544    
0.837153     -1.232540    25.309726    25.429848    0.022557     -0.033211    0.681978    
-0.499135    0.286536     21.603268    21.700401    -0.196691    0.112913     8.513040    
-1.262641    1.781429     71.540605    71.600984    -0.088512    0.124880     5.015060    
-0.930540    0.277937     7.494455     7.809287     -0.053228    0.015898     0.428690    
1.630922     -0.323184    52.700653    52.763606    0.169782     -0.033644    5.486234    
-0.770010    0.739333     177.997080   178.011165   -0.027720    0.026616     6.407815    
0.355009     1.726041     28.118021    28.241871    0.006221     0.030247     0.492736    
-0.762883    -0.105946    65.234460    65.268698    -0.032629    -0.004531    2.790099    
1.258289     -0.446861    29.424700    29.520686    0.283305     -0.100611    6.625012    
-1.006411    0.460044     8.931996     9.213035     -0.039149    0.017896     0.347455    
-0.519066    -1.243842    28.500906    28.600580    -0.007016    -0.016814    0.385258    
-0.187767    0.535114     7.830715     8.094236     -0.004078    0.011621     0.170065    
0.971530     0.353881     25.185803    25.283764    0.017431     0.006349     0.451871    
-1.657572    -0.322250    77.095044    77.138655    -0.148006    -0.028774    6.883874    
-0.078090    -0.195179    12.298828    12.457139    -0.017246    -0.043105    2.716154    
0.055850     0.655186     27.079892    27.159305    0.001196     0.014027     0.579745    
0.220523     0.861809     83.137810    83.165869    0.002585     0.010100     0.974371    
1.045517     2.247953     43.019938    43.136254    0.012841     0.027610     0.528384    
0.276234     0.192980     86.359962    86.383051    0.000201     0.000140     0.062848    
0.759775     -0.704514    28.782051    28.867889    0.001858     -0.001723    0.070384    
-1.145465    0.761123     27.849062    27.952399    -0.178690    0.118733     4.344385    
0.235705     -1.309330    12.591058    12.813259    0.037831     -0.210147    2.020861    
-1.299467    -0.797988    51.018644    51.079373    -0.064212    -0.039432    2.521033    
1.507079     -0.159600    91.164171    91.198015    0.083901     -0.008885    5.075231    
-0.132921    0.674519     34.276617    34.339978    -0.001722    0.008738     0.444035    
-0.661189    0.851005     99.338040    99.363387    -0.003077    0.003960     0.462287    
0.967978     0.234657     40.612442    40.672318    0.136343     0.033052     5.720405    
0.351570     -1.836322    37.260988    37.359763    0.062662     -0.327298    6.641244    
0.967412     -0.243615    29.220728    29.303944    0.089978     -0.022658    2.717779    
0.196815     -1.550970    58.488459    58.542455    0.009544     -0.075210    2.836241    
-0.333663    -1.236338    9.093477     9.391812     -0.016650    -0.061692    0.453757    
-0.020355    -0.679632    32.859187    32.925119    -0.002052    -0.068497    3.311748    
0.801262     0.898811     51.582717    51.634306    0.016655     0.018683     1.072220    
0.975670     -0.444760    16.544857    16.696017    0.101307     -0.046181    1.717912    
2.305286     0.285915     50.680108    50.771492    0.411774     0.051071     9.052574    
-2.740400    0.277649     32.797368    32.971642    -0.032307    0.003273     0.386657    
-1.280355    0.530307     26.711763    26.820025    -0.224850    0.093130     4.690997    
0.566406     0.042770     8.737979     8.974959     0.061188     0.004620     0.943944    
0.041642     -0.084634    45.281031    45.323897    0.000969     -0.001970    1.053826    
-0.799343    0.520227     27.119493    27.207562    -0.105773    0.068839     3.588590    
-0.574129    0.475193     27.966778    28.045874    -0.015080    0.012482     0.734587    
-1.905926    1.736473     28.210865    28.396756    -0.079448    0.072385     1.175968    
0.762009     -1.456478    63.606708    63.658387    0.009711     -0.018561    0.810573    
-0.321744    -0.258331    92.443965    92.465842    -0.042951    -0.034486    12.340711   
-0.652479    -0.290768    21.656548    21.757558    -0.037910    -0.016894    1.258263    
0.573131     -0.550662    209.546258   209.557011   0.035003     -0.033630    12.797524   
1.164891     -0.838896    70.655917    70.697908    0.008788     -0.006329    0.533024    
-0.654132    0.070082     21.861793    21.960094    -0.025255    0.002706     0.844043    
0.637522     0.484375     14.683235    14.836220    0.034871     0.026495     0.803151    
0.258643     0.804619     66.769778    66.804136    0.003964     0.012332     1.023307    
0.998391     0.750663     92.829390    92.858661    0.210569     0.158321     19.578489   
-1.177301    -1.909128    18.815956    19.051141    -0.014019    -0.022733    0.224050    
-0.256658    0.391509     22.224139    22.316058    -0.022969    0.035037     1.988891    
-0.046060    1.631171     18.829506    19.002318    -0.017923    0.634708     7.326785    
2.014693     0.263861     33.545551    33.664634    0.606197     0.079393     10.093454   
-2.044673    -0.218586    27.490538    27.637530    -0.121136    -0.012950    1.628672    
-0.854084    0.596011     18.848773    18.979881    -0.173104    0.120798     3.820231    
2.241137     -2.384755    34.522876    34.733466    0.059551     -0.063367    0.917329    
-0.381347    -0.709085    107.790357   107.811336   -0.029246    -0.054380    8.266520    
-0.421807    1.541453     44.821268    44.892928    -0.069671    0.254605     7.403238    
1.041179     0.724096     22.623811    22.744673    0.007690     0.005348     0.167096    
-1.403093    0.018069     20.788991    20.929073    -0.025509    0.000329     0.377957    
2.042104     -1.384572    28.859882    29.031965    0.190449     -0.129127    2.691505    
1.098635     0.417012     76.122591    76.157106    0.016496     0.006262     1.143006    
0.029037     1.133836     42.428541    42.489321    0.004706     0.183763     6.876466    
-0.221721    0.217780     16.950046    17.066798    -0.002541    0.002496     0.194270    
-2.864848    1.253374     133.494058   133.545186   -0.019015    0.008319     0.886030    
1.542186     0.451259     12.416870    12.674210    0.072579     0.021237     0.584369    
-0.091110    0.223486     93.160889    93.181996    -0.001244    0.003050     1.271588    
-0.711860    -0.569642    56.197942    56.239798    -0.007955    -0.006366    0.628023    
0.136000     -0.642498    41.144716    41.197013    0.001996     -0.009428    0.603771    
-0.743500    -2.466617    32.934483    33.093687    -0.035863    -0.118977    1.588592    
-0.210269    -0.284039    10.832895    11.015963    -0.007694    -0.010393    0.396390    
3.579646     -0.394787    128.021059   128.086831   0.000194     -0.000021    0.006948    
0.540343     -0.771985    24.218436    24.316569    0.012621     -0.018031    0.565663    
-0.450462    -1.783586    77.858141    77.904744    -0.060277    -0.238665    10.418330   
-0.445046    1.066180     35.548627    35.621828    -0.000050    0.000120     0.004006    
2.252226     -0.498233    92.356571    92.406341    0.270217     -0.059777    11.080732   
2.436089     0.082603     90.086662    90.141128    0.063827     0.002164     2.360312    
-0.960079    0.686601     17.437125    17.587536    -0.061159    0.043738     1.110787    
0.333584     -0.406337    27.285698    27.361664    0.001650     -0.002010    0.134965    
0.657658     -0.783763    73.402755    73.436273    0.092703     -0.110479    10.346826   
0.630482     -0.518413    51.820287    51.864085    0.004516     -0.003713    0.371186    
0.314482     0.207174     84.112011    84.135885    0.016448     0.010835     4.399162    
-0.867458    1.944380     102.632218   102.673172   -0.004468    0.010015     0.528617    
-1.091327    0.010503     24.100737    24.205610    -0.059358    0.000571     1.310854    
-0.447114    -0.087050    15.623540    15.753649    -0.029360    -0.005716    1.025929    
-0.871168    -1.249031    60.579063    60.630165    -0.052462    -0.075216    3.648058    
2.301870     -0.389016    70.261627    70.327954    0.037851     -0.006397    1.155345    
-0.274922    0.206242     48.331695    48.372986    -0.017061    0.012799     2.999352    
1.032300     0.626306     42.016289    42.079703    0.411112     0.249425     16.732912   
-0.176250    -0.465769    61.825949    61.859284    -0.022152    -0.058540    7.770522    
0.992587     0.080481     53.442785    53.488297    0.122504     0.009933     6.595842    
-1.463248    -0.590980    50.800981    50.863592    -0.071780    -0.028991    2.492045    
0.437201     0.803639     13.819518    13.988961    0.020828     0.038284     0.658338    
1.297830     -0.912226    28.904655    29.015005    0.251301     -0.176636    5.596862    
1.020356     -2.168843    23.114924    23.322086    0.023416     -0.049773    0.530468    
-0.398451    0.685063     82.914275    82.941425    -0.056613    0.097336     11.780736   
1.203341     -0.519115    98.286674    98.315120    0.010959     -0.004728    0.895101    
-1.478135    1.701761     42.116318    42.222506    -0.079930    0.092022     2.277433    
0.348015     -1.153394    42.447684    42.510378    0.020037     -0.066408    2.443965    
-0.667509    -0.752673    33.356465    33.429640    -0.113467    -0.127943    5.670096    
-1.520938    0.810975     12.803859    13.068462    -0.044750    0.023861     0.376724    
0.323377     0.062953     24.561315    24.642274    0.010643     0.002072     0.808385    
1.458439     1.190094     47.086359    47.165067    0.315805     0.257698     10.195904   
-0.794327    0.341329     9.223816     9.471072     -0.061653    0.026493     0.715919    
-0.089685    -1.816852    79.409768    79.454988    -0.000497    -0.010065    0.439927    
1.170348     -0.419573    10.976722    11.220924    0.051799     -0.018570    0.485826    
-1.391972    -0.922553    18.267393    18.448883    -0.167560    -0.111053    2.198958    
-1.220039    -0.583011    82.343708    82.378332    -0.033338    -0.015931    2.250043    
1.072768     0.528988     41.711844    41.775394    0.119987     0.059166     4.665393    
-0.960571    0.206159     36.328500    36.395055    -0.028356    0.006086     1.072427    
0.469146     2.764165     71.512366    71.594372    0.016908     0.099620     2.577297    
0.348397     -1.414098    66.478742    66.523824    0.016869     -0.068470    3.218865    
-0.536007    -0.154500    37.117324    37.173672    -0.007494    -0.002160    0.518966    
2.127822     0.185924     104.892511   104.932721   0.140205     0.012251     6.911503    
0.795133     0.182748     48.069420    48.116627    0.015815     0.003635     0.956074    
0.189110     0.043449     89.874722    89.896487    0.002433     0.000559     1.156180    
0.032698     0.602127     57.101467    57.138570    0.002645     0.048711     4.619391    
-0.974849    0.848268     79.929290    79.963968    -0.132785    0.115543     10.887248   
0.270436     -0.274270    19.450128    19.553281    0.002370     -0.002403    0.170423    
1.375847     -0.179634    73.364638    73.404158    0.024092     -0.003146    1.284665    
1.354508     -0.464500    7.816726     8.186978     0.253810     -0.087039    1.464709    
0.777839     0.140821     49.618089    49.663413    0.017880     0.003237     1.140575    
1.042097     -1.276879    21.191386    21.346338    0.007383     -0.009047    0.150144    
-0.185329    0.153087     69.958233    69.986335    -0.024217    0.020004     9.141495    
0.014238     0.424299     54.268988    54.306337    0.000105     0.003122     0.399254    
0.584788     -0.995393    112.596640   112.619763   0.030497     -0.051910    5.871991    
1.463203     0.861955     37.247647    37.338265    0.033645     0.019820     0.856485    
0.643539     3.292724     65.839017    65.953827    0.001878     0.009609     0.192137    
-1.694186    0.047072     21.898469    22.051992    -0.347958    0.009668     4.497584    
0.871840     0.357779     28.881197    28.963539    0.395834     0.162439     13.112686   
-0.373079    -0.330665    16.149543    16.276708    -0.004817    -0.004269    0.208497    
-0.232369    -2.889687    33.215708    33.400037    -0.028248    -0.351287    4.037891    
-1.589067    -0.153229    10.772285    11.066422    -0.130911    -0.012623    0.887445    
0.359386     1.691068     97.853266    97.888331    0.010773     0.050690     2.933152    
0.287648     0.793010     44.086283    44.138271    0.045138     0.124439     6.918033    
0.873839     0.983524     77.793495    77.829517    0.100893     0.113557     8.982008    
0.726841     -0.647966    69.095848    69.130740    0.043328     -0.038626    4.118925    
1.429140     0.400402     8.978715     9.311017     0.150881     0.042272     0.947926    
-0.146990    -0.071570    10.678829    10.859976    -0.026212    -0.012763    1.904318    
0.335175     0.265633     13.060242    13.214681    0.028009     0.022197     1.091374    
-1.305790    0.018379     48.303530    48.361259    -0.213676    0.003007     7.904272    
0.488874     -0.943057    13.189181    13.377511    0.059378     -0.114542    1.601936    
-0.753432    0.624321     64.815784    64.853051    -0.115727    0.095896     9.955737    
-1.018804    0.027174     26.432625    26.525409    -0.055666    0.001485     1.444242    
-0.932021    -2.210950    21.061184    21.288621    -0.265524    -0.629879    6.000132    
0.676784     -1.378360    48.024617    48.089465    0.044837     -0.091317    3.181655    
0.720293     -0.446625    49.009647    49.056485    0.069364     -0.043010    4.719645    
0.015203     0.660610     46.594411    46.640655    0.000394     0.017122     1.207650    
1.225907     -0.541127    36.276231    36.354305    0.008498     -0.003751    0.251468    
0.723587     0.476045     117.358079   117.377783   0.002369     0.001559     0.384268    
-1.021699    0.950806     15.084973    15.276756    -0.001986    0.001848     0.029327    
-0.723677    -0.216202    32.828449    32.896086    -0.002624    -0.000784    0.119044    
-1.295084    1.679439     50.628823    50.711443    -0.201292    0.261031     7.869113    
0.528401     0.860405     68.740600    68.776191    0.022964     0.037393     2.987451    
0.009685     1.264487     12.121011    12.344751    0.000575     0.075126     0.720141    
-0.918921    -0.215943    33.523407    33.594416    -0.035402    -0.008319    1.291518    
-0.835722    -0.652662    40.461925    40.523657    -0.063316    -0.049447    3.065468    
-0.142454    0.020611     31.013569    31.076311    -0.008343    0.001207     1.816313    
2.320719     -0.302628    30.454803    30.607962    0.511527     -0.066705    6.712769    
0.185945     -1.249650    118.749429   118.772464   0.002097     -0.014094    1.339309    
-0.467669    0.684567     47.967401    48.014933    -0.048072    0.070367     4.930632    
-0.183785    0.321853     10.428819    10.619443    -0.016639    0.029138     0.944158    
0.117847     -0.427772    10.264262    10.460731    0.005004     -0.018166    0.435879    
-0.513813    -1.242341    59.267362    59.315281    -0.024703    -0.059730    2.849499    
-1.137198    -0.238154    61.875540    61.917747    -0.055413    -0.011605    3.015052    
-0.253236    1.561689     71.440663    71.485287    -0.000889    0.005481     0.250719    
-0.730968    0.277024     25.682392    25.769581    -0.055046    0.020861     1.934019    
-0.510733    -0.345237    18.104387    18.221521    -0.011579    -0.007827    0.410434    
-1.006190    -0.894495    21.397208    21.529701    -0.020443    -0.018173    0.434724    
-0.099311    1.907924     34.564945    34.673627    -0.000021    0.000394     0.007135    
0.213710     1.221222     37.504138    37.576221    0.007967     0.045526     1.398105    
0.967302     0.181370     57.375085    57.417278    0.038195     0.007162     2.265520    
-0.202238    -0.403623    66.387464    66.418176    -0.058885    -0.117522    19.329881   
0.102776     1.713431     43.181336    43.260249    0.003321     0.055369     1.395399    
-1.396746    -0.221228    36.406865    36.487458    -0.028401    -0.004498    0.740295    
-0.730812    -0.996428    17.744740    17.896305    -0.016209    -0.022100    0.393564    
-0.713938    -0.952581    39.971550    40.037693    -0.074322    -0.099164    4.161074    
0.541607     -0.601820    25.447674    25.536535    0.006733     -0.007481    0.316335    
-0.828501    -1.693394    50.861802    50.934780    -0.112048    -0.229017    6.878631    
0.042157     0.013949     33.092514    33.151039    0.004643     0.001536     3.644807    
0.825073     -0.147118    84.160520    84.187710    0.071532     -0.012755    7.296559    
1.634646     -1.145658    126.885426   126.916393   0.139567     -0.097817    10.833575   
-0.971957    0.763874     32.196419    32.280219    -0.002278    0.001790     0.075444    
0.849497     -0.266973    17.797193    17.927854    0.059590     -0.018728    1.248432    
-0.558250    0.461694     43.121700    43.172685    -0.021106    0.017455     1.630295    
-0.605719    1.791813     19.430718    19.621550    -0.009923    0.029352     0.318303    
-1.772196    -0.732412    58.805103    58.869281    -0.062993    -0.026034    2.090233    
-1.196179    -1.251613    16.010585    16.223784    -0.200773    -0.210077    2.687302    
-1.141545    -1.184760    34.234666    34.330658    -0.174685    -0.181298    5.238768    
0.537769     0.823027     14.556984    14.722340    0.014036     0.021482     0.379946    
1.220397     0.408830     78.514532    78.549750    0.107577     0.036038     6.921024    
0.016663     -1.664660    24.547987    24.682990    0.002653     -0.265081    3.909029    
0.546966     0.991983     48.077379    48.130994    0.079626     0.144410     6.998961    
-1.032382    -1.139210    95.004975    95.037802    -0.034296    -0.037845    3.156130    
1.187314     0.746577     107.779330   107.806429   0.053173     0.033435     4.826775    
1.242806     0.138083     45.858226    45.917486    0.041254     0.004584     1.522239    
-0.172682    -1.994008    54.371277    54.443701    -0.003644    -0.042074    1.147239    
0.390060     -2.591676    78.411441    78.479921    0.018016     -0.119703    3.621626    
-0.601131    -0.136361    22.865600    22.958453    -0.002027    -0.000460    0.077121    
1.535826     0.521807     15.738527    15.943877    0.675734     0.229585     6.924647    
-0.019007    -0.787310    41.952641    42.006181    -0.004236    -0.175484    9.350863    
-1.195605    -0.877774    104.348887   104.377992   -0.050153    -0.036821    4.377220    
-1.853293    -1.663400    30.031300    30.198601    -0.005237    -0.004700    0.084857    
1.770411     0.132899     29.037069    29.157818    0.062585     0.004698     1.026480    
-1.000206    -0.575358    77.184479    77.218199    -0.056533    -0.032520    4.362542    
1.140969     2.387236     23.402397    23.633617    0.335859     0.702714     6.888795    
-0.189085    -0.280884    16.711560    16.830503    -0.032279    -0.047950    2.852843    
0.580640     -0.566978    28.813240    28.891804    0.015693     -0.015324    0.778737    
-0.269436    -0.851110    130.337997   130.355918   -0.066866    -0.211221    32.346219   
0.623252     2.166719     29.514361    29.665731    0.005790     0.020129     0.274185    
0.852037     -1.290614    161.201604   161.221040   0.380386     -0.576186    71.967425   
1.815892     -0.246950    103.298342   103.333348   0.178712     -0.024304    10.166181   
-0.051620    0.097489     34.089697    34.146662    -0.012731    0.024044     8.407669    
1.284265     -1.145749    31.472492    31.580924    0.025726     -0.022951    0.630449    
-0.346061    -0.421813    77.675200    77.702055    -0.057995    -0.070690    13.017372   
-2.646851    0.783273     25.303075    25.529196    -0.027435    0.008119     0.262273    
1.329393     -0.256749    20.478476    20.617375    0.056971     -0.011003    0.877599    
-0.254758    -0.211628    21.139650    21.233687    -0.013195    -0.010961    1.094880    
-0.274537    -0.230273    19.002571    19.107618    -0.054870    -0.046023    3.797900    
1.251816     -0.329590    25.805580    25.912903    0.033090     -0.008712    0.682136    
0.967559     -0.704121    92.408413    92.437123    0.066481     -0.048380    6.349393    
0.440964     -0.720482    7.969819     8.252667     0.009559     -0.015619    0.172772    
-0.609232    0.127471     66.651867    66.683834    -0.000887    0.000186     0.097027    
-0.515038    0.260836     17.114193    17.236701    -0.028689    0.014529     0.953291    
-1.032388    0.075581     54.022794    54.068557    -0.083182    0.006090     4.352751    
0.360654     -0.413320    57.720180    57.756342    0.042492     -0.048697    6.800525    
-0.741245    -0.389054    24.900884    24.992594    -0.011573    -0.006074    0.388788    
0.315222     0.604125     18.420956    18.538363    0.001224     0.002347     0.071557    
-1.465366    -0.648970    44.534297    44.606581    -0.132039    -0.058476    4.012827    
0.521314     0.064794     14.334896    14.478956    0.066965     0.008323     1.841366    
1.338357     0.849448     54.763006    54.821297    0.036471     0.023148     1.492318    
-1.814859    -1.193049    39.392007    39.500915    -0.113395    -0.074544    2.461279    
0.028877     0.361758     31.052816    31.117263    0.002281     0.028570     2.452410    
0.111681     0.511737     25.791329    25.871644    0.001819     0.008335     0.420068    
-0.650729    -0.402355    18.090446    18.213306    -0.006793    -0.004200    0.188842    
0.160095     -0.202180    42.424092    42.470520    0.001100     -0.001390    0.291581    
-0.272654    1.608657     38.770392    38.854606    -0.034315    0.202456     4.879407    
0.299748     0.085182     68.554796    68.583759    0.043920     0.012481     10.044938   
1.087318     -0.895004    30.990980    31.085351    0.102459     -0.084337    2.920294    
0.654700     0.949397     8.662742     8.958127     0.033891     0.049146     0.448430    
0.207703     -0.255726    28.503484    28.573275    0.008660     -0.010662    1.188414    
1.297483     0.267700     16.555209    16.724384    0.016426     0.003389     0.209582    
0.556978     -0.957027    71.626183    71.661783    0.046613     -0.080093    5.994355    
-1.320551    1.718075     24.533408    24.707462    -0.053783    0.069974     0.999197    
0.049238     0.304570     50.679914    50.719068    0.001215     0.007514     1.250359    
-0.290035    -0.420870    7.216365     7.497475     -0.007115    -0.010325    0.177032    
-1.066988    1.101471     18.649582    18.815780    -0.049458    0.051057     0.864469    
0.642127     -0.123948    20.188086    20.294370    0.056555     -0.010917    1.778052    
-1.229771    0.069036     137.735664   137.755236   -0.034815    0.001954     3.899322    
1.244494     1.248488     12.277864    12.558996    0.000795     0.000797     0.007843    
1.100660     0.605689     21.561781    21.687869    0.004721     0.002598     0.092493    
-0.184135    0.514611     63.447240    63.480122    -0.000468    0.001309     0.161345    
-0.807276    -0.070345    20.425427    20.536058    -0.092958    -0.008100    2.352000    
0.154735     0.797252     56.511246    56.551352    0.047116     0.242758     17.207314   
0.046563     0.043868     76.136722    76.162192    0.002031     0.001914     3.321696    
-1.118346    -0.012507    16.714541    16.867178    -0.330095    -0.003692    4.933519    
-0.950650    -1.413398    33.248049    33.349800    -0.026587    -0.039528    0.929846    
0.310868     0.429839     11.481781    11.661374    0.010140     0.014021     0.374529    
0.444486     1.961618     30.157366    30.288400    0.014760     0.065140     1.001444    
1.388988     -0.223350    24.141052    24.261998    0.101603     -0.016338    1.765897    
0.806998     -0.779031    53.430264    53.478277    0.031495     -0.030404    2.085261    
-1.380541    -0.328402    81.647457    81.683511    -0.193303    -0.045983    11.432244   
-1.058442    -0.760947    29.564054    29.658179    -0.133064    -0.095664    3.716689    
0.936711     0.032612     16.939055    17.078789    0.192755     0.006711     3.485683    
1.570832     -1.186902    29.598870    29.729519    0.017545     -0.013256    0.330588    
-1.073770    0.426514     128.169817   128.190140   -0.106256    0.042206     12.683179   
-0.125820    -1.613065    11.356274    11.638631    -0.002599    -0.033316    0.234547    
1.457862     1.265157     20.340220    20.526214    0.006938     0.006021     0.096803    
-0.574500    -0.391359    14.588579    14.737191    -0.030986    -0.021108    0.786844    
1.540693     0.463505     56.401157    56.458428    0.033703     0.010139     1.233790    
0.510242     3.066317     97.165310    97.234947    0.028859     0.173427     5.495543    
1.480451     -0.382692    87.846467    87.881823    0.016655     -0.004305    0.988245    
-1.299840    0.967144     31.331750    31.435306    -0.020754    0.015442     0.500250    
0.849750     0.198183     49.808373    49.854892    0.014261     0.003326     0.835910    
0.900487     -1.017080    11.654430    11.897311    0.079355     -0.089630    1.027047    
-0.805585    -0.729481    18.570049    18.705689    -0.026046    -0.023585    0.600401    
-0.623380    0.235591     28.894926    28.969567    -0.058141    0.021973     2.694956    
0.480976     0.611395     61.731662    61.767939    0.045456     0.057782     5.834132    
-0.096060    0.294793     11.491801    11.663300    -0.003799    0.011659     0.454484    
-0.203434    0.021744     22.292718    22.380395    -0.010951    0.001171     1.200083    
-0.798443    1.104748     18.763612    18.915762    -0.046802    0.064757     1.099866    
0.382589     0.394734     16.327456    16.454876    0.094867     0.097878     4.048555    
1.767808     -0.379753    34.548847    34.652087    0.091903     -0.019742    1.796084    
-0.738838    -1.856786    22.206194    22.382662    -0.165888    -0.416895    4.985844    
-0.306595    1.803538     29.542342    29.664316    -0.018931    0.111360     1.824094    
0.331888     1.493100     40.499657    40.576307    0.044316     0.199371     5.407836    
0.756552     0.171301     16.584874    16.719292    0.082765     0.018740     1.814339    
-0.406412    1.729498     81.838168    81.881115    -0.014180    0.060343     2.855355    
1.113451     -1.775807    56.470598    56.543759    0.083580     -0.133300    4.238925    
0.638251     0.664220     11.103587    11.314290    0.005347     0.005565     0.093021    
0.402551     -1.202771    39.329322    39.398974    0.071100     -0.212439    6.946517    
0.463541     -0.010726    28.169084    28.241587    0.078187     -0.001809    4.751383    
0.540123     -1.709305    59.459892    59.519469    0.004404     -0.013937    0.484821    
0.581229     0.178868     13.283794    13.442617    0.023090     0.007106     0.527716    
0.491193     -0.468722    16.385698    16.517477    0.115741     -0.110446    3.860985    
-0.678509    0.330436     40.703292    40.757852    -0.153391    0.074702     9.201830    
-2.840349    0.199514     59.372236    59.473059    -0.210938    0.014817     4.409276    
0.748166     0.016680     76.950733    76.979545    0.010012     0.000223     1.029776    
-0.368040    -0.922087    26.076459    26.169493    -0.034704    -0.086948    2.458886    
0.994161     -0.902408    46.478951    46.539989    0.043031     -0.039060    2.011796    
0.909478     -1.061842    61.246023    61.293596    0.093932     -0.109668    6.325533    
0.540397     0.302331     19.255969    19.366226    0.065344     0.036557     2.328396    
1.691120     1.608811     76.653320    76.714109    0.183036     0.174127     8.296469    
-0.964874    -0.542775    3.372207     4.058611     -0.051267    -0.028840    0.179178    
0.606550     1.116945     23.816817    23.931803    0.007246     0.013342     0.284503    
0.601311     -1.149563    11.448661    11.688877    0.037217     -0.071150    0.708591    
-0.164626    -0.016861    7.929419     8.171782     -0.027810    -0.002848    1.339527    
-0.636747    0.623494     32.052498    32.125251    -0.017019    0.016665     0.856687    
-0.183993    -0.180650    51.433310    51.471612    -0.027966    -0.027458    7.817613    
1.839274     -1.701919    24.901040    25.104107    0.029435     -0.027237    0.398509    
0.669733     -0.150883    50.922294    50.964952    0.080995     -0.018247    6.158383    
-0.626020    0.310139     15.023446    15.167959    -0.228268    0.113087     5.478064    
-1.232504    1.276146     20.310464    20.482615    -0.089052    0.092205     1.467488    
0.752810     -0.282451    28.320643    28.400357    0.016399     -0.006153    0.616916    
0.215681     -0.924007    33.164329    33.236245    0.019179     -0.082164    2.949001    
2.012383     0.197530     31.981201    32.105465    0.083032     0.008150     1.319563    
-2.153245    -0.902643    36.208780    36.337335    -0.006736    -0.002824    0.113274    
-0.041441    0.128654     19.255633    19.356462    -0.007661    0.023785     3.559914    
1.004365     -0.802523    10.967439    11.216616    0.049268     -0.039367    0.537997    
-0.228320    0.059861     50.020866    50.060141    -0.015771    0.004135     3.455240    
-0.456294    0.254886     19.265252    19.372611    -0.050920    0.028444     2.149892    
-0.806965    -1.943382    59.011939    59.082246    -0.158865    -0.382588    11.617515   
1.483796     -0.898719    20.438101    20.605831    0.053712     -0.032533    0.739840    
-1.525606    0.830318     92.694166    92.731334    -0.003029    0.001648     0.184016    
-1.874316    -2.074098    23.137712    23.388964    -0.041265    -0.045664    0.509405    
0.143219     0.933919     17.172198    17.310461    0.017960     0.117118     2.153487    
-0.873355    0.356528     55.927433    55.970015    -0.036546    0.014919     2.340299    
0.339819     0.610162     61.756955    61.792266    0.000499     0.000896     0.090672    
-0.899936    -0.057445    38.529240    38.590031    -0.017381    -0.001109    0.744128    
0.938507     0.129391     20.262872    20.380296    0.062178     0.008572     1.342466    
0.214788     0.788401     6.935188     7.255308     0.026707     0.098032     0.862337    
0.421509     -2.109965    24.255139    24.429825    0.058206     -0.291366    3.349408    
0.220634     1.032381     16.891782    17.038830    0.013152     0.061538     1.006882    
0.925826     0.257935     30.718990    30.796997    0.025007     0.006967     0.829718    
-0.224012    -1.302992    57.380151    57.429127    -0.022198    -0.129116    5.685925    
-0.603953    -0.146995    10.444182    10.646232    -0.079758    -0.019412    1.379267    
-1.305700    -1.134509    24.658582    24.797431    -0.043510    -0.037805    0.821694    
0.449360     0.056907     114.521866   114.539678   0.028931     0.003664     7.373267    
1.553581     0.979161     126.864378   126.892938   0.027707     0.017463     2.262537    
2.180995     1.037345     98.884940    98.934014    0.190130     0.090431     8.620351    
-0.799145    -1.021369    75.599455    75.636198    -0.009417    -0.012035    0.890817    
0.620734     0.821123     45.998836    46.052442    0.054187     0.071680     4.015481    
0.372146     1.120863     15.140221    15.313264    0.034751     0.104667     1.413809    
0.682532     0.440213     41.755322    41.809586    0.013844     0.008929     0.846946    
-0.101307    0.945897     13.720916    13.894008    -0.005561    0.051921     0.753149    
0.576613     0.903030     29.695257    29.779711    0.019676     0.030815     1.013310    
1.030509     -1.066526    88.562432    88.596720    0.070469     -0.072932    6.056115    
-0.062851    -0.602705    56.914121    56.951377    -0.004132    -0.039627    3.742035    
-0.258473    0.997722     51.263568    51.311700    -0.005524    0.021324     1.095655    
-0.064920    0.738813     20.981655    21.086841    -0.007580    0.086265     2.449840    
-0.332730    0.882273     30.092607    30.171660    -0.024441    0.064809     2.210501    
-0.914027    -1.027884    167.647884   167.665083   -0.005568    -0.006262    1.021262    
-0.353157    -2.041477    31.799822    31.927981    -0.004405    -0.025461    0.396607    
-0.574538    0.530583     55.210537    55.251153    -0.003891    0.003593     0.373897    
0.432558     -1.097203    17.520824    17.670461    0.025555     -0.064821    1.035110    
0.218908     0.141344     13.449818    13.595604    0.024814     0.016022     1.524574    
-0.908300    -1.640207    18.045859    18.249473    -0.129804    -0.234401    2.578919    
-0.708777    1.037541     19.911415    20.047899    -0.002225    0.003258     0.062517    
0.361292     0.836594     40.156966    40.215510    0.051698     0.119709     5.746120    
-0.107719    0.207114     147.822532   147.835822   -0.000396    0.000761     0.542941    
0.906084     -0.378862    30.970987    31.049018    0.023741     -0.009927    0.811489    
-0.632860    -0.532839    13.682450    13.848062    -0.030680    -0.025831    0.663292    
-0.755629    0.083300     19.279409    19.394548    -0.027008    0.002977     0.689091    
-2.844749    -0.462242    54.435436    54.547208    -0.683603    -0.111078    13.081015   
-0.392865    -0.021444    41.470702    41.519259    -0.119570    -0.006527    12.621739   
1.174560     0.123795     89.120668    89.150229    0.145783     0.015365     11.061431   
0.599655     -0.122428    53.773032    53.812531    0.017928     -0.003660    1.607631    
0.144412     -0.382758    24.311709    24.394702    0.004292     -0.011376    0.722587    
-0.276511    1.432256     87.565154    87.599423    -0.035677    0.184795     11.298008   
-1.155414    1.173747     43.305998    43.381991    -0.133489    0.135607     5.003300    
0.165149     -0.238142    104.200384   104.219379   0.008191     -0.011811    5.168086    
-0.200246    0.544111     93.402437    93.424977    -0.025566    0.069469     11.925151   
-0.992094    0.528418     7.924369     8.242211     -0.091135    0.048541     0.727944    
-0.663462    -1.381364    11.155247    11.430785    -0.000323    -0.000673    0.005435    
1.508490     0.055555     27.191804    27.304721    0.022017     0.000811     0.396872    
-0.852207    0.181153     28.741858    28.822360    -0.016179    0.003439     0.545651    
0.407222     1.427197     74.289701    74.330595    0.082960     0.290750     15.134380   
-1.116208    -0.849283    15.793059    15.976948    -0.014956    -0.011379    0.211606    
0.586597     -0.733829    10.898446    11.114570    0.050264     -0.062880    0.933857    
-0.500631    -0.826299    39.705505    39.766009    -0.013497    -0.022276    1.070427    
0.812979     0.274778     69.355452    69.388689    0.088324     0.029852     7.534920    
1.151166     2.347684     87.250774    87.312138    0.012226     0.024935     0.926687    
1.409908     -0.872461    51.369530    51.433964    0.166903     -0.103281    6.081072    
1.034407     -0.400259    16.981769    17.131422    0.021131     -0.008177    0.346904    
1.023462     0.876140     19.463121    19.608751    0.011372     0.009735     0.216262    
-0.383272    0.375954     8.981430     9.210281     -0.043346    0.042518     1.015752    
-1.296354    -1.401232    65.581250    65.638551    -0.011212    -0.012119    0.567198    
-0.416087    -0.355727    34.237710    34.298621    -0.011005    -0.009409    0.905579    
-0.596138    1.030623     40.873333    40.938025    -0.072847    0.125941     4.994670    
0.448907     1.100670     38.244936    38.314007    0.036658     0.089882     3.123139    
-0.420952    0.626177     56.747213    56.786358    -0.078581    0.116892     10.593279   
-0.025793    2.879878     34.531041    34.706802    -0.007027    0.784630     9.408065    
0.102743     1.312786     59.223178    59.270513    0.000334     0.004264     0.192349    
0.026924     0.100811     5.680676     6.012980     0.001716     0.006426     0.362081    
-1.374044    -0.959528    60.059410    60.115026    -0.085564    -0.059752    3.740019    
-0.460425    -0.537343    116.225867   116.244689   -0.055974    -0.065325    14.129584   
-0.139859    -0.438410    15.934176    16.061901    -0.014570    -0.045673    1.659990    
0.794728     0.052537     4.985307     5.418726     0.026102     0.001726     0.163734    
-0.691622    0.703752     5.782311     6.187381     -0.011202    0.011398     0.093652    
-0.472012    -0.605726    5.260625     5.669111     -0.024518    -0.031463    0.273252    
-1.101426    -0.124255    20.584167    20.707763    -0.046508    -0.005247    0.869168    
0.546424     0.712429     14.595582    14.755070    0.075917     0.098980     2.027816    
-0.807965    0.469222     22.152583    22.259489    -0.096441    0.056008     2.644190    
0.816913     -0.630283    91.115723    91.142825    0.001628     -0.001256    0.181580    
1.312121     -0.835649    61.577826    61.628918    0.093076     -0.059277    4.368053    
-0.421402    -0.676528    13.058660    13.230223    -0.012057    -0.019357    0.373634    
-0.685927    -1.303405    37.666134    37.746284    -0.001303    -0.002476    0.071543    
-0.471302    -0.166550    9.857488     10.064536    -0.034499    -0.012191    0.721558    
1.374138     1.128221     33.277472    33.383024    0.284032     0.233201     6.878401    
1.313717     -0.455790    48.972772    49.032040    0.036091     -0.012522    1.345393    
-0.005787    0.611707     17.051905    17.176049    -0.000087    0.009170     0.255633    
-1.765445    -1.325758    51.492931    51.577818    -0.085687    -0.064346    2.499242    
0.480317     -0.836443    14.883857    15.044417    0.123836     -0.215653    3.837383    
-0.053314    -1.787217    60.991597    61.049545    -0.007992    -0.267901    9.142530    
0.586280     -0.833576    34.222598    34.294311    0.041533     -0.059052    2.424370    
0.082432     -0.795921    10.084535    10.305973    0.001049     -0.010133    0.128391    
-0.161896    -0.519144    126.440031   126.456523   -0.022142    -0.071003    17.293133   
0.240075     0.815536     31.825711    31.897861    0.018264     0.062041     2.421120    
0.395402     -0.821049    118.759467   118.779276   0.014190     -0.029466    4.262131    
-1.005212    -3.039354    27.073545    27.333128    -0.035965    -0.108745    0.968662    
1.956865     0.774796     64.270024    64.334599    0.350979     0.138966     11.527319   
-1.952485    0.015242     42.841070    42.930696    -0.016689    0.000130     0.366181    
-0.167486    1.308403     68.990464    69.031145    -0.007643    0.059705     3.148179    
1.139838     0.963780     107.747004   107.775322   0.149721     0.126596     14.152915   
0.467023     0.632732     64.712218    64.746927    0.075479     0.102261     10.458641   
0.915210     0.766824     59.889365    59.933602    0.054027     0.045267     3.535380    
1.598725     -1.125872    23.147639    23.313336    0.154195     -0.108589    2.232561    
-0.569564    -0.017264    9.377208     9.598525     -0.010738    -0.000325    0.176782    
-0.540533    0.625771     90.043659    90.068969    -0.011254    0.013028     1.874655    
-1.071880    -1.744980    19.264907    19.473199    -0.060066    -0.097786    1.079573    
0.665802     -1.403275    51.530965    51.591936    0.049254     -0.103810    3.812097    
-0.025697    -0.217772    12.812708    12.964896    -0.002252    -0.019083    1.122753    
-0.047555    0.474695     97.291839    97.312920    -0.000977    0.009751     1.998452    
0.228994     0.521919     17.582773    17.701799    0.001855     0.004229     0.142469    
0.135288     0.055145     214.210298   214.219392   0.000003     0.000001     0.003984    
-1.151136    0.378237     86.897389    86.928127    -0.031488    0.010346     2.376976    
-0.650004    -0.880975    16.081067    16.238051    -0.063610    -0.086214    1.573717    
0.037483     0.888191     66.834150    66.869043    0.000577     0.013673     1.028846    
-0.231365    0.329695     9.305660     9.520110     -0.024455    0.034849     0.983614    
0.869795     -0.661133    46.796998    46.851122    0.151695     -0.115304    8.161553    
1.365526     -0.967487    59.137336    59.193751    0.002375     -0.001683    0.102854    
-0.344804    -0.478191    71.411887    71.441446    -0.013335    -0.018493    2.761720    
-0.607350    -0.827966    42.574603    42.632455    -0.030975    -0.042227    2.171319    
1.349133     1.198470     44.679650    44.759386    0.056077     0.049815     1.857128    
-0.484911    2.134095     85.729017    85.779536    -0.000019    0.000081     0.003273    
0.091939     1.441808     11.599455    11.853673    0.003024     0.047416     0.381468    
0.302420     -1.287630    52.170063    52.223939    0.002406     -0.010246    0.415128    
0.196303     -0.900099    7.183525     7.505112     0.064605     -0.296228    2.364144    
0.387310     -0.734871    55.957039    55.997814    0.058605     -0.111196    8.467023    
1.239444     0.630435     93.494370    93.525429    0.038475     0.019570     2.902285    
0.584752     -0.266043    16.566665    16.695570    0.054791     -0.024928    1.552286    
2.634580     -0.483468    114.198326   114.246696   0.033512     -0.006150    1.452594    
1.009509     0.486207     76.825738    76.859121    0.042695     0.020563     3.249143    
0.253225     0.764641     21.249205    21.355385    0.006419     0.019383     0.538653    
-1.643183    -0.273857    33.155997    33.256129    -0.239383    -0.039896    4.830239    
-0.570393    0.412599     139.055478   139.071192   -0.003500    0.002532     0.853288    
-0.738720    0.906716     50.937847    50.989283    -0.028094    0.034483     1.937218    
-1.380209    0.989628     13.257414    13.509934    -0.054111    0.038798     0.519753    
0.995261     0.450091     40.473079    40.535641    0.001930     0.000873     0.078502    
-1.452292    -0.397847    137.125063   137.147458   -0.323982    -0.088753    30.590350   
0.459772     -1.562681    14.754807    14.974400    0.001501     -0.005101    0.048162    
-0.622566    1.310476     41.836956    41.908361    -0.082183    0.172993     5.522793    
-0.380493    1.101497     49.085986    49.139262    -0.034321    0.099358     4.427673    
0.025212     0.856553     41.088323    41.144374    0.000156     0.005302     0.254336    
0.760781     -0.242049    34.183310    34.249248    0.150864     -0.047999    6.778587    
0.205942     2.087696     105.566024   105.605215   0.009351     0.094791     4.793166    
-0.139167    0.295687     16.830501    16.948378    -0.004262    0.009056     0.515476    
-0.106554    0.451757     7.459475     7.728788     -0.007939    0.033659     0.555785    
-0.664116    -0.367655    16.783602    16.915687    -0.029885    -0.016544    0.755255    
1.540025     -0.692811    40.284696    40.368098    0.165959     -0.074660    4.341221    
0.014302     0.124148     10.414544    10.599684    0.000941     0.008169     0.685274    
0.343402     0.329024     24.355010    24.439060    0.002100     0.002012     0.148921    
0.698548     -0.960388    27.629338    27.724819    0.019550     -0.026879    0.773266    
-0.260998    1.286909     40.351300    40.420621    -0.013046    0.064327     2.016973    
-0.967210    0.198459     20.075283    20.195713    -0.186886    0.038347     3.878982    
0.950733     0.190087     11.756413    11.959441    0.045213     0.009040     0.559092    
0.802678     0.734241     6.058071     6.462088     0.033031     0.030215     0.249298    
-1.247400    -0.947667    38.714567    38.796220    -0.046845    -0.035589    1.453896    
-0.694945    -0.463879    83.494857    83.522238    -0.066431    -0.044343    7.981399    
0.529136     -0.596587    10.619511    10.829814    0.016179     -0.018242    0.324714    
-1.991567    1.371917     26.536424    26.719005    -0.188059    0.129547     2.505777    
-0.553113    2.054110     17.608688    17.845620    -0.014591    0.054185     0.464500    
-0.261610    1.978148     128.142789   128.173441   -0.012033    0.090989     5.894197    
-1.439544    0.376314     34.143240    34.232291    -0.151187    0.039522     3.585868    
1.845396     -1.197816    41.046457    41.152483    0.272671     -0.176986    6.064919    
-0.820516    -0.513266    98.932943    98.957258    -0.078062    -0.048831    9.412200    
-0.916359    -0.585842    47.256999    47.310484    -0.051225    -0.032749    2.641688    
0.673032     -1.760972    77.793284    77.841018    0.012538     -0.032806    1.449247    
0.017697     -0.163950    28.671482    28.739451    0.000097     -0.000901    0.157566    
-0.211601    -0.278696    16.351916    16.473693    -0.025974    -0.034210    2.007211    
1.856132     0.875022     74.383287    74.437619    0.198060     0.093370     7.937138    
1.057736     -0.628578    43.642085    43.703781    0.100017     -0.059437    4.126672    
0.367918     -0.508839    4.503479     4.954852     0.001784     -0.002467    0.021831    
0.700586     0.067710     66.939066    66.971702    0.005405     0.000522     0.516411    
-0.648484    0.176501     25.969383    26.052553    -0.040703    0.011078     1.629996    
0.399595     0.997578     31.423149    31.503081    0.001870     0.004669     0.147074    
0.678415     -0.413897    93.249844    93.274004    0.027800     -0.016961    3.821233    
0.049448     0.462358     53.059138    53.097677    0.001539     0.014391     1.651511    
0.990940     -1.315463    16.678612    16.874936    0.077748     -0.103210    1.308591    
-0.948992    -0.988235    58.234479    58.283846    -0.007580    -0.007893    0.465132    
1.022018     0.663440     53.762154    53.811976    0.115475     0.074960     6.074435    
0.607700     1.430436     50.306995    50.369476    0.014040     0.033047     1.162247    
-0.519443    1.598199     20.159582    20.325052    -0.069604    0.214155     2.701339    
-0.276586    0.013490     47.774657    47.815996    -0.059872    0.002920     10.341662   
0.388117     1.235538     78.207723    78.243211    0.001402     0.004464     0.282576    
-0.011421    2.550163     74.976007    75.045186    -0.000633    0.141443     4.158481    
-0.135352    -1.232598    20.148428    20.282301    -0.000580    -0.005286    0.086407    
0.360325     -0.143879    15.946105    16.071831    0.003428     -0.001369    0.151722    
1.068054     -0.785691    65.533114    65.576078    0.007860     -0.005782    0.482262    
0.608619     0.444570     10.973266    11.173879    0.021985     0.016059     0.396383    
-0.373466    1.187419     7.997345     8.329581     -0.019549    0.062154     0.418609    
0.267363     1.089851     32.240271    32.319797    0.026154     0.106610     3.153762    
-1.395795    -0.571176    23.488969    23.619507    -0.097426    -0.039868    1.639517    
0.656705     -1.687003    43.712477    43.794210    0.030449     -0.078221    2.026815    
-0.183264    -0.911166    19.307325    19.429657    -0.019967    -0.099275    2.103613    
1.517011     0.321243     46.657763    46.725007    0.385137     0.081557     11.845429   
-0.471523    0.381219     19.312713    19.422242    -0.005389    0.004357     0.220715    
1.146850     0.907305     31.844154    31.938434    0.119547     0.094577     3.319410    
1.755534     -0.063487    105.401688   105.434704   0.380543     -0.013762    22.847673   
-0.950893    0.877452     56.048588    56.098068    -0.025922    0.023920     1.527899    
-1.228520    -1.972767    26.064247    26.241589    -0.038001    -0.061022    0.806229    
0.182766     -0.202784    34.378366    34.435760    0.022479     -0.024941    4.228280    
-0.382744    3.014822     116.527642   116.583884   -0.030594    0.240983     9.314368    
-1.305488    0.283570     23.532336    23.652284    -0.033244    0.007221     0.599247    
-1.114346    -0.117786    33.241660    33.318742    -0.047476    -0.005018    1.416240    
0.610509     -1.003040    76.514835    76.549159    0.029049     -0.047726    3.640692    
-0.200150    -0.450898    96.670109    96.691408    -0.009216    -0.020762    4.451275    
-0.632457    -0.237711    14.964838    15.108866    -0.031599    -0.011877    0.747678    
0.865467     1.289834     15.903034    16.099508    0.054625     0.081410     1.003742    
-0.814025    0.800734     111.346806   111.370059   -0.004315    0.004244     0.590176    
-1.867478    0.076726     71.208101    71.259820    -0.023392    0.000961     0.891968    
0.089976     -1.589445    26.529969    26.650490    0.019896     -0.351462    5.866377    
0.538548     0.525253     43.796504    43.847173    0.046298     0.045155     3.765144    
0.535835     -0.898351    14.536288    14.706216    0.106735     -0.178945    2.895530    
-0.522429    0.152828     24.559604    24.644378    -0.002805    0.000821     0.131866    
-2.000610    0.401540     24.783185    24.944837    -0.063812    0.012808     0.790486    
-1.074656    -0.548345    38.749290    38.818011    -0.030925    -0.015780    1.115087    
0.243622     2.095370     32.554708    32.682318    0.005264     0.045275     0.703407    
1.129278     0.334441     75.739777    75.774507    0.054389     0.016108     3.647841    
-0.849087    0.441956     17.070068    17.209836    -0.006124    0.003188     0.123124    
1.074957     -0.556939    43.811518    43.872426    0.505717     -0.262014    20.611261   
-0.180490    -0.548672    165.888602   165.901286   -0.020281    -0.061653    18.640493   
0.054872     1.157640     105.752425   105.777093   0.001021     0.021541     1.967796    
-1.010920    0.728052     33.716934    33.797317    -0.142700    0.102771     4.759425    
0.268422     0.329657     9.766066     9.971546     0.011246     0.013811     0.409152    
-1.274341    0.266408     40.394007    40.462892    -0.086642    0.018113     2.746379    
0.038460     -0.275202    48.783716    48.824206    0.001065     -0.007621    1.350910    
-1.760756    -0.205669    26.728203    26.859157    -0.285367    -0.033333    4.331866    
0.333088     -1.089353    13.765040    13.951663    0.051454     -0.168280    2.126380    
-0.496531    -1.664172    34.129736    34.230539    -0.040287    -0.135025    2.769164    
1.048134     -1.323890    53.306055    53.369108    0.131570     -0.166186    6.691415    
3.120048     0.401862     12.682267    13.214047    0.147070     0.018943     0.597804    
-0.079777    1.536907     96.523882    96.556218    -0.004587    0.088372     5.550120    
0.598200     0.568565     20.494099    20.604954    0.026714     0.025390     0.915198    
-0.161182    1.217099     61.084300    61.128340    -0.005236    0.039535     1.984211    
1.094332     0.573956     19.306677    19.446072    0.042573     0.022329     0.751092    
-0.004179    0.714846     37.673008    37.731175    -0.000130    0.022151     1.167378    
-0.055539    1.459612     69.106649    69.150108    -0.003531    0.092784     4.392958    
-1.003697    0.294396     10.137352    10.379544    -0.007147    0.002096     0.072189    
1.421960     0.146518     46.478098    46.541723    0.003936     0.000406     0.128659    
-0.586529    1.896334     45.121179    45.207697    -0.117555    0.380073     9.043412    
-0.019194    0.250096     21.604899    21.695841    -0.001118    0.014570     1.258644    
-3.008163    -2.105755    50.924318    51.094465    -0.532402    -0.372688    9.012873    
-1.054592    -0.111526    96.113084    96.139089    -0.006275    -0.000664    0.571920    
-3.415563    -0.663258    101.736933   101.815443   -0.223775    -0.043454    6.665439    
-0.626409    0.882226     117.784645   117.806062   -0.021876    0.030810     4.113376    
-1.540840    -0.727531    51.056409    51.122748    -0.154708    -0.073048    5.126305    
0.278980     -0.644694    7.031294     7.335360     0.030115     -0.069592    0.758993    
0.402844     0.154621     86.558066    86.581522    0.014850     0.005700     3.190698    
0.146054     -1.228254    12.999903    13.206149    0.014893     -0.125248    1.325632    
-0.728303    -0.225197    14.935678    15.084116    -0.075747    -0.023422    1.553391    
0.452717     0.489586     49.250223    49.294057    0.038881     0.042047     4.229773    
0.346399     -0.118609    83.715317    83.739258    0.042544     -0.014568    10.281860   
-0.888849    0.674604     13.126578    13.320179    -0.012776    0.009696     0.188675    
-0.557104    0.416682     14.416296    14.566693    -0.038604    0.028874     0.998970    
-0.783367    0.261997     65.566557    65.601300    -0.014308    0.004785     1.197537    
-1.364917    -1.039963    134.903748   134.929021   -0.014825    -0.011296    1.465277    
0.920224     0.070385     60.709686    60.748603    0.025431     0.001945     1.677775    
0.045702     0.312259     21.623893    21.715601    0.000002     0.000012     0.000829    
1.152356     0.301502     147.415908   147.433862   0.052774     0.013808     6.751158    
1.228695     -0.372653    131.639800   131.660778   0.202639     -0.061459    21.710361   
0.578593     0.589487     42.381398    42.435128    0.054371     0.055395     3.982656    
0.401022     -0.641572    94.571172    94.594682    0.034658     -0.055447    8.173118    
0.522489     -1.663768    74.475815    74.522232    0.015479     -0.049290    2.206371    
-1.949432    1.052106     32.853916    32.987300    -0.391708    0.211404     6.601484    
-0.227242    0.496689     57.757471    57.793588    -0.012385    0.027071     3.147943    
-0.656492    -0.667710    49.192057    49.240332    -0.036791    -0.037420    2.756832    
0.196715     -0.646078    101.169005   101.190408   0.006865     -0.022546    3.530447    
-0.236835    -1.670906    38.463342    38.550638    -0.012921    -0.091163    2.098515    
-0.414111    0.800587     18.584420    18.710106    -0.004327    0.008365     0.194170    
-0.830458    1.241648     26.982657    27.095573    -0.135943    0.203254     4.416974    
-1.269407    -0.727114    18.385808    18.548665    -0.179263    -0.102682    2.596407    
-0.313783    -0.374489    16.968695    17.089478    -0.012197    -0.014556    0.659564    
-0.000361    -1.545247    75.002355    75.044094    -0.000033    -0.139428    6.767472    
-0.172313    -0.828609    29.004463    29.083502    -0.009513    -0.045744    1.601205    
-0.591524    -0.352916    17.246688    17.372324    -0.000092    -0.000055    0.002673    
0.919882     0.506309     86.079401    86.108308    0.082060     0.045166     7.678908    
1.231170     0.774551     40.825793    40.899096    0.053594     0.033717     1.777196    
0.953746     -1.244724    22.032641    22.175915    0.123203     -0.160791    2.846139    
-0.308939    -1.067844    21.038269    21.159382    -0.004201    -0.014520    0.286072    
1.119338     1.211686     36.895340    36.984620    0.125892     0.136278     4.149619    
0.831397     0.218329     20.425729    20.538360    0.018284     0.004801     0.449198    
-0.558652    2.036495     25.282445    25.446736    -0.005463    0.019916     0.247247    
0.590228     -0.320611    57.791148    57.828565    0.016016     -0.008700    1.568175    
1.215803     -1.403434    42.100263    42.187141    0.050296     -0.058058    1.741641    
0.719441     1.751738     15.931121    16.163593    0.058957     0.143552     1.305533    
-0.739795    0.069587     61.320537    61.356624    -0.040437    0.003804     3.351791    
-0.524592    2.106512     38.244251    38.356359    -0.011766    0.047245     0.857745    
-1.860565    0.990197     26.671188    26.826655    -0.278534    0.148236     3.992780    
0.918284     -0.531799    16.568468    16.718707    0.076632     -0.044380    1.382667    
0.272445     0.015275     8.099281     8.339530     0.013761     0.000772     0.409086    
1.725430     -1.624166    150.913133   150.944571   0.021337     -0.020085    1.866230    
0.830531     0.436800     4.245080     4.772445     0.002719     0.001430     0.013898    
-0.474901    0.204167     9.289408     9.509746     -0.006250    0.002687     0.122251    
-0.189297    -0.194456    11.146467    11.322205    -0.003550    -0.003647    0.209054    
-0.167525    0.559609     14.213163    14.360717    -0.011464    0.038294     0.972595    
2.146826     0.511496     26.224060    26.390278    0.108160     0.025770     1.321209    
0.885256     0.220569     144.819742   144.835993   0.009985     0.002488     1.633410    
0.243404     1.691362     75.378598    75.423657    0.007995     0.055555     2.475894    
-0.002836    0.140431     20.383629    20.478941    -0.000021    0.001059     0.153699    
-0.251968    -1.210566    18.227531    18.375168    -0.009382    -0.045073    0.678670    
-0.743871    -1.678062    19.482301    19.667339    -0.013748    -0.031013    0.360066    
-0.656319    1.827080     51.069675    51.144458    -0.022536    0.062737     1.753603    
0.004266     1.157931     84.506351    84.537206    0.000064     0.017407     1.270399    
-0.994841    1.258880     32.705148    32.803599    -0.015207    0.019243     0.499918    
0.701378     0.061392     15.871999    16.009091    0.021896     0.001917     0.495507    
0.248007     0.093705     5.863846     6.191117     0.018456     0.006973     0.436363    
-0.864605    1.119667     64.448795    64.494366    -0.017019    0.022040     1.268649    
0.167343     -0.324837    27.563840    27.636457    0.014785     -0.028701    2.435385    
0.592540     0.162538     31.026235    31.094690    0.015267     0.004188     0.799421    
0.635024     -0.176700    12.720275    12.888554    0.052767     -0.014683    1.056984    
0.745935     -0.333061    47.025611    47.073882    0.119205     -0.053225    7.514986    
0.033708     -1.026073    20.605271    20.724529    0.003211     -0.097734    1.962655    
-0.048976    0.233008     32.550405    32.610742    -0.013854    0.065912     9.207610    
0.902862     -2.099704    18.326071    18.572661    0.074524     -0.173313    1.512662    
0.013625     1.753347     225.644654   225.660052   0.000091     0.011713     1.507375    
-0.175736    -0.063023    41.001710    41.049361    -0.054633    -0.019593    12.746706   
-0.737821    0.048440     75.564951    75.594203    -0.054842    0.003601     5.616769    
0.285766     -1.323709    31.667889    31.757897    0.014987     -0.069423    1.660847    
0.049462     -0.400791    41.706723    41.755105    0.006207     -0.050297    5.233955    
0.027430     -1.136212    15.686197    15.850030    0.007453     -0.308731    4.262243    
-1.205572    0.706252     76.638608    76.676616    -0.059773    0.035016     3.799785    
1.362869     -1.014050    29.236755    29.352147    0.126413     -0.094058    2.711854    
0.967234     -0.446663    45.027257    45.082856    0.029819     -0.013770    1.388143    
-0.927236    1.789893     29.226692    29.362186    -0.056928    0.109892     1.794393    
2.078054     0.207962     31.802564    31.931796    0.049936     0.004997     0.764222    
0.298625     -0.715660    18.590373    18.710378    0.000820     -0.001965    0.051037    
-0.151212    -1.002075    20.094246    20.215853    -0.014170    -0.093903    1.882996    
-0.002272    -0.679775    45.997729    46.044849    -0.000005    -0.001420    0.096088    
-0.005443    -0.321442    61.614889    61.647164    -0.000152    -0.008987    1.722689    
-0.311482    1.336706     23.782183    23.902949    -0.003232    0.013868     0.246735    
-0.389091    0.494399     12.755930    12.922249    -0.027234    0.034605     0.892832    
0.503922     0.858356     112.519069   112.540689   0.003950     0.006728     0.881971    
-0.101353    -0.471620    117.524763   117.542238   -0.025481    -0.118571    29.547088   
0.053018     -2.096570    16.564984    16.812855    0.006528     -0.258164    2.039753    
-1.492126    -0.789072    35.986381    36.079684    -0.035027    -0.018523    0.844759    
-0.961413    -1.387313    41.006180    41.088085    -0.023814    -0.034364    1.015735    
0.574250     0.351162     24.516186    24.604296    0.013378     0.008181     0.571155    
0.838725     -0.935822    45.880991    45.940391    0.039550     -0.044129    2.163510    
-0.432138    -0.756779    95.841438    95.865613    -0.051638    -0.090432    11.452603   
1.656729     0.789815     40.156239    40.246329    0.033426     0.015935     0.810192    
1.439520     -0.409308    60.739212    60.789527    0.036065     -0.010254    1.521713    
-0.362058    2.258351     10.590437    11.011973    -0.006602    0.041178     0.193101    
0.781850     1.371383     24.078292    24.210144    0.043382     0.076093     1.336011    
1.159857     -0.796298    178.204143   178.220568   0.087790     -0.060272    13.488332   
-1.565434    -1.132188    9.534484     9.925410     -0.049450    -0.035764    0.301180    
0.104424     1.290162     62.117872    62.162532    0.004881     0.060304     2.903496    
-0.277503    0.360847     26.490413    26.567351    -0.033176    0.043140     3.166993    
0.625483     2.139825     71.690963    71.752625    0.009145     0.031286     1.048174    
0.068996     -0.500640    24.604493    24.688285    0.010387     -0.075366    3.703950    
-0.975843    -1.021909    38.955537    39.030826    -0.059328    -0.062129    2.368375    
-0.793945    0.110727     10.984341    11.188088    -0.053539    0.007467     0.740713    
0.464361     1.190015     26.025227    26.130809    0.017190     0.044053     0.963435    
0.276657     0.740202     50.251384    50.296133    0.008405     0.022487     1.526609    
0.297398     -1.115524    18.749809    18.888174    0.037884     -0.142101    2.388439    
0.524639     0.957285     33.282447    33.358475    0.018842     0.034380     1.195306    
-0.489052    0.402434     156.466707   156.480370   -0.031080    0.025576     9.943811    
0.702239     1.400061     9.936379     10.249872    0.021560     0.042984     0.305060    
-1.737551    -0.038359    39.908389    39.994687    -0.196189    -0.004331    4.506108    
1.148317     -1.554001    34.994758    35.103299    0.017917     -0.024246    0.546009    
-0.526047    -1.084257    20.335083    20.465651    -0.012354    -0.025463    0.477554    
0.600232     -0.430218    52.231619    52.273917    0.003996     -0.002864    0.347732    
0.482616     0.332390     63.832693    63.865727    0.038084     0.026229     5.037111    
-1.998570    0.927331     23.102724    23.290879    -0.162150    0.075237     1.874396    
-0.833261    0.617832     41.690809    41.750145    -0.007370    0.005464     0.368724    
-0.351863    1.405924     24.423768    24.545791    -0.019919    0.079591     1.382653    
-0.731363    -0.053304    26.452433    26.535710    -0.087459    -0.006374    3.163294    
-0.399838    0.198332     36.158689    36.214982    -0.006037    0.002994     0.545930    
-0.148022    1.914085     95.879849    95.919268    -0.001127    0.014573     0.730011    
-1.226773    3.001245     54.022702    54.155699    -0.045919    0.112338     2.022093    
-0.988115    0.463463     31.559768    31.639928    -0.055357    0.025964     1.768064    
-1.639053    0.298936     37.146894    37.236307    -0.436567    0.079623     9.894197    
0.422499     2.034691     20.745611    20.942154    0.021814     0.105052     1.071106    
-1.972163    -0.574223    20.887968    21.080828    -0.017331    -0.005046    0.183562    
-1.326787    1.850322     11.686506    12.067868    -0.146110    0.203763     1.286952    
-0.528961    0.563740     14.924648    15.073741    -0.002926    0.003118     0.082543    
-0.140905    -0.760738    71.942642    71.973726    -0.008443    -0.045585    4.310963    
-0.269340    -0.904083    3.740564     4.330899     -0.004547    -0.015261    0.063143    
0.102416     0.824948     20.721159    20.831045    0.011840     0.095370     2.395518    
-0.189100    -0.515332    51.927178    51.967376    -0.000081    -0.000220    0.022171    
-0.615370    -0.713694    24.290249    24.388095    -0.006623    -0.007681    0.261421    
-0.824976    -0.498712    16.471106    16.616305    -0.037128    -0.022445    0.741291    
2.415362     -1.359696    33.649145    33.820447    0.416451     -0.234435    5.801705    
0.318214     -1.381487    66.599864    66.644029    0.012687     -0.055078    2.655244    
-0.335776    0.499348     19.087583    19.198252    -0.063486    0.094412     3.608917    
-0.259576    2.032449     56.149313    56.221157    -0.023294    0.182388     5.038735    
0.437209     0.275240     18.642770    18.753526    0.051015     0.032116     2.175284    
-0.638702    -1.165974    100.621345   100.649379   -0.111564    -0.203665    17.575892   
-0.131696    0.523835     46.101117    46.146286    -0.002346    0.009333     0.821351    
-0.322708    0.297054     35.168297    35.226076    -0.047352    0.043588     5.160395    
0.496299     -0.261916    18.879322    18.989962    0.013221     -0.006977    0.502937    
0.936467     1.077869     10.546318    10.823056    0.065502     0.075392     0.737668    
-0.814870    0.644219     68.162394    68.198723    -0.019130    0.015124     1.600179    
-0.744547    -1.456073    32.375686    32.476676    -0.012377    -0.024205    0.538191    
-0.056490    -0.000906    75.008877    75.034724    -0.002630    -0.000042    3.492497    
0.938946     -0.499061    75.327021    75.360240    0.004368     -0.002322    0.350438    
-0.670163    -1.311936    35.177031    35.262853    -0.134995    -0.264271    7.085930    
-1.252430    0.440840     26.390146    26.496749    -0.270173    0.095098     5.692850    
-0.604672    -0.264231    9.863628     10.079760    -0.041775    -0.018255    0.681448    
-0.662624    -1.673096    75.926937    75.973765    -0.144983    -0.366076    16.612941   
-0.194499    -1.455908    76.659303    76.698639    -0.009268    -0.069378    3.653008    
-0.953341    0.583828     43.396899    43.455903    -0.034626    0.021205     1.576199    
-0.803332    0.106928     96.306564    96.330088    -0.086462    0.011509     10.365386   
0.955828     -0.078298    115.843820   115.864512   0.003819     -0.000313    0.462850    
-0.471656    0.195372     14.737609    14.877254    -0.029500    0.012220     0.921775    
-0.769610    1.805899     21.367580    21.547668    -0.045881    0.107661     1.273861    
0.296276     -0.355352    9.689341     9.898098     0.048364     -0.058007    1.581676    
-2.010295    -0.524301    68.107091    68.167198    -0.146111    -0.038107    4.950111    
-0.241772    0.256141     24.138028    24.220723    -0.004044    0.004284     0.403757    
-0.542376    -0.649438    83.117534    83.145147    -0.009722    -0.011641    1.489806    
-0.460938    0.360842     32.759841    32.824150    -0.012558    0.009831     0.892490    
0.220550     -0.632072    51.701849    51.743641    0.002997     -0.008589    0.702571    
0.550951     -2.981414    21.564211    21.865099    0.048998     -0.265145    1.917763    
-0.418841    -1.171254    15.037919    15.217135    -0.000479    -0.001341    0.017213    
1.306483     0.446869     127.716758   127.739390   0.447918     0.153206     43.786778   
0.166817     0.960304     41.687131    41.744962    0.003857     0.022201     0.963767    
0.627311     0.376705     88.287492    88.312466    0.009820     0.005897     1.382030    
-1.472706    0.103938     80.982992    81.020365    -0.054319    0.003834     2.986967    
-0.529704    -0.256177    69.021282    69.051854    -0.027567    -0.013332    3.591968    
0.655782     -0.049376    48.993110    49.037050    0.100283     -0.007551    7.492095    
-1.558720    0.178403     39.471419    39.551603    -0.125761    0.014394     3.184636    
1.003040     0.969209     40.645255    40.716792    0.031740     0.030670     1.286184    
-0.461823    1.373376     7.083528     7.493381     -0.031561    0.093858     0.484094    
0.466712     0.938100     17.863416    18.002068    0.007256     0.014586     0.277742    
-0.519956    -0.984861    91.904337    91.932162    -0.025658    -0.048600    4.535212    
-0.652700    -0.974715    35.102592    35.177308    -0.037676    -0.056264    2.026247    
1.210931     0.223382     32.466042    32.548964    0.084736     0.015631     2.271850    
1.661556     0.058479     37.255777    37.344772    0.056600     0.001992     1.269090    
-1.541846    0.651649     10.039301    10.366506    -0.013051    0.005516     0.084979    
-0.788604    0.360174     53.473839    53.517082    -0.035532    0.016228     2.409341    
-1.019370    -0.128969    15.411428    15.570575    -0.082571    -0.010447    1.248352    
-0.313668    0.642330     48.506699    48.551888    -0.023117    0.047339     3.574906    
-0.922997    -0.535017    12.468495    12.667931    -0.284708    -0.165031    3.846031    
1.185927     -0.796763    80.070972    80.107907    0.058428     -0.039255    3.944926    
-0.123234    1.258519     45.735231    45.795036    -0.014272    0.145751     5.296655    
-0.154577    2.313673     42.368417    42.477461    -0.005306    0.079414     1.454244    
-0.500072    -1.346249    16.766955    16.943087    -0.005638    -0.015179    0.189047    
-1.813147    -0.540816    45.303342    45.385545    -0.032947    -0.009827    0.823222    
-1.450451    -0.597389    32.730843    32.827484    -0.067887    -0.027960    1.531942    
1.399066     0.110625     17.233542    17.402285    0.369603     0.029225     4.552734    
0.170904     0.326726     19.046077    19.151082    0.000395     0.000756     0.044070    
-0.153402    -1.161537    40.953579    41.017597    -0.010353    -0.078388    2.763813    
0.511116     0.108441     99.436294    99.457149    0.109424     0.023216     21.288211   
0.660215     0.419645     10.892950    11.096995    0.038607     0.024539     0.636985    
0.514319     0.490819     93.090427    93.113952    0.013734     0.013106     2.485785    
-0.728215    2.487428     37.375614    37.517050    -0.087566    0.299106     4.494304    
-0.499285    1.080604     114.077607   114.100799   -0.007873    0.017040     1.798847    
-1.290300    -1.371991    95.768942    95.807685    -0.115226    -0.122522    8.552362    
0.431542     0.097363     18.075920    18.188171    0.005614     0.001267     0.235158    
0.396175     -0.061515    22.147965    22.238886    0.027689     -0.004299    1.547956    
-1.077155    -1.076885    40.562217    40.638508    -0.016906    -0.016902    0.636630    
0.151916     -2.240232    49.361378    49.451616    0.001399     -0.020637    0.454713    
-0.570815    0.616564     27.606400    27.689244    -0.060664    0.065526     2.933906    
0.644933     -1.184341    11.925510    12.161880    0.014035     -0.025773    0.259517    
-0.000949    -0.919843    40.291840    40.350383    -0.000068    -0.066099    2.895348    
0.434936     1.262214     85.639785    85.672808    0.000413     0.001198     0.081293    
-0.014730    -1.419197    30.694971    30.790754    -0.000373    -0.035957    0.777695    
0.524546     -0.471493    19.590728    19.702006    0.045972     -0.041323    1.716969    
0.494670     0.856626     20.613550    20.730940    0.051024     0.088358     2.126225    
-0.603880    -1.779022    28.270125    28.400783    -0.037752    -0.111217    1.767328    
1.503232     -0.883287    15.272847    15.497571    0.004783     -0.002810    0.048591    
0.086942     1.201501     13.920084    14.110098    0.000224     0.003097     0.035882    
0.074016     -1.586493    40.387213    40.466336    0.010908     -0.233804    5.951938    
0.248688     -0.339565    18.618288    18.726792    0.019824     -0.027068    1.484135    
-1.878607    0.658013     80.194860    80.243708    -0.454263    0.159113     19.391795   
1.452237     -0.850547    28.583079    28.700170    0.171921     -0.100691    3.383764    
-0.282031    0.684446     74.557010    74.586666    -0.028383    0.068880     7.503166    
-1.672200    1.264000     24.312043    24.481510    -0.049117    0.037127     0.714106    
0.066322     -1.044975    88.508059    88.536139    0.004739     -0.074666    6.324073    
-0.927903    -2.055937    13.712546    14.035553    -0.028272    -0.062641    0.417801    
0.485229     0.263532     48.050164    48.093639    0.018766     0.010192     1.858332    
0.373620     -0.373765    34.621955    34.681897    0.121281     -0.121328    11.238606   
-0.195482    0.228764     27.124673    27.197673    -0.012498    0.014626     1.734190    
-0.609244    0.446595     18.243000    18.364439    -0.046663    0.034205     1.397256    
0.856843     -0.071710    15.838236    15.983241    0.082314     -0.006889    1.521532    
0.279277     -0.282334    18.329682    18.439358    0.039348     -0.039779    2.582520    
-1.315688    1.795465     97.493922    97.539195    -0.628237    0.857329     46.553042   
0.270416     -0.632775    11.967775    12.148092    0.015213     -0.035598    0.673271    
1.043124     -1.283604    10.317720    10.633252    0.087229     -0.107338    0.862793    
0.222913     -0.703434    23.295386    23.390050    0.047801     -0.150843    4.995423    
0.962147     0.451149     58.524689    58.567426    0.016471     0.007723     1.001887    
-0.781582    -1.383592    48.055625    48.122170    -0.083839    -0.148416    5.154878    
0.936507     2.034440     22.661120    22.856450    0.024261     0.052703     0.587047    
-0.151229    0.926559     13.544437    13.718896    -0.001478    0.009058     0.132403    
-1.854896    0.820164     20.835580    21.026404    -0.112487    0.049737     1.263537    
-0.534834    0.377611     41.149971    41.202229    -0.132564    0.093594     10.199420   
-0.953220    0.226880     114.701497   114.722571   -0.089656    0.021339     10.788339   
0.836457     0.388019     9.290304     9.541223     0.136123     0.063145     1.511879    
0.385421     2.804658     90.583203    90.648808    0.030064     0.218770     7.065717    
-1.223200    -1.637435    16.876265    17.113173    -0.032900    -0.044042    0.453916    
-1.510466    -0.771907    92.635206    92.671645    -0.259966    -0.132853    15.943438   
-1.280183    -0.024156    23.770726    23.886436    -0.084370    -0.001592    1.566592    
1.049796     0.156471     12.487542    12.686222    0.000548     0.000082     0.006520    
1.167724     0.661278     17.880211    18.038230    0.058679     0.033230     0.898500    
-0.832627    -1.249296    18.327294    18.493747    -0.002159    -0.003240    0.047533    
1.105130     0.823583     4.648189     5.232610     0.307666     0.229284     1.294046    
-2.132405    -1.027745    28.502700    28.668490    -0.032353    -0.015593    0.432444    
0.353188     -0.223462    41.910498    41.958783    0.018882     -0.011947    2.240592    
0.877129     -0.744789    58.285679    58.330261    0.117090     -0.099424    7.780689    
1.959716     -0.625780    64.036865    64.100134    0.083018     -0.026510    2.712756    
0.902004     0.106150     5.346145     5.768977     0.056786     0.006683     0.336571    
-0.543268    -0.518792    38.563114    38.620629    -0.001201    -0.001147    0.085270    
-0.359840    -1.202136    32.175290    32.259865    -0.008912    -0.029772    0.796855    
-0.759549    -0.232546    15.501412    15.646077    -0.007990    -0.002446    0.163071    
0.625008     -1.715534    133.826360   133.853290   0.037782     -0.103704    8.089836    
1.601856     0.278821     10.448323    10.755747    0.482823     0.084041     3.149278    
-1.344579    0.817403     52.908242    52.968227    -0.100836    0.061301     3.967829    
-0.865773    1.331618     46.663379    46.731880    -0.021410    0.032931     1.153971    
1.465665     0.885924     47.671930    47.743281    0.415852     0.251362     13.525907   
-1.341168    0.173211     28.174812    28.275850    -0.049901    0.006445     1.048301    
1.840981     1.880827     46.115013    46.231981    0.167640     0.171269     4.199242    
0.460682     -0.201620    8.137417     8.387216     0.000619     -0.000271    0.010935    
-0.452318    -1.375015    18.254380    18.417182    -0.005415    -0.016461    0.218527    
-0.428234    -0.706153    11.133574    11.336378    -0.100421    -0.165593    2.610831    
-0.617180    -0.552072    6.713446     7.044927     -0.010939    -0.009785    0.118989    
-0.654047    -0.399485    40.588895    40.643828    -0.039875    -0.024355    2.474579    
1.776190     -2.241304    83.663711    83.735714    0.084463     -0.106580    3.978448    
0.574951     0.477110     11.972544    12.156273    0.083214     0.069053     1.732806    
0.262756     -0.903808    31.582258    31.657541    0.097921     -0.336822    11.769747   
0.768702     0.112404     22.433674    22.533269    0.005424     0.000793     0.158285    
1.069927     -0.288690    40.154982    40.218474    0.147498     -0.039798    5.535705    
-1.941744    0.356744     50.904405    50.980693    -0.031364    0.005762     0.822231    
0.067853     1.531127     33.128987    33.222788    0.000056     0.001257     0.027203    
1.264663     -0.008315    69.906832    69.945976    0.091366     -0.000601    5.050417    
0.542649     0.164502     18.859279    18.970211    0.191914     0.058178     6.669780    
2.317145     0.812940     32.225909    32.379225    0.623137     0.218620     8.666339    
-1.573288    -0.196807    107.917364   107.946961   -0.120493    -0.015073    8.265040    
-1.710316    0.141487     51.312268    51.378682    -0.005674    0.000469     0.170239    
-0.960176    -0.696814    16.721700    16.878912    -0.294567    -0.213771    5.129949    
0.213671     2.276317     139.919719   139.952242   0.029269     0.311810     19.166203   
0.424505     -0.620041    51.541847    51.584897    0.004117     -0.006013    0.499864    
0.186691     0.813682     33.584007    33.652004    0.006594     0.028740     1.186210    
-1.090099    -0.062096    10.722308    10.956049    -0.073890    -0.004209    0.726788    
0.046048     0.771191     14.105125    14.262761    0.001440     0.024110     0.440975    
0.278651     0.228857     19.628494    19.730250    0.004598     0.003776     0.323855    
-1.032088    -1.373737    19.598918    19.772327    -0.000427    -0.000569    0.008112    
0.463899     -2.502115    27.548327    27.735556    0.020724     -0.111777    1.230672    
-0.034880    -0.201999    80.608912    80.633204    -0.010028    -0.058077    23.175909   
1.098541     0.876097     41.592190    41.662448    0.061368     0.048941     2.323468    
-0.218406    1.003357     18.079249    18.215066    -0.001038    0.004769     0.085940    
0.025304     -0.457152    82.522208    82.546953    0.001109     -0.020033    3.616207    
0.668535     0.585172     20.076609    20.192438    0.022799     0.019956     0.684680    
0.818966     -0.873589    29.730934    29.820081    0.085516     -0.091219    3.104473    
-0.402257    0.484786     30.874601    30.943703    -0.020681    0.024924     1.587309    
-1.368270    1.944374     34.031308    34.171005    -0.032920    0.046781     0.818778    
0.723945     0.085391     125.035144   125.052763   0.139341     0.016436     24.066133   
-1.159743    0.309303     13.597323    13.791403    -0.033705    0.008989     0.395168    
