-0.946243    0.178861     23.684222    23.785389    -0.003711    0.000702     0.092894    
-0.982655    0.242469     13.620862    13.799538    -0.199225    0.049159     2.761511    
0.273640     -0.186410    88.189409    88.211997    0.005691     -0.003877    1.834216    
-0.348110    1.188978     11.214118    11.452783    -0.003326    0.011359     0.107131    
0.316192     -0.213304    58.320016    58.354474    0.057571     -0.038838    10.618707   
-2.814458    -0.957672    31.911487    32.110065    -0.082965    -0.028231    0.940695    
0.174002     0.255331     60.483690    60.516503    0.033348     0.048935     11.592003   
-0.123956    0.498569     63.578136    63.610677    -0.006769    0.027227     3.472057    
1.147175     -0.702519    75.053969    75.091829    0.037093     -0.022715    2.426808    
-1.051518    0.329590     9.168560     9.442021     -0.150246    0.047093     1.310046    
0.297824     0.149888     25.456594    25.534766    0.028880     0.014535     2.468556    
-0.125455    -0.931597    23.644297    23.744712    -0.014401    -0.106935    2.714065    
1.147896     -0.297873    11.293182    11.524639    0.065667     -0.017040    0.646043    
0.386855     0.138487     75.283642    75.310494    0.004899     0.001754     0.953285    
-0.029962    1.670115     23.790518    23.930188    -0.002983    0.166281     2.368652    
1.141458     2.091535     34.028121    34.168193    0.123042     0.225455     3.668030    
-0.421156    -0.449592    25.922187    26.004120    -0.016334    -0.017437    1.005340    
-0.293734    0.850380     15.806351    15.953843    -0.015498    0.044868     0.833988    
-1.323583    -1.580436    20.261473    20.460984    -0.035248    -0.042088    0.539573    
-0.314310    -1.071912    22.408852    22.522864    -0.014174    -0.048339    1.010558    
0.213471     0.170599     34.974718    35.031136    0.017938     0.014336     2.938993    
0.010621     -0.688688    15.968999    16.104605    0.000134     -0.008685    0.201383    
-0.019149    0.458569     52.666064    52.704838    -0.000968    0.023177     2.661846    
-2.167371    -0.918995    50.713157    50.805918    -0.093484    -0.039638    2.187380    
-0.307082    0.066088     40.770909    40.819611    -0.108363    0.023321     14.387293   
-2.716063    0.358300     54.706460    54.810374    -0.205160    0.027064     4.132287    
0.818273     -1.053596    67.038545    67.080706    0.084087     -0.108269    6.888954    
1.179078     -0.940381    127.289149   127.313303   0.071104     -0.056709    7.676143    
-1.956438    -1.074555    33.997364    34.127379    -0.135043    -0.074171    2.346673    
-0.119118    0.070680     25.781478    25.856889    -0.005723    0.003396     1.238649    
0.100098     1.614015     51.534192    51.597121    0.008294     0.133739     4.270183    
-0.381193    1.416711     68.049019    68.093291    -0.000395    0.001467     0.070450    
0.411732     -0.178154    43.651142    43.697808    0.059540     -0.025763    6.312331    
1.186597     -0.155347    181.742322   181.756922   0.169217     -0.022154    25.917712   
2.312053     0.107448     26.570746    26.743908    0.021411     0.000995     0.246059    
-1.443316    -0.035884    50.599111    50.657965    -0.132172    -0.003286    4.633611    
-2.647436    0.686553     28.232707    28.433096    -0.025133    0.006518     0.268021    
-0.322156    -0.214545    58.852144    58.886328    -0.008590    -0.005721    1.569264    
0.867981     0.076333     124.277976   124.296619   0.216383     0.019029     30.981861   
-0.059182    1.503233     24.628710    24.753010    -0.009650    0.245102     4.015712    
-0.029390    0.170947     29.871662    29.936954    -0.000990    0.005759     1.006417    
0.108339     -1.203353    77.620915    77.655272    0.015208     -0.168918    10.895870   
-0.043320    -0.844978    73.286487    73.317801    -0.005691    -0.111010    9.628077    
0.452190     -0.116483    7.905316     8.160087     0.005014     -0.001292    0.087650    
0.186175     -1.020200    12.295898    12.495581    0.008426     -0.046171    0.556469    
-0.414899    0.835841     139.136448   139.153501   -0.023901    0.048150     8.015117    
0.745787     1.880979     33.593963    33.712365    0.108209     0.272917     4.874259    
-0.601314    2.305895     59.695331    59.775298    -0.002189    0.008394     0.217298    
-0.254803    0.115642     13.658935    13.802889    -0.004415    0.002004     0.236656    
1.766413     3.224039     71.585488    71.706846    0.369238     0.673929     14.963706   
1.703801     0.396777     32.926522    33.031669    0.060475     0.014083     1.168704    
1.369069     -0.295516    42.517696    42.586278    0.250294     -0.054026    7.773109    
0.601383     -0.361930    25.567443    25.652714    0.023911     -0.014391    1.016576    
0.775351     0.227852     25.810829    25.898396    0.028847     0.008477     0.960286    
0.180110     1.623267     50.048889    50.114206    0.001277     0.011507     0.354797    
0.399174     -0.365123    14.763769    14.904244    0.049242     -0.045042    1.821264    
-1.892922    -0.090465    28.169860    28.302073    -0.114838    -0.005488    1.708981    
-1.688414    0.642326     137.957521   137.983389   -0.038673    0.014712     3.159867    
1.390301     0.119283     118.814302   118.838800   0.037219     0.003193     3.180687    
1.263903     0.321528     16.436137    16.604891    0.278733     0.070908     3.624725    
-0.865832    1.377418     64.785828    64.836142    -0.037493    0.059646     2.805410    
0.426304     0.827045     83.337332    83.365770    0.025932     0.050308     5.069328    
-1.036234    0.973650     32.626404    32.716647    -0.148862    0.139871     4.686995    
-0.640477    -1.878554    40.069542    40.166931    -0.063367    -0.185859    3.964380    
-1.107546    0.664860     18.809880    18.956667    -0.061528    0.036935     1.044950    
2.307919     0.083130     34.757181    34.889396    0.013385     0.000482     0.201573    
0.790122     -0.289231    100.207141   100.230006   0.056238     -0.020587    7.132418    
0.648509     0.249799     57.688645    57.726404    0.014721     0.005670     1.309499    
-0.819700    0.186299     17.636299    17.765715    -0.055307    0.012570     1.189970    
-1.267133    -0.175365    28.254021    28.351386    -0.077750    -0.010760    1.733637    
0.048419     1.220889     97.865485    97.892906    0.002024     0.051046     4.091783    
-1.599961    -0.836564    28.722602    28.846535    -0.080350    -0.042012    1.442443    
0.460733     0.976614     22.955694    23.065232    0.050136     0.106274     2.498002    
0.117948     1.014385     50.652897    50.701418    0.001902     0.016361     0.816958    
0.029018     -0.358415    21.355032    21.448581    0.002386     -0.029468    1.755737    
-0.451057    0.017838     7.981216     8.232772     -0.036352    0.001438     0.643226    
-0.143691    0.281271     51.924996    51.963255    -0.026852    0.052562     9.703455    
-2.088861    1.299351     66.301047    66.375865    -0.013295    0.008270     0.421979    
0.060090     0.195031     5.872475     6.196980     0.002363     0.007668     0.230898    
-0.833412    1.284309     93.399897    93.433183    -0.041262    0.063586     4.624199    
-0.679521    -0.075029    17.921622    18.042363    -0.049505    -0.005466    1.305631    
0.588954     1.441444     50.006432    50.069381    0.111705     0.273395     9.484588    
0.868742     -1.712935    153.978836   154.003395   0.061219     -0.120709    10.850720   
-0.036046    0.794711     68.528707    68.561589    -0.000208    0.004579     0.394815    
0.457515     0.154041     16.873885    16.995176    0.122911     0.041383     4.533138    
2.214503     1.800117     79.480528    79.556105    0.190611     0.154943     6.841205    
-0.668732    -1.716385    67.116314    67.170438    -0.011391    -0.029236    1.143237    
0.411657     -0.186530    12.201640    12.367668    0.098116     -0.044459    2.908201    
-0.056555    0.749512     91.648223    91.672443    -0.016633    0.220430     26.953614   
0.603841     -0.343726    19.756272    19.866253    0.069505     -0.039564    2.274037    
-0.628818    0.864765     44.381726    44.438225    -0.015179    0.020874     1.071295    
-1.045674    -0.447472    44.907803    44.965314    -0.013510    -0.005781    0.580216    
-0.169962    -1.000977    40.746312    40.806467    -0.010727    -0.063174    2.571588    
-0.695927    -0.257091    9.840847     10.063182    -0.192204    -0.071005    2.717885    
1.016938     -1.709180    22.366027    22.540399    0.029370     -0.049362    0.645940    
0.519093     -0.305562    9.403595     9.626285     0.053661     -0.031587    0.972094    
-0.991949    0.571897     23.451480    23.561789    -0.028167    0.016240     0.665926    
0.250468     1.643706     27.834990    27.954000    0.017258     0.113257     1.917932    
0.129230     0.457465     19.379414    19.484933    0.008505     0.030105     1.275337    
-1.020922    -0.241248    99.337412    99.362452    -0.102100    -0.024127    9.934485    
0.761212     0.777375     21.016747    21.136754    0.044927     0.045881     1.240415    
1.153437     0.702117     21.330592    21.463749    0.170173     0.103587     3.147026    
-0.176352    -0.903428    127.262517   127.281069   -0.007374    -0.037777    5.321449    
1.240914     0.781671     51.519024    51.577472    0.171583     0.108083     7.123596    
-0.897585    0.203153     19.575155    19.695395    -0.114681    0.025956     2.501051    
1.675372     -1.318822    39.801847    39.907494    0.046825     -0.036860    1.112421    
-1.390612    1.679262     51.269835    51.353916    -0.015919    0.019223     0.586906    
0.728243     -0.130836    10.814036    11.016614    0.059887     -0.010759    0.889285    
-1.664225    -0.804307    50.658947    50.730862    -0.340775    -0.164694    10.373179   
-2.649306    1.489713     32.604078    32.804556    -0.244768    0.137634     3.012272    
1.276946     0.131173     18.475505    18.624366    0.055542     0.005705     0.803604    
0.722488     -0.302101    78.101437    78.130164    0.110271     -0.046109    11.920384   
-0.005116    -0.207049    33.044359    33.103588    -0.000140    -0.005650    0.901707    
-0.956329    0.915357     50.030197    50.086405    -0.060262    0.057680     3.152591    
-1.008960    0.280041     81.370894    81.401435    -0.050704    0.014073     4.089155    
1.502238     0.139668     10.023198    10.325486    0.120708     0.011223     0.805387    
0.067854     0.705031     11.737767    11.922743    0.006664     0.069237     1.152691    
0.996967     0.501580     19.053099    19.187003    0.003871     0.001948     0.073983    
-1.204409    -0.304158    92.496040    92.525323    -0.019635    -0.004959    1.507947    
-0.855619    -1.257141    27.825092    27.936056    -0.019163    -0.028156    0.623189    
-0.457027    -0.438101    38.453376    38.508932    -0.007506    -0.007195    0.631500    
0.603097     -0.110305    6.262840     6.593483     0.141765     -0.025928    1.472149    
-0.272507    -0.691523    11.523939    11.714461    -0.051880    -0.131652    2.193922    
0.087991     -1.538653    47.190320    47.256496    0.008121     -0.142008    4.355381    
1.368736     -1.430212    16.889132    17.118314    0.019486     -0.020362    0.240448    
0.277687     -0.124429    10.363631    10.553312    0.015539     -0.006963    0.579932    
-1.173465    0.205922     49.462665    49.516155    -0.034300    0.006019     1.445777    
1.282759     -0.043018    66.098243    66.140003    0.027776     -0.000931    1.431255    
-1.709414    0.218749     25.492510    25.626412    -0.192954    0.024692     2.877526    
0.411407     0.101163     63.046866    63.079012    0.095990     0.023603     14.710149   
0.019225     0.693733     43.075624    43.126163    0.003894     0.140509     8.724554    
0.876873     -0.820136    14.370053    14.553863    0.203957     -0.190760    3.342408    
-1.496452    1.136457     58.430023    58.493362    -0.047551    0.036112     1.856661    
0.041803     -1.162028    18.958789    19.096144    0.000367     -0.010189    0.166234    
-0.411890    -1.121060    20.094744    20.226224    -0.032840    -0.089381    1.602129    
0.279651     0.675324     53.673879    53.714937    0.040716     0.098323     7.814597    
-1.364948    0.618437     24.891202    25.013845    -0.096639    0.043786     1.762313    
0.334787     0.032788     11.055573    11.234492    0.028897     0.002830     0.954273    
0.659704     -1.627379    62.968000    63.023230    0.001352     -0.003334    0.129003    
-0.788709    1.506563     28.487145    28.605667    -0.041465    0.079204     1.497645    
0.933768     -0.783666    19.060473    19.200590    0.049677     -0.041691    1.014025    
-0.330672    -1.501783    30.558694    30.660617    -0.056433    -0.256294    5.215143    
0.012048     0.113175     41.978765    42.025048    0.002050     0.019252     7.140870    
1.235374     0.779931     39.122317    39.199045    0.133256     0.084129     4.220019    
-0.951975    -1.765614    39.310404    39.410741    -0.089151    -0.165346    3.681340    
0.428177     0.292635     5.512303     5.876173     0.048525     0.033164     0.624703    
0.858596     -1.196426    55.472708    55.527155    0.027862     -0.038825    1.800113    
1.741159     0.875036     14.537987    14.799505    0.346715     0.174245     2.894935    
-0.108241    -0.263314    15.848816    15.973133    -0.011298    -0.027485    1.654303    
0.546207     1.764982     100.561537   100.597769   0.041946     0.135541     7.722550    
0.517086     0.035539     6.139771     6.468415     0.040989     0.002817     0.486695    
-0.805573    -0.228031    32.938024    33.007413    -0.082789    -0.023435    3.385051    
-1.045233    -0.196344    8.953625     9.228944     -0.041294    -0.007757    0.353733    
0.958411     -0.961285    16.621204    16.792320    0.058551     -0.058727    1.015426    
-0.986918    -0.710425    180.628761   180.643580   -0.075003    -0.053990    13.727209   
0.807381     0.991220     13.341277    13.546180    0.000121     0.000148     0.001993    
-1.015014    -0.532976    66.448433    66.487468    -0.258999    -0.135998    16.955516   
-0.506042    0.654619     12.920719    13.095974    -0.008954    0.011583     0.228628    
1.823624     0.682411     17.308134    17.528199    0.069420     0.025978     0.658873    
-0.501766    -2.703000    21.264156    21.531309    -0.040986    -0.220792    1.736943    
0.615793     0.139064     9.036667     9.270104     0.013298     0.003003     0.195143    
0.141836     0.203153     68.888838    68.917403    0.030473     0.043647     14.800741   
-0.065691    0.938538     21.513745    21.624092    -0.002869    0.040988     0.939559    
-0.090933    0.761388     29.056557    29.133254    -0.004028    0.033725     1.287045    
-0.287050    -0.238209    102.251847   102.271474   -0.007449    -0.006182    2.653543    
1.584245     1.267578     30.519124    30.649771    0.018365     0.014694     0.353790    
-1.183321    -2.109504    45.261364    45.368671    -0.060060    -0.107070    2.297277    
-0.338414    1.221704     61.816421    61.860747    -0.015686    0.056627     2.865249    
1.724866     -0.537778    25.615734    25.754712    0.006121     -0.001908    0.090895    
0.154890     -0.061460    42.533895    42.579748    0.010604     -0.004208    2.911877    
0.617813     0.769599     50.995271    51.042792    0.018993     0.023659     1.567692    
-0.187265    0.530124     68.508449    68.539030    -0.005085    0.014394     1.860193    
-0.575072    -1.241831    14.146534    14.348248    -0.003171    -0.006848    0.078012    
0.490580     -1.354990    17.358346    17.528941    0.001171     -0.003235    0.041444    
0.738313     -0.357577    71.178872    71.210812    0.168188     -0.081456    16.214552   
-1.448450    -0.298425    38.961504    39.039222    -0.015893    -0.003275    0.427515    
0.341111     -1.053694    86.693381    86.722799    0.019651     -0.060701    4.994222    
-0.481021    -0.098488    24.792406    24.875278    -0.076512    -0.015666    3.943510    
0.899937     -0.840636    8.232461     8.553649     0.030508     -0.028498    0.279084    
-1.253581    0.739076     72.774746    72.815907    -0.071149    0.041947     4.130448    
-0.201678    -0.026784    100.349178   100.368690   -0.000575    -0.000076    0.285957    
1.262469     0.446647     18.092589    18.248563    0.007670     0.002713     0.109915    
-0.622382    0.403264     10.490956    10.699771    -0.011594    0.007512     0.195431    
-1.005060    -0.502763    98.885933    98.911908    -0.037647    -0.018832    3.704055    
-1.361636    0.628466     34.612189    34.700542    -0.066899    0.030878     1.700554    
0.492617     -0.056487    16.046197    16.174092    0.022347     -0.002562    0.727906    
0.089953     0.514010     20.433920    20.535149    0.006696     0.038262     1.521077    
2.102764     -0.995114    30.843166    30.993350    0.175470     -0.083039    2.573775    
-1.269961    2.329963     127.601139   127.643908   -0.057407    0.105323     5.768022    
-1.208243    0.007677     13.866891    14.057935    -0.116846    0.000742     1.341034    
-0.056269    -1.225654    18.575280    18.719545    -0.003983    -0.086757    1.314841    
-0.854084    0.596011     18.848773    18.979881    -0.173104    0.120798     3.820231    
0.100945     -0.513667    7.285505     7.564892     0.008403     -0.042759    0.606461    
1.727941     0.663964     28.588855    28.716271    0.046596     0.017905     0.770932    
0.923964     -0.761952    37.693839    37.764199    0.044062     -0.036336    1.797561    
-0.246977    0.724785     13.870747    14.030641    -0.030722    0.090157     1.725394    
-0.890544    -0.841931    9.298571     9.583334     -0.166170    -0.157099    1.735060    
-0.453074    0.481734     110.032310   110.051904   -0.038858    0.041316     9.436944    
1.342386     -0.241016    53.023438    53.077491    0.014843     -0.002665    0.586304    
-0.490381    0.814363     29.632093    29.712616    -0.032412    0.053825     1.958532    
-1.588805    0.963723     55.348529    55.414688    -0.162121    0.098338     5.647758    
0.689298     2.094474     86.641756    86.692161    0.006050     0.018385     0.760520    
-0.841971    0.247988     122.281561   122.300554   -0.091084    0.026827     13.228362   
1.592760     -0.275405    46.433326    46.503134    0.044717     -0.007732    1.303635    
0.185687     0.313793     19.866517    19.967133    0.076842     0.129855     8.221245    
-1.400445    -0.184394    37.187777    37.266620    -0.023194    -0.003054    0.615894    
1.682231     0.249917     87.624583    87.663189    0.217965     0.032382     11.353453   
-0.835412    -1.188412    50.363670    50.423055    -0.032613    -0.046393    1.966080    
0.419174     -0.053825    11.898608    12.067743    0.098926     -0.012703    2.808094    
-0.212053    1.211459     63.792322    63.834536    -0.004766    0.027231     1.433916    
1.112528     -1.357229    23.994055    24.138546    0.016019     -0.019542    0.345479    
-0.623580    -0.499809    69.092884    69.125540    -0.005331    -0.004273    0.590714    
-0.137369    -1.206509    30.182477    30.270967    -0.003595    -0.031579    0.789982    
-0.639590    -0.144275    9.205701     9.436618     -0.082047    -0.018508    1.180916    
-0.382734    0.494253     30.242931    30.313373    -0.021601    0.027895     1.706850    
-1.485222    0.374572     42.914459    42.986881    -0.114128    0.028783     3.297641    
0.324414     0.045014     7.851629     8.101253     0.003267     0.000453     0.079067    
0.041631     2.269590     39.572332    39.686235    0.002199     0.119856     2.089790    
-0.737608    -0.147498    107.205730   107.226440   -0.076206    -0.015239    11.075926   
-1.307072    -0.425285    72.926096    72.965606    -0.000803    -0.000261    0.044791    
-1.179820    -1.395955    72.764771    72.814336    -0.019029    -0.022514    1.173578    
-1.091327    0.010503     24.100737    24.205610    -0.059358    0.000571     1.310854    
0.827792     -0.400576    29.555851    29.635603    0.124020     -0.060015    4.428074    
1.141587     -1.856586    62.096277    62.165687    0.171726     -0.279282    9.340999    
-0.612423    -0.395268    41.937329    41.989830    -0.092294    -0.059568    6.320106    
-0.652409    0.199912     57.403880    57.441675    -0.034360    0.010529     3.023275    
0.002111     0.656493     17.733278    17.854274    0.000390     0.121243     3.275025    
-0.995682    0.684462     54.235414    54.284573    -0.123057    0.084593     6.702978    
-1.280488    -0.652728    42.842459    42.911734    -0.025512    -0.013005    0.853588    
1.140211     0.922610     7.429196     7.824270     0.080164     0.064866     0.522321    
0.931953     0.322830     4.983493     5.448203     0.051517     0.017845     0.275478    
-0.006534    -2.003479    206.692792   206.711875   -0.000643    -0.197206    20.345151   
-0.145242    2.764292     142.917459   142.957817   -0.000117    0.002226     0.115092    
0.315843     -0.542104    9.253401     9.481245     0.008021     -0.013768    0.235007    
-1.509824    1.080071     46.330653    46.409594    -0.123872    0.088613     3.801140    
-1.296365    -0.593561    19.588966    19.739184    -0.005711    -0.002615    0.086301    
-1.691594    -0.615973    127.049014   127.077016   -0.196220    -0.071451    14.737285   
0.487583     -0.589488    7.694807     7.979363     0.007331     -0.008863    0.115693    
-0.562105    -1.261402    80.807265    80.843034    -0.015425    -0.034615    2.217494    
-1.169311    0.839225     30.050073    30.148855    -0.058461    0.041958     1.502397    
-2.940373    -1.140144    41.301638    41.468615    -0.074064    -0.028719    1.040332    
-0.310266    0.938716     53.504176    53.549503    -0.011729    0.035486     2.022616    
0.524497     0.193442     9.053606     9.281985     0.014125     0.005209     0.243816    
0.070085     -1.869512    16.747161    16.965917    0.010057     -0.268262    2.403099    
2.085548     3.007991     94.819615    94.910652    0.072449     0.104493     3.293900    
-0.206357    -0.400950    78.878063    78.903911    -0.000570    -0.001108    0.218034    
0.275554     -0.865230    36.190255    36.255125    0.025039     -0.078622    3.288555    
-0.418969    -0.286901    54.687412    54.725184    -0.032778    -0.022446    4.278448    
-1.200102    0.343426     24.807023    24.916290    -0.150054    0.042940     3.101740    
0.280624     -2.460732    11.560708    11.985778    0.071316     -0.625356    2.937971    
0.551765     -1.334219    8.052034     8.413964     0.035512     -0.085871    0.518235    
-1.141444    -0.930981    90.713189    90.746500    -0.152454    -0.124344    12.115896   
0.097751     1.268432     26.633092    26.736024    0.001596     0.020705     0.434742    
-0.871174    0.623368     83.135677    83.165878    -0.132617    0.094894     12.655609   
1.105825     -0.377032    22.578351    22.694093    0.202075     -0.068898    4.125901    
0.243598     -0.726120    49.823493    49.868246    0.002275     -0.006781    0.465290    
-0.366071    1.632220     78.545580    78.588048    -0.024597    0.109673     5.277680    
-0.050306    0.827347     73.740963    73.771889    -0.002549    0.041919     3.736204    
-0.904399    0.490444     23.388205    23.493436    -0.006938    0.003763     0.179429    
-0.786551    0.950203     18.929489    19.071499    -0.024187    0.029219     0.582094    
-1.111933    0.368220     31.390514    31.473979    -0.000920    0.000305     0.025965    
0.128195     -1.405570    91.550901    91.582938    0.002607     -0.028583    1.861740    
0.479484     -0.017886    8.230883     8.476592     0.036769     -0.001372    0.631189    
0.347995     -1.039104    51.411557    51.460897    0.004755     -0.014197    0.702443    
-1.469713    1.724833     38.704196    38.820418    -0.031267    0.036694     0.823396    
0.208265     -0.703840    53.142561    53.184072    0.002345     -0.007926    0.598420    
-0.050436    1.471174     61.673874    61.722837    -0.008362    0.243925     10.225700   
-1.434731    1.492884     63.754308    63.818288    -0.123610    0.128620     5.492779    
-1.184902    1.564750     165.836018   165.859315   -0.057006    0.075281     7.978421    
0.696534     0.517998     22.342350    22.445691    0.062862     0.046749     2.016384    
2.097416     -0.327097    22.108982    22.297717    0.337110     -0.052573    3.553492    
-1.683239    1.696895     58.976081    59.057310    -0.364017    0.366970     12.754150   
0.891422     -0.101205    34.021010    34.089720    0.087458     -0.009929    3.337809    
-0.272469    -0.383739    111.839290   111.857603   -0.005372    -0.007566    2.205180    
-0.575423    -1.605086    81.094225    81.136033    -0.072253    -0.201544    10.182652   
-0.848161    0.841656     21.801105    21.922384    -0.031610    0.031367     0.812496    
0.070158     -1.376924    10.171074    10.451150    0.003279     -0.064361    0.475424    
0.631216     1.502468     31.566246    31.669523    0.044708     0.106417     2.235786    
0.174179     -0.330226    156.007102   156.019967   0.002221     -0.004210    1.989073    
0.129948     0.511067     34.712508    34.772277    0.002235     0.008790     0.597033    
0.330517     0.681324     80.501544    80.529169    0.022839     0.047081     5.562825    
0.020159     0.126384     6.016782     6.331903     0.001285     0.008057     0.383550    
1.949486     -1.148304    26.412117    26.581836    0.104404     -0.061497    1.414495    
0.191528     -0.001784    87.397932    87.420307    0.033787     -0.000315    15.417451   
1.546865     -0.619704    65.520355    65.571096    0.094629     -0.037910    4.008191    
0.376101     0.079990     29.723164    29.790758    0.015341     0.003263     1.212394    
-0.210947    0.593655     59.291580    59.327594    -0.000056    0.000159     0.015865    
-1.159759    2.848242     63.490451    63.595360    -0.019011    0.046688     1.040732    
1.015193     1.111504     52.342591    52.401220    0.018377     0.020120     0.947508    
0.583248     -2.387077    20.902703    21.138502    0.035229     -0.144181    1.262536    
-0.774836    0.335157     9.183605     9.430072     -0.008367    0.003619     0.099171    
-2.075091    -0.377696    54.162275    54.239060    -0.272249    -0.049553    7.106018    
1.731865     1.457283     18.941782    19.177828    0.091526     0.077015     1.001038    
-0.164521    0.200283     99.742198    99.761957    -0.011508    0.014009     6.976573    
0.349352     1.226214     18.105421    18.256694    0.015784     0.055402     0.818034    
-0.789369    -1.384048    20.626217    20.781108    -0.012076    -0.021174    0.315548    
0.582621     0.524474     28.361442    28.440480    0.087165     0.078466     4.243102    
-0.380405    0.419031     22.996998    23.088030    -0.012832    0.014135     0.775730    
-1.949431    -0.492947    21.001907    21.189581    -0.002572    -0.000650    0.027711    
0.638284     -0.376728    6.617226     6.943483     0.025648     -0.015138    0.265895    
-0.362769    1.755440     115.343665   115.374387   -0.025261    0.122239     8.031856    
-0.204765    2.109506     81.548298    81.599582    -0.029573    0.304660     11.777407   
1.298897     0.093207     61.844531    61.889553    0.100899     0.007240     4.804127    
1.152448     -0.591784    30.685233    30.775588    0.013274     -0.006816    0.353431    
1.500841     1.524696     150.372419   150.400520   0.007638     0.007760     0.765307    
0.967302     0.181370     57.375085    57.417278    0.038195     0.007162     2.265520    
-0.100019    -1.149432    15.358135    15.526701    -0.014656    -0.168428    2.250444    
0.484208     -1.098380    53.737415    53.786854    0.008566     -0.019432    0.950677    
-0.494974    0.948844     15.294421    15.457671    -0.036452    0.069877     1.126352    
0.873032     -1.664661    28.000298    28.132276    0.078235     -0.149175    2.509184    
-0.124476    -0.197233    209.896633   209.905993   -0.011540    -0.018285    19.458533   
2.344260     -1.224315    58.327529    58.420630    0.243575     -0.127209    6.060380    
-1.356087    -2.340978    18.310596    18.613759    -0.056093    -0.096832    0.757401    
1.346426     0.240692     24.038229    24.157446    0.092165     0.016476     1.645463    
1.553243     0.396123     82.649215    82.688192    0.104103     0.026549     5.539397    
1.320006     -0.777845    22.926387    23.061692    0.209699     -0.123570    3.642129    
-1.335209    0.474909     68.076807    68.120004    -0.127541    0.045364     6.502801    
-1.066880    1.672809     45.777462    45.862703    -0.002057    0.003225     0.088264    
0.986387     -0.182746    15.052711    15.213988    0.057364     -0.010628    0.875407    
1.065077     -0.824946    58.861674    58.909987    0.009430     -0.007304    0.521148    
-0.504276    -0.636413    45.629102    45.678761    -0.099554    -0.125640    9.008048    
-0.342576    1.885187     62.288686    62.349231    -0.005525    0.030402     1.004530    
0.203206     -0.135898    57.354026    57.388317    0.000213     -0.000142    0.059989    
0.782573     1.047157     21.338763    21.469204    0.049217     0.065857     1.342025    
1.538506     0.274709     53.353936    53.413106    0.049331     0.008808     1.710740    
-1.647776    -0.136980    10.386395    10.699817    -0.014586    -0.001213    0.091941    
-0.445379    0.030828     12.087657    12.255028    -0.007443    0.000515     0.201997    
-1.057992    0.857460     7.671142     8.035917     -0.006296    0.005103     0.045653    
-2.063948    -0.139583    51.566973    51.645977    -0.042872    -0.002899    1.071136    
-0.128766    1.680048     75.283387    75.327966    -0.003323    0.043351     1.942560    
1.101617     0.851207     51.123460    51.180282    0.074295     0.057407     3.447878    
-0.032516    0.551579     23.369745    23.459011    -0.002805    0.047578     2.015842    
-1.501624    0.773636     73.860761    73.906294    -0.079143    0.040774     3.892823    
-0.896156    -0.280969    97.281865    97.306312    -0.023433    -0.007347    2.543717    
-0.740474    1.133383     8.721795     9.043092     -0.000501    0.000767     0.005905    
0.217789     0.947908     94.980487    95.005862    0.038395     0.167110     16.744472   
0.709141     -0.518772    13.842336    14.009183    0.113251     -0.082849    2.210644    
-0.615437    0.798706     86.804369    86.832541    -0.044573    0.057846     6.286826    
-0.019007    -0.787310    41.952641    42.006181    -0.004236    -0.175484    9.350863    
0.401544     -1.334741    90.006693    90.039005    0.036126     -0.120083    8.097648    
-1.175112    -0.107588    51.662916    51.713869    -0.042035    -0.003849    1.848020    
-0.070865    0.262465     27.658098    27.729393    -0.000128    0.000474     0.049991    
-0.333115    -0.825416    126.904175   126.922563   -0.032084    -0.079501    12.222973   
-0.363540    -1.659828    106.230737   106.262560   -0.014438    -0.065922    4.219046    
0.979738     0.458441     93.915088    93.941943    0.067485     0.031578     6.468961    
1.473312     0.394120     63.053087    63.102240    0.033018     0.008832     1.413056    
0.531283     0.499626     16.788821    16.919556    0.010375     0.009756     0.327840    
1.438306     0.014762     113.486433   113.512618   0.014069     0.000144     1.110089    
0.994035     -1.784107    28.137720    28.280335    0.081244     -0.145818    2.299740    
0.342561     2.088167     15.415225    15.683810    0.065531     0.399462     2.948903    
-1.291909    0.007675     22.082014    22.207192    -0.254456    0.001512     4.349308    
-0.022282    0.863206     56.816727    56.857374    -0.001744    0.067575     4.447850    
0.415243     -0.943293    39.259679    39.322507    0.051943     -0.117998    4.911050    
-0.394928    1.694951     20.363459    20.532273    -0.015507    0.066552     0.799568    
0.159761     0.162198     4.776428     5.171175     0.015685     0.015925     0.468949    
-0.366187    -0.490208    46.970212    47.015425    -0.054244    -0.072616    6.957813    
-1.259577    0.486315     21.996449    22.125591    -0.112599    0.043474     1.966353    
0.380753     -0.275115    48.967243    49.009045    0.005071     -0.003664    0.652212    
0.234728     -0.893307    19.539587    19.660201    0.010651     -0.040534    0.886604    
-0.141449    -1.521201    26.161533    26.279932    -0.012791    -0.137555    2.365656    
-1.290601    -0.264849    92.736081    92.766327    -0.370710    -0.076075    26.637355   
-0.202368    -0.716671    21.775022    21.876496    -0.006261    -0.022174    0.673720    
0.240651     -0.173848    56.472570    56.507648    0.000666     -0.000481    0.156253    
-0.223453    -0.564536    46.545523    46.591086    -0.003853    -0.009735    0.802612    
-0.675981    -0.063400    65.917016    65.949897    -0.008677    -0.000814    0.846139    
-0.069462    -0.599144    23.329050    23.419721    -0.012574    -0.108458    4.223064    
-0.610119    0.363318     47.453147    47.499267    -0.023713    0.014121     1.844334    
2.701599     -1.030508    56.101755    56.210697    0.019338     -0.007376    0.401576    
0.687345     1.652588     120.668714   120.698040   0.065818     0.158247     11.554882   
-1.854593    2.325818     25.952578    26.196568    -0.012790    0.016040     0.178982    
-0.090691    0.641267     21.439754    21.539672    -0.003780    0.026727     0.893569    
-0.468407    0.417512     10.293081    10.498390    -0.003125    0.002786     0.068672    
-0.497070    0.075746     13.406750    13.559820    -0.051943    0.007915     1.400973    
-0.618781    0.753530     100.666896   100.690862   -0.031628    0.038515     5.145429    
0.434259     0.191024     51.683303    51.722953    0.030856     0.013573     3.672333    
-1.375488    -0.105616    39.419681    39.492903    -0.070080    -0.005381    2.008386    
0.090308     1.342677     20.074391    20.215515    0.001261     0.018753     0.280378    
-0.872491    0.598881     129.229981   129.249305   -0.081298    0.055804     12.041608   
-0.446797    0.075344     11.844079    12.015093    -0.014419    0.002432     0.382239    
0.039155     -1.439494    147.712828   147.732963   0.001356     -0.049842    5.114537    
0.830617     1.622787     16.426243    16.643911    0.017133     0.033473     0.338818    
-0.347002    -1.273895    54.639326    54.690714    -0.023930    -0.087852    3.768095    
1.451465     1.593358     15.026625    15.307513    0.146606     0.160938     1.517774    
-0.382503    -1.118472    66.433530    66.473199    -0.007460    -0.021814    1.295665    
0.648721     0.647377     75.192060    75.223406    0.022136     0.022090     2.565728    
0.357067     -1.108193    26.892828    26.989901    0.011907     -0.036956    0.896823    
2.185628     -0.573381    39.104204    39.218866    0.224279     -0.058838    4.012691    
0.076508     -1.196923    63.717218    63.758900    0.002010     -0.031440    1.673686    
-0.754524    -0.269287    34.808965    34.873784    -0.095335    -0.034025    4.398133    
0.175044     1.786714     21.157834    21.324912    0.004585     0.046801     0.554212    
-0.296852    1.898579     37.965443    38.064978    -0.011948    0.076413     1.528012    
-1.465221    1.306582     18.538134    18.745437    -0.032342    0.028840     0.409192    
0.047789     -0.135525    14.266224    14.402110    0.004672     -0.013251    1.394834    
0.340772     -0.003986    7.947021     8.194281     0.021431     -0.000251    0.499774    
0.560932     0.460841     16.978947    17.108086    0.038096     0.031298     1.153130    
-0.804999    1.105737     61.138157    61.185128    -0.028575    0.039250     2.170226    
-0.354676    0.248615     31.078020    31.143312    -0.014333    0.010047     1.255889    
-0.981306    0.616844     19.586737    19.719500    -0.038878    0.024438     0.775998    
-0.530306    0.424850     9.073240     9.309154     -0.059938    0.048019     1.025507    
0.379394     -2.202709    40.031031    40.141677    0.006732     -0.039087    0.710354    
-1.407347    0.126574     28.261886    28.365574    -0.270538    0.024332     5.432852    
-0.093808    -0.767369    78.938998    78.967322    -0.001826    -0.014936    1.536455    
0.075396     -1.403240    63.161153    63.207444    0.002448     -0.045567    2.050998    
-2.587835    -1.412104    32.416717    32.609959    -0.201135    -0.109754    2.519539    
0.815527     1.434262     28.837253    28.951413    0.061060     0.107387     2.159113    
-0.443040    0.800876     15.248694    15.402445    -0.000964    0.001743     0.033183    
1.551015     0.012487     29.902780    30.007616    0.076156     0.000613     1.468241    
0.136899     0.818550     69.825051    69.857723    0.028439     0.170043     14.505202   
-0.863152    1.116640     20.272656    20.416843    -0.068176    0.088197     1.601230    
0.204347     1.733781     19.960442    20.133106    0.015238     0.129287     1.488437    
0.190864     -0.641678    48.345475    48.390165    0.018263     -0.061400    4.625998    
0.237200     0.567491     56.088482    56.126385    0.004521     0.010815     1.068928    
0.621543     1.158309     55.590375    55.640747    0.070776     0.131898     6.330159    
2.380441     -0.891967    18.794216    19.067239    0.112485     -0.042149    0.888101    
1.102886     1.883466     85.211862    85.262536    0.100529     0.171680     7.767147    
0.065330     -0.423740    31.549088    31.613347    0.003743     -0.024277    1.807535    
-0.118280    -0.716889    43.389277    43.439984    -0.017182    -0.104137    6.302835    
-0.492631    -0.218304    87.641976    87.665736    -0.055244    -0.024481    9.828235    
-0.484296    -0.291387    63.190075    63.223255    -0.089320    -0.053741    11.654322   
-0.497297    -0.346720    71.829399    71.858924    -0.026973    -0.018806    3.895946    
1.122547     -1.565269    72.198111    72.250622    0.039048     -0.054448    2.511403    
0.785112     0.424426     66.597638    66.632701    0.049936     0.026995     4.235823    
0.678543     -1.645698    12.378285    12.659607    0.032949     -0.079913    0.601070    
1.583379     0.983673     32.914018    33.025479    0.054948     0.034136     1.142211    
-1.284033    0.004852     24.604599    24.716594    -0.332425    0.001256     6.369922    
1.035777     -0.391357    74.376804    74.411088    0.109464     -0.041360    7.860384    
1.936414     -1.241038    31.055909    31.203114    0.019078     -0.012227    0.305973    
-0.037814    1.197436     8.132004     8.452202     -0.011205    0.354830     2.409712    
-0.732402    -2.662043    16.450825    16.796651    -0.049873    -0.181272    1.120220    
-0.537328    0.534904     32.018912    32.088323    -0.106704    0.106222     6.358378    
1.819488     0.200586     22.259483    22.421203    0.198725     0.021908     2.431193    
-1.092079    0.069129     60.111812    60.153989    -0.067752    0.004289     3.729282    
-1.518534    -0.316728    18.861814    19.027591    -0.022312    -0.004654    0.277142    
-0.106520    -0.588674    21.199856    21.299454    -0.003440    -0.019011    0.684656    
1.164290     0.382076     13.676442    13.871610    0.354445     0.116315     4.163525    
0.069371     -1.741294    222.416922   222.432459   0.002001     -0.050222    6.414843    
-0.168272    0.368190     39.721497    39.772304    -0.003569    0.007810     0.842572    
-0.576271    0.491666     33.811839    33.877562    -0.084241    0.071873     4.942737    
-1.212598    -1.894547    112.045779   112.085643   -0.003489    -0.005451    0.322396    
-0.371613    -0.952710    89.265180    89.292738    -0.014782    -0.037898    3.550881    
1.055618     0.074190     53.605518    53.652086    0.016234     0.001141     0.824395    
0.220699     0.654871     28.437343    28.513768    0.003542     0.010510     0.456401    
-0.712748    1.936412     39.663132    39.765521    -0.147701    0.401277     8.219267    
-0.121056    0.848042     33.693925    33.762248    -0.006519    0.045670     1.814525    
-1.769613    0.221426     52.803817    52.870584    -0.012350    0.001545     0.368524    
-0.404031    0.428942     113.885284   113.903820   -0.006933    0.007360     1.954114    
2.334479     -0.202918    59.476678    59.555362    0.320463     -0.027855    8.164595    
0.720351     -0.310767    32.391654    32.460894    0.022236     -0.009593    0.999876    
-1.371110    -0.054113    26.657665    26.765443    -0.394969    -0.015588    7.679150    
0.079454     1.725339     6.907176     7.386958     0.000282     0.006132     0.024549    
-1.166481    1.268430     69.892645    69.941593    -0.030310    0.032959     1.816106    
0.643797     1.064291     21.951561    22.074718    0.023683     0.039151     0.807503    
1.001563     -0.486007    15.748741    15.910283    0.016413     -0.007964    0.258074    
0.508625     0.874184     148.344355   148.360862   0.100322     0.172426     29.259809   
-0.185165    -1.371745    16.116416    16.295085    -0.001788    -0.013243    0.155590    
0.959405     0.543671     57.269996    57.314426    0.078410     0.044433     4.680546    
0.603076     -0.463922    11.992949    12.177220    0.036854     -0.028350    0.732893    
-0.164963    -0.915338    42.859100    42.914362    -0.002390    -0.013263    0.621007    
-1.087827    -0.286170    45.227917    45.284707    -0.032640    -0.008586    1.357057    
1.050528     -1.417641    18.807519    18.992395    0.117012     -0.157902    2.094855    
-0.467339    -0.879827    33.798506    33.870436    -0.008285    -0.015597    0.599172    
-0.148767    0.074094     5.816535     6.142854     -0.007590    0.003780     0.296770    
1.480049     -1.375027    80.775119    80.824353    0.076669     -0.071229    4.184294    
-0.497390    0.756565     27.228794    27.314867    -0.002784    0.004234     0.152384    
0.505387     -0.503280    158.899859   158.913653   0.057967     -0.057725    18.225467   
0.307799     1.697806     83.791745    83.832624    0.013691     0.075518     3.727052    
-1.105014    -1.029506    61.200234    61.250506    -0.013659    -0.012726    0.756497    
1.328520     -0.410574    33.159770    33.247238    0.041543     -0.012839    1.036907    
2.321264     1.403324     41.825797    41.959860    0.212879     0.128696     3.835766    
-0.774338    -1.214503    124.426284   124.450189   -0.001953    -0.003063    0.313765    
-1.711167    1.270134     22.644839    22.829915    -0.160288    0.118975     2.121177    
0.066250     2.082164     61.805697    61.872118    0.010564     0.332017     9.855391    
0.116680     0.762801     11.221776    11.419224    0.007366     0.048153     0.708395    
2.563218     1.674385     42.394368    42.550335    0.010916     0.007131     0.180546    
0.290445     -2.448961    100.061452   100.111193   0.000302     -0.002544    0.103954    
0.504869     -0.314405    76.090787    76.118569    0.015650     -0.009746    2.358597    
-0.374353    -0.513662    9.362135     9.587935     -0.026404    -0.036230    0.660329    
-1.489191    0.083551     128.473973   128.497709   -0.003062    0.000172     0.264194    
1.170108     0.493480     129.042878   129.064139   0.077417     0.032650     8.537780    
-0.251655    1.534523     29.752299    29.857869    -0.007485    0.045641     0.884918    
-0.613254    -0.336902    84.542835    84.568644    -0.009715    -0.005337    1.339360    
-0.963477    0.985691     49.785647    49.843610    -0.072569    0.074242     3.749832    
-0.725982    -0.450024    14.839570    14.993911    -0.062091    -0.038489    1.269181    
-0.909325    -0.506347    15.151658    15.314404    -0.051894    -0.028896    0.864677    
0.638997     -1.627373    39.132514    39.220980    0.092901     -0.236596    5.689283    
-0.764685    0.519754     56.818675    56.860282    -0.041966    0.028524     3.118210    
-1.017228    0.414883     20.882470    21.003795    -0.034439    0.014046     0.706997    
-1.045777    -0.617761    25.323630    25.429048    -0.226336    -0.133701    5.480757    
-0.933701    -1.904971    27.764444    27.914871    -0.013892    -0.028343    0.413095    
1.292900     0.780126     100.645324   100.675897   0.018942     0.011429     1.474496    
-0.376636    1.267421     21.311827    21.443348    -0.004579    0.015407     0.259077    
0.306711     -0.825480    25.342698    25.434283    0.008766     -0.023593    0.724318    
-0.556710    0.416212     8.244797     8.504986     -0.108604    0.081195     1.608409    
-0.572852    -0.224671    33.820566    33.883393    -0.005488    -0.002152    0.323978    
-0.264727    0.303633     20.319136    20.418240    -0.014227    0.016318     1.092029    
2.127663     -0.204368    28.368245    28.516679    0.559214     -0.053714    7.456035    
-0.726163    -0.151951    68.292918    68.325310    -0.007925    -0.001658    0.745334    
1.099468     -1.769325    9.755625     10.167916    0.015878     -0.025551    0.140883    
0.998672     1.349653     21.429491    21.585110    0.028224     0.038144     0.605638    
-0.470896    -2.126040    56.424504    56.500809    -0.003121    -0.014089    0.373923    
1.641795     0.023655     34.814652    34.908895    0.052650     0.000759     1.116448    
-0.383346    -0.224662    8.730947     8.961128     -0.016399    -0.009611    0.373494    
0.136161     -0.436411    61.759601    61.792655    0.014025     -0.044952    6.361523    
-0.774325    -1.242755    59.449458    59.500059    -0.007501    -0.012039    0.575905    
-1.083535    -0.608562    33.796992    33.877072    -0.022134    -0.012431    0.690392    
1.131959     0.338853     100.255068   100.281353   0.044670     0.013372     3.956307    
-0.121248    1.222326     9.202331     9.490344     -0.001310    0.013208     0.099434    
-0.406670    1.323206     45.475931    45.539560    -0.137527    0.447479     15.378972   
-2.098277    0.261305     24.312770    24.483807    -0.256298    0.031918     2.969724    
0.686469     0.134830     20.769379    20.874182    0.013356     0.002623     0.404088    
0.860729     0.589280     28.321707    28.409191    0.036622     0.025072     1.205008    
-0.015185    -0.224299    74.206470    74.232915    -0.000147    -0.002175    0.719605    
-0.864869    -0.123732    57.738133    57.778285    -0.162450    -0.023241    10.845090   
0.165866     -1.708723    26.603182    26.731096    0.007634     -0.078644    1.224417    
0.228668     -2.128141    91.282434    91.328741    0.046784     -0.435404    18.675808   
1.552723     -0.290145    19.209798    19.374892    0.369598     -0.069064    4.572546    
0.016729     -0.508195    20.399654    20.500716    0.000274     -0.008337    0.334665    
1.922596     0.988909     21.637264    21.833929    0.151647     0.078001     1.706663    
0.888040     0.213207     7.356713     7.670088     0.132836     0.031892     1.100441    
0.859036     0.178419     11.435529    11.636840    0.122623     0.025468     1.632367    
1.439384     -0.723707    31.932246    32.033403    0.084304     -0.042387    1.870262    
0.442779     -2.238980    41.648267    41.757182    0.002024     -0.010234    0.190368    
-0.239145    -0.016164    29.201602    29.268857    -0.005014    -0.000339    0.612201    
-0.634346    -0.710468    88.867638    88.894540    -0.038889    -0.043555    5.448049    
0.329382     -0.813115    160.538706   160.553171   0.019781     -0.048833    9.641335    
-0.673969    -0.253160    19.158197    19.272514    -0.077023    -0.028932    2.189464    
1.351671     0.091549     55.090623    55.142426    0.198723     0.013460     8.099450    
0.975939     0.466711     41.216745    41.277903    0.124421     0.059500     5.254661    
-2.536326    -1.350962    70.090151    70.176650    -0.158406    -0.084374    4.377482    
-1.758020    1.639502     82.019896    82.078724    -0.286443    0.267132     13.363892   
-0.137700    2.100070     9.525438     9.951792     -0.009972    0.152083     0.689815    
1.595715     -0.312557    85.354474    85.392652    0.048729     -0.009545    2.606512    
0.946283     -0.345132    71.472715    71.506912    0.029991     -0.010938    2.265220    
-1.408703    0.049710     13.057934    13.280494    -0.003355    0.000118     0.031103    
-0.396761    2.080508     44.803851    44.897060    -0.016883    0.088531     1.906520    
-1.901535    -1.908306    36.606353    36.758094    -0.239175    -0.240027    4.604345    
1.115387     -0.046734    33.715936    33.791797    0.052582     -0.002203    1.589463    
1.914602     2.401401     116.726768   116.783757   0.197905     0.248223     12.065571   
-0.428792    0.970622     12.364627    12.565226    -0.042023    0.095123     1.211765    
0.021893     0.518869     50.079898    50.121262    0.000841     0.019933     1.923843    
0.247620     -1.229017    11.873213    12.100411    0.027684     -0.137404    1.327421    
0.370334     2.233845     69.644639    69.709238    0.044444     0.268086     8.358120    
-1.961596    -0.307363    68.983087    69.039725    -0.292115    -0.045772    10.272763   
-0.167921    -1.682949    23.841262    23.982102    -0.025967    -0.260252    3.686825    
0.684314     -0.858241    66.872285    66.910256    0.006619     -0.008301    0.646828    
0.848630     -0.359345    27.491419    27.577207    0.014370     -0.006085    0.465522    
-0.453669    -0.176277    71.742123    71.770774    -0.063983    -0.024861    10.118083   
1.614977     -0.545981    52.563483    52.627948    0.024432     -0.008260    0.795208    
-0.121634    2.003032     35.909088    36.018946    -0.000590    0.009721     0.174268    
-0.940540    1.247776     24.542499    24.670848    -0.038728    0.051378     1.010561    
-1.240658    1.020782     51.053006    51.116197    -0.038732    0.031868     1.593822    
-0.191576    -1.183878    111.119974   111.143879   -0.013234    -0.081781    7.676091    
0.820342     -0.160606    55.707707    55.748742    0.008944     -0.001751    0.607399    
-0.462087    2.442258     47.577506    47.683039    -0.010520    0.055600     1.083145    
1.358795     0.738763     19.331058    19.492482    0.109434     0.059498     1.556874    
0.891411     0.531925     41.690247    41.749602    0.002904     0.001733     0.135802    
1.072427     -2.590823    35.598602    35.763080    0.120356     -0.290762    3.995150    
1.088614     0.611797     21.445303    21.571633    0.138227     0.077683     2.723012    
0.142957     0.068469     107.968770   107.986829   0.006546     0.003135     4.943570    
-1.649946    0.113019     92.255724    92.291542    -0.191544    0.013121     10.710061   
-0.659028    -1.134049    122.398202   122.421057   -0.014151    -0.024350    2.628118    
1.048545     0.138814     8.839109     9.117210     0.059275     0.007847     0.499680    
-1.727868    0.479837     95.438013    95.475154    -0.044287    0.012299     2.446197    
1.107731     1.174704     36.752125    36.840204    0.077735     0.082435     2.579083    
-1.405499    0.137860     10.619636    10.892477    -0.080618    0.007908     0.609133    
1.464924     -0.483411    179.096922   179.114383   0.043626     -0.014396    5.333538    
-0.691622    0.703752     5.782311     6.187381     -0.011202    0.011398     0.093652    
1.310941     0.798621     59.567604    59.619885    0.085844     0.052296     3.900650    
1.107127     0.380867     72.141663    72.178012    0.026691     0.009182     1.739211    
-0.257048    0.345636     56.085643    56.121830    -0.001403    0.001887     0.306144    
1.140231     -2.290434    75.825969    75.894655    0.290396     -0.583331    19.311478   
0.721095     0.472346     19.869420    19.985291    0.222891     0.146002     6.141648    
-0.148259    0.506803     8.060305     8.313982     -0.005891    0.020139     0.320299    
0.276026     -0.079325    57.317548    57.352059    0.023346     -0.006709    4.847773    
-0.950382    -0.497174    13.858894    14.039028    -0.067773    -0.035454    0.988291    
-1.143011    -0.438597    43.888331    43.949509    -0.030722    -0.011789    1.179624    
-1.428026    1.106423     11.008787    11.328361    -0.078003    0.060436     0.601330    
-0.312872    -1.215999    21.226310    21.354337    -0.050847    -0.197622    3.449659    
-0.416977    -0.057786    55.615537    55.651955    -0.028097    -0.003894    3.747503    
0.015043     -0.496857    24.022841    24.108483    0.000769     -0.025388    1.227518    
0.579669     -2.017941    41.274103    41.374323    0.054789     -0.190730    3.901108    
1.595737     1.392301     30.901683    31.036653    0.059341     0.051775     1.149141    
-0.314666    0.617619     17.155081    17.281558    -0.015550    0.030522     0.847778    
-0.433446    0.126195     9.386175     9.600991     -0.130476    0.037987     2.825416    
2.617508     -0.040140    22.538477    22.775224    0.207916     -0.003188    1.790291    
0.041808     -0.315481    13.570607    13.716326    0.006093     -0.045977    1.977745    
0.587508     0.949018     16.789082    16.940898    0.020926     0.033802     0.598000    
0.040204     -1.613367    58.493028    58.548389    0.002358     -0.094624    3.430606    
-0.849450    0.537360     44.599377    44.654112    -0.105535    0.066761     5.541006    
-1.623224    0.874051     21.060715    21.232698    -0.183663    0.098896     2.382958    
0.291699     -0.168139    12.688346    12.844549    0.024249     -0.013978    1.054806    
-0.483328    1.215722     54.617146    54.668264    -0.004192    0.010544     0.473679    
0.582274     0.783839     36.353639    36.419987    0.003800     0.005116     0.237275    
1.106459     0.165089     93.265601    93.293080    0.063691     0.009503     5.368667    
-0.494764    0.022327     34.755863    34.815087    -0.097785    0.004413     6.869107    
-1.996377    -1.310412    51.708926    51.801455    -0.103699    -0.068067    2.685938    
0.708590     -1.468833    54.346222    54.406308    0.029362     -0.060865    2.251969    
0.559220     -0.915460    69.677992    69.714046    0.098231     -0.160806    12.239381   
0.985922     0.033568     20.802308    20.918511    0.020794     0.000708     0.438750    
-1.155761    -0.701929    9.273911     9.576474     -0.034795    -0.021132    0.279197    
-1.399819    0.095205     28.205994    28.309391    -0.070039    0.004764     1.411275    
0.863047     1.387912     25.508785    25.636775    0.002779     0.004470     0.082148    
1.324126     0.542195     40.272818    40.346277    0.175263     0.071766     5.330564    
0.798072     -0.090471    59.036806    59.075076    0.212598     -0.024101    15.726790   
0.714178     1.259813     44.064482    44.132196    0.001655     0.002920     0.102127    
-0.177734    -0.557143    42.199781    42.249716    -0.028077    -0.088013    6.666406    
-0.677378    -1.866318    34.664518    34.777086    -0.073146    -0.201533    3.743225    
0.920405     0.104540     79.358969    79.388783    0.019898     0.002260     1.715599    
-0.876627    -0.081225    17.887059    18.016573    -0.076321    -0.007072    1.557288    
0.385618     0.380145     63.973409    64.005978    0.001956     0.001928     0.324472    
-0.227674    1.820244     106.803938   106.837827   -0.040206    0.321448     18.861170   
-0.826274    1.278501     133.492173   133.515364   -0.167000    0.258400     26.980360   
-0.002464    0.000504     7.505441     7.759292     -0.000641    0.000131     1.951575    
0.487955     0.435669     6.307766     6.640088     0.000929     0.000829     0.012003    
0.913510     1.299939     11.812107    12.079949    0.097933     0.139360     1.266317    
1.721870     0.965923     65.551569    65.610830    0.025625     0.014375     0.975527    
1.913646     -0.206121    35.287146    35.394380    0.054120     -0.005829    0.997964    
-0.479229    -0.500714    34.129248    34.192995    -0.075879    -0.079281    5.403877    
0.423231     -0.192519    10.155693    10.355155    0.011620     -0.005286    0.278827    
-0.613800    1.333098     17.750123    17.919144    -0.088222    0.191608     2.551252    
-0.985205    -0.125632    24.530020    24.628911    -0.049441    -0.006305    1.230989    
-0.558162    1.330199     18.025984    18.190437    -0.091386    0.217790     2.951346    
-2.355109    -0.532432    47.163395    47.266170    -0.009351    -0.002114    0.187256    
0.427954     -0.415271    12.427716    12.596772    0.001603     -0.001556    0.046560    
1.268892     0.517167     30.820228    30.913411    0.035975     0.014663     0.873811    
2.278121     0.279997     66.713261    66.781752    0.022501     0.002766     0.658923    
0.329538     -0.409845    36.764455    36.820873    0.012117     -0.015070    1.351822    
2.299135     0.311435     39.151760    39.269814    0.243132     0.032934     4.140275    
0.965771     -0.129466    16.414757    16.561059    0.030519     -0.004091    0.518711    
-1.604618    -1.975067    54.680537    54.775102    -0.055993    -0.068920    1.908077    
0.418366     2.042954     68.056810    68.117200    0.054533     0.266293     8.870990    
-1.242872    0.789080     26.148342    26.263627    -0.021287    0.013514     0.447839    
-0.184210    0.357586     60.718142    60.751374    -0.002937    0.005701     0.967958    
-0.650720    -1.410122    114.189125   114.216650   -0.146106    -0.316614    25.638828   
0.212566     0.093347     14.838223    14.970028    0.003429     0.001506     0.239361    
-0.820516    -0.513266    98.932943    98.957258    -0.078062    -0.048831    9.412200    
1.168334     -0.761387    14.649666    14.846966    0.015178     -0.009891    0.190316    
0.195129     -1.792984    79.250356    79.295314    0.005713     -0.052492    2.320158    
-0.750701    -1.851142    32.760085    32.879909    -0.026292    -0.064833    1.147362    
-0.860796    -0.780566    66.480509    66.519796    -0.121039    -0.109758    9.348040    
1.022498     -0.801234    51.399467    51.453548    0.009193     -0.007203    0.462095    
1.114323     0.939551     98.647471    98.677875    0.013435     0.011327     1.189315    
-2.341551    -1.287342    155.992327   156.027629   -0.135442    -0.074464    9.023041    
-0.384314    1.809691     62.581394    62.639672    -0.011356    0.053474     1.849188    
0.326654     -1.666076    73.733867    73.779676    0.023510     -0.119913    5.306865    
0.518135     2.091184     46.182127    46.274240    0.079442     0.320626     7.080773    
-0.975963    -1.711631    42.354968    42.446442    -0.120933    -0.212091    5.248283    
0.072990     0.567003     30.361670    30.430786    0.002581     0.020048     1.073543    
1.030830     -0.113299    100.180788   100.205493   0.124026     -0.013632    12.053381   
-0.831207    -0.440143    72.634283    72.667040    -0.014824    -0.007850    1.295415    
-0.721228    1.835211     75.256045    75.307605    -0.030435    0.077445     3.175747    
0.117056     0.590911     25.935366    26.016937    0.001355     0.006838     0.300137    
-1.521593    0.685147     114.260670   114.289808   -0.008457    0.003808     0.635062    
0.064148     -1.179993    27.772160    27.866904    0.000649     -0.011937    0.280957    
-1.215014    -1.401728    13.356775    13.627894    -0.112334    -0.129597    1.234899    
-0.669787    0.965636     68.873096    68.911242    -0.059897    0.086354     6.159148    
-1.895284    -0.938480    142.806440   142.835665   -0.285724    -0.141481    21.528847   
1.173690     -0.740984    44.787215    44.851937    0.108871     -0.068734    4.154451    
0.362583     -0.473503    27.583492    27.660074    0.031878     -0.041630    2.425104    
-0.238493    0.974341     13.086532    13.271718    -0.042687    0.174393     2.342302    
-0.513213    0.422108     15.212930    15.354144    -0.009103    0.007487     0.269826    
-0.220422    -1.265470    48.465818    48.522783    -0.056999    -0.327237    12.532728   
-1.152003    0.039446     161.402207   161.418326   -0.110197    0.003773     15.439277   
0.573982     -0.191235    29.050419    29.123321    0.070792     -0.023586    3.582908    
-0.240416    -1.677431    32.654553    32.757692    -0.005115    -0.035685    0.694687    
-0.294806    0.165043     50.937778    50.976920    -0.044953    0.025166     7.767088    
-1.611243    0.183419     94.919118    94.953376    -0.209060    0.023799     12.315848   
-0.304932    0.863268     24.575935    24.671639    -0.016156    0.045737     1.302070    
-0.418634    -1.412522    16.056764    16.243925    -0.042740    -0.144210    1.639303    
1.816132     0.179574     80.396461    80.441261    0.186722     0.018463     8.265805    
0.808427     -0.177581    18.338040    18.461955    0.300568     -0.066024    6.817978    
1.709162     0.464933     18.509435    18.697902    0.099924     0.027182     1.082130    
-0.291328    1.529262     40.551822    40.629407    -0.001231    0.006461     0.171321    
-0.438189    0.397530     59.490651    59.526150    -0.024645    0.022358     3.345918    
-1.332687    -0.185103    11.590231    11.832951    -0.158849    -0.022063    1.381492    
0.557352     0.411694     53.438324    53.479057    0.164598     0.121582     15.781518   
1.577682     -1.401625    77.139596    77.193561    0.065514     -0.058203    3.203264    
1.602389     -0.173035    20.245543    20.404768    0.250050     -0.027002    3.159284    
-0.646789    1.426899     58.773071    58.826892    -0.109220    0.240954     9.924731    
0.191120     0.018064     22.132201    22.220399    0.006550     0.000619     0.758557    
1.754382     2.524243     35.870956    36.056207    0.162496     0.233802     3.322464    
0.976370     -0.806239    32.012235    32.097686    0.165190     -0.136406    5.416083    
-0.425474    -0.802078    24.172560    24.269568    -0.012748    -0.024032    0.724262    
1.264786     -0.804491    23.093389    23.225556    0.026150     -0.016633    0.477468    
-0.611402    -0.104906    61.436003    61.470661    -0.010670    -0.001831    1.072203    
0.311338     -0.749304    23.125293    23.223103    0.015813     -0.038058    1.174551    
0.241067     -0.307000    49.178909    49.219837    0.021539     -0.027430    4.394016    
0.254348     1.641476     104.379191   104.410965   0.001382     0.008916     0.566951    
-1.747943    0.874159     41.503927    41.596519    -0.287900    0.143981     6.836013    
-1.868510    -0.527596    31.990717    32.109977    -0.152787    -0.043141    2.615856    
0.081530     1.422733     83.406749    83.442145    0.003332     0.058137     3.408272    
2.772944     1.604876     53.983797    54.114601    0.181995     0.105332     3.543080    
-0.297433    0.164010     29.327769    29.395720    -0.031835    0.017555     3.139058    
-1.091665    0.964688     18.982438    19.139756    -0.001907    0.001685     0.033152    
-0.623814    -0.502557    150.582846   150.597843   -0.055985    -0.045103    13.514291   
0.184842     0.596553     20.820874    20.923045    0.044155     0.142504     4.973675    
-0.006500    -2.470441    74.174728    74.241958    -0.000533    -0.202487    6.079653    
0.213904     0.107195     9.713887     9.914223     0.007452     0.003734     0.338412    
-0.152432    -1.016394    29.845451    29.927950    -0.005983    -0.039892    1.171406    
1.081667     1.330695     71.548159    71.595773    0.244424     0.300696     16.167682   
0.101216     -0.710459    15.536723    15.677363    0.001108     -0.007779    0.170118    
0.224824     -0.026265    59.054812    59.088045    0.023110     -0.002700    6.070315    
0.135310     0.640625     47.169367    47.214964    0.005872     0.027800     2.046914    
0.745416     0.254248     20.191270    20.302282    0.075456     0.025737     2.043890    
0.422700     0.885929     42.210580    42.267855    0.060826     0.127483     6.074003    
0.058089     -0.822174    8.430441     8.696358     0.003144     -0.044505    0.456342    
-1.504513    -3.326104    26.800996    27.120009    -0.012048    -0.026635    0.214619    
-0.544535    0.559152     10.086916    10.306794    -0.093635    0.096148     1.734478    
-0.185923    -0.482520    38.476320    38.530112    -0.016072    -0.041712    3.326106    
-1.086273    0.018132     19.136176    19.267810    -0.318808    0.005322     5.616245    
1.448476     -0.239866    117.943200   117.968763   0.310396     -0.051401    25.274194   
0.893917     2.414159     19.872821    20.135322    0.015148     0.040911     0.336768    
0.414303     0.555243     24.502369    24.591075    0.057263     0.076743     3.386586    
-0.035281    -0.838702    73.577349    73.608464    -0.005259    -0.125016    10.967336   
-2.208585    -1.520359    56.968390    57.065416    -0.456225    -0.314059    11.767891   
0.650890     -0.141887    44.772322    44.820526    0.044207     -0.009637    3.040833    
1.129891     0.283405     31.492422    31.575379    0.014744     0.003698     0.410937    
-0.496506    -1.367658    97.682592    97.713258    -0.042136    -0.116066    8.289776    
0.540510     -1.426297    24.070385    24.198861    0.065883     -0.173851    2.933930    
-0.956967    -1.706970    51.274706    51.349781    -0.145160    -0.258925    7.777718    
1.092073     -0.344704    26.712355    26.809258    0.056271     -0.017762    1.376406    
-0.071035    1.343474     27.119280    27.223891    -0.017418    0.329427     6.649801    
-1.723499    -0.077769    59.329717    59.387429    -0.171791    -0.007752    5.913749    
1.408852     -0.004741    11.867681    12.112048    0.001378     -0.000005    0.011608    
0.981382     1.208806     49.736182    49.799469    0.016680     0.020545     0.845319    
-1.652172    0.013103     56.612781    56.671084    -0.104351    0.000828     3.575657    
1.314979     -0.781790    17.040492    17.221895    0.017337     -0.010307    0.224667    
-0.845504    -1.046445    11.009273    11.264500    -0.065809    -0.081449    0.856892    
-0.120205    -0.080935    102.974608   102.993523   -0.009023    -0.006075    7.729320    
0.320795     0.360535     64.881988    64.913637    0.047280     0.053137     9.562486    
-0.390563    -1.083814    140.382761   140.401288   -0.033284    -0.092363    11.963422   
-1.361919    -0.718067    42.229027    42.302909    -0.099666    -0.052548    3.090339    
0.526122     0.591676     18.817483    18.936723    0.014659     0.016486     0.524307    
0.228225     -0.061796    47.334385    47.375889    0.036647     -0.009923    7.600669    
0.961965     1.456514     125.833240   125.860741   0.160981     0.243742     21.057713   
1.620391     -0.540371    46.696768    46.769443    0.019147     -0.006385    0.551782    
-0.721163    -0.293657    55.647354    55.687604    -0.053764    -0.021892    4.148583    
1.213989     -0.574716    30.711236    30.803555    0.309218     -0.146387    7.822537    
0.418826     1.513014     20.677046    20.829782    0.001481     0.005350     0.073115    
2.676792     0.193020     73.349526    73.424998    0.347152     0.025033     9.512663    
-0.303981    -0.261204    186.688177   186.698985   -0.014602    -0.012547    8.967713    
-0.658727    1.571954     50.525450    50.592499    -0.017591    0.041977     1.349227    
-0.442523    0.479621     48.110893    48.155569    -0.017690    0.019173     1.923221    
1.077353     -0.521293    21.327175    21.451242    0.135170     -0.065404    2.675810    
0.206473     -1.060090    19.835320    19.961996    0.030625     -0.157238    2.942070    
0.355370     -1.398467    48.311314    48.372926    0.006906     -0.027179    0.938908    
0.813045     -0.781163    48.030163    48.083706    0.080821     -0.077652    4.774458    
1.807617     -0.855007    75.790837    75.842761    0.306422     -0.144938    12.847837   
0.418453     1.141100     7.694779     8.035035     0.015332     0.041809     0.281932    
1.096281     -0.025995    38.878964    38.944207    0.140733     -0.003337    4.991015    
0.489341     -0.436972    136.087925   136.103742   0.055354     -0.049430    15.394218   
2.058975     -2.062126    79.563907    79.641585    0.023673     -0.023709    0.914767    
-2.473890    -0.639689    39.097919    39.230748    -0.324046    -0.083791    5.121291    
-1.594385    0.832816     75.355080    75.402246    -0.230208    0.120247     10.880256   
-1.701037    1.282124     57.155099    57.228644    -0.019536    0.014725     0.656410    
1.117504     -0.134958    90.513588    90.541988    0.062708     -0.007573    5.079083    
0.914565     0.873457     50.305042    50.359424    0.030440     0.029072     1.674351    
-0.715246    1.026543     67.218589    67.259044    -0.060738    0.087174     5.708176    
-0.260625    0.356501     22.085678    22.177627    -0.013858    0.018955     1.174317    
-0.505662    0.621167     48.126162    48.173063    -0.001280    0.001573     0.121843    
0.676297     -1.258163    12.918092    13.145052    0.076523     -0.142361    1.461682    
1.642196     0.394027     55.956604    56.016681    0.161265     0.038694     5.494968    
-0.157728    0.870921     19.658249    19.776377    -0.005786    0.031950     0.721171    
-1.361948    0.774785     11.031860    11.315127    -0.197226    0.112198     1.597542    
0.045749     -0.141568    32.796586    32.855946    0.000526     -0.001627    0.377030    
-0.659355    1.498129     21.166013    21.320277    -0.010548    0.023967     0.338606    
0.446422     1.433873     43.303591    43.374315    0.046318     0.148769     4.492896    
-0.882602    -0.165016    30.780105    30.856053    -0.004912    -0.000918    0.171286    
0.002501     -1.293564    56.696209    56.745117    0.000063     -0.032523    1.425472    
0.612468     1.151586     41.673509    41.740359    0.053232     0.100088     3.621975    
0.550394     0.604805     18.560467    18.682468    0.002179     0.002395     0.073490    
1.593184     -0.660900    85.941700    85.981543    0.023129     -0.009595    1.247651    
-1.255007    0.695297     22.916473    23.045567    -0.026863    0.014883     0.490523    
-1.831376    -1.088889    39.795592    39.901175    -0.182461    -0.108486    3.964849    
0.230479     1.325452     28.900149    28.998336    0.006835     0.039306     0.857029    
-2.540847    -0.414638    100.812943   100.865020   -0.153887    -0.025113    6.105777    
-0.880796    -0.597010    11.388668    11.606418    -0.062761    -0.042540    0.811500    
0.452186     -0.465863    23.898645    23.988365    0.173037     -0.178271    9.145229    
-2.249032    -0.162065    27.754199    27.915138    -0.039542    -0.002849    0.487966    
-0.446125    -0.069945    13.087041    13.241960    -0.043008    -0.006743    1.261625    
-0.328416    2.222981     56.365474    56.444584    -0.031853    0.215605     5.466839    
-1.569739    -1.824684    35.413928    35.550173    -0.290467    -0.337642    6.553044    
1.968554     0.276437     22.671158    22.843117    0.006387     0.000897     0.073558    
-1.142777    -0.085766    80.591492    80.623674    -0.147555    -0.011074    10.405979   
0.373102     1.234631     36.442249    36.518160    0.046272     0.153120     4.519589    
-0.693667    1.265942     29.223686    29.325459    -0.003574    0.006522     0.150550    
-0.089212    0.031434     36.037434    36.091281    -0.010391    0.003661     4.197621    
0.634157     2.611358     72.841302    72.917430    0.037040     0.152524     4.254495    
-0.460331    -0.561106    30.186123    30.258944    -0.006923    -0.008439    0.453973    
0.880454     -1.904612    29.141307    29.282989    0.127270     -0.275312    4.212384    
1.193591     0.184164     38.552319    38.621429    0.089904     0.013872     2.903839    
-0.148870    -3.163864    59.018933    59.136636    -0.012743    -0.270830    5.052080    
-0.392018    1.250248     32.155547    32.242379    -0.013999    0.044646     1.148266    
0.561363     -1.749825    46.923074    47.000286    0.013892     -0.043303    1.161206    
-0.600256    0.991424     97.551592    97.578334    -0.027251    0.045009     4.428726    
-1.698741    -0.094039    41.841001    41.921818    -0.048654    -0.002693    1.198378    
0.300149     0.543565     17.306660    17.429314    0.076141     0.137890     4.390311    
0.150147     0.607154     8.659491     8.902411     0.009945     0.040215     0.573564    
1.388170     1.458283     81.792061    81.840514    0.149364     0.156908     8.800651    
0.514975     -1.368523    16.050802    16.237033    0.006800     -0.018071    0.211949    
0.996107     -0.211326    19.147870    19.275704    0.026082     -0.005533    0.501372    
0.195141     -0.393642    123.208629   123.225136   0.002479     -0.005000    1.565020    
1.646689     1.052672     45.337935    45.422715    0.219349     0.140222     6.039284    
-0.736198    -0.200896    83.911408    83.937963    -0.027977    -0.007634    3.188746    
-0.661120    -0.200154    26.511848    26.593800    -0.026711    -0.008087    1.071155    
-0.294308    -0.504557    4.404381     4.859498     -0.049249    -0.084431    0.737017    
-1.952925    0.186768     44.465560    44.552326    -0.399106    0.038168     9.087117    
1.327218     1.046728     57.708108    57.766407    0.000490     0.000386     0.021304    
-1.083082    0.319256     25.967135    26.066110    -0.028571    0.008422     0.685007    
1.287720     -0.024165    83.398693    83.431863    0.048218     -0.000905    3.122838    
0.224053     -0.634814    80.244253    80.271217    0.003298     -0.009343    1.181067    
1.504040     -0.420744    55.762339    55.818927    0.086413     -0.024173    3.203758    
0.976903     2.200302     38.695826    38.820582    0.093097     0.209686     3.687656    
0.411798     0.164920     198.766071   198.776313   0.011857     0.004749     5.723343    
0.962474     0.461193     53.964408    54.010844    0.035314     0.016922     1.980017    
0.272012     -1.497163    87.127942    87.163460    0.004655     -0.025620    1.490955    
-0.903277    0.124060     72.170655    72.203252    -0.121365    0.016669     9.696913    
-0.865056    0.264729     53.871800    53.915343    -0.004129    0.001264     0.257146    
1.365446     -0.034602    22.882831    23.007924    0.209054     -0.005298    3.503427    
-1.641241    0.642505     121.689035   121.717717   -0.001739    0.000681     0.128921    
0.163627     -1.324749    20.602473    20.739300    0.003410     -0.027606    0.429323    
-0.603246    0.732602     9.923969     10.161728    -0.040444    0.049117     0.665349    
-0.372828    0.512531     72.978595    73.007889    -0.024508    0.033691     4.797250    
-0.388360    0.634109     12.867480    13.038402    -0.025578    0.041764     0.847484    
0.264289     -3.513067    47.009884    47.182790    0.000436     -0.005795    0.077540    
-2.186979    -0.966109    23.166375    23.372465    -0.499844    -0.220808    5.294780    
-0.713123    0.289478     39.668615    39.724883    -0.002347    0.000953     0.130579    
1.378623     -2.101416    21.396296    21.633146    0.086228     -0.131437    1.338270    
-0.442138    -0.969439    25.608870    25.706506    -0.008287    -0.018170    0.479990    
-0.053701    0.770542     26.302478    26.387344    -0.001305    0.018730     0.639339    
0.685627     -2.026016    101.988908   102.030324   0.034975     -0.103351    5.202653    
-1.227258    -1.514762    33.914138    34.027112    -0.015734    -0.019420    0.434785    
1.640474     -0.854739    50.971541    51.043067    0.093877     -0.048913    2.916862    
0.077251     -0.794566    42.664772    42.717619    0.002892     -0.029741    1.596965    
-3.019975    -0.169763    140.611486   140.657791   -0.045648    -0.002566    2.125400    
0.182133     1.321357     17.003184    17.168645    0.001027     0.007448     0.095838    
-0.796429    -0.078005    7.838662     8.121574     -0.013681    -0.001340    0.134656    
0.443355     -0.509055    30.874606    30.944659    0.017884     -0.020535    1.245447    
-1.601045    1.735402     56.350382    56.434170    -0.038429    0.041654     1.352544    
0.932493     -0.572224    38.608223    38.673852    0.122087     -0.074919    5.054795    
0.042300     -0.741906    39.649358    39.705148    0.000992     -0.017400    0.929911    
0.372857     -0.727820    30.512140    30.586506    0.008230     -0.016065    0.673502    
1.453440     0.042797     37.754153    37.833389    0.045140     0.001329     1.172546    
0.563126     -0.620581    12.401664    12.584850    0.068513     -0.075503    1.508848    
0.477903     -0.043293    23.261584    23.349657    0.004686     -0.000425    0.228098    
-1.761950    -0.604221    65.353397    65.409563    -0.104508    -0.035839    3.876369    
0.872793     0.618454     26.826580    26.919967    0.197729     0.140109     6.077477    
0.693809     1.460287     33.591752    33.688196    0.015324     0.032253     0.741939    
1.676107     -1.878707    75.048855    75.116872    0.091787     -0.102881    4.109805    
1.888885     0.339432     143.072161   143.098572   0.010968     0.001971     0.830745    
0.892788     -0.542264    79.725661    79.756800    0.025173     -0.015290    2.247932    
0.333869     -0.595129    27.090142    27.170138    0.073818     -0.131583    5.989616    
1.298426     0.900625     22.595835    22.736397    0.118048     0.081881     2.054326    
0.415310     1.708133     27.921333    28.045784    0.056537     0.232534     3.801020    
0.302644     0.138683     11.850105    12.017103    0.013568     0.006217     0.531267    
-1.079423    0.032851     28.091357    28.180943    -0.420722    0.012804     10.949044   
-1.586473    1.104796     46.657723    46.739229    -0.033886    0.023598     0.996579    
-0.890642    -1.457695    23.735619    23.878289    -0.048398    -0.079213    1.289817    
0.266584     1.137914     98.164162    98.190853    0.000874     0.003731     0.321824    
0.560631     -0.473218    22.085941    22.185625    0.038853     -0.032796    1.530626    
0.015281     -0.544189    80.913970    80.939742    0.001729     -0.061588    9.157289    
-0.600353    0.096507     97.329357    97.351161    -0.021119    0.003395     3.423801    
0.373202     -0.371456    28.236591    28.310021    0.004764     -0.004742    0.360463    
0.068617     0.126109     95.616809    95.637177    0.001075     0.001977     1.498673    
2.751757     -0.569709    94.008363    94.070952    0.350458     -0.072557    11.972724   
0.059719     0.830870     9.143856     9.390366     0.000448     0.006235     0.068618    
-0.156676    -1.089746    36.293921    36.363935    -0.012817    -0.089148    2.969073    
0.377824     -0.745951    19.182188    19.301048    0.096031     -0.189597    4.875505    
-0.088093    -0.655887    6.217113     6.554799     -0.014689    -0.109366    1.036673    
0.055987     -0.874038    24.665217    24.759139    0.002839     -0.044323    1.250782    
1.173274     -0.144002    11.567694    11.793380    0.107251     -0.013164    1.057426    
-0.899330    0.822188     8.000784     8.329002     -0.010415    0.009522     0.092655    
-0.561980    1.251342     11.278921    11.531292    -0.005532    0.012317     0.111020    
-0.885169    0.938135     33.879767    33.961407    -0.048334    0.051226     1.849968    
-0.723433    -1.247104    29.721759    29.821746    -0.077294    -0.133245    3.175580    
-0.658907    2.042106     54.625059    54.702618    -0.072799    0.225622     6.035239    
0.938946     -0.499061    75.327021    75.360240    0.004368     -0.002322    0.350438    
-0.952972    0.517269     19.618488    19.746791    -0.035526    0.019283     0.731365    
1.703583     -0.740758    31.585422    31.701179    0.109541     -0.047631    2.030960    
1.742584     -0.987094    30.809702    30.937415    0.048852     -0.027672    0.863727    
3.241932     0.158031     96.604924    96.679478    0.064440     0.003141     1.920234    
0.046482     1.191542     17.400439    17.551985    0.003414     0.087527     1.278180    
1.428662     1.503601     46.370290    46.458376    0.085347     0.089824     2.770122    
0.705357     0.846746     47.347857    47.401572    0.036181     0.043434     2.428706    
0.055916     -0.413155    50.282990    50.323234    0.000195     -0.001439    0.175169    
-1.152938    -0.350149    22.583494    22.701123    -0.042530    -0.012917    0.833075    
-0.415200    1.486587     33.829460    33.921816    -0.119291    0.427109     9.719496    
-0.226721    -0.805161    4.562368     5.038833     -0.000369    -0.001311    0.007426    
-0.429847    -0.930501    74.258757    74.291914    -0.034174    -0.073977    5.903724    
0.230420     0.829469     14.549012    14.706795    0.027667     0.099595     1.746911    
1.044222     -1.311938    37.223276    37.312984    0.141190     -0.177388    5.032987    
-0.118982    -0.252060    7.999949     8.243290     -0.007761    -0.016442    0.521835    
0.367420     -0.965126    78.898922    78.930230    0.032415     -0.085146    6.960694    
-1.496525    0.379346     33.609613    33.702589    -0.004558    0.001155     0.102359    
-1.085601    0.657263     47.567847    47.625471    -0.001113    0.000674     0.048749    
-0.226553    -2.153013    29.810468    29.953727    -0.019925    -0.189355    2.621800    
0.729521     -0.293797    69.319926    69.352330    0.005543     -0.002232    0.526744    
-0.401991    0.825029     44.252582    44.305849    -0.006218    0.012761     0.684464    
0.202633     0.154262     42.784033    42.830051    0.001828     0.001392     0.385974    
0.724839     0.226237     27.468870    27.549779    0.001010     0.000315     0.038264    
-0.333358    0.005356     66.699161    66.729035    -0.015319    0.000246     3.065157    
-0.047500    0.664894     17.192392    17.317552    -0.002995    0.041924     1.084049    
-0.329664    -1.503385    35.373765    35.461909    -0.005059    -0.023069    0.542791    
0.513063     -0.266149    24.495382    24.581146    0.003142     -0.001630    0.150002    
-0.620235    -0.338373    42.193773    42.245575    -0.058871    -0.032118    4.004950    
-0.854434    -0.412274    20.289397    20.406729    -0.044454    -0.021450    1.055617    
-0.088498    -0.275356    38.258556    38.310256    -0.003568    -0.011101    1.542463    
-0.425707    -2.171727    8.448186     8.952342     -0.046980    -0.239668    0.932329    
0.025571     -0.719599    14.910455    15.057061    0.000160     -0.004491    0.093046    
-0.515555    0.015318     51.310265    51.350602    -0.028304    0.000841     2.816953    
0.100383     0.063025     28.639772    28.707587    0.003009     0.001889     0.858433    
0.518348     -0.057285    58.546364    58.581769    0.089210     -0.009859    10.076046   
-2.612482    -0.585716    22.515355    22.759268    -0.071158    -0.015953    0.613263    
-0.471472    -0.165231    15.629248    15.760645    -0.002905    -0.001018    0.096310    
0.227268     0.017344     15.703241    15.827782    0.048476     0.003699     3.349519    
-0.686024    -1.686948    66.294165    66.348382    -0.004632    -0.011391    0.447631    
-0.279625    -0.777547    13.967199    14.129415    -0.023263    -0.064688    1.162004    
-0.039167    0.458971     60.099486    60.133480    -0.000275    0.003222     0.421905    
0.946073     0.932534     16.432325    16.603040    0.120035     0.118317     2.084891    
0.539602     -0.272869    64.255149    64.288139    0.029148     -0.014740    3.470952    
0.440945     -0.744523    63.869410    63.905596    0.026692     -0.045068    3.866211    
0.405764     -0.465622    7.900046     8.164994     0.009628     -0.011048    0.187446    
0.836451     0.770608     11.186565    11.415239    0.141627     0.130478     1.894092    
-0.802153    2.338012     45.691043    45.800175    -0.091057    0.265402     5.186666    
0.889023     -1.338142    17.062801    17.250945    0.148755     -0.223903    2.855011    
-0.901137    -1.994395    23.005275    23.192828    -0.030594    -0.067710    0.781029    
-0.473882    -0.742584    28.520877    28.602296    -0.028899    -0.045286    1.739331    
1.451364     0.048946     13.524958    13.744391    0.012306     0.000415     0.114679    
1.079915     -0.402308    45.331538    45.388890    0.021808     -0.008124    0.915443    
-0.934848    -0.393798    12.695440    12.887132    -0.120053    -0.050572    1.630349    
1.049774     -0.193428    13.558897    13.742564    0.108900     -0.020066    1.406551    
-0.332705    0.534622     42.385874    42.436232    -0.089751    0.144220     11.434033   
1.752727     -0.912809    12.790481    13.091090    0.130782     -0.068111    0.954381    
0.814274     0.255744     35.143784    35.209217    0.051273     0.016103     2.212908    
-0.960110    0.397765     82.547386    82.577394    -0.053235    0.022055     4.576980    
1.369302     1.029397     27.871182    27.993077    0.047348     0.035595     0.963738    
-0.042215    -0.432454    73.725357    73.752912    -0.002809    -0.028771    4.904887    
-0.946728    0.240193     18.471764    18.602017    -0.084051    0.021325     1.639940    
-0.890016    -0.117393    18.741701    18.866166    -0.028461    -0.003754    0.599324    
-0.684270    0.956370     82.049567    82.081601    -0.140304    0.196096     16.823652   
-0.525975    -0.610154    14.438403    14.594224    -0.001190    -0.001380    0.032656    
0.227420     -0.384644    5.559654     5.914759     0.030899     -0.052261    0.755378    
-0.948653    -0.373442    36.263942    36.331637    -0.092059    -0.036239    3.519100    
-1.788789    0.721839     49.016863    49.094283    -0.047710    0.019253     1.307369    
-0.610521    0.131860     12.042784    12.218581    -0.005054    0.001092     0.099695    
0.622153     0.536341     14.893086    15.045056    0.008258     0.007119     0.197668    
-2.343712    -0.854827    50.847137    50.946344    -0.103344    -0.037693    2.242070    
0.458130     2.295644     28.552914    28.716262    0.069497     0.348241     4.331376    
0.135027     -1.438563    9.795949     10.095705    0.005151     -0.054883    0.373726    
-1.044068    1.107071     14.679832    14.889194    -0.015172    0.016088     0.213323    
0.675853     0.700352     10.779697    11.001095    0.096458     0.099954     1.538479    
0.208675     1.617049     20.382385    20.542030    0.062781     0.486501     6.132190    
0.522720     0.238623     45.464419    45.510642    0.059991     0.027386     5.217807    
0.593049     0.616048     59.113444    59.152391    0.019932     0.020705     1.986761    
-1.725296    -0.853838    21.355256    21.532013    -0.002481    -0.001228    0.030715    
-0.686464    -1.511506    41.263301    41.343571    -0.060793    -0.133859    3.654268    
-1.471142    2.344159     19.471119    19.765090    -0.294649    0.469502     3.899793    
-0.397653    -0.371742    65.134961    65.166973    -0.028812    -0.026934    4.719329    
-3.163856    -1.623270    27.773317    28.069148    -0.048800    -0.025038    0.428380    
-0.319254    0.451451     15.035138    15.173531    -0.011474    0.016225     0.540373    
0.014004     -0.415984    37.916103    37.969449    0.000763     -0.022668    2.066150    
1.229892     0.104179     13.125019    13.329087    0.064996     0.005506     0.693612    
-1.927702    1.194914     71.427573    71.490678    -0.089959    0.055762     3.333265    
0.700564     -1.042436    24.298523    24.410462    0.025392     -0.037784    0.880716    
0.557060     1.586322     52.120749    52.184999    0.112933     0.321596     10.566457   
0.945932     0.437058     21.905543    22.018482    0.095957     0.044336     2.222124    
1.594707     -1.341777    30.822945    30.955974    0.110983     -0.093380    2.145110    
0.078032     0.951088     50.523262    50.570600    0.004228     0.051527     2.737169    
-2.451472    -0.567265    42.028594    42.149842    -0.458632    -0.106126    7.862894    
-0.859707    0.543249     47.398767    47.450525    -0.019479    0.012309     1.073971    
2.974699     2.756687     64.964053    65.120283    0.198909     0.184331     4.343938    
0.196255     0.960712     78.967942    78.998559    0.012345     0.060431     4.967241    
-0.716225    0.268730     16.337526    16.473461    -0.177241    0.066501     4.042979    
1.336616     0.139860     9.533073     9.826522     0.050368     0.005270     0.359235    
-0.053280    -0.328067    22.249277    22.338661    -0.005557    -0.034214    2.320377    
-0.008238    0.085646     4.274431     4.706710     -0.002682    0.027884     1.391641    
0.815550     1.977888     25.752154    25.915740    0.003324     0.008061     0.104951    
0.813953     -1.289425    37.983894    38.065421    0.010385     -0.016451    0.484613    
0.997674     1.890494     18.718030    18.942253    0.321535     0.609276     6.032525    
0.690099     1.685541     24.808082    24.952618    0.025748     0.062889     0.925605    
-0.698259    -0.790238    18.197588    18.334100    -0.051796    -0.058619    1.349872    
0.812774     -0.799257    65.098629    65.138360    0.031108     -0.030591    2.491599    
-0.559100    -0.091378    50.136388    50.178215    -0.049135    -0.008031    4.406097    
0.963349     -1.218548    78.541046    78.581065    0.055991     -0.070823    4.564883    
-1.233225    0.094017     25.665419    25.770494    -0.204233    0.015570     4.250425    
-1.009429    -1.559757    102.893840   102.929437   -0.023902    -0.036933    2.436379    
0.471215     0.915062     53.227775    53.274106    0.010208     0.019822     1.153043    
-0.491952    0.338090     13.901048    14.052417    -0.008623    0.005926     0.243659    
-0.246801    -0.846564    6.523208     6.870573     -0.004026    -0.013808    0.106400    
0.799597     -0.428593    21.168477    21.279155    0.031660     -0.016970    0.838172    
0.620845     0.913734     20.321219    20.446203    0.017569     0.025857     0.575060    
-0.067870    1.655053     45.255466    45.328533    -0.005211    0.127084     3.474966    
0.174116     -1.117720    10.691067    10.929478    0.002089     -0.013412    0.128285    
1.065109     -1.369037    55.504239    55.566215    0.209129     -0.268804    10.897999   
2.297430     0.961846     98.542091    98.593214    0.111002     0.046472     4.761126    
1.114487     1.405678     65.444706    65.498874    0.026954     0.033996     1.582771    
0.321690     0.410167     10.293460    10.492949    0.039147     0.049914     1.252634    
-1.643701    -0.837654    96.264021    96.301817    -0.253544    -0.129210    14.848896   
1.089853     -0.282903    9.420770     9.689875     0.072981     -0.018944    0.630849    
-1.368270    1.944374     34.031308    34.171005    -0.032920    0.046781     0.818778    
