0.905266     -1.173709    40.549631    40.624433    0.112847     -0.146310    5.054769    
1.648886     -0.038666    17.908594    18.091794    0.008925     -0.000209    0.096934    
1.640310     -0.152245    25.096071    25.227000    0.156418     -0.014518    2.393124    
0.776351     1.189903     126.686021   126.709279   0.059943     0.091874     9.781632    
-0.192068    1.607823     23.340181    23.478948    -0.041509    0.347475     5.044163    
1.482973     -0.847883    27.699633    27.821983    0.203994     -0.116633    3.810290    
1.409971     -1.544859    88.166225    88.212997    0.131784     -0.144391    8.240513    
0.061092     0.830126     61.021169    61.058586    0.003594     0.048833     3.589615    
-1.222903    0.326406     10.068912    10.337310    -0.018453    0.004925     0.151938    
-0.582229    1.291820     27.115598    27.223857    -0.114747    0.254596     5.344028    
-0.098539    -0.218718    17.250643    17.364250    -0.003577    -0.007941    0.626292    
-0.339695    0.713399     15.080425    15.228870    -0.013681    0.028732     0.607363    
1.139789     -0.854029    45.566246    45.630978    0.043694     -0.032739    1.746787    
0.121471     0.376465     19.835433    19.936796    0.000679     0.002103     0.110825    
-1.175871    -0.047832    21.773109    21.893565    -0.555665    -0.022603    10.289012   
-0.485349    -0.870118    22.065063    22.175090    -0.001157    -0.002074    0.052601    
-0.414734    1.818910     27.944819    28.076116    -0.156536    0.686523     10.547397   
0.306335     0.795721     21.663032    21.768990    0.003813     0.009906     0.269673    
-0.543646    2.126745     22.300603    22.494676    -0.012961    0.050705     0.531679    
1.870643     1.400112     31.120452    31.270068    0.140075     0.104841     2.330315    
-0.880625    0.093545     106.163714   106.185656   -0.119729    0.012718     14.433917   
0.726150     -0.246264    119.491539   119.510213   0.121129     -0.041079    19.932320   
-0.617773    -0.917630    38.456936    38.523170    -0.019720    -0.029292    1.227579    
-1.530702    0.432201     14.339721    14.561332    -0.039245    0.011081     0.367652    
-0.648853    1.070535     19.563216    19.701813    -0.000142    0.000234     0.004269    
-0.692614    0.181723     34.249416    34.313411    -0.062502    0.016399     3.090709    
0.260771     -0.740622    102.701997   102.723861   0.053976     -0.153299    21.257940   
-0.119494    1.240245     17.000136    17.159022    -0.002481    0.025754     0.353014    
1.195229     -1.653957    60.958795    61.024698    0.157453     -0.217883    8.030355    
-0.562130    0.271654     42.140868    42.191439    -0.012991    0.006278     0.973923    
-2.102722    1.153532     62.987743    63.064117    -0.584019    0.320387     17.494487   
-0.875573    -0.728630    7.297161     7.643366     -0.008707    -0.007246    0.072567    
1.325577     -0.693718    49.843780    49.905068    0.017151     -0.008976    0.644897    
-0.134093    0.125046     175.793787   175.804903   -0.005703    0.005319     7.477186    
-0.419729    1.578528     44.249987    44.323857    -0.001290    0.004850     0.135962    
-0.495661    1.399042     8.667909     9.011692     -0.023579    0.066555     0.412347    
0.632216     -1.389121    42.783225    42.855672    0.013327     -0.029282    0.901841    
1.571726     -0.706374    67.781384    67.831852    0.001558     -0.000700    0.067203    
-0.338543    -0.918388    16.911377    17.053670    -0.000810    -0.002197    0.040448    
0.207059     -0.824872    70.153631    70.186396    0.014923     -0.059451    5.056201    
0.032476     -0.168523    14.558944    14.692422    0.001141     -0.005920    0.511432    
-0.251994    -1.351449    31.358168    31.449954    -0.005734    -0.030754    0.713589    
1.407960     0.499345     120.587160   120.612478   0.106306     0.037702     9.104747    
-0.506497    -2.742610    100.197547   100.255682   -0.025378    -0.137420    5.020472    
-1.734467    0.989490     48.597071    48.677897    -0.095982    0.054756     2.689260    
0.409244     -1.045027    11.408609    11.631461    0.051923     -0.132589    1.447479    
-0.210409    -2.331980    25.930499    26.110307    -0.004284    -0.047477    0.527920    
1.175167     0.857541     45.711042    45.776530    0.088828     0.064820     3.455195    
-0.992983    -1.850410    47.377011    47.464367    -0.107670    -0.200642    5.137133    
1.228888     -0.434858    30.702514    30.793158    0.112893     -0.039949    2.820517    
-1.518132    0.444306     10.526894    10.825552    -0.354915    0.103872     2.461016    
0.003224     1.334376     23.067280    23.189543    0.000049     0.020137     0.348102    
-1.394718    1.749257     40.189522    40.299849    -0.074723    0.093718     2.153190    
-1.146054    -1.476601    32.620449    32.733201    -0.029921    -0.038551    0.851660    
0.670060     -0.014069    64.836162    64.869500    0.024737     -0.000519    2.393631    
-0.207597    3.126865     45.974936    46.123639    -0.002269    0.034169     0.502390    
0.842328     -1.059054    152.328796   152.347525   0.073395     -0.092279    13.272982   
2.130063     0.824457     26.569686    26.740233    0.081075     0.031381     1.011302    
0.888770     1.090384     68.360009    68.402812    0.064357     0.078956     4.950040    
-0.538451    -0.553034    78.713707    78.742100    -0.007674    -0.007881    1.121769    
1.187263     1.151685     30.341028    30.449777    0.013093     0.012701     0.334598    
0.097171     0.739639     13.761273    13.921354    0.016802     0.127895     2.379540    
-0.012813    -0.496434    81.108479    81.133883    -0.000669    -0.025931    4.236644    
-0.877986    -0.763420    21.523738    21.644859    -0.022386    -0.019465    0.548794    
-0.623912    0.721267     20.009405    20.128605    -0.007087    0.008192     0.227271    
0.413560     -1.777244    35.705312    35.806059    0.000661     -0.002840    0.057054    
-0.359583    -1.280009    18.736862    18.886838    -0.021013    -0.074800    1.094933    
-1.333458    0.061011     15.876334    16.053497    -0.168384    0.007704     2.004796    
-0.922365    0.291966     15.042615    15.201684    -0.116629    0.036918     1.902075    
1.382418     -0.978423    37.324280    37.414505    0.128818     -0.091172    3.477985    
0.316360     -1.134641    18.938458    19.076887    0.077402     -0.277607    4.633577    
0.663095     -0.222214    37.595323    37.653318    0.011689     -0.003917    0.662751    
-0.940444    0.019560     27.533599    27.619900    -0.051570    0.001073     1.509816    
-0.335040    -0.377835    10.721358    10.912263    -0.025171    -0.028386    0.805478    
0.140450     -0.046817    47.827438    47.868159    0.016759     -0.005586    5.706976    
-0.915813    -1.076673    29.132379    29.233002    -0.181975    -0.213939    5.788713    
0.738669     0.747037     78.573251    78.604926    0.075382     0.076236     8.018473    
0.076661     -1.453331    33.280324    33.370241    0.008264     -0.156659    3.587394    
0.379408     0.570565     29.088791    29.163371    0.006745     0.010143     0.517108    
1.084646     -0.607612    91.508281    91.537894    0.099024     -0.055473    8.354342    
-0.734636    0.374506     15.603139    15.748423    -0.004021    0.002050     0.085407    
1.706499     0.739531     21.303414    21.474856    0.162478     0.070412     2.028323    
0.027307     -0.987005    8.018357     8.315283     0.004935     -0.178374    1.449097    
2.360421     -0.019567    30.110586    30.267050    0.037403     -0.000310    0.477134    
-0.159885    -0.962015    36.913938    36.979248    -0.040584    -0.244190    9.369938    
-1.121640    0.767731     85.786256    85.819603    -0.038420    0.026297     2.938471    
-0.957877    -0.013933    21.485391    21.596636    -0.044208    -0.000643    0.991591    
0.527486     -0.516887    37.631871    37.690557    0.004877     -0.004779    0.347958    
0.340810     1.541076     45.592777    45.662538    0.016203     0.073268     2.167630    
-1.008425    -1.514014    71.389767    71.440066    -0.058648    -0.088051    4.151862    
-0.261827    -2.299860    27.998300    28.162700    -0.005114    -0.044923    0.546894    
0.355191     -1.087150    14.103187    14.285759    0.001311     -0.004013    0.052062    
-1.408821    -0.388302    27.736158    27.844299    -0.255052    -0.070298    5.021343    
-0.132175    -0.657506    63.581035    63.615036    -0.003696    -0.018386    1.777909    
-1.208471    -1.031044    27.962128    28.076307    -0.016610    -0.014171    0.384330    
0.310127     -0.381729    200.564578   200.574841   0.029195     -0.035936    18.881117   
1.367396     -0.521360    27.719681    27.827994    0.079569     -0.030338    1.613022    
1.504251     0.800533     34.625984    34.723729    0.101368     0.053946     2.333358    
0.837425     -0.360211    32.836960    32.908539    0.080465     -0.034611    3.155168    
-0.532344    -0.480291    7.118867     7.420734     -0.043436    -0.039189    0.580856    
-0.191472    -0.680306    31.701874    31.770792    -0.016585    -0.058928    2.746009    
-2.579295    -2.464983    114.551034   114.623485   -0.026973    -0.025777    1.197910    
-0.040576    0.677735     38.823044    38.878846    -0.000036    0.000598     0.034252    
-2.151430    0.186541     28.467900    28.617473    -0.290491    0.025187     3.843808    
-0.138082    0.780362     33.921727    33.988036    -0.002001    0.011308     0.491555    
1.378384     -1.444987    50.048983    50.127473    0.096843     -0.101523    3.516371    
0.113460     -1.045179    45.560097    45.614720    0.003996     -0.036811    1.604626    
0.785449     -0.575580    38.048528    38.111857    0.055944     -0.040996    2.710003    
-0.859480    -1.394312    29.415367    29.526625    -0.024941    -0.040461    0.853591    
2.109804     -1.574090    56.074451    56.170704    0.081796     -0.061027    2.173988    
0.717943     1.649180     56.735863    56.798489    0.021164     0.048617     1.672530    
-0.994300    -0.736506    14.862171    15.042943    -0.205404    -0.152149    3.070255    
0.870272     -1.096909    71.025279    71.066347    0.003327     -0.004193    0.271492    
1.000684     0.017578     141.999298   142.016468   0.011096     0.000195     1.574582    
0.661760     0.771343     61.964194    62.003783    0.152630     0.177905     14.291580   
2.306824     -1.994043    110.554724   110.614283   0.260545     -0.225218    12.486650   
0.637659     -0.861341    8.140614     8.443522     0.034615     -0.046757    0.441906    
0.111122     -0.568355    95.473426    95.495473    0.007145     -0.036543    6.138566    
0.282712     0.196224     62.939568    62.971284    0.067158     0.046613     14.951348   
-0.185639    -1.920203    18.429486    18.634446    -0.012573    -0.130048    1.248160    
-0.617571    0.891589     32.837126    32.913950    -0.064504    0.093125     3.429796    
-0.068033    -0.105264    5.701122     6.032699     -0.007025    -0.010869    0.588651    
0.574399     -1.969985    101.260478   101.300396   0.167784     -0.575441    29.578610   
0.174785     0.470792     17.818185    17.933624    0.004860     0.013090     0.495430    
1.231709     -2.483730    54.145678    54.252331    0.014821     -0.029886    0.651517    
1.128591     1.276752     34.257418    34.356215    0.017003     0.019235     0.516101    
-0.221020    -1.449504    19.537271    19.690856    -0.017951    -0.117724    1.586753    
-0.731935    -0.639583    17.589181    17.725661    -0.062049    -0.054220    1.491100    
0.640469     0.112564     22.434363    22.529946    0.057714     0.010143     2.021611    
-0.696847    -1.061599    30.208324    30.299016    -0.035921    -0.054723    1.557167    
1.621936     -0.881959    15.180157    15.418192    0.072734     -0.039551    0.680739    
-0.527718    2.480963     60.028701    60.114504    -0.015464    0.072700     1.759022    
-0.856624    0.270439     49.376218    49.423606    -0.075164    0.023729     4.332464    
-0.090486    -2.012153    59.683847    59.750259    -0.001488    -0.033081    0.981239    
0.890382     -0.608329    68.843073    68.879652    0.021532     -0.014711    1.664850    
-0.694882    0.450570     16.928484    17.062661    -0.013799    0.008948     0.336173    
1.876021     1.068493     82.768284    82.819834    0.008138     0.004635     0.359035    
0.177523     0.065716     20.068413    20.165614    0.005588     0.002068     0.631654    
0.335243     0.411982     11.076816    11.262900    0.043663     0.053658     1.442676    
-0.252080    0.841064     85.643598    85.670717    -0.008370    0.027927     2.843703    
-0.493920    -1.122957    35.704224    35.779485    -0.066793    -0.151858    4.828288    
-1.588384    1.805196     50.199865    50.295955    -0.200539    0.227912     6.337903    
0.649525     0.918021     46.438819    46.494123    0.047543     0.067196     3.399147    
0.330870     1.428050     36.089815    36.173174    0.009341     0.040316     1.018876    
-1.022594    0.656082     55.171387    55.219860    -0.097702    0.062684     5.271263    
-1.742425    -0.561695    44.019892    44.101898    -0.065524    -0.021122    1.655361    
-1.204053    -0.571386    28.286702    28.386417    -0.047542    -0.022561    1.116902    
-1.835878    0.510047     26.661874    26.802259    -0.093687    0.026028     1.360594    
0.268447     0.961348     18.453250    18.584769    0.021076     0.075476     1.448779    
-1.493380    0.575889     7.639218     8.049499     -0.087423    0.033713     0.447201    
1.235374     0.779931     39.122317    39.199045    0.133256     0.084129     4.220019    
-0.951975    -1.765614    39.310404    39.410741    -0.089151    -0.165346    3.681340    
0.178676     1.367328     61.478318    61.525280    0.010598     0.081101     3.646500    
-0.332702    -0.501053    22.961769    23.053840    -0.001080    -0.001627    0.074539    
0.428007     0.292490     5.510644     5.874597     0.048506     0.033148     0.624515    
-0.594129    0.053998     31.006940    31.075089    -0.008281    0.000753     0.432184    
2.214256     0.046074     18.525218    18.760696    0.035692     0.000743     0.298615    
0.006095     1.996818     16.857230    17.088841    0.000104     0.034150     0.288295    
-0.957109    0.223808     22.459119    22.566638    -0.029701    0.006945     0.696954    
0.517086     0.035539     6.139771     6.468415     0.040989     0.002817     0.486695    
0.483893     1.286886     120.173410   120.197394   0.011554     0.030727     2.869341    
-0.503326    2.328679     52.242370    52.333701    -0.013216    0.061145     1.371752    
1.696067     -0.856969    12.281184    12.582268    0.032664     -0.016504    0.236520    
0.032091     -0.194006    12.277660    12.436018    0.000572     -0.003459    0.218908    
0.897907     0.895714     62.781242    62.824898    0.040621     0.040521     2.840166    
1.617821     -0.365093    61.967498    62.020935    0.129164     -0.029148    4.947379    
1.582989     -0.168631    43.509390    43.582981    0.380268     -0.040509    10.451884   
1.045517     2.247953     43.019938    43.136254    0.012841     0.027610     0.528384    
0.825251     0.529317     18.939702    19.066948    0.152132     0.097578     3.491470    
-0.108348    -0.763164    34.865682    34.929714    -0.009935    -0.069980    3.197108    
-0.202706    0.071370     91.566022    91.587431    -0.001796    0.000632     0.811395    
-0.012948    0.422100     39.264924    39.316504    -0.002782    0.090693     8.436466    
0.754355     -0.294976    23.344401    23.441248    0.005698     -0.002228    0.176324    
-1.358232    0.008198     16.331352    16.505540    -0.044459    0.000268     0.534571    
-0.975851    2.004510     30.798211    30.941479    -0.083732    0.171996     2.642618    
-0.246686    0.592611     16.006135    16.139497    -0.002378    0.005712     0.154292    
-0.064057    1.544782     108.694018   108.722835   -0.007304    0.176134     12.393172   
-1.362561    -1.157302    102.748408   102.782811   -0.036260    -0.030797    2.734268    
1.811299     1.327971     26.714708    26.881125    0.121474     0.089060     1.791611    
0.163294     0.614099     12.613452    12.781937    0.000317     0.001191     0.024464    
0.085164     -0.101872    10.937553    11.114074    0.002478     -0.002964    0.318244    
-0.504702    1.877439     9.203317     9.610177     -0.008897    0.033096     0.162238    
-0.167948    0.530262     15.416868    15.551982    -0.007853    0.024793     0.720826    
0.223969     0.867919     13.417979    13.591194    0.004165     0.016139     0.249512    
1.430033     0.742828     18.358866    18.534284    0.080464     0.041797     1.033003    
0.898488     -0.547124    104.361897   104.385761   0.039432     -0.024012    4.580159    
-0.552797    -0.808470    20.474071    20.591788    -0.043590    -0.063751    1.614467    
0.137977     -0.498824    100.860435   100.880970   0.002276     -0.008228    1.663742    
-0.632357    -0.966962    30.553841    30.638979    -0.071925    -0.109983    3.475232    
-2.193185    0.463282     48.403917    48.495761    -0.005116    0.001081     0.112911    
-0.143360    -0.444919    17.354948    17.472484    -0.017025    -0.052837    2.061021    
-0.505330    -0.083483    52.019654    52.059405    -0.017241    -0.002848    1.774807    
-2.097058    0.018337     27.803874    27.952251    -0.180273    0.001576     2.390150    
1.145636     0.814519     131.015968   131.038295   0.007853     0.005583     0.898037    
-0.040123    0.722177     122.368244   122.386213   -0.002652    0.047733     8.087989    
2.301770     2.176021     49.625214    49.765149    0.026722     0.025262     0.576122    
0.537443     -0.086536    17.925092    18.041071    0.072290     -0.011640    2.411070    
0.865375     -1.979453    66.672583    66.736612    0.010792     -0.024685    0.831451    
-1.492945    -0.235040    58.131179    58.184130    -0.188492    -0.029675    7.339359    
1.438698     -0.249311    34.266983    34.354521    0.031353     -0.005433    0.746773    
1.499616     1.432337     119.246361   119.280635   0.057949     0.055349     4.607998    
-1.011158    0.549503     59.174116    59.218032    -0.071986    0.039120     4.212690    
0.599741     -2.278478    39.433848    39.553185    0.024976     -0.094888    1.642231    
-0.159732    2.310507     36.369214    36.496009    -0.022535    0.325963     5.130909    
0.637522     0.484375     14.683235    14.836220    0.034871     0.026495     0.803151    
1.210474     -0.899133    75.161717    75.202609    0.088267     -0.065564    5.480766    
-0.431876    -2.672249    170.328142   170.361023   -0.036009    -0.222805    14.201512   
0.616295     0.787473     33.565723    33.638261    0.029973     0.038298     1.632445    
-0.030232    0.620713     5.641609     6.007404     -0.001954    0.040115     0.364601    
0.762529     -0.022768    30.441959    30.515075    0.006351     -0.000190    0.253555    
0.434262     1.319710     18.302726    18.460632    0.001838     0.005585     0.077457    
0.144934     1.914464     25.329590    25.478407    0.028119     0.371427     4.914214    
-1.177482    0.507252     76.001892    76.038190    -0.001541    0.000664     0.099461    
-0.999241    0.920926     11.846259    12.085338    -0.074978    0.069101     0.888882    
1.559417     0.027636     77.480128    77.520822    0.060208     0.001067     2.991459    
0.335553     -0.717272    104.619277   104.640791   0.017283     -0.036944    5.388549    
0.517557     -0.386864    10.138535    10.348062    0.104198     -0.077886    2.041168    
0.293066     0.595772     36.297044    36.356447    0.034924     0.070998     4.325486    
2.232470     -2.165575    38.471508    38.647193    0.120378     -0.116771    2.074432    
1.826775     0.749924     59.900295    59.965154    0.197986     0.081277     6.492011    
0.968098     -1.558508    93.751014    93.789625    0.003232     -0.005203    0.313011    
-0.422904    0.109155     9.753329     9.959575     -0.000910    0.000235     0.020986    
-0.994725    -0.128740    44.679448    44.734037    -0.005354    -0.000693    0.240488    
1.966275     0.518078     53.720398    53.794896    0.193993     0.051114     5.300063    
0.498274     0.785784     79.395570    79.425419    0.049804     0.078541     7.935811    
-0.059539    0.694646     15.169137    15.312209    -0.000576    0.006717     0.146682    
-0.686794    -0.001914    12.254721    12.430802    -0.040434    -0.000113    0.721475    
-1.269922    0.359867     72.925588    72.964091    -0.024189    0.006855     1.389056    
0.786089     -0.777578    13.575626    13.762091    0.085110     -0.084189    1.469840    
0.250391     -0.743426    42.417531    42.470428    0.020018     -0.059434    3.391134    
0.210137     -0.850144    28.606918    28.687935    0.001910     -0.007726    0.259986    
-0.914109    0.570199     117.322908   117.344366   -0.005068    0.003161     0.650440    
1.542186     0.451259     12.416870    12.674210    0.072579     0.021237     0.584369    
-1.489826    -0.918629    32.083319    32.191269    -0.118763    -0.073229    2.557546    
0.220769     -1.077615    40.446427    40.509238    0.009666     -0.047181    1.770859    
-0.577114    0.030364     8.617651     8.858490     -0.086242    0.004538     1.287793    
-0.577777    0.828853     73.191249    73.224686    -0.015702    0.022526     1.989140    
0.224618     0.429996     21.764915    21.859136    0.001143     0.002187     0.110713    
1.042810     0.346018     17.811560    17.953657    0.173173     0.057461     2.957855    
1.861660     -2.202525    83.572931    83.645840    0.111162     -0.131515    4.990225    
1.836952     -0.986125    87.320796    87.367862    0.079951     -0.042920    3.800527    
0.358040     -0.370976    38.035997    38.090390    0.029216     -0.030271    3.103705    
-0.493428    0.575513     71.971519    72.002425    -0.102928    0.120051     15.013135   
-0.179308    1.077194     54.814722    54.860926    -0.001588    0.009537     0.485310    
1.111802     0.121988     41.668957    41.730419    0.135166     0.014831     5.065852    
0.612287     -1.164804    99.235615    99.263860    0.059299     -0.112810    9.610827    
-2.389419    -0.923670    55.756853    55.850372    -0.049120    -0.018988    1.146203    
0.591883     -1.866482    6.953169     7.487028     0.047248     -0.148995    0.555049    
-1.436237    0.499046     16.705137    16.889297    -0.160006    0.055597     1.861056    
0.757304     1.036547     38.164276    38.236565    0.048334     0.066157     2.435801    
-0.834490    -0.670393    40.832632    40.894065    -0.011276    -0.009059    0.551756    
0.618274     2.759965     73.509804    73.590529    0.004270     0.019061     0.507677    
-0.018745    0.180402     37.099875    37.152505    -0.000555    0.005340     1.098143    
1.098416     2.422815     78.357537    78.427387    0.017848     0.039368     1.273226    
1.917794     -0.517502    79.704277    79.753323    0.116789     -0.031515    4.853787    
-2.010224    1.864189     20.955313    21.225370    -0.007904    0.007330     0.082399    
-1.759828    1.503554     96.668835    96.716577    -0.349281    0.298417     19.186287   
1.284760     -0.569123    19.709437    19.857275    0.226619     -0.100388    3.476546    
0.384601     0.235974     136.130211   136.145190   0.035238     0.021621     12.472665   
0.698783     -1.917545    30.748894    30.879357    0.009650     -0.026480    0.424618    
1.495086     -0.163846    88.465160    88.499840    0.057343     -0.006284    3.393020    
-0.126259    0.043023     8.095534     8.332491     -0.001601    0.000545     0.102622    
0.511456     -0.231763    10.850359    11.041764    0.037245     -0.016877    0.790132    
-1.419726    0.170429     19.908500    20.056620    -0.008392    0.001007     0.117675    
-0.567049    -0.489401    13.943217    14.101394    -0.023167    -0.019995    0.569668    
2.288976     -0.377771    17.625646    17.886321    0.314380     -0.051885    2.420798    
-1.061879    0.302064     31.179669    31.261247    -0.042728    0.012155     1.254615    
-0.629727    -0.337568    67.781339    67.813681    -0.173596    -0.093057    18.685186   
0.352248     -1.312145    17.565840    17.727929    0.030979     -0.115397    1.544833    
1.691888     -0.210148    32.354030    32.458663    0.040114     -0.004983    0.767102    
-0.336803    -0.898382    57.026059    57.068090    -0.001572    -0.004194    0.266206    
-1.429044    1.024435     44.607807    44.685826    -0.013182    0.009449     0.411466    
-0.821054    1.657457     68.693162    68.746249    -0.036232    0.073142     3.031346    
-0.672049    -0.415712    53.425314    53.467407    -0.001526    -0.000944    0.121316    
2.514563     -1.211595    30.728173    30.917415    0.238797     -0.115060    2.918116    
-1.168993    1.029135     35.504579    35.593198    -0.211764    0.186429     6.431686    
0.365051     -0.884202    36.640540    36.705847    0.035915     -0.086991    3.604844    
-0.822328    0.062011     50.809980    50.854784    -0.151855    0.011451     9.382806    
0.093394     1.665148     53.379192    53.441506    0.010680     0.190417     6.104143    
-1.003234    -0.425718    30.233489    30.317099    -0.092671    -0.039324    2.792721    
-0.495762    -1.086687    10.431881    10.682966    -0.049764    -0.109080    1.047136    
0.683369     -0.230262    63.274937    63.309656    0.036244     -0.012212    3.355931    
-2.921999    -0.624212    72.513063    72.601287    -0.752843    -0.160826    18.682743   
0.013731     1.604449     128.868923   128.893944   0.000669     0.078200     6.281036    
0.105519     -0.064196    72.964486    72.991140    0.007279     -0.004429    5.033538    
0.778163     -0.128961    72.233837    72.264959    0.092615     -0.015349    8.597062    
-0.089685    -1.816852    79.409768    79.454988    -0.000497    -0.010065    0.439927    
-0.220488    -0.382225    47.667573    47.710242    -0.026080    -0.045211    5.638330    
-0.318883    -1.723928    68.738587    68.789112    -0.007349    -0.039729    1.584119    
-2.187721    -1.240026    28.092669    28.273606    -0.086232    -0.048877    1.107310    
-1.795391    -0.095072    69.209080    69.260408    -0.131821    -0.006980    5.081452    
-1.157369    0.850412     25.934519    26.048741    -0.102113    0.075030     2.288156    
1.172623     0.033571     110.762381   110.786083   0.124269     0.003558     11.738098   
0.191699     -0.489100    31.654334    31.719832    0.022843     -0.058282    3.771961    
0.069407     -0.016247    17.914191    18.022161    0.001616     -0.000378    0.417058    
0.479531     -0.318761    71.785612    71.814906    0.010416     -0.006924    1.559283    
-0.536007    -0.154500    37.117324    37.173672    -0.007494    -0.002160    0.518966    
-1.022276    -0.748483    30.907803    30.996331    -0.060288    -0.044141    1.822765    
-1.282759    1.279049     51.892206    51.961114    -0.124323    0.123963     5.029308    
-0.522596    -1.064173    12.486755    12.696440    -0.023433    -0.047717    0.559900    
0.401137     0.207562     25.787642    25.866608    0.008822     0.004565     0.567161    
0.018086     -0.368904    22.395440    22.484820    0.000044     -0.000896    0.054393    
0.248101     -0.187876    75.266959    75.293340    0.012845     -0.009727    3.896866    
-0.042230    -0.687706    47.505324    47.551083    -0.002916    -0.047482    3.279943    
1.282376     -0.177038    60.195173    60.241262    0.021655     -0.002990    1.016504    
1.947253     -0.699566    63.721048    63.785014    0.007979     -0.002867    0.261116    
1.452574     -0.145893    52.401226    52.458505    0.177574     -0.017835    6.405939    
-0.908347    2.136522     101.078021   101.123840   -0.152767    0.359324     16.999473   
-1.197376    -0.221553    134.524837   134.544749   -0.021502    -0.003979    2.415716    
0.970829     -0.876613    107.587348   107.613305   0.060820     -0.054917    6.740028    
-0.094207    -1.176952    32.528064    32.608955    -0.000057    -0.000711    0.019640    
-1.762363    -0.060205    22.286804    22.442953    -0.120887    -0.004130    1.528740    
-0.208909    1.210095     23.076702    23.193040    -0.021353    0.123688     2.358757    
-1.505715    -0.857911    23.126994    23.275223    -0.064963    -0.037014    0.997797    
-1.233908    -0.944045    18.722020    18.889223    -0.126178    -0.096537    1.914498    
-1.196017    0.903869     16.483372    16.668052    -0.062578    0.047292     0.862439    
1.456342     0.775229     57.487485    57.544832    0.197207     0.104975     7.784509    
-1.447073    -0.623896    37.805476    37.889474    -0.049162    -0.021196    1.284370    
1.173362     0.614816     111.833383   111.858550   0.044064     0.023089     4.199746    
1.340347     -1.351262    49.646920    49.722369    0.051341     -0.051759    1.901678    
2.265200     2.085329     50.205076    50.337902    0.164406     0.151351     3.643842    
0.266725     0.288816     12.520880    12.680771    0.001286     0.001393     0.060378    
-1.070561    -0.674983    30.040386    30.131403    -0.002445    -0.001542    0.068614    
-0.932021    -2.210950    21.061184    21.288621    -0.265524    -0.629879    6.000132    
0.467555     -0.629803    21.977306    22.079226    0.049211     -0.066287    2.313132    
1.940054     0.089643     24.710477    24.864723    0.042203     0.001950     0.537536    
-0.681721    0.073621     17.932986    18.053728    -0.001367    0.000148     0.035967    
-1.173674    -0.578177    21.636020    21.764745    -0.000430    -0.000212    0.007935    
1.815898     0.465651     149.864255   149.888907   0.189459     0.048583     15.635858   
-0.835722    -0.652662    40.461925    40.523657    -0.063316    -0.049447    3.065468    
1.249976     0.783275     20.285218    20.433819    0.056962     0.035694     0.924413    
1.439937     -1.164435    19.483242    19.669799    0.088473     -0.071546    1.197099    
-0.755576    0.504702     62.774196    62.811625    -0.008606    0.005748     0.714983    
-0.217715    -0.450324    181.692639   181.703990   -0.000583    -0.001206    0.486743    
0.575096     -0.275628    22.229977    22.326073    0.049489     -0.023719    1.912952    
1.705733     -0.151399    63.554852    63.608385    0.024272     -0.002154    0.904379    
-1.533959    1.341244     128.311005   128.342281   -0.023735    0.020753     1.985353    
0.917663     1.458482     23.993246    24.135452    0.049367     0.078462     1.290761    
-0.467669    0.684567     47.967401    48.014933    -0.048072    0.070367     4.930632    
-0.301265    0.015894     7.758372     8.009888     -0.102914    0.005429     2.650298    
-0.944884    1.797283     32.529999    32.652700    -0.135141    0.257055     4.652572    
-1.252135    0.735539     104.139294   104.168020   -0.011949    0.007019     0.993792    
1.109194     0.275121     10.544710    10.787579    0.063753     0.015813     0.606073    
-1.154374    -0.627021    36.550379    36.626915    -0.064006    -0.034766    2.026586    
-0.078289    -0.955771    11.129731    11.343082    -0.009986    -0.121913    1.419646    
-0.160874    -0.142329    88.634276    88.656393    -0.011678    -0.010332    6.433897    
1.266207     -0.640285    76.792953    76.831281    0.039122     -0.019783    2.372643    
0.292862     0.216275     8.551331     8.782526     0.001557     0.001150     0.045477    
1.335078     -1.276152    16.265135    16.487588    0.076427     -0.073054    0.931103    
0.581441     -0.409769    50.972227    51.015183    0.007767     -0.005474    0.680892    
-0.756051    0.738307     13.866263    14.045103    -0.230988    0.225567     4.236404    
-0.034600    1.903265     18.503617    18.705144    -0.000216    0.011891     0.115607    
0.142110     -1.220942    54.173169    54.222856    0.008740     -0.075091    3.331773    
0.703334     1.913744     77.601174    77.652908    0.001192     0.003244     0.131556    
1.309465     0.551646     36.869931    36.949774    0.144294     0.060788     4.062812    
2.687692     0.584711     24.023408    24.260351    0.467168     0.101633     4.175692    
0.884366     0.719185     27.646178    27.739601    0.055699     0.045296     1.741206    
-0.701510    3.095454     100.869132   100.938252   -0.028232    0.124575     4.059414    
-0.439565    1.764753     29.084352    29.207568    -0.068039    0.273162     4.501905    
-0.302689    0.096454     64.012695    64.043743    -0.045529    0.014508     9.628488    
0.557751     -1.760774    20.895429    21.069061    0.061560     -0.194339    2.306262    
-0.643858    -1.110704    39.997818    40.066802    -0.041880    -0.072247    2.601697    
0.440977     -0.434778    25.185631    25.270031    0.002647     -0.002610    0.151174    
-1.489043    -0.514151    26.004721    26.126654    -0.026911    -0.009292    0.469969    
-0.511917    0.251950     139.220503   139.235588   -0.014712    0.007241     4.000977    
0.345155     0.465780     31.977036    32.042813    0.034789     0.046947     3.223033    
-1.321902    -0.507442    86.970799    87.004596    -0.284943    -0.109382    18.747014   
0.368824     0.991807     79.857357    79.888623    0.001170     0.003145     0.253223    
-0.655963    0.433609     39.486243    39.543099    -0.026872    0.017763     1.617577    
0.016663     -1.664660    24.547987    24.682990    0.002653     -0.265081    3.909029    
-0.603831    -0.677107    72.586787    72.619141    -0.067967    -0.076215    8.170316    
0.032012     -1.659874    17.210061    17.401648    0.000944     -0.048958    0.507606    
2.436800     -0.216282    21.170210    21.401811    0.039933     -0.003544    0.346923    
0.216693     -1.642389    57.438305    57.495897    0.008044     -0.060966    2.132122    
0.158835     -0.028407    90.333995    90.355585    0.021647     -0.003871    12.311050   
-0.480299    0.468771     97.468306    97.490492    -0.027503    0.026843     5.581234    
-0.773538    -0.395738    30.387197    30.463284    -0.099889    -0.051103    3.923965    
-0.133086    -0.331918    102.188478   102.208061   -0.010018    -0.024986    7.692521    
1.239007     -0.411750    12.179635    12.406576    0.087167     -0.028968    0.856866    
-0.425043    -0.675298    78.502559    78.531289    -0.029714    -0.047209    5.487946    
0.101053     -1.383717    17.800842    17.963012    0.000329     -0.004502    0.057912    
0.459662     0.555918     14.889961    15.036829    0.127840     0.154611     4.141168    
0.448380     1.092143     129.606771   129.627095   0.039848     0.097059     11.518164   
-1.814541    -1.313463    59.877837    59.952048    -0.210812    -0.152597    6.956576    
1.126569     -0.942859    13.994584    14.208501    0.223570     -0.187112    2.777252    
-1.063552    -0.942607    38.513045    38.589497    -0.104499    -0.092616    3.784095    
-0.510595    -1.015076    33.551350    33.628249    -0.000424    -0.000842    0.027840    
-1.275194    -0.138316    113.132202   113.156596   -0.046596    -0.005054    4.133920    
1.071851     0.378652     8.718455     9.009920     0.010929     0.003861     0.088895    
-1.366112    0.456631     36.918469    36.998960    -0.132390    0.044252     3.577770    
-0.614828    -2.642564    65.819073    65.904374    -0.067227    -0.288946    7.196870    
0.992769     1.229665     64.291472    64.341014    0.008620     0.010677     0.558222    
-0.572011    1.313362     90.791913    90.824548    -0.020966    0.048138     3.327768    
-0.336963    0.195774     87.466311    87.489328    -0.000932    0.000541     0.241917    
1.174287     0.803488     29.580834    29.680384    0.100252     0.068596     2.525392    
1.325074     1.034418     48.460184    48.529272    0.174672     0.136358     6.388054    
0.416687     0.433359     19.288632    19.398137    0.088871     0.092426     4.113868    
-0.681989    1.135375     9.822634     10.105112    -0.000292    0.000487     0.004210    
-0.142256    -0.054746    42.249082    42.295190    -0.002417    -0.000930    0.717780    
1.233567     -0.263586    49.341487    49.396847    0.006305     -0.001347    0.252214    
1.022012     -2.768566    95.520139    95.585989    0.268636     -0.727717    25.107453   
0.254908     0.285298     9.473938     9.683844     0.014249     0.015947     0.529565    
-0.952156    -1.166562    20.021099    20.173915    -0.059580    -0.072996    1.252789    
0.515543     -2.982856    44.883695    45.028705    0.064370     -0.372433    5.604088    
-1.476198    -0.422938    123.022261   123.047591   -0.303603    -0.086984    25.301477   
-1.086008    0.593781     64.338469    64.380475    -0.062472    0.034157     3.701045    
-1.817265    -0.539033    11.093241    11.424883    -0.004037    -0.001197    0.024642    
-0.468407    0.417512     10.293081    10.498390    -0.003125    0.002786     0.068672    
1.274400     -0.846167    40.762628    40.838792    0.052224     -0.034675    1.670423    
0.010260     -0.678997    51.714623    51.756529    0.000225     -0.014909    1.135501    
0.011370     -1.331463    157.788191   157.806087   0.000627     -0.073479    8.707833    
-0.266424    -0.639647    22.129344    22.227527    -0.038032    -0.091310    3.158971    
0.722887     -0.785890    53.033239    53.080501    0.024461     -0.026592    1.794504    
-0.627417    0.146539     11.519766    11.704490    -0.046555    0.010873     0.854777    
0.048657     1.151587     18.577972    18.717493    0.009997     0.236602     3.816981    
0.520635     -0.007144    42.363818    42.412724    0.015884     -0.000218    1.292489    
0.174513     -0.578764    38.286442    38.341779    0.026770     -0.088782    5.873119    
-0.519043    -0.383248    11.684679    11.866885    -0.015364    -0.011344    0.345871    
-1.372368    -1.120103    51.087734    51.156324    -0.289514    -0.236296    10.777430   
0.040458     -1.286337    54.769466    54.819938    0.003325     -0.105725    4.501551    
-2.263090    -1.088745    75.080905    75.148681    -0.235889    -0.113483    7.825911    
-1.465221    1.306582     18.538134    18.745437    -0.032342    0.028840     0.409192    
-0.290667    -1.010944    40.248932    40.310767    -0.001402    -0.004876    0.194117    
-0.815648    -0.185376    8.930312     9.182869     -0.042600    -0.009682    0.466414    
-1.074364    -1.597790    37.824626    37.924721    -0.002054    -0.003054    0.072299    
0.618310     -0.049563    27.801144    27.877649    0.098133     -0.007866    4.412349    
-0.736630    2.003092     12.239796    12.579450    -0.018414    0.050073     0.305969    
1.400765     -1.090877    23.503647    23.652664    0.007941     -0.006184    0.133236    
-0.464784    -0.692667    33.066764    33.135806    -0.011811    -0.017602    0.840284    
0.411578     -1.116553    16.552063    16.711128    0.017409     -0.047229    0.700129    
1.552336     -0.838075    67.120531    67.172559    0.164971     -0.089065    7.133092    
0.853735     3.759570     114.100919   114.183001   0.025387     0.111796     3.392938    
0.513460     0.913555     59.855160    59.896689    0.041530     0.073890     4.841199    
-0.515203    -1.732454    60.852257    60.910910    -0.018723    -0.062958    2.211383    
-0.489467    -0.290762    25.426481    25.508920    -0.008761    -0.005204    0.455116    
0.161597     1.130011     205.329251   205.341860   0.015361     0.107415     19.517952   
-0.994151    -0.842606    23.550545    23.668575    -0.058762    -0.049805    1.392021    
-2.013271    0.411887     37.410422    37.518496    -0.066131    0.013529     1.228844    
0.891109     1.081977     40.387336    40.459568    0.060219     0.073117     2.729276    
-0.946186    1.516446     55.332208    55.396056    -0.004175    0.006691     0.244150    
3.106563     0.729058     39.796092    39.972317    0.030036     0.007049     0.384768    
-0.185272    -0.412768    103.000286   103.020088   -0.017442    -0.038859    9.696712    
-2.115756    0.537231     126.769369   126.803442   -0.058829    0.014938     3.524819    
-0.353228    -1.005779    14.829124    14.997141    -0.005785    -0.016472    0.242857    
-1.368243    -1.242936    25.933295    26.073506    -0.059787    -0.054311    1.133179    
-0.693800    -0.296343    137.858144   137.874261   -0.088361    -0.037741    17.557239   
0.694977     0.334666     224.953069   224.963004   0.151321     0.072869     48.980186   
-0.717182    0.746212     92.911547    92.938161    -0.067986    0.070738     8.807659    
1.570323     -1.070909    29.984526    30.109127    0.243357     -0.165961    4.646773    
-1.059042    0.306810     34.487615    34.561340    -0.094455    0.027364     3.075920    
-0.335822    0.393891     10.819790    11.009574    -0.028290    0.033182     0.911468    
1.499332     -2.280515    35.315792    35.475751    0.025600     -0.038938    0.602986    
0.818000     0.280066     50.702198    50.747763    0.100420     0.034382     6.224335    
0.269496     0.024423     82.075543    82.099592    0.005575     0.000505     1.697754    
-0.495540    -0.902256    20.365061    20.485856    -0.035555    -0.064736    1.461183    
-0.232602    -1.651213    10.912167    11.212981    -0.004063    -0.028840    0.190589    
0.900804     -1.456480    21.076570    21.237456    0.025826     -0.041757    0.604266    
-0.682209    0.500144     70.222561    70.255239    -0.035903    0.026321     3.695636    
1.387828     -1.649520    12.203179    12.547491    0.062039     -0.073738    0.545513    
-0.616374    1.714794     28.929499    29.053594    -0.034867    0.097002     1.636482    
-0.203434    0.021744     22.292718    22.380395    -0.010951    0.001171     1.200083    
-0.010323    -0.849559    21.531287    21.637771    -0.000241    -0.019843    0.502895    
-0.446933    -0.545484    7.948999     8.219418     -0.024568    -0.029985    0.436954    
0.030439     -1.136871    37.265524    37.334805    0.004659     -0.174023    5.704294    
-0.152836    -1.372113    22.445373    22.573785    -0.008680    -0.077924    1.274695    
0.849574     -0.518474    73.852356    73.885290    0.024088     -0.014700    2.093965    
0.544179     0.314077     55.342522    55.381084    0.083676     0.048294     8.509759    
0.789210     -2.368042    42.456437    42.575280    0.009799     -0.029402    0.527145    
0.547815     1.207414     11.735405    11.972996    0.064874     0.142986     1.389741    
0.038982     0.632771     8.189811     8.446886     0.000639     0.010368     0.134190    
-0.230119    -1.296289    18.321426    18.473844    -0.004211    -0.023722    0.335274    
-0.731765    0.397887     23.118235    23.216837    -0.055829    0.030356     1.763785    
-0.016348    0.054721     35.147563    35.202690    -0.000460    0.001541     0.989492    
-0.414519    -0.704515    15.567190    15.712433    -0.038990    -0.066267    1.464252    
-0.538921    0.383147     24.076867    24.166251    -0.040901    0.029079     1.827315    
0.540123     -1.709305    59.459892    59.519469    0.004404     -0.013937    0.484821    
1.203098     0.426634     56.715491    56.763997    0.170871     0.060593     8.055076    
-0.121056    0.848042     33.693925    33.762248    -0.006519    0.045670     1.814525    
-0.228471    -1.031803    8.613089     8.898149     -0.005921    -0.026741    0.223222    
1.704409     -1.289913    68.175624    68.237523    0.061458     -0.046512    2.458298    
-0.903281    -0.865418    17.557230    17.711470    -0.121128    -0.116051    2.354387    
-0.283429    -1.993604    17.423664    17.649754    -0.004578    -0.032199    0.281409    
-0.732556    -0.270233    40.074194    40.130109    -0.044122    -0.016276    2.413671    
-0.985826    0.255437     19.104366    19.232495    -0.007341    0.001902     0.142259    
0.659850     -0.090065    82.050096    82.076408    0.063918     -0.008724    7.947967    
-0.185165    -1.371745    16.116416    16.295085    -0.001788    -0.013243    0.155590    
0.898408     -0.128794    30.492449    30.569399    0.015712     -0.002252    0.533272    
0.203870     -0.103539    65.375575    65.405604    0.005238     -0.002660    1.679534    
-0.164141    1.044386     26.228570    26.323574    -0.000690    0.004390     0.110242    
-0.111172    0.355993     17.169450    17.285949    -0.011478    0.036756     1.772749    
1.346918     -0.639251    44.005606    44.074836    0.061309     -0.029097    2.003046    
0.691921     -1.240604    28.537108    28.640170    0.030079     -0.053932    1.240576    
2.195196     0.036315     44.964959    45.061543    0.007603     0.000126     0.155725    
0.664375     1.550753     54.799428    54.860719    0.031624     0.073815     2.608437    
-2.672652    0.749549     102.758342   102.814671   -0.059937    0.016809     2.304465    
0.784552     -0.395939    15.315624    15.466596    0.045471     -0.022948    0.887654    
0.386562     -0.020165    32.422019    32.484029    0.091394     -0.004767    7.665456    
-1.014733    -0.158216    46.534688    46.587625    -0.035623    -0.005554    1.633649    
0.559225     0.078819     7.617103     7.887595     0.032567     0.004590     0.443583    
-1.385039    -0.620526    66.669186    66.715506    -0.082829    -0.037109    3.986976    
-0.925295    -0.691891    12.019885    12.234683    -0.111107    -0.083080    1.443310    
-0.082844    -1.302546    26.029609    26.136545    -0.005739    -0.090238    1.803288    
0.836179     -1.664292    18.872579    19.066154    0.010711     -0.021319    0.241748    
0.913085     -1.706192    41.447188    41.539008    0.005382     -0.010056    0.244290    
0.243867     -0.654389    90.484090    90.508194    0.007962     -0.021366    2.954328    
0.093773     -0.494243    18.909831    19.018668    0.000241     -0.001272    0.048652    
0.669733     -0.150883    50.922294    50.964952    0.080995     -0.018247    6.158383    
1.315357     1.736931     23.111592    23.297376    0.037857     0.049990     0.665168    
-0.852114    -0.148269    16.978518    17.114120    -0.016908    -0.002942    0.336899    
0.489893     2.165986     73.804235    73.863872    0.004302     0.019022     0.648176    
1.323922     -0.035695    124.668402   124.690975   0.188667     -0.005087    17.766011   
-1.220823    0.350444     20.403890    20.537938    -0.155223    0.044558     2.594274    
-0.026481    -0.714896    21.984559    22.084102    -0.002497    -0.067423    2.073396    
1.401242     0.744271     161.313431   161.333243   0.173629     0.092224     19.988533   
-0.758898    -1.004670    88.450283    88.481144    -0.054037    -0.071537    6.298097    
0.675922     -1.756733    29.199412    29.326159    0.042919     -0.111547    1.854075    
0.316453     -0.342971    21.010259    21.107432    0.009802     -0.010624    0.650804    
0.207400     1.740566     116.508371   116.538182   0.014027     0.117722     7.879962    
0.724225     1.523681     43.797613    43.874275    0.024859     0.052301     1.503367    
0.958592     0.002800     55.061091    55.104606    0.167832     0.000490     9.640186    
0.360144     1.858578     28.959119    29.087618    0.003977     0.020524     0.319791    
-1.346397    -0.934297    36.890932    36.979745    -0.020679    -0.014350    0.566598    
-0.129754    0.947097     94.099305    94.124747    -0.002486    0.018144     1.802706    
-0.809127    -0.968423    70.522647    70.561401    -0.006822    -0.008165    0.594569    
0.367629     2.265809     218.443771   218.464699   0.035406     0.218215     21.037854   
-0.619568    0.392799     27.911766    27.990709    -0.013887    0.008804     0.625622    
-0.479599    -1.571734    27.364220    27.484101    -0.010508    -0.034435    0.599528    
-0.209378    -0.472173    12.619814    12.782858    -0.007884    -0.017779    0.475183    
-0.739411    0.471753     13.100903    13.276969    -0.014578    0.009301     0.258287    
0.937729     -0.124412    6.248440     6.619121     0.002467     -0.000327    0.016438    
0.040859     -0.188423    32.563622    32.623636    0.005928     -0.027337    4.724408    
-0.843491    1.118713     54.153504    54.207379    -0.006271    0.008318     0.402635    
0.730451     1.842879     58.844058    58.910338    0.004475     0.011291     0.360528    
0.834895     0.497249     56.403612    56.446317    0.005237     0.003119     0.353775    
0.601623     -0.168686    51.805152    51.846303    0.070584     -0.019791    6.077881    
-1.644983    0.057595     49.482101    49.548588    -0.030634    0.001073     0.921482    
-0.350800    0.889313     68.236015    68.271096    -0.030949    0.078458     6.020018    
0.992825     0.183011     19.495120    19.620241    0.085005     0.015669     1.669153    
0.788174     0.328303     28.246516    28.327895    0.111551     0.046465     3.997760    
-1.131048    -0.429560    22.604548    22.722332    -0.066545    -0.025273    1.329928    
-0.313097    0.261563     45.195989    45.240677    -0.028551    0.023852     4.121418    
0.068800     0.661051     32.280485    32.347278    0.000607     0.005832     0.284768    
-0.025530    -1.698463    19.837995    20.007660    -0.001125    -0.074827    0.873980    
0.925826     0.257935     30.718990    30.796997    0.025007     0.006967     0.829718    
0.206979     1.869538     50.877506    50.950305    0.006629     0.059876     1.629472    
0.348437     -0.542884    99.014296    99.035963    0.008687     -0.013534    2.468458    
0.967005     -0.197354    75.341576    75.373749    0.042889     -0.008753    3.341566    
-0.593029    -0.782810    41.360015    41.418477    -0.081844    -0.108036    5.708109    
-0.264727    0.303633     20.319136    20.418240    -0.014227    0.016318     1.092029    
2.127663     -0.204368    28.368245    28.516679    0.559214     -0.053714    7.456035    
-0.801085    1.108670     63.964052    64.008951    -0.100687    0.139347     8.039523    
-1.615941    -0.155477    68.893029    68.940263    -0.127397    -0.012257    5.431348    
1.880427     0.438661     12.760509    13.055036    0.053378     0.012452     0.362222    
1.131959     0.338853     100.255068   100.281353   0.044670     0.013372     3.956307    
1.028926     -1.064814    88.452211    88.486502    0.070360     -0.072815    6.048578    
1.135480     2.626004     93.922017    93.986198    0.026725     0.061807     2.210581    
-2.235303    1.013746     45.685036    45.793250    -0.104831    0.047542     2.142525    
0.586478     -1.123577    25.973791    26.079094    0.049090     -0.094047    2.174085    
-0.729687    0.533780     10.503722    10.724761    -0.110445    0.080792     1.589833    
-0.190570    -0.779121    17.744241    17.871105    -0.003026    -0.012373    0.281792    
-0.487381    -0.759976    25.704926    25.795993    -0.032004    -0.049904    1.687909    
-1.066810    -0.852839    48.453984    48.513183    -0.012396    -0.009910    0.563031    
-2.302438    0.530979     31.826954    31.975195    -0.056979    0.013140     0.787630    
-0.035478    -1.291929    20.880230    21.012599    -0.006106    -0.222342    3.593502    
-0.155046    -2.440398    62.464579    62.543411    -0.000109    -0.001710    0.043758    
0.169735     0.572442     197.912852   197.923542   0.017993     0.060682     20.979699   
1.142559     0.781903     30.829033    30.922824    0.026842     0.018369     0.724261    
-0.238450    0.814359     40.765015    40.821335    -0.002476    0.008455     0.423262    
-0.429922    0.030537     20.980793    21.077344    -0.028505    0.002025     1.391087    
0.703241     -0.597227    21.919107    22.026653    0.133758     -0.113594    4.169071    
0.469436     -0.737044    47.048397    47.097667    0.123243     -0.193499    12.351773   
-0.702238    1.835991     26.443105    26.589035    -0.041301    0.107980     1.555203    
-0.360000    -0.571724    53.338387    53.378974    -0.178568    -0.283587    26.456948   
1.297726     1.407284     26.140189    26.284006    0.253010     0.274370     5.096402    
1.254408     0.718379     25.532914    25.649449    0.357634     0.204811     7.279486    
-2.245768    0.750062     97.658080    97.706610    -0.198767    0.066386     8.643440    
-0.433862    -0.777673    37.249500    37.312105    -0.042290    -0.075802    3.630795    
-0.295468    -1.116531    135.268269   135.287521   -0.016300    -0.061594    7.462170    
-2.075295    -0.392469    124.875786   124.909158   -0.207285    -0.039201    12.472851   
1.693478     1.681096     22.030184    22.246301    0.278652     0.276615     3.624942    
-0.673265    0.232514     60.438454    60.474697    -0.041594    0.014365     3.733844    
0.164428     2.173923     70.816021    70.876913    0.014893     0.196902     6.414113    
0.176905     -2.473359    155.552072   155.584289   0.004257     -0.059522    3.743405    
0.826526     0.190399     15.535176    15.682348    0.006959     0.001603     0.130806    
-1.464882    0.606470     39.036472    39.118216    -0.097551    0.040387     2.599571    
-0.504897    -1.237662    13.794987    13.998691    -0.018140    -0.044466    0.495614    
-0.420952    0.626177     56.747213    56.786358    -0.078581    0.116892     10.593279   
1.851821     -1.356930    62.170648    62.244156    0.069848     -0.051181    2.344977    
-1.407481    -0.426983    36.536358    36.618898    -0.023239    -0.007050    0.603262    
-1.597562    0.920512     83.031351    83.075145    -0.079914    0.046046     4.153416    
1.048545     0.138814     8.839109     9.117210     0.059275     0.007847     0.499680    
1.510209     1.828119     14.260209    14.589423    0.158840     0.192277     1.499852    
0.554663     -0.636773    82.734101    82.761824    0.118558     -0.136109    17.684266   
1.359693     -0.261863    33.821656    33.907178    0.103526     -0.019938    2.575156    
-0.570876    -0.366848    57.746017    57.783544    -0.040167    -0.025812    4.063040    
0.160771     0.643747     53.071301    53.111940    0.002983     0.011943     0.984583    
-1.876521    0.526520     45.731139    45.814960    -0.484902    0.136055     11.817146   
-0.271051    -0.011337    73.996365    74.023041    -0.009828    -0.000411    2.683099    
0.412707     -0.435997    23.189861    23.281002    0.080433     -0.084972    4.519473    
3.021775     -0.269087    38.251795    38.422367    0.195322     -0.017393    2.472526    
1.036013     -1.677524    124.044549   124.075834   0.032405     -0.052470    3.879919    
1.933151     -0.122723    85.472234    85.516840    0.057951     -0.003679    2.562254    
-1.167805    -0.374012    64.008098    64.050100    -0.122246    -0.039152    6.700363    
-1.188110    -0.433767    61.773762    61.818059    -0.260841    -0.095231    13.561992   
1.515227     0.236292     6.823209     7.265183     0.215706     0.033638     0.971345    
0.182676     0.974436     40.109663    40.170174    0.005582     0.029775     1.225577    
-0.365293    0.107871     13.802873    13.947736    -0.000483    0.000143     0.018236    
0.573828     -1.574869    66.491063    66.541310    0.031263     -0.085801    3.622540    
1.313717     -0.455790    48.972772    49.032040    0.036091     -0.012522    1.345393    
-0.550009    1.854345     16.464041    16.693733    -0.049982    0.168514     1.496176    
-1.218943    1.074057     70.812531    70.858513    -0.023141    0.020391     1.344352    
-0.434356    -0.431352    11.576152    11.758272    -0.051113    -0.050760    1.362240    
0.207874     -1.068046    44.605239    44.661910    0.007983     -0.041019    1.713081    
2.255033     -0.865110    63.985815    64.061635    0.091463     -0.035088    2.595235    
0.240075     0.815536     31.825711    31.897861    0.018264     0.062041     2.421120    
0.620563     -0.002953    51.082759    51.124440    0.067367     -0.000321    5.545404    
-0.735739    0.072475     28.593669    28.670881    -0.016891    0.001664     0.656465    
0.800330     0.077040     20.255541    20.366845    0.029268     0.002817     0.740736    
-0.535906    2.282917     54.282196    54.368471    -0.008071    0.034383     0.817542    
1.454549     -1.157720    19.516210    19.703133    0.027484     -0.021876    0.368768    
-0.076950    -0.082392    4.469923     4.885475     -0.005386    -0.005767    0.312869    
-0.104498    0.361071     5.184070     5.557951     -0.010561    0.036492     0.523931    
-0.980706    1.460907     31.913782    32.022811    -0.070884    0.105592     2.306670    
-1.568192    0.508446     32.763099    32.863556    -0.136832    0.044364     2.858731    
-0.622160    -1.219490    12.021849    12.258631    -0.091447    -0.179244    1.767002    
0.697665     -0.055048    48.073753    48.119127    0.017840     -0.001408    1.229320    
-0.566965    0.335729     57.737124    57.774429    -0.019924    0.011798     2.029009    
1.623327     0.633153     16.195912    16.407882    0.042826     0.016704     0.427278    
-0.574863    0.070289     28.052266    28.127211    -0.000489    0.000060     0.023877    
-0.290888    0.813210     20.327007    20.440354    -0.118397    0.330993     8.273500    
0.821750     -1.099105    14.178109    14.379744    0.010164     -0.013595    0.175366    
-0.854258    -1.576024    49.951807    50.022710    -0.023470    -0.043300    1.372376    
-0.063202    -0.180039    15.573269    15.698347    -0.005242    -0.014933    1.291658    
-1.698471    -0.512620    35.823254    35.921136    -0.221994    -0.067001    4.682187    
0.656052     -1.035072    26.713594    26.814042    0.038026     -0.059995    1.548377    
0.606728     -0.327965    16.098348    16.232913    0.039165     -0.021170    1.039158    
0.204234     -0.277412    24.230760    24.313029    0.009421     -0.012796    1.117680    
1.167633     -0.413814    43.892232    43.953812    0.197288     -0.069920    7.416204    
0.239107     -0.464072    63.765856    63.798369    0.009364     -0.018175    2.497288    
-2.134748    1.517450     24.180663    24.401623    -0.000939    0.000668     0.010638    
0.387310     -0.734871    55.957039    55.997814    0.058605     -0.111196    8.467023    
0.109464     1.043150     88.830091    88.858090    0.003302     0.031467     2.679574    
-0.688539    -0.490604    38.413748    38.473442    -0.068487    -0.048799    3.820924    
-1.343855    0.726949     43.257199    43.328912    -0.083433    0.045133     2.685629    
-0.821804    -0.567376    13.808967    13.984270    -0.039033    -0.026949    0.655883    
-2.050443    0.760213     92.734861    92.781526    -0.089792    0.033291     4.061005    
0.999905     -0.640775    4.693083     5.225934     0.117422     -0.075248    0.551123    
0.349808     -3.317899    31.938919    32.172975    0.028245     -0.267901    2.578879    
1.187983     1.839854     36.439490    36.558279    0.293679     0.454827     9.008141    
-1.229141    0.989080     13.442355    13.677022    -0.009136    0.007352     0.099915    
-0.631012    0.918627     16.060726    16.219245    -0.009090    0.013233     0.231366    
0.457287     0.438019     10.885122    11.079793    0.050392     0.048269     1.199525    
0.607956     0.970036     24.235309    24.342057    0.017254     0.027531     0.687821    
0.626489     -1.264694    45.829438    45.893402    0.028971     -0.058485    2.119342    
-0.660311    0.926671     31.474893    31.556910    -0.040838    0.057311     1.946604    
-0.016749    -0.239505    15.536157    15.662209    -0.000261    -0.003735    0.242251    
0.760781     -0.242049    34.183310    34.249248    0.150864     -0.047999    6.778587    
0.235721     2.243531     100.864794   100.909219   0.023358     0.222314     9.994791    
-0.613800    1.333098     17.750123    17.919144    -0.088222    0.191608     2.551252    
-1.260344    1.307364     32.114526    32.226005    -0.060708    0.062972     1.546878    
3.033075     -0.290860    120.443711   120.498326   0.609220     -0.058422    24.192187   
1.513457     0.422362     26.089767    26.211063    0.099442     0.027751     1.714230    
1.107159     -0.249940    16.709986    16.863773    0.073563     -0.016607    1.110269    
1.014845     -0.082512    34.310178    34.381681    0.204434     -0.016621    6.911578    
0.652714     -0.354256    69.946660    69.978295    0.030849     -0.016743    3.305870    
0.780896     -1.132490    17.900294    18.060670    0.086981     -0.126143    1.993833    
-0.432132    0.781907     14.782448    14.939673    -0.013392    0.024233     0.458131    
-0.495161    2.048358     26.563310    26.719381    -0.008744    0.036171     0.469064    
-0.915881    -0.585338    47.264574    47.318034    -0.051198    -0.032721    2.642111    
0.673032     -1.760972    77.793284    77.841018    0.012538     -0.032806    1.449247    
1.257478     -0.636009    36.401995    36.482406    0.224689     -0.113644    6.504393    
0.219138     -1.588623    142.397444   142.420078   0.021780     -0.157892    14.152735   
-1.155635    1.422105     42.292615    42.378038    -0.034279    0.042183     1.254504    
-0.627725    1.355916     17.713824    17.885387    -0.012623    0.027267     0.356218    
-1.982269    0.606808     13.736677    14.030996    -0.031176    0.009544     0.216045    
0.459703     -0.704026    110.949755   110.970402   0.009738     -0.014913    2.350223    
-0.469584    2.071161     50.810120    50.892568    -0.001734    0.007649     0.187639    
-0.272150    -0.867829    32.164103    32.237116    -0.056624    -0.180562    6.692124    
0.429482     -0.669364    44.775058    44.825365    0.023872     -0.037206    2.488768    
-0.179459    -1.806911    57.620777    57.682979    -0.031165    -0.313788    10.006408   
-0.849597    -0.424316    48.847734    48.896605    -0.024652    -0.012312    1.417382    
-2.258998    0.812265     21.919845    22.138595    -0.151068    0.054319     1.465862    
-0.564991    -0.576761    84.914323    84.940974    -0.033039    -0.033728    4.965591    
1.557598     1.384038     28.121563    28.267276    0.010549     0.009374     0.190463    
-0.996112    0.572411     30.514807    30.599808    -0.022154    0.012730     0.678650    
0.559924     -0.773308    111.766593   111.788004   0.000670     -0.000926    0.133788    
0.678415     -0.413897    93.249844    93.274004    0.027800     -0.016961    3.821233    
-1.120731    0.129512     62.468436    62.509625    -0.106556    0.012314     5.939340    
0.399263     -0.981587    11.263643    11.483359    0.017605     -0.043282    0.496660    
-1.696789    0.188286     48.851024    48.920466    -0.006239    0.000692     0.179618    
0.365459     0.561668     21.258263    21.359722    0.012258     0.018838     0.713002    
1.131456     -1.407237    11.568822    11.873209    0.263565     -0.327807    2.694884    
0.454807     -0.751800    6.103857     6.473336     0.005808     -0.009601    0.077954    
0.018769     -0.585562    9.861214     10.072821    0.000474     -0.014781    0.248923    
-2.329634    0.395380     71.841849    71.907648    -0.032091    0.005446     0.989632    
0.778817     1.921170     73.859241    73.914544    0.031034     0.076555     2.943135    
-0.364071    0.886726     40.002493    40.062367    -0.018555    0.045192     2.038715    
0.679243     -1.391581    21.229951    21.377176    0.017884     -0.036640    0.558979    
1.884117     -0.203268    18.413299    18.614933    0.089139     -0.009617    0.871149    
1.018342     0.295114     30.554231    30.635928    0.001535     0.000445     0.046067    
-0.267306    0.167968     88.019034    88.041609    -0.022124    0.013902     7.284888    
1.085973     -0.372026    18.372365    18.513143    0.295320     -0.101169    4.996194    
-0.221414    0.072276     10.784468    10.965125    -0.024413    0.007969     1.189104    
0.398164     -1.144802    9.568558     9.843848     0.083358     -0.239670    2.003227    
-0.459541    -0.578976    12.563896    12.738636    -0.067257    -0.084737    1.838814    
-0.033834    -1.447300    105.928548   105.956727   -0.003030    -0.129613    9.486472    
-1.040542    -0.907343    68.513600    68.555775    -0.192407    -0.167777    12.668845   
0.125347     0.115837     80.766990    80.791155    0.000007     0.000006     0.004283    
1.236630     0.591005     10.004494    10.288022    0.022482     0.010744     0.181879    
-0.435359    -1.347586    84.102307    84.137260    -0.025927    -0.080255    5.008651    
0.115232     -0.730007    17.074558    17.203537    0.038510     -0.243962    5.706179    
-0.114392    1.457476     21.786840    21.924386    -0.006464    0.082363     1.231186    
0.951668     -0.220443    87.943628    87.971080    0.193216     -0.044756    17.855112   
-0.183264    -0.911166    19.307325    19.429657    -0.019967    -0.099275    2.103613    
-1.356951    0.030832     44.052607    44.117450    -0.211000    0.004794     6.849982    
-1.286918    0.780440     102.408944   102.438918   -0.101758    0.061710     8.097574    
0.685634     -0.629102    7.240628     7.560920     0.034796     -0.031927    0.367457    
-1.020459    0.343262     50.922999    50.972403    -0.091775    0.030871     4.579778    
-0.297204    -0.856722    102.564411   102.587308   -0.030054    -0.086635    10.371684   
0.807864     -1.046817    47.943039    48.001650    0.070616     -0.091502    4.190711    
1.513576     0.393696     116.512265   116.539387   0.136088     0.035398     10.475834   
-0.108750    1.898758     57.801087    57.865859    -0.023417    0.408858     12.446257   
-0.838715    -0.525287    111.417826   111.439608   -0.012223    -0.007655    1.623762    
0.718663     -0.133915    9.782046     10.004888    0.000407     -0.000076    0.005545    
0.548229     -0.955244    21.217926    21.337488    0.021928     -0.038208    0.848674    
-1.116232    -0.038714    42.561087    42.621222    -0.179286    -0.006218    6.836045    
0.722081     -0.055883    9.580952     9.807860     0.117788     -0.009116    1.562876    
1.153514     -0.789051    32.567322    32.656677    0.159748     -0.109274    4.510177    
-2.335287    0.085720     82.680097    82.736536    -0.104205    0.003825     3.689344    
-0.268590    -0.792912    8.373925     8.642825     -0.015969    -0.047144    0.497883    
0.221024     -1.160677    17.336679    17.488037    0.018848     -0.098978    1.478404    
-0.246567    0.793800     25.209759    25.300155    -0.012329    0.039691     1.260534    
-0.808407    -0.172711    16.256974    16.396570    -0.007416    -0.001584    0.149140    
-0.251103    0.987882     33.855834    33.928327    -0.004928    0.019388     0.664445    
-0.942995    0.926457     49.214027    49.271117    -0.193359    0.189968     10.091243   
-0.241733    -0.739966    18.761527    18.880567    -0.009097    -0.027846    0.706025    
2.342043     -1.534879    86.763488    86.830978    0.115642     -0.075787    4.284089    
0.131100     1.163383     50.009692    50.062110    0.003747     0.033253     1.429433    
-0.079040    -0.561846    18.478003    18.591220    -0.000594    -0.004225    0.138942    
-0.498033    -1.108598    61.533448    61.576921    -0.011423    -0.025426    1.411306    
0.920881     -0.357322    101.673409   101.697260   0.284933     -0.110560    31.459134   
-0.720308    0.832967     60.565060    60.607047    -0.073489    0.084983     6.179098    
0.712861     -0.000489    89.330304    89.354834    0.041733     -0.000029    5.229609    
1.372561     0.559480     60.895725    60.945559    0.009699     0.003953     0.430305    
1.043898     0.618882     20.528529    20.658368    0.055184     0.032716     1.085206    
1.725069     -0.842612    24.512028    24.665772    0.206357     -0.100795    2.932188    
-1.431990    -2.362360    16.176764    16.528581    -0.468681    -0.773184    5.294544    
-0.808966    -0.742556    7.753586     8.074582     -0.035300    -0.032402    0.338335    
-1.273301    -0.222297    16.723809    16.888797    -0.152395    -0.026606    2.001595    
0.040584     2.348525     17.087083    17.359740    0.006222     0.360041     2.619540    
-0.341911    -0.299982    28.547070    28.618474    -0.058567    -0.051385    4.889889    
-0.651225    -0.085677    10.518749    10.721496    -0.055192    -0.007261    0.891477    
-0.540826    -0.596837    53.833793    53.875792    -0.012427    -0.013714    1.237013    
-0.224337    -0.324680    7.287631     7.559118     -0.009240    -0.013372    0.300153    
-0.021417    1.674644     45.319644    45.393281    -0.001594    0.124675     3.373984    
1.094332     0.573956     19.306677    19.446072    0.042573     0.022329     0.751092    
1.260971     -1.720280    26.569758    26.727821    0.147211     -0.200833    3.101867    
1.338794     -1.128357    26.401003    26.532122    0.037988     -0.032017    0.749115    
-0.695178    0.507954     26.641279    26.727775    -0.038007    0.027771     1.456553    
0.848257     1.163355     41.094053    41.166359    0.038737     0.053127     1.876629    
-0.147680    -0.370909    9.562198     9.770873     -0.044310    -0.111287    2.869019    
1.664149     0.386211     30.213419    30.325636    0.523189     0.121420     9.498743    
-0.829001    0.000958     29.101689    29.179967    -0.007820    0.000009     0.274532    
-0.491643    1.886071     46.040726    46.123989    -0.015423    0.059167     1.444324    
0.320795     0.360535     64.881988    64.913637    0.047280     0.053137     9.562486    
0.524284     -0.050422    121.291137   121.308253   0.050585     -0.004865    11.702596   
0.556359     0.469503     66.589319    66.622386    0.026935     0.022730     3.223847    
0.727015     0.243422     48.541423    48.587369    0.025551     0.008555     1.705986    
0.685860     -0.003024    13.700241    13.857920    0.020054     -0.000088    0.400590    
-0.540574    1.348642     18.978172    19.135230    -0.002160    0.005388     0.075822    
-0.721143    -0.410357    8.313155     8.583236     -0.060509    -0.034432    0.697529    
-1.195983    -1.789022    31.899943    32.032988    -0.073063    -0.109293    1.948790    
-0.709542    -0.150937    16.760777    16.891561    -0.062516    -0.013299    1.476752    
-0.207196    1.002970     76.025816    76.058191    -0.000557    0.002695     0.204269    
-0.337572    0.812709     93.780335    93.805121    -0.100372    0.241647     27.884223   
0.048608     -0.837151    25.533285    25.622779    0.002878     -0.049567    1.511805    
-0.740220    -0.153033    106.493041   106.513915   -0.004861    -0.001005    0.699334    
-2.164879    1.146005     32.017120    32.170965    -0.038289    0.020269     0.566270    
1.353677     1.742072     40.937844    41.044480    0.113629     0.146231     3.436361    
-3.130739    0.704830     122.748736   122.806455   -0.672340    0.151365     26.360835   
-0.631187    -0.066472    24.903517    24.989256    -0.104641    -0.011020    4.128627    
-0.686219    0.949749     25.148459    25.252582    -0.134282    0.185850     4.921142    
1.224885     0.803254     24.829524    24.950467    0.135591     0.088918     2.748551    
1.262569     -0.375874    27.470570    27.572496    0.126130     -0.037550    2.744297    
-0.285201    -1.026466    26.210260    26.305658    -0.015097    -0.054335    1.387422    
0.888947     0.091721     12.861335    13.041761    0.025076     0.002587     0.362803    
-0.087615    -1.102352    16.608722    16.761487    -0.006231    -0.078392    1.181097    
-0.289471    -1.098821    17.185366    17.335021    -0.008626    -0.032745    0.512121    
-0.609851    1.364936     14.156139    14.370324    -0.142939    0.319918     3.317955    
-0.741875    -0.867113    23.463516    23.573583    -0.180301    -0.210738    5.702436    
2.070839     -1.099022    31.173174    31.323122    0.459267     -0.243739    6.913536    
0.509003     0.391231     29.449705    29.522402    0.019759     0.015187     1.143216    
1.192729     -0.693054    21.430923    21.565304    0.003524     -0.002048    0.063328    
-0.761395    -0.346551    24.792040    24.884132    -0.192776    -0.087742    6.277034    
-0.228386    -2.018065    110.275731   110.311996   -0.038582    -0.340915    18.629039   
1.844475     0.367831     31.995741    32.111365    0.045600     0.009094     0.791015    
0.612700     -1.436755    64.775839    64.824563    0.016768     -0.039321    1.772770    
0.383751     0.887776     34.225383    34.295586    0.048814     0.112927     4.353523    
0.462179     0.381642     50.924369    50.965925    0.017609     0.014541     1.940219    
0.184995     0.169704     84.761457    84.784684    0.005352     0.004910     2.452415    
-1.759082    0.374597     129.697282   129.724688   -0.032961    0.007019     2.430195    
-0.720205    0.463143     11.293207    11.495419    -0.034169    0.021973     0.535783    
1.167156     1.858083     49.818187    49.905325    0.032241     0.051327     1.376166    
-1.829626    -1.338226    16.394155    16.666783    -0.000513    -0.000375    0.004593    
0.069675     0.566309     55.203336    55.241369    0.001340     0.010892     1.061756    
-1.091013    -1.042689    11.754982    12.013828    -0.143907    -0.137533    1.550503    
0.240148     -0.741808    54.317762    54.359012    0.009710     -0.029994    2.196262    
-0.003842    -0.674000    28.184923    28.261619    -0.000363    -0.063632    2.660936    
0.674123     0.960161     62.353187    62.395282    0.072480     0.103235     6.704099    
0.138255     0.901310     26.930550    27.017789    0.000573     0.003733     0.111526    
0.719387     -0.476914    21.710622    21.816760    0.031694     -0.021011    0.956505    
-0.029250    -1.097176    39.176943    39.241718    -0.002434    -0.091283    3.259455    
-1.812297    -1.252011    17.322965    17.573048    -0.020894    -0.014434    0.199716    
0.822103     0.972319     89.233366    89.264158    0.118328     0.139949     12.843604   
0.438785     -2.133370    56.344178    56.420610    0.039008     -0.189659    5.009048    
1.108295     -0.175249    19.691363    19.821295    0.028689     -0.004537    0.509733    
-0.456468    -0.952695    12.054491    12.259760    -0.011274    -0.023530    0.297727    
-0.577902    -1.417720    19.426835    19.586239    -0.035297    -0.086592    1.186565    
-0.167525    0.559609     14.213163    14.360717    -0.011464    0.038294     0.972595    
0.244455     -0.249301    69.476779    69.505537    0.018973     -0.019349    5.392285    
-0.067855    -0.100647    80.851556    80.875607    -0.002170    -0.003219    2.585997    
1.211426     -0.759016    24.638213    24.758032    0.144403     -0.090475    2.936894    
-0.160156    -2.504751    80.428998    80.492224    -0.031128    -0.486824    15.632215   
0.153638     0.084119     20.405459    20.500936    0.009741     0.005333     1.293713    
-1.365531    -1.199167    98.627805    98.664186    -0.041792    -0.036700    3.018494    
-0.832935    -1.111877    33.409351    33.496115    -0.119073    -0.158950    4.776074    
-0.847609    -0.148595    62.643537    62.680365    -0.034081    -0.005975    2.518810    
1.021491     0.905875     52.503547    52.558173    0.084744     0.075152     4.355744    
1.278001     -0.413084    154.910991   154.929319   0.006565     -0.002122    0.795785    
-0.091585    0.574357     32.112309    32.177844    -0.012380    0.077638     4.340733    
0.520549     0.180700     8.720482     8.956862     0.033567     0.011652     0.562329    
-0.901328    -0.412420    129.815876   129.834584   -0.026732    -0.012232    3.850100    
-0.926463    0.739847     16.242386    16.404139    -0.167893    0.134075     2.943439    
-0.859937    -0.668936    23.430367    23.538140    -0.038976    -0.030319    1.061958    
0.248007     0.093705     5.863846     6.191117     0.018456     0.006973     0.436363    
-0.164771    0.460603     80.821973    80.847422    -0.000307    0.000859     0.150678    
-1.825270    -1.219055    22.207713    22.402571    -0.087759    -0.058612    1.067742    
0.237767     -1.380779    16.478029    16.654233    0.001728     -0.010034    0.119749    
1.424280     0.835867     31.985912    32.088951    0.302127     0.177310     6.785057    
0.262317     -0.546660    18.953496    19.065089    0.000387     -0.000806    0.027938    
-0.865991    1.807397     92.187497    92.230289    -0.043407    0.090594     4.620796    
1.002860     -0.070545    35.115555    35.185052    0.022588     -0.001589    0.790927    
-0.313663    0.882060     6.485219     6.841742     -0.041964    0.118008     0.867639    
-1.380217    -0.330858    34.323732    34.409418    -0.084345    -0.020219    2.097527    
1.152565     0.605992     29.027820    29.123614    0.259144     0.136252     6.526646    
-0.192490    -0.870355    81.364182    81.392873    -0.023240    -0.105080    9.823330    
0.858900     0.607766     9.268613     9.533584     0.118221     0.083654     1.275749    
-1.186870    -2.070941    48.842266    48.940161    -0.069830    -0.121844    2.873644    
0.285766     -1.323709    31.667889    31.757897    0.014987     -0.069423    1.660847    
0.049462     -0.400791    41.706723    41.755105    0.006207     -0.050297    5.233955    
-0.119305    -0.338334    14.536413    14.673478    -0.017226    -0.048850    2.098834    
1.408651     1.304524     22.856601    23.021408    0.050977     0.047209     0.827149    
0.426787     -0.681797    41.392035    41.446623    0.019954     -0.031876    1.935220    
-0.726345    0.025884     100.347652   100.369590   -0.139575    0.004974     19.282953   
0.660083     -0.242852    65.344016    65.377443    0.040070     -0.014742    3.966712    
-1.452630    0.270268     13.390036    13.614375    -0.150736    0.028045     1.389451    
0.297633     -0.719904    18.574376    18.694631    0.000817     -0.001976    0.050993    
-0.170026    -0.419659    27.095507    27.170691    -0.010544    -0.026026    1.680382    
-1.732204    -0.846146    14.774503    15.029218    -0.256005    -0.125053    2.183548    
0.026630     -0.324596    62.810555    62.842238    0.005491     -0.066936    12.952335   
2.330549     -2.721244    124.207095   124.274350   0.097766     -0.114155    5.210451    
-0.443436    -0.805154    97.581980    97.606161    -0.031875    -0.057876    7.014382    
-0.037818    0.942706     15.443089    15.596605    -0.001648    0.041086     0.673049    
-0.056103    -0.012077    23.568288    23.650422    -0.001654    -0.000356    0.694916    
0.500985     -0.961570    34.962262    35.034416    0.023372     -0.044860    1.631093    
0.106247     -1.460265    153.379410   153.399029   0.008625     -0.118541    12.451010   
0.725204     0.443579     50.017478    50.063417    0.009015     0.005514     0.621755    
-1.088998    -0.007741    36.780428    36.849163    -0.055063    -0.000391    1.859736    
-1.244445    1.412158     46.598821    46.678345    -0.110241    0.125098     4.128034    
0.181159     0.389189     23.341616    23.428408    0.004523     0.009717     0.582801    
-0.588996    -0.041623    14.232268    14.379883    -0.192090    -0.013574    4.641590    
-0.254578    0.340208     28.541320    28.612278    -0.009580    0.012803     1.074080    
0.033342     -2.270847    46.796604    46.893016    0.004594     -0.312900    6.448095    
1.231588     0.491232     75.546955    75.584228    0.094610     0.037736     5.803498    
1.508636     0.299120     40.597276    40.674061    0.068460     0.013574     1.842256    
0.290859     -1.004548    19.611163    19.737436    0.037400     -0.129169    2.521685    
0.905432     1.825983     78.739657    78.790625    0.090219     0.181944     7.845740    
-0.887161    -1.035323    24.057364    24.176242    -0.255996    -0.298749    6.941905    
0.742986     -1.447951    84.651104    84.689627    0.091205     -0.177743    10.391320   
-0.866411    -1.257346    22.412110    22.550149    -0.177539    -0.257646    4.592529    
0.189677     0.060330     11.416249    11.586428    0.020934     0.006658     1.259951    
-0.331370    -0.203371    40.052494    40.102723    -0.015116    -0.009277    1.827066    
-0.412127    -1.187918    78.572996    78.607708    -0.006364    -0.018345    1.213388    
-0.715087    0.072171     43.128109    43.178992    -0.118445    0.011954     7.143632    
0.105679     1.228704     26.428750    26.530636    0.005386     0.062625     1.347038    
0.221063     0.639729     50.625944    50.668720    0.013999     0.040512     3.205997    
0.577217     -0.029098    20.954338    21.054531    0.065209     -0.003287    2.367226    
0.893695     0.250942     48.938753    48.987122    0.048627     0.013654     2.662823    
1.268541     0.397024     48.102598    48.161206    0.480829     0.150488     18.232858   
-1.702564    0.989640     23.468532    23.633135    -0.053838    0.031294     0.742112    
-1.597724    0.882020     118.557503   118.587888   -0.072864    0.040224     5.406785    
0.927678     0.405711     11.872293    12.076899    0.248208     0.108551     3.176528    
0.432878     -0.627445    54.157157    54.198282    0.041879     -0.060702    5.239447    
-0.548814    -0.200390    17.987927    18.104746    -0.032870    -0.012002    1.077353    
0.590231     1.836792     22.274890    22.444774    0.049360     0.153608     1.862810    
-0.584197    -1.072049    26.512870    26.613865    -0.040245    -0.073854    1.826479    
0.781055     -0.602803    166.155192   166.169781   0.044150     -0.034074    9.392120    
-0.681415    -1.101631    48.230162    48.287694    -0.034588    -0.055918    2.448118    
-0.119142    0.692062     24.030191    24.120907    -0.005451    0.031663     1.099430    
0.088969     0.761900     67.934217    67.967060    0.000508     0.004350     0.387879    
0.477761     0.771809     15.952185    16.098792    0.035592     0.057498     1.188400    
-0.150177    -0.527059    58.520813    58.556476    -0.010922    -0.038333    4.256251    
-0.740995    0.200662     209.287368   209.298033   -0.062661    0.016969     17.698111   
0.198993     1.295928     73.944803    73.982619    0.007617     0.049607     2.830559    
1.209391     -0.454570    99.699512    99.727313    0.001135     -0.000427    0.093588    
-0.363162    1.172774     8.730386     9.033376     -0.030827    0.099552     0.741087    
0.315174     -0.305375    18.995613    19.102378    0.059292     -0.057449    3.573545    
-0.660268    -2.444458    53.835208    53.930659    -0.004113    -0.015228    0.335372    
0.720605     0.758470     41.824122    41.883489    0.023043     0.024254     1.337425    
0.782084     1.446924     31.880549    31.983583    0.043838     0.081105     1.787009    
-1.972163    -0.574223    20.887968    21.080828    -0.017331    -0.005046    0.183562    
0.548413     -0.289905    73.225504    73.254585    0.037057     -0.019590    4.948004    
-1.262760    1.717104     13.850969    14.151583    -0.218479    0.297088     2.396452    
-0.006778    0.435378     26.536039    26.612514    -0.000523    0.033603     2.048092    
0.337574     0.806151     15.108127    15.260874    0.006066     0.014486     0.271482    
0.766237     -0.227335    127.520107   127.537804   0.061238     -0.018169    10.191452   
0.738240     -0.576667    110.482225   110.503731   0.047643     -0.037216    7.130132    
-0.050747    -0.063401    16.852986    16.967755    -0.003236    -0.004043    1.074823    
-0.507761    1.017709     17.060805    17.211612    -0.011989    0.024030     0.402841    
-1.873483    0.232874     76.542387    76.590967    -0.085750    0.010659     3.503365    
-1.940824    -0.124922    33.007109    33.122901    -0.019950    -0.001284    0.339290    
0.236928     -1.768594    34.943385    35.044246    0.007172     -0.053536    1.057741    
-1.754959    -0.015672    14.297884    14.539070    -0.131412    -0.001174    1.070630    
-0.254769    1.368957     21.436803    21.571982    -0.001321    0.007101     0.111194    
-0.354502    1.157860     73.458038    73.494385    -0.033663    0.109948     6.975428    
-0.015788    -0.463453    38.916111    38.968625    -0.002186    -0.064160    5.387468    
-0.705657    0.266565     46.028374    46.076623    -0.021223    0.008017     1.384314    
0.317149     0.574683     71.390223    71.420373    0.048656     0.088165     10.952361   
-0.101369    -1.172101    27.957147    28.051044    -0.000356    -0.004112    0.098085    
1.558281     0.872396     30.656529    30.771530    0.200861     0.112451     3.951603    
-0.638702    -1.165974    100.621345   100.649379   -0.111564    -0.203665    17.575892   
-0.131696    0.523835     46.101117    46.146286    -0.002346    0.009333     0.821351    
0.330710     1.834883     37.140344    37.239176    0.013757     0.076330     1.545018    
-1.803338    -0.331138    40.577328    40.666401    -0.502724    -0.092313    11.311911   
-0.080502    -1.880451    31.435238    31.552999    -0.000719    -0.016804    0.280910    
1.725178     -1.281390    50.198534    50.283059    0.231075     -0.171633    6.723728    
-0.566521    0.935986     40.775481    40.837627    -0.035443    0.058557     2.550996    
-1.025983    -0.033475    32.040553    32.117375    -0.156699    -0.005113    4.893560    
0.151687     0.910837     18.689184    18.815238    0.022269     0.133717     2.743692    
2.220200     0.826222     25.327983    25.514576    0.099469     0.037016     1.134735    
-0.102606    -1.192568    43.052950    43.114547    -0.010271    -0.119374    4.309517    
-0.329826    -0.979741    83.264319    83.294000    -0.003892    -0.011562    0.982612    
-0.992189    0.707080     55.941883    55.989763    -0.017390    0.012393     0.980476    
0.403441     -0.969864    62.684291    62.723988    0.021681     -0.052122    3.368738    
0.598075     1.295473     31.867419    31.960027    0.070974     0.153734     3.781708    
0.029539     0.929977     82.301604    82.330400    0.011709     0.368623     32.622631   
-0.320713    -0.452226    21.574942    21.671651    -0.015422    -0.021746    1.037486    
-0.981953    -0.255194    42.555507    42.613090    -0.125164    -0.032528    5.424311    
0.959963     -0.536714    70.962766    70.998583    0.075997     -0.042490    5.617864    
1.009044     -0.490404    76.396462    76.430053    0.009078     -0.004412    0.687347    
-1.484185    0.724928     44.180262    44.254930    -0.082522    0.040307     2.456456    
0.404929     0.519591     10.266426    10.474178    0.049123     0.063033     1.245444    
0.318551     1.745790     50.979313    51.048159    0.014213     0.077893     2.274576    
1.093029     0.204969     22.824878    22.936580    0.048616     0.009117     1.015200    
-1.588835    -1.182661    23.466230    23.631800    -0.170387    -0.126829    2.516519    
0.757925     0.185075     137.666159   137.682442   0.101350     0.024748     18.408803   
0.274493     0.520543     27.042912    27.120847    0.000628     0.001190     0.061847    
-1.187108    -0.413532    120.155191   120.177889   -0.069944    -0.024365    7.079474    
-0.319793    -1.215456    47.149422    47.207230    -0.037283    -0.141705    5.496965    
0.775354     1.283810     16.284902    16.471865    0.021188     0.035082     0.445005    
-0.045126    0.784998     32.848021    32.916344    -0.003845    0.066890     2.799003    
0.489207     0.605618     24.702856    24.793390    0.004371     0.005411     0.220714    
0.892465     0.999019     23.449736    23.570312    0.006491     0.007266     0.170541    
0.465012     -0.150157    38.774622    38.827632    0.013176     -0.004255    1.098700    
-0.226721    -0.805161    4.562368     5.038833     -0.000369    -0.001311    0.007426    
1.001637     2.517877     98.331245    98.388270    0.011508     0.028929     1.129757    
2.364663     0.392822     54.037230    54.126178    0.030904     0.005134     0.706225    
-0.074416    2.206609     75.236196    75.294321    -0.005649    0.167499     5.711034    
-0.303113    -1.049303    97.556886    97.582856    -0.009445    -0.032697    3.039949    
1.647450     -0.720314    22.204626    22.364108    0.121767     -0.053240    1.641191    
-0.678066    -0.510326    31.153633    31.227295    -0.013177    -0.009917    0.605427    
1.089927     -0.107521    42.567112    42.626676    0.157098     -0.015498    6.135466    
-0.168205    0.104641     16.907806    17.023164    -0.011225    0.006983     1.128304    
-0.967421    0.132405     16.321390    16.468642    -0.018350    0.002511     0.309578    
1.431918     -0.537839    18.392934    18.561105    0.050425     -0.018940    0.647701    
-1.335117    -1.963369    95.863357    95.912958    -0.055849    -0.082129    4.010039    
-0.276053    0.442193     47.027620    47.071687    -0.010859    0.017394     1.849847    
-0.051488    0.343093     18.642639    18.749488    -0.000575    0.003834     0.208328    
0.188125     1.071879     11.420889    11.640274    0.020122     0.114649     1.221585    
0.200470     1.152962     17.753269    17.900364    0.007223     0.041542     0.639666    
0.098422     2.197720     27.120621    27.280812    0.000313     0.006988     0.086232    
-1.575592    1.587022     9.905301     10.343648    -0.094988    0.095677     0.597162    
-0.423114    0.452706     11.903808    12.081373    -0.001330    0.001423     0.037417    
-0.777660    1.366663     46.463034    46.531290    -0.004516    0.007937     0.269823    
-0.461823    1.373376     7.083528     7.493381     -0.031561    0.093858     0.484094    
1.661556     0.058479     37.255777    37.344772    0.056600     0.001992     1.269090    
0.465971     -0.968499    16.044751    16.200744    0.010173     -0.021145    0.350299    
0.399223     1.216283     32.371261    32.456312    0.016678     0.050813     1.352381    
-0.255079    0.013780     7.867353     8.113905     -0.027039    0.001461     0.833952    
-0.423341    0.864887     29.118354    29.200697    -0.010433    0.021315     0.717607    
0.454696     -1.226394    48.439214    48.496837    0.022918     -0.061814    2.441491    
-0.683316    0.529603     129.803750   129.821554   -0.048467    0.037564     9.206851    
0.099287     -1.632989    69.877856    69.924718    0.010298     -0.169376    7.247819    
1.331122     -1.071994    39.100539    39.187347    0.180152     -0.145082    5.291804    
0.049829     -0.748673    23.876849    23.969603    0.009278     -0.139400    4.445771    
-0.460988    0.105265     73.840245    73.867993    -0.000696    0.000159     0.111437    
0.608879     -0.046776    76.736208    76.763881    0.041060     -0.003154    5.174761    
-1.813147    -0.540816    45.303342    45.385545    -0.032947    -0.009827    0.823222    
-0.592976    0.222232     21.062072    21.163337    -0.025403    0.009520     0.902299    
0.573096     -0.832012    14.528855    14.696369    0.002015     -0.002925    0.051071    
