-0.982655    0.242469     13.620862    13.799538    -0.199225    0.049159     2.761511    
-0.129218    2.452652     47.324725    47.429282    -0.001322    0.025097     0.484264    
-1.167188    0.218496     17.466828    17.617466    -0.101837    0.019064     1.523972    
-1.067961    0.458737     84.968170    84.998916    -0.008742    0.003755     0.695526    
1.994216     -1.339881    24.751719    24.945836    0.192008     -0.129007    2.383154    
1.178625     0.508605     82.126513    82.160130    0.039633     0.017103     2.761646    
-0.471074    0.865072     15.654532    15.808529    -0.029836    0.054790     0.991483    
-1.096215    1.932293     109.471363   109.511596   -0.101982    0.179764     10.184264   
0.322912     -0.036301    26.064470    26.140718    0.045377     -0.005101    3.662696    
1.192582     1.523325     155.009387   155.033957   0.082686     0.105617     10.747335   
-0.229406    0.273010     112.415075   112.432874   -0.005849    0.006960     2.866063    
-0.638641    -0.541371    15.691161    15.836301    -0.042883    -0.036352    1.053628    
-0.823748    0.517634     12.077684    12.275664    -0.002822    0.001773     0.041378    
0.258516     -0.493188    19.077165    19.186538    0.008129     -0.015508    0.599884    
2.345814     -0.391392    24.248244    24.443983    0.162700     -0.027146    1.681804    
0.043555     -1.441339    37.609264    37.688341    0.005623     -0.186083    4.855517    
-0.985469    -0.717856    41.190423    41.255453    -0.164656    -0.119942    6.882238    
-0.807995    -0.787167    37.541662    37.610156    -0.060242    -0.058689    2.799001    
0.696005     0.765519     76.720456    76.752679    0.048988     0.053880     5.399904    
2.037367     -0.468407    22.081770    22.267684    0.062410     -0.014349    0.676422    
-0.109853    -1.003215    51.301160    51.348832    -0.018762    -0.171341    8.761838    
-0.374975    -0.259157    54.882646    54.919829    -0.027043    -0.018690    3.958155    
-1.072707    -1.541685    31.248858    31.367078    -0.009489    -0.013638    0.276424    
-1.981223    -0.904124    69.197557    69.259798    -0.106678    -0.048682    3.725919    
-0.627673    1.028585     59.863415    59.907891    -0.022509    0.036887     2.146794    
0.236552     -0.637922    36.270765    36.330514    0.000629     -0.001697    0.096509    
-1.161171    0.120120     69.964828    70.002249    -0.085124    0.008806     5.129024    
0.107333     -1.094332    35.709245    35.780361    0.003451     -0.035182    1.148015    
-1.655850    0.106053     22.931132    23.075200    -0.161043    0.010314     2.230219    
-1.303894    0.856177     23.708608    23.841271    -0.094404    0.061988     1.716536    
0.867981     0.076333     124.277976   124.296619   0.216383     0.019029     30.981861   
0.418041     -1.492111    31.015034    31.116048    0.056996     -0.203437    4.228643    
0.550959     0.541239     51.278942    51.322523    0.010845     0.010653     1.009335    
0.101404     0.942071     167.871374   167.885588   0.003698     0.034356     6.122047    
0.366529     0.292752     65.416305    65.447597    0.017544     0.014012     3.131116    
0.436572     -1.417411    10.610921    10.893404    0.026707     -0.086710    0.649121    
-0.553998    1.065155     15.629878    15.799035    -0.009188    0.017665     0.259217    
-0.448945    -0.736544    26.189304    26.277341    -0.014115    -0.023157    0.823393    
-1.004072    -0.364652    34.718714    34.790877    -0.025526    -0.009270    0.882621    
-0.054422    -1.106228    87.560933    87.590060    -0.001735    -0.035263    2.791141    
0.180590     1.268949     52.423586    52.476187    0.005490     0.038575     1.593622    
-0.308962    0.242465     92.655915    92.677655    -0.033526    0.026310     10.054219   
-0.120985    -1.433691    16.242101    16.424096    -0.003016    -0.035742    0.404912    
-1.438815    1.078123     30.425725    30.542303    -0.052171    0.039093     1.103236    
-0.362676    2.047709     40.440440    40.541692    -0.014333    0.080923     1.598158    
-0.686939    -1.466517    37.298230    37.385231    -0.082635    -0.176413    4.486745    
-0.287658    -0.718873    61.237189    61.273712    -0.048465    -0.121117    10.317332   
0.993120     1.005477     107.517056   107.544361   0.000210     0.000213     0.022772    
-0.973573    0.371738     15.788466    15.944800    -0.184608    0.070489     2.993792    
-1.746047    0.556927     13.377599    13.645291    -0.068089    0.021718     0.521677    
-1.265065    -0.664692    65.511776    65.556921    -0.094647    -0.049730    4.901336    
-1.055629    1.327068     75.843643    75.888132    -0.060167    0.075638     4.322805    
-1.742964    1.544562     106.976895   107.020347   -0.168988    0.149752     10.371894   
-0.109919    1.766212     16.853502    17.060102    -0.007787    0.125118     1.193893    
-0.823958    0.472379     11.584679    11.789054    -0.038012    0.021793     0.534446    
1.189201     -0.245783    15.684227    15.853850    0.128829     -0.026626    1.699112    
-0.568408    0.869054     38.944807    39.008349    -0.019859    0.030362     1.360624    
-1.734580    0.671091     111.636889   111.669732   -0.008837    0.003419     0.568739    
-0.636408    1.076167     62.467511    62.511023    -0.010442    0.017658     1.024983    
-0.015065    -1.805515    15.305943    15.537276    -0.002460    -0.294796    2.499082    
-0.077800    -0.314617    91.579661    91.601388    -0.004343    -0.017564    5.112559    
-0.899263    1.364392     41.371764    41.450791    -0.026985    0.040943     1.241493    
0.222212     -1.118615    33.262234    33.339944    0.009320     -0.046917    1.395095    
-0.127100    -0.954435    42.099615    42.156608    -0.008100    -0.060827    2.683057    
0.254367     -0.292730    19.332359    19.436189    0.016447     -0.018928    1.250020    
-0.025119    -0.383424    21.428634    21.522289    -0.000634    -0.009674    0.540668    
-0.261218    0.541272     38.193880    38.249296    -0.045475    0.094229     6.649117    
-1.158048    -0.327826    83.449000    83.480891    -0.005243    -0.001484    0.377826    
0.693907     -1.112520    124.689253   124.711684   0.038748     -0.062123    6.962659    
-1.111117    -0.488166    44.958908    45.018344    -0.058121    -0.025535    2.351723    
-1.264638    0.502094     24.201094    24.319115    -0.013531    0.005372     0.258942    
-1.045247    1.205178     42.918959    42.993685    -0.020976    0.024186     0.861299    
1.392515     1.176304     55.605073    55.669757    0.162942     0.137643     6.506501    
-0.604411    -1.717234    27.394659    27.525561    -0.015196    -0.043175    0.688764    
-0.838907    -0.985752    37.548683    37.622521    -0.000401    -0.000471    0.017942    
-1.247055    0.717613     39.482967    39.558182    -0.044184    0.025426     1.398911    
0.521707     -0.283935    33.099659    33.163461    0.005266     -0.002866    0.334117    
1.841554     -0.144297    51.492395    51.563106    0.090822     -0.007116    2.539500    
-0.183126    -1.035817    87.375643    87.404144    -0.006248    -0.035339    2.981016    
0.625781     0.094396     33.673982    33.737405    0.026175     0.003948     1.408509    
-1.609462    0.688959     34.054841    34.156583    -0.073674    0.031537     1.558878    
-1.297844    -1.543923    22.518210    22.693895    -0.101101    -0.120271    1.754154    
0.017883     1.772430     21.765755    21.926351    0.000165     0.016339     0.200647    
-0.393679    0.054235     15.885990    16.012419    -0.003030    0.000417     0.122258    
-0.764067    0.392729     45.257472    45.308408    -0.036962    0.018998     2.189354    
0.024078     -1.220989    32.008889    32.092605    0.003929     -0.199259    5.223688    
0.229253     -2.381254    25.306327    25.495256    0.029418     -0.305568    3.247372    
-0.366699    0.297241     13.877754    14.024616    -0.000452    0.000366     0.017092    
-0.776137    0.351846     34.107586    34.174970    -0.180701    0.081917     7.940980    
0.072445     0.674231     50.186071    50.229239    0.004875     0.045373     3.377315    
1.538340     -0.335622    15.855229    16.054357    0.076081     -0.016599    0.784148    
0.885155     0.369823     40.328896    40.388304    0.021566     0.009010     0.982585    
2.049217     -2.198483    78.439410    78.521645    0.145614     -0.156221    5.573773    
1.365403     0.100644     71.420680    71.460919    0.107544     0.007927     5.625327    
0.569333     0.663798     138.756728   138.773446   0.013049     0.015214     3.180237    
0.209136     -1.718971    78.672699    78.716371    0.005413     -0.044492    2.036279    
-0.481877    -0.416958    23.105468    23.197923    -0.010160    -0.008791    0.487153    
0.355375     2.184028     58.425608    58.500623    0.014720     0.090462     2.419979    
0.354871     -0.148587    40.931273    40.980386    0.006660     -0.002788    0.768117    
-0.931802    -0.013471    17.147452    17.285210    -0.181183    -0.002619    3.334221    
-0.511980    -1.776545    96.083877    96.121822    -0.002219    -0.007700    0.416477    
0.387322     0.557468     12.256759    12.432372    0.003539     0.005094     0.112004    
0.138493     0.749031     229.585276   229.594978   0.051673     0.279471     85.660582   
1.867845     0.687490     46.710221    46.794030    0.280865     0.103377     7.023738    
2.257027     1.859081     81.076178    81.152770    0.437328     0.360221     15.709538   
-2.481021    0.864893     22.857998    23.092564    -0.103482    0.036074     0.953392    
1.398128     -1.546924    52.059534    52.138448    0.134731     -0.149069    5.016722    
-1.113879    -0.665989    58.537626    58.585091    -0.006743    -0.004031    0.354350    
0.984307     -1.630553    73.423617    73.474690    0.002494     -0.004132    0.186042    
-0.114591    1.219148     35.679598    35.754834    -0.003356    0.035702     1.044855    
-2.228952    -2.011178    37.149522    37.322580    -0.175354    -0.158222    2.922597    
-0.222472    -0.992764    27.810005    27.898143    -0.001136    -0.005072    0.142067    
1.027589     -0.650241    14.376329    14.561337    0.044513     -0.028167    0.622748    
1.042753     -0.029375    23.448769    23.554361    0.106330     -0.002995    2.391072    
-0.771863    0.282279     35.112447    35.177185    -0.128695    0.047065     5.854410    
-0.623347    0.704983     46.395324    46.446599    -0.081227    0.091865     6.045659    
1.389745     -0.040398    15.624860    15.809625    0.021976     -0.000639    0.247074    
1.585639     0.022756     36.791069    36.877804    0.053835     0.000773     1.249114    
0.167331     -1.833759    20.906697    21.079744    0.020578     -0.225507    2.571010    
0.031132     1.080735     42.187619    42.247356    0.001325     0.046002     1.795735    
0.930785     -0.019427    105.539168   105.561630   0.048185     -0.001006    5.463613    
-0.454845    -0.026081    73.901276    73.928892    -0.008538    -0.000490    1.387179    
-0.930188    -0.763413    59.852457    59.896909    -0.065506    -0.053762    4.214972    
1.131477     0.223069     36.810826    36.881457    0.101466     0.020004     3.301027    
-0.084984    0.506653     12.584116    12.747503    -0.005061    0.030175     0.749478    
-0.960581    0.215695     36.604250    36.670360    -0.041878    0.009403     1.595804    
0.409779     0.302629     66.997156    67.028004    0.024922     0.018405     4.074669    
-1.165151    -1.176880    33.577043    33.675442    -0.145226    -0.146688    4.185102    
-0.834707    -0.039655    13.457321    13.626179    -0.033361    -0.001585    0.537856    
-0.989928    -0.854874    32.383854    32.469981    -0.141788    -0.122444    4.638352    
0.220054     0.147216     117.385925   117.402727   0.004496     0.003007     2.398099    
-2.615505    -0.257146    76.802362    76.872523    -0.382369    -0.037593    11.227966   
-0.586325    -0.704395    31.579374    31.653937    -0.159010    -0.191030    8.564236    
0.288768     1.409596     28.068269    28.173978    0.026665     0.130164     2.591870    
0.384865     1.427376     62.402056    62.450597    0.007586     0.028135     1.230014    
-0.205884    -0.357234    14.339695    14.480049    -0.007547    -0.013095    0.525654    
-0.494445    -1.019835    24.005000    24.112227    -0.070160    -0.144712    3.406248    
-0.574256    0.069353     31.256214    31.323481    -0.057163    0.006904     3.111323    
1.454648     -0.725844    109.619281   109.649007   0.732164     -0.365337    55.174402   
-0.084932    -0.192636    60.371664    60.404115    -0.000390    -0.000884    0.276912    
-1.345722    -0.755448    58.669551    58.722848    -0.163662    -0.091875    7.135203    
0.289879     2.240339     85.624212    85.676623    0.005092     0.039352     1.503993    
0.246034     0.110647     81.170136    81.194450    0.013294     0.005979     4.385881    
2.037774     0.810226     66.928668    66.993511    0.105124     0.041798     3.452695    
-0.850925    -1.259308    59.325139    59.377243    -0.000312    -0.000461    0.021731    
1.187393     0.257861     128.351321   128.372166   0.301117     0.065392     32.549224   
0.306415     0.107844     11.326741    11.501110    0.052811     0.018587     1.952159    
-0.415691    0.370283     26.333039    26.412380    -0.024336    0.021678     1.541645    
-1.059018    0.214109     14.257963    14.433704    -0.012304    0.002487     0.165648    
-1.163151    0.888534     164.030391   164.048732   -0.174390    0.133217     24.592926   
0.299644     0.057332     102.213601   102.233009   0.005346     0.001023     1.823682    
-2.225540    -1.517314    215.921300   215.947072   -0.058592    -0.039947    5.684628    
0.651554     -1.587748    16.773298    16.975392    0.000778     -0.001895    0.020024    
-0.380185    -1.054085    131.497976   131.517483   -0.033143    -0.091892    11.463559   
-0.189026    0.879540     35.220530    35.286966    -0.037094    0.172600     6.911632    
-1.548114    0.542558     22.356922    22.503288    -0.125510    0.043987     1.812536    
-1.117840    -2.212576    118.579945   118.622188   -0.248558    -0.491979    26.366913   
-0.580216    0.455592     39.539048    39.594892    -0.002252    0.001768     0.153434    
1.091998     0.563834     17.778178    17.928997    0.016495     0.008517     0.268545    
0.592981     -0.248403    9.419743     9.644679     0.015961     -0.006686    0.253542    
-0.568823    -0.723146    13.728600    13.899493    -0.047885    -0.060877    1.155719    
-2.740400    0.277649     32.797368    32.971642    -0.032307    0.003273     0.386657    
-2.211324    -2.417491    51.126623    51.269297    -0.224272    -0.245182    5.185262    
1.211132     -0.759226    58.400057    58.450704    0.010054     -0.006302    0.484781    
-1.320777    0.717741     15.820877    16.013579    -0.099310    0.053967     1.189580    
-1.295862    0.870256     58.592061    58.645897    -0.228644    0.153550     10.338088   
-1.602830    0.463903     15.953989    16.161342    -0.063730    0.018445     0.634342    
0.282493     -0.206721    7.305255     7.573919     0.017389     -0.012725    0.449689    
0.301938     1.819301     41.525698    41.613214    0.031675     0.190857     4.356336    
-0.423199    -1.901658    70.180533    70.235159    -0.000198    -0.000890    0.032833    
-0.238641    -0.655240    31.676828    31.745593    -0.012508    -0.034343    1.660295    
0.535670     -0.714151    72.079582    72.111983    0.120734     -0.160962    16.245940   
-0.320575    -0.036776    65.296340    65.326803    -0.008272    -0.000949    1.684935    
-2.481039    0.619261     39.711729    39.842633    -0.105106    0.026234     1.682334    
0.022427     0.758474     41.800223    41.853427    0.002557     0.086479     4.765925    
-1.193081    1.482138     20.331047    20.514546    -0.029523    0.036676     0.503103    
0.397257     0.369922     12.689864    12.853103    0.003064     0.002854     0.097891    
-1.249372    -0.161558    117.467721   117.490967   -0.105487    -0.013641    9.918047    
-0.450374    -0.262603    12.852296    13.012620    -0.013176    -0.007683    0.376009    
0.577634     -1.980518    117.237034   117.271707   0.045725     -0.156776    9.280349    
0.558695     0.436916     18.144853    18.265094    0.001734     0.001356     0.056307    
0.316331     -1.167332    90.271315    90.300875    0.043938     -0.162141    12.538572   
-0.265273    -0.313201    7.374853     7.644074     -0.034318    -0.040519    0.954079    
-0.045113    -0.875285    10.188139    10.413515    -0.001641    -0.031829    0.370483    
0.272065     0.158658     15.227947    15.357881    0.028641     0.016703     1.603103    
-0.711130    0.676167     80.537242    80.567271    -0.031312    0.029772     3.546112    
-1.996481    -0.258315    23.790622    23.956655    -0.035137    -0.004546    0.418702    
-0.699983    1.340821     151.617622   151.637944   -0.083364    0.159684     18.056757   
-0.675083    -0.742641    17.303055    17.443564    -0.046630    -0.051296    1.195172    
1.810165     0.478187     22.809660    22.970871    0.148029     0.039104     1.865290    
-1.252929    1.852527     43.863655    43.964723    -0.254557    0.376377     8.911750    
0.823060     -1.206402    24.604762    24.726547    0.028136     -0.041241    0.841117    
-0.868794    -0.334512    54.303405    54.347046    -0.106858    -0.041144    6.679081    
0.346289     1.281588     38.869285    38.941734    0.003645     0.013489     0.409115    
0.114717     0.690546     13.792205    13.949548    0.004361     0.026250     0.524287    
0.416754     0.149917     149.295552   149.309186   0.030171     0.010853     10.808252   
0.815854     -1.587227    56.917609    56.979593    0.047190     -0.091807    3.292182    
0.102087     0.127450     35.517737    35.572619    0.002519     0.003144     0.876260    
-0.170669    1.748507     18.784864    18.969251    -0.018122    0.185657     1.994580    
0.589973     0.447850     14.753326    14.902490    0.020380     0.015471     0.509648    
0.006072     0.988730     75.718920    75.750957    0.001223     0.199138     15.250423   
-0.734465    -0.582294    108.028656   108.050655   -0.072743    -0.057672    10.699367   
-0.697876    0.142522     54.423745    54.463991    -0.014220    0.002904     1.108970    
-1.058481    0.373597     43.610339    43.669172    -0.492890    0.173968     20.307497   
-1.150212    1.582812     23.307960    23.472627    -0.069094    0.095081     1.400130    
0.710458     -2.410086    22.127481    22.356512    0.093393     -0.316816    2.908749    
0.012635     0.110503     8.219350     8.452516     0.000666     0.005822     0.433076    
0.222883     -0.400605    10.125961    10.325705    0.012909     -0.023202    0.586478    
-0.547768    -0.793409    6.748808     7.095837     -0.001543    -0.002235    0.019009    
0.917267     -0.291464    21.924816    22.034038    0.018153     -0.005768    0.433892    
-3.088813    1.369353     134.403434   134.460306   -0.429606    0.190456     18.693434   
2.589094     -2.570614    57.729498    57.878160    0.446930     -0.443740    9.965279    
-0.850179    0.393202     96.655056    96.679637    -0.009900    0.004579     1.125510    
-1.854053    0.044091     15.688025    15.919439    -0.215310    0.005120     1.821841    
-1.240572    0.518577     96.581711    96.611127    -0.060008    0.025084     4.671748    
-0.013904    0.078553     25.556220    25.632044    -0.002737    0.015464     5.030971    
0.235059     1.862858     30.469008    30.590209    0.011406     0.090390     1.478428    
-0.489149    1.000429     35.547063    35.618938    -0.004699    0.009610     0.341466    
0.184097     -1.247959    115.067478   115.091228   0.003557     -0.024115    2.223467    
-0.493428    0.575513     71.971519    72.002425    -0.102928    0.120051     15.013135   
-1.340458    1.059850     46.315948    46.389245    -0.102694    0.081196     3.548304    
-0.338163    -1.533312    78.309168    78.349641    -0.016883    -0.076551    3.909622    
-0.076547    -0.174559    7.754757     8.002971     -0.001468    -0.003348    0.148728    
0.994327     -1.683971    29.434483    29.564983    0.031471     -0.053298    0.931609    
0.397652     -0.552644    43.449256    43.499154    0.031850     -0.044265    3.480121    
-0.435831    -1.765629    76.789604    76.836356    -0.007473    -0.030274    1.316654    
1.662740     1.075260     29.901520    30.031595    0.044674     0.028890     0.803390    
-1.163606    -0.436981    73.124273    73.161323    -0.032663    -0.012266    2.052618    
-1.765598    0.600497     18.720610    18.915975    -0.476531    0.162073     5.052651    
0.978178     -0.406963    9.408399     9.670335     0.144737     -0.060217    1.392122    
-1.250081    -0.314639    14.491035    14.680830    -0.033285    -0.008378    0.385842    
1.266555     0.320268     31.609485    31.697654    0.213562     0.054002     5.329867    
-0.571287    0.655331     27.733055    27.816418    -0.160762    0.184412     7.804178    
-0.133760    0.715377     19.789537    19.900513    -0.029034    0.155278     4.295469    
-1.158215    -0.581172    66.924035    66.965518    -0.023661    -0.011872    1.367158    
-0.486864    -0.310056    9.520314     9.738814     -0.006026    -0.003838    0.117833    
-1.368511    -0.344555    21.449208    21.585528    -0.244796    -0.061633    3.836779    
-0.127347    2.064648     39.299856    39.403459    -0.005343    0.086625     1.648872    
0.385747     1.420600     44.846808    44.914119    0.059744     0.220020     6.945791    
3.085996     0.181539     35.064514    35.255516    0.029810     0.001754     0.338719    
-0.428144    0.142692     16.521205    16.644183    -0.000220    0.000073     0.008501    
0.557113     0.318805     11.471058    11.656420    0.057690     0.033013     1.187839    
0.321787     -1.687329    15.581264    15.798777    0.057721     -0.302667    2.794913    
-2.331879    0.458929     34.421446    34.559502    -0.017244    0.003394     0.254545    
-0.605813    0.823387     13.211926    13.396825    -0.124768    0.169578     2.721020    
-0.927617    -0.611228    40.846944    40.909435    -0.241031    -0.158821    10.613635   
2.368758     0.368315     95.588363    95.638678    0.300587     0.046738     12.129809   
-0.085075    1.504277     151.828579   151.848814   -0.005552    0.098168     9.908256    
0.476416     -1.013580    22.010301    22.126514    0.050821     -0.108121    2.347898    
1.825340     -0.572941    200.586764   200.605546   0.172755     -0.054225    18.984044   
-1.414902    -1.791384    73.841401    73.902898    -0.082209    -0.104084    4.290371    
0.512952     0.130167     11.981137    12.153298    0.064949     0.016482     1.517037    
-0.764077    0.855325     55.547301    55.594002    -0.004885    0.005468     0.355137    
0.319919     -0.599159    53.783270    53.823567    0.007725     -0.014468    1.298748    
-0.470597    1.968693     65.770842    65.831420    -0.022822    0.095472     3.189570    
0.296068     1.039069     148.031120   148.048150   0.005921     0.020781     2.960590    
1.868417     -2.293375    52.660229    52.779970    0.132075     -0.162114    3.722445    
0.275539     1.709642     29.467586    29.583989    0.050342     0.312357     5.383821    
-0.069110    -0.564905    30.825953    30.893983    -0.011222    -0.091725    5.005281    
0.662562     0.211209     25.501751    25.587064    0.191548     0.061061     7.372624    
-0.303818    1.713218     12.215751    12.495077    -0.074705    0.421261     3.003719    
1.705080     -0.262175    12.997521    13.258452    0.274989     -0.042283    2.096190    
1.323353     0.696271     87.517543    87.552449    0.079551     0.041855     5.260949    
1.991451     -0.047516    119.025339   119.058282   0.162891     -0.003887    9.735695    
-1.166279    0.887470     20.927466    21.070871    -0.003506    0.002668     0.062905    
-1.142108    1.022876     23.055273    23.189896    -0.019285    0.017271     0.389291    
-0.115135    -1.639587    22.476573    22.622396    -0.009342    -0.133033    1.823707    
0.949965     1.720465     80.257256    80.305445    0.045852     0.083042     3.873797    
1.227011     -0.203021    40.528341    40.595174    0.009410     -0.001557    0.310825    
-1.551530    1.322101     60.177117    60.243801    -0.195127    0.166273     7.568141    
1.177916     0.154990     33.387495    33.466569    0.000022     0.000003     0.000612    
0.043269     -1.762661    60.816472    60.873862    0.006808     -0.277323    9.568370    
1.434728     -0.448724    28.563815    28.671001    0.035522     -0.011110    0.707208    
0.340691     0.548239     10.041342    10.252811    0.033706     0.054240     0.993438    
-0.100924    -1.485927    32.477735    32.571405    -0.006053    -0.089121    1.947900    
-0.877549    -1.028989    26.715552    26.822091    -0.034226    -0.040132    1.041956    
0.494308     0.127849     80.690403    80.716026    0.176285     0.045595     28.776611   
0.097253     0.437436     25.254136    25.334703    0.015174     0.068252     3.940335    
0.354617     0.290754     21.074063    21.170767    0.083861     0.068758     4.983641    
1.304083     1.122716     27.348036    27.472734    0.077107     0.066383     1.617020    
-1.329061    -1.097263    72.532071    72.579244    -0.166878    -0.137773    9.107186    
0.454087     -0.648322    20.196204    20.307342    0.004677     -0.006678    0.208019    
0.035175     -0.533505    27.579688    27.655018    0.001487     -0.022552    1.165824    
0.488450     -1.613929    67.488844    67.538599    0.065416     -0.216146    9.038465    
0.348203     0.002081     22.282079    22.371572    0.014270     0.000085     0.913166    
-0.564065    -0.320600    12.176117    12.351265    -0.162794    -0.092528    3.514125    
-2.348436    2.049593     36.504365    36.690048    -0.126924    0.110773     1.972925    
0.518870     -1.124739    9.696850     9.971866     0.022620     -0.049032    0.422727    
0.077851     1.387325     42.443257    42.511596    0.001878     0.033466     1.023859    
-1.000716    -0.523425    37.699484    37.767731    -0.033976    -0.017771    1.279945    
-0.125238    0.430277     83.913511    83.937794    -0.004850    0.016662     3.249532    
0.510271     0.263524     131.347490   131.363495   0.068650     0.035454     17.671127   
-0.360696    -0.774228    66.933941    66.968328    -0.067782    -0.145492    12.578134   
-0.689608    -0.163910    137.469965   137.485885   -0.071468    -0.016987    14.246784   
0.270162     -0.412721    26.358125    26.436131    0.005064     -0.007736    0.494025    
-0.658227    1.310683     124.154378   124.178644   -0.005949    0.011846     1.122094    
0.461161     -0.594142    70.981185    71.012458    0.016877     -0.021744    2.597711    
-1.200047    0.142607     41.029580    41.094547    -0.007882    0.000937     0.269485    
-1.375569    -0.668788    47.296411    47.362062    -0.334430    -0.162597    11.498771   
-0.826041    -0.147685    62.156814    62.193638    -0.010737    -0.001920    0.807886    
0.445334     0.642866     20.525490    20.634493    0.112591     0.162531     5.189315    
0.030706     -1.742276    50.436170    50.504641    0.006880     -0.390353    11.300099   
-1.869511    -0.142734    56.464560    56.529965    -0.113034    -0.008630    3.413940    
0.607484     -0.188410    60.769386    60.804587    0.047289     -0.014666    4.730490    
1.034294     -1.258791    22.652265    22.795929    0.008564     -0.010422    0.187553    
-0.764747    1.029663     12.725196    12.940271    -0.084930    0.114351     1.413216    
0.140477     -1.694510    23.772217    23.914104    0.007139     -0.086115    1.208101    
0.941151     0.043769     26.356178    26.446375    0.021069     0.000980     0.590007    
-1.159759    2.848242     63.490451    63.595360    -0.019011    0.046688     1.040732    
0.293115     0.893415     31.686068    31.761076    0.037963     0.115711     4.103820    
0.485031     -0.729097    6.475827     6.824816     0.088644     -0.133249    1.183516    
-1.499151    0.183934     29.061027    29.166754    -0.184723    0.022664     3.580854    
0.501812     -0.259091    5.322503     5.702888     0.005516     -0.002848    0.058509    
1.731865     1.457283     18.941782    19.177828    0.091526     0.077015     1.001038    
0.674000     -1.772788    61.007654    61.068862    0.044551     -0.117181    4.032600    
-0.755576    0.504702     62.774196    62.811625    -0.008606    0.005748     0.714983    
-0.789369    -1.384048    20.626217    20.781108    -0.012076    -0.021174    0.315548    
0.959271     -1.353483    97.942667    97.976493    0.053987     -0.076173    5.512112    
0.188155     0.470117     5.936934     6.275233     0.008007     0.020005     0.252642    
1.547260     0.243621     25.109369    25.235070    0.040974     0.006451     0.664939    
0.623864     -0.922840    12.662392    12.862813    0.083983     -0.124230    1.704574    
-0.184014    -0.748265    65.795252    65.829202    -0.003720    -0.015128    1.330248    
-1.188034    -0.744282    21.187489    21.324869    -0.017366    -0.010880    0.309710    
-1.310287    0.126929     9.235509     9.534283     -0.093202    0.009029     0.656934    
-0.182284    -0.103325    15.440711    15.567094    -0.009370    -0.005311    0.793661    
0.262653     -2.120073    22.010520    22.201389    0.010234     -0.082608    0.857636    
-0.992150    0.612803     163.364700   163.380721   -0.161870    0.099979     26.653123   
-1.388584    0.977921     32.883183    32.985802    -0.154838    0.109046     3.666731    
0.640014     0.116502     125.425560   125.442693   0.013377     0.002435     2.621576    
-1.318526    -0.104775    21.614340    21.744059    -0.160689    -0.012769    2.634137    
1.114480     0.104994     155.757727   155.774188   0.123319     0.011618     17.234818   
0.239103     -0.432309    13.901661    14.049028    0.000271     -0.000490    0.015753    
1.136697     0.562605     20.574895    20.707724    0.042196     0.020885     0.763772    
-1.489912    -3.472376    52.566596    52.738973    -0.001642    -0.003827    0.057935    
-1.420649    -2.627557    61.980404    62.083554    -0.001799    -0.003327    0.078468    
1.480880     0.199046     54.926275    54.981845    0.006267     0.000842     0.232436    
-2.029818    3.474786     112.477758   112.566937   -0.087301    0.149448     4.837581    
1.950936     -1.309023    16.751629    17.029730    0.193320     -0.129712    1.659936    
-0.910507    0.051675     51.925217    51.970518    -0.022595    0.001282     1.288546    
1.259591     0.267951     45.340883    45.401862    0.008581     0.001826     0.308899    
-0.581875    0.753579     13.547765    13.723096    -0.055242    0.071544     1.286207    
-1.232544    1.131793     38.723914    38.810006    -0.320131    0.293962     10.057826   
0.240018     0.972481     52.208223    52.254922    0.010197     0.041315     2.218005    
1.627553     -0.453633    22.681126    22.828998    0.257790     -0.071851    3.592488    
0.580611     -0.136832    56.408389    56.445878    0.043951     -0.010358    4.269958    
-0.154588    1.823694     44.419331    44.500580    -0.014936    0.176205     4.291796    
-0.506971    0.848503     14.830511    14.993198    -0.020290    0.033959     0.593552    
1.399303     0.090160     68.208394    68.251199    0.093338     0.006014     4.549702    
-0.158155    0.405256     27.843702    27.916589    -0.000466    0.001195     0.082123    
0.152992     -1.388457    100.239580   100.268637   0.005249     -0.047636    3.439112    
-1.569728    0.157900     24.780248    24.908324    -0.062786    0.006316     0.991155    
0.427591     -1.145826    26.595209    26.695990    0.090589     -0.242753    5.634426    
1.557384     0.046513     36.450861    36.537212    0.010395     0.000310     0.243293    
-0.122970    -2.182261    32.807136    32.938739    -0.000084    -0.001490    0.022394    
-0.060439    -0.100695    169.079806   169.091306   -0.002933    -0.004887    8.205646    
1.295822     0.379158     55.176106    55.227716    0.012096     0.003539     0.515068    
0.690627     -0.196398    17.343723    17.469838    0.072642     -0.020658    1.824251    
-0.390649    -1.242020    25.354846    25.464453    -0.006933    -0.022042    0.449972    
-0.150540    -0.697768    14.474887    14.625554    -0.004427    -0.020521    0.425702    
-0.971493    0.604208     8.602138     8.898348     -0.139056    0.086484     1.231283    
0.180335     0.564661     125.848598   125.865388   0.006182     0.019358     4.314486    
-0.897575    0.503881     18.082493    18.218426    -0.048926    0.027466     0.985665    
1.222584     -0.057871    8.036344     8.363961     0.045317     -0.002145    0.297880    
-0.205528    -0.745190    11.979937    12.165171    -0.005380    -0.019507    0.313594    
2.303310     0.291497     22.385875    22.591870    0.255034     0.032276     2.478675    
0.289659     -0.533857    34.785658    34.846605    0.045331     -0.083547    5.443865    
-1.383801    1.629143     24.955211    25.123824    -0.079897    0.094062     1.440842    
0.511525     -1.062525    91.007268    91.036193    0.058716     -0.121963    10.446331   
-0.312652    -0.750099    55.216681    55.257734    -0.004873    -0.011692    0.860689    
0.504243     -0.726077    109.507632   109.528891   0.004724     -0.006803    1.025998    
0.326414     -0.554828    18.938450    19.051357    0.001867     -0.003174    0.108327    
0.929726     -0.376636    17.246009    17.386950    0.091204     -0.036947    1.691801    
-0.213318    -0.782172    10.452139    10.666745    -0.023854    -0.087466    1.168811    
0.472734     -0.397972    15.917168    16.050329    0.046721     -0.039332    1.573105    
1.428921     0.469774     10.886335    11.164665    0.046054     0.015141     0.350866    
-1.012275    -0.711731    52.995626    53.046607    -0.051170    -0.035978    2.678907    
0.680819     -0.324582    20.358030    20.466881    0.172548     -0.082262    5.159568    
0.042362     0.366808     14.907387    15.041326    0.006472     0.056039     2.277457    
-0.340363    0.162384     38.678106    38.730002    -0.002722    0.001299     0.309337    
0.122828     0.138624     127.395169   127.410511   0.004099     0.004626     4.251379    
0.114789     -0.607556    146.205937   146.220495   0.005271     -0.027896    6.713108    
-0.595598    2.008661     34.429257    34.549069    -0.001658    0.005591     0.095834    
0.522757     -0.527842    48.313915    48.359707    0.013665     -0.013798    1.262903    
0.535509     1.332800     16.359928    16.540415    0.083068     0.206743     2.537742    
-2.534293    0.311136     56.379441    56.471548    -0.224430    0.027553     4.992798    
-1.079255    0.633458     27.979387    28.076452    -0.247819    0.145455     6.424643    
0.666663     0.240324     144.997796   145.012889   0.014551     0.005245     3.164803    
-0.319413    -0.631995    41.145423    41.198571    -0.067014    -0.132594    8.632439    
-1.716941    -0.561394    52.405801    52.473860    -0.014043    -0.004592    0.428618    
1.005703     0.668750     10.321162    10.576389    0.053764     0.035751     0.551763    
0.333423     -0.917685    28.214756    28.300190    0.035021     -0.096388    2.963508    
0.713349     1.507141     20.028967    20.194425    0.148719     0.314209     4.175646    
0.888970     1.323562     31.289748    31.392123    0.067470     0.100455     2.374808    
-1.040996    0.447342     60.257847    60.300638    -0.239086    0.102741     13.839452   
0.802150     0.310300     21.136627    21.245509    0.002747     0.001063     0.072384    
-0.173938    1.499702     22.618490    22.754129    -0.023679    0.204163     3.079188    
1.687798     -1.578067    39.509492    39.625924    0.135600     -0.126784    3.174252    
0.577353     0.566173     41.482592    41.537144    0.058036     0.056913     4.169893    
-0.129838    -0.432536    8.320464     8.562069     -0.031900    -0.106270    2.044270    
-2.054823    -1.489541    95.865434    95.919224    -0.093902    -0.068070    4.380894    
1.194384     -0.153941    30.057397    30.145851    0.057776     -0.007447    1.453977    
0.328245     0.899667     9.770450     10.012681    0.011437     0.031347     0.340433    
0.829186     -0.137532    42.703464    42.757072    0.002634     -0.000437    0.135671    
0.213094     -1.283904    67.214879    67.256291    0.017781     -0.107131    5.608527    
0.247809     -0.582795    31.091034    31.159724    0.042292     -0.099463    5.306158    
0.802689     -0.333344    57.893813    57.933789    0.012825     -0.005326    0.925021    
0.077222     0.055822     173.600702   173.611889   0.005584     0.004037     12.553168   
0.513256     -1.155082    114.675752   114.699610   0.037321     -0.083992    8.338622    
1.358106     -1.091213    94.689140    94.725621    0.084311     -0.067742    5.878278    
0.196827     0.541042     73.865700    73.894168    0.020132     0.055338     7.555076    
-0.133683    -1.010782    51.310377    51.358244    -0.006047    -0.045722    2.320973    
0.978595     -0.446910    29.298914    29.384668    0.050141     -0.022899    1.501206    
0.044125     0.731919     26.698084    26.780596    0.000724     0.012012     0.438148    
-0.315366    1.212506     23.363416    23.479646    -0.023834    0.091634     1.765672    
1.031179     0.803463     41.434606    41.501933    0.084758     0.066041     3.405714    
-1.713230    0.726194     12.728821    13.013853    -0.359831    0.152523     2.673444    
-1.075723    -0.899052    44.090635    44.156818    -0.022636    -0.018919    0.927801    
1.311058     -3.541887    81.554314    81.665445    0.128002     -0.345803    7.962348    
-0.941047    -0.877166    6.739466     7.137951     -0.036457    -0.033982    0.261092    
-0.127429    -0.052425    46.879984    46.921497    -0.003720    -0.001530    1.368483    
-0.024562    0.285290     10.916227    11.095988    -0.000918    0.010664     0.408052    
-0.827232    -0.047755    52.846662    52.889802    -0.047003    -0.002713    3.002714    
-0.101824    0.509696     40.675683    40.726605    -0.000257    0.001288     0.102792    
-0.052992    -2.760398    60.538620    60.633506    -0.004137    -0.215489    4.725925    
-0.400386    1.283174     18.952648    19.101955    -0.042070    0.134828     1.991425    
0.379394     -2.202709    40.031031    40.141677    0.006732     -0.039087    0.710354    
-1.154677    -2.025574    19.239367    19.479846    -0.036603    -0.064210    0.609885    
0.157130     -1.148875    11.911745    12.128859    0.020072     -0.146756    1.521590    
1.245572     -1.511469    59.224888    59.289951    0.049839     -0.060479    2.369781    
-0.094380    0.809891     6.167735     6.525392     -0.002770    0.023768     0.181005    
-1.625305    1.352674     41.327899    41.428753    -0.041246    0.034327     1.048796    
-0.441378    -1.738918    18.894814    19.081604    -0.028452    -0.112093    1.217989    
0.859306     -0.060215    79.742155    79.771099    0.066936     -0.004690    6.211537    
0.017251     0.090701     80.935715    80.959703    0.000193     0.001014     0.905218    
1.285353     2.175780     46.129801    46.240888    0.115407     0.195356     4.141833    
0.082610     -1.325469    8.798882     9.113669     0.002940     -0.047171    0.313137    
-0.656416    0.549350     149.460769   149.476182   -0.036827    0.030820     8.385236    
2.634533     0.250299     88.477030    88.538484    0.095575     0.009080     3.209745    
-0.323539    0.761344     29.458837    29.536119    -0.008489    0.019976     0.772938    
0.751082     0.877071     12.228572    12.439707    0.046975     0.054854     0.764807    
-0.046131    0.917092     55.554325    55.596773    -0.000217    0.004305     0.260754    
-0.168426    -0.927485    14.049236    14.217755    -0.001026    -0.005651    0.085592    
-0.149389    0.964250     57.030536    57.072840    -0.001083    0.006992     0.413571    
-0.183197    1.636708     24.080669    24.217059    -0.050079    0.447409     6.582671    
-0.809410    -0.762184    51.765869    51.815212    -0.122885    -0.115716    7.859144    
-0.136189    -0.023440    9.431471     9.635699     -0.002798    -0.000482    0.193759    
-1.386261    -1.200850    152.643265   152.666975   -0.098448    -0.085281    10.840258   
0.538983     -1.937949    87.584933    87.630141    0.097520     -0.350640    15.847051   
2.067298     0.760276     46.599081    46.692623    0.090097     0.033134     2.030878    
-0.094344    0.277072     30.830466    30.894631    -0.014134    0.041508     4.618701    
-0.621892    -0.570284    40.339474    40.396288    -0.000610    -0.000559    0.039551    
0.736568     0.424412     26.789157    26.874831    0.037377     0.021536     1.359394    
1.499332     -2.280515    35.315792    35.475751    0.025600     -0.038938    0.602986    
0.769390     0.037154     20.862550    20.969365    0.047187     0.002279     1.279504    
2.931031     1.165194     33.698012    33.902501    0.041827     0.016628     0.480888    
0.967675     -0.750255    78.197054    78.231409    0.161171     -0.124958    13.024063   
-2.281663    1.004648     23.495469    23.709225    -0.105217    0.046328     1.083470    
1.299185     -0.886561    16.144511    16.339953    0.012667     -0.008644    0.157406    
-1.579344    -0.838953    57.766605    57.827794    -0.425660    -0.226112    15.569079   
-0.557932    0.273740     21.646917    21.745118    -0.070860    0.034766     2.749260    
-0.147587    0.044864     46.807445    46.849073    -0.007656    0.002327     2.428204    
-1.733537    0.495147     22.875020    23.030237    -0.028851    0.008241     0.380706    
-0.133336    -0.372749    4.641053     5.056782     -0.002386    -0.006672    0.083067    
0.739026     0.639864     14.651769    14.815697    0.150980     0.130722     2.993299    
-1.035025    0.825750     6.171186     6.611477     -0.084132    0.067121     0.501626    
0.338116     1.156902     29.616997    29.706804    0.014041     0.048043     1.229923    
1.763491     0.560262     56.424294    56.488934    0.115010     0.036539     3.679838    
-0.157242    1.035470     95.857424    95.883354    -0.004052    0.026681     2.469986    
-3.192900    -0.782690    126.414138   126.472196   -0.176368    -0.043234    6.982814    
-0.501592    -0.097795    14.137987    14.283514    -0.006331    -0.001234    0.178453    
0.460586     -0.814634    6.768824     7.111097     0.007448     -0.013174    0.109460    
-1.620287    0.663930     38.043896    38.135012    -0.235463    0.096484     5.528608    
1.568543     0.577181     23.835293    23.974770    0.038893     0.014312     0.591015    
0.821080     -0.338397    4.704953     5.176893     0.010764     -0.004436    0.061677    
0.176126     -0.078717    126.110597   126.126107   0.014519     -0.006489    10.396047   
0.262576     -0.802650    95.272163    95.296240    0.084820     -0.259279    30.775685   
-0.091835    -0.024927    4.759018     5.150948     -0.004211    -0.001143    0.218203    
1.781034     -1.137729    43.572470    43.668085    0.176793     -0.112936    4.325189    
0.717155     0.465601     40.911128    40.967383    0.013866     0.009002     0.790986    
-1.004226    -0.426440    31.467218    31.547600    -0.223539    -0.094925    7.004544    
-1.506012    -1.105509    42.897574    42.983334    -0.051435    -0.037757    1.465091    
1.326088     0.739013     11.329845    11.599353    0.186959     0.104190     1.597340    
-0.839162    -1.519308    55.235429    55.297740    -0.127144    -0.230195    8.368899    
-1.370727    -0.233746    71.600966    71.641516    -0.143619    -0.024491    7.502055    
0.432957     0.505931     14.930801    15.074720    0.008997     0.010513     0.310268    
0.796671     0.377148     29.278997    29.358330    0.041530     0.019661     1.526302    
-0.595879    -1.350141    16.944350    17.122030    -0.005759    -0.013049    0.163763    
0.136065     0.535498     61.298428    61.332516    0.017279     0.068003     7.784266    
-0.621747    0.232698     83.384385    83.410259    -0.053747    0.020116     7.208220    
-0.612258    1.077951     123.908706   123.930542   -0.112489    0.198051     22.765626   
0.103521     -0.790324    51.390264    51.434128    0.013093     -0.099962    6.499931    
0.253854     -0.565604    39.501350    39.555227    0.022267     -0.049612    3.464879    
-0.500358    2.712574     24.186821    24.423056    -0.067961    0.368437     3.285190    
-2.408427    -0.662857    55.067227    55.158992    -0.037369    -0.010285    0.854417    
0.897472     0.919916     58.870414    58.917334    0.019971     0.020471     1.310042    
0.360727     -0.501248    9.533493     9.754169     0.003887     -0.005401    0.102717    
-1.339985    -0.163620    69.045322    69.086567    -0.103346    -0.012619    5.325103    
0.475362     0.591661     17.393264    17.520748    0.014170     0.017636     0.518462    
0.766207     -0.021764    22.767560    22.865352    0.040096     -0.001139    1.191445    
1.692459     -1.785622    23.393820    23.605055    0.398369     -0.420297    5.506405    
1.017962     -2.277114    17.726915    18.009441    0.061938     -0.138552    1.078602    
1.536522     -1.045972    44.949550    45.031011    0.029511     -0.020089    0.863316    
-0.078094    -1.437464    23.095049    23.223450    -0.001900    -0.034981    0.562016    
1.876658     -0.115149    14.300067    14.556853    0.503939     -0.030921    3.839994    
-1.299811    -0.457892    35.530248    35.611411    -0.015740    -0.005545    0.430248    
0.707509     0.197798     14.891402    15.038899    0.053526     0.014964     1.126595    
0.628910     0.526776     10.953124    11.158804    0.024708     0.020695     0.430314    
-0.450658    -1.134623    77.621368    77.655922    -0.159906    -0.402597    27.542305   
0.150449     1.840446     67.448096    67.502078    0.003094     0.037845     1.386941    
0.255391     1.297211     48.985674    49.043034    0.035584     0.180744     6.825326    
0.807251     -1.361783    111.295968   111.324631   0.020936     -0.035318    2.886454    
0.423189     0.696510     16.830056    16.964373    0.010201     0.016790     0.405701    
-0.157624    1.226758     10.881984    11.127548    -0.000208    0.001619     0.014358    
1.028902     2.084923     56.128479    56.211090    0.004535     0.009190     0.247398    
0.865115     0.203816     14.147442    14.311361    0.080579     0.018984     1.317723    
0.444102     -2.791281    33.350723    33.528110    0.009456     -0.059432    0.710100    
-0.350800    0.889313     68.236015    68.271096    -0.014066    0.035659     2.736115    
-0.848615    0.700981     22.517686    22.630348    -0.035874    0.029633     0.951897    
-0.516275    0.341647     9.991829     10.202689    -0.044656    0.029551     0.864251    
-1.410792    0.055777     48.718884    48.779074    -0.260813    0.010312     9.006637    
0.824807     0.282066     140.939412   140.955854   0.023872     0.008164     4.079088    
-0.888894    -0.415607    57.517438    57.559477    -0.101426    -0.047422    6.562942    
-0.037031    0.702912     44.808815    44.857556    -0.001447    0.027476     1.751506    
-0.264467    1.999202     58.117702    58.185986    -0.013315    0.100651     2.925967    
0.543437     -2.016143    33.693835    33.815819    0.068234     -0.253148    4.230618    
-0.642440    1.246061     71.863248    71.903871    -0.024585    0.047685     2.750086    
0.717846     -0.941157    58.386975    58.432139    0.112029     -0.146880    9.112044    
0.403340     3.382406     87.755287    87.843433    0.003436     0.028812     0.747511    
-1.619225    3.181460     53.371961    53.527420    -0.109592    0.215328     3.612324    
-0.586130    -1.472257    52.850662    52.911044    -0.008839    -0.022203    0.797041    
0.538901     -0.521164    26.565621    26.649000    0.009258     -0.008954    0.456402    
-1.741507    0.460784     51.283616    51.352988    -0.245236    0.064887     7.221681    
0.817488     0.383416     14.318375    14.481233    0.070219     0.032934     1.229888    
0.624839     0.970983     21.578468    21.698812    0.037034     0.057550     1.278958    
0.700422     1.291318     65.106684    65.152999    0.116857     0.215442     10.862309   
-0.215388    1.280021     29.161524    29.256697    -0.083165    0.494238     11.259756   
0.185522     -0.867845    12.807887    12.988629    0.010727     -0.050181    0.740583    
-0.822511    0.239873     11.169929    11.374372    -0.095013    0.027709     1.290311    
-0.076738    1.090522     65.399600    65.438351    -0.009837    0.139787     8.383165    
0.243159     -1.078355    33.224779    33.301395    0.044604     -0.197808    6.094580    
-1.561535    -0.329488    48.452052    48.518278    -0.077426    -0.016337    2.402421    
-0.363164    1.232399     26.100290    26.205930    -0.042003    0.142537     3.018720    
0.535161     -1.749692    36.783544    36.881592    0.021232     -0.069418    1.459372    
-1.797262    0.118764     79.113907    79.158887    -0.418542    0.027657     18.423861   
0.133791     0.436662     5.937576     6.272028     0.004493     0.014663     0.199376    
-0.630419    -1.091159    16.063709    16.232861    -0.028926    -0.050067    0.737075    
0.512440     -1.308342    15.082539    15.275218    0.103554     -0.264390    3.047883    
0.764227     -1.329689    46.248582    46.315855    0.137273     -0.238842    8.307294    
1.201819     -0.263714    10.734304    10.982447    0.027003     -0.005925    0.241186    
0.052943     2.149679     69.634929    69.695926    0.000217     0.008792     0.284791    
-0.937471    -0.162368    17.417156    17.553845    -0.061216    -0.010603    1.137334    
-0.062492    -0.138450    43.609683    43.654353    -0.000728    -0.001613    0.508026    
-1.929723    -2.438682    64.439978    64.544998    -0.061980    -0.078328    2.069736    
0.408748     0.236457     67.948270    67.978418    0.011154     0.006452     1.854150    
0.760949     -0.826671    84.947928    84.978162    0.032295     -0.035084    3.605182    
-0.095777    -1.548360    34.560286    34.651045    -0.003133    -0.050650    1.130528    
-0.060417    0.857685     37.548906    37.610298    -0.002461    0.034933     1.529350    
-0.941055    1.381901     42.177363    42.256362    -0.007880    0.011571     0.353165    
0.548231     -0.965594    26.045516    26.143389    0.099752     -0.175693    4.739064    
0.329382     -0.813115    160.538706   160.553171   0.019781     -0.048833    9.641335    
0.100914     0.381933     55.059834    55.096427    0.021779     0.082429     11.883027   
0.514954     0.293711     17.136330    17.259206    0.100286     0.057200     3.337269    
-2.075728    0.654183     85.364007    85.414432    -0.144412    0.045513     5.938939    
0.606743     0.195604     19.649725    19.758367    0.014154     0.004563     0.458387    
0.460665     -0.812143    190.686920   190.699366   0.020605     -0.036326    8.529102    
-0.890563    0.522498     28.087909    28.175728    -0.010147    0.005953     0.320019    
1.002616     0.857217     24.748207    24.861391    0.063985     0.054706     1.579372    
1.323354     -0.402385    29.333358    29.431854    0.146728     -0.044615    3.252358    
-0.522529    -0.203234    89.317678    89.341126    -0.105688    -0.041107    18.065624   
-0.389477    -0.737995    52.438374    52.481943    -0.009750    -0.018475    1.312756    
1.581329     0.557884     95.422143    95.457174    0.439045     0.154893     26.493284   
-0.661554    -1.416530    60.077587    60.130155    -0.028534    -0.061098    2.591288    
-0.371793    0.009966     16.271897    16.394753    -0.103160    0.002765     4.514891    
-1.115798    1.420003     29.966935    30.085770    -0.332998    0.423785     8.943315    
-0.656818    -0.426079    17.688509    17.814917    -0.014361    -0.009316    0.386760    
0.675839     0.404853     69.611653    69.643937    0.100389     0.060136     10.340060   
0.279380     -0.375453    14.769309    14.907262    0.033887     -0.045540    1.791401    
-0.570160    -0.573415    91.467052    91.491805    -0.013759    -0.013837    2.207256    
-0.652024    0.338013     23.430784    23.524795    -0.090101    0.046709     3.237834    
-1.890701    -0.911989    38.687146    38.794030    -0.088639    -0.042755    1.813706    
-1.683533    -0.239774    75.541510    75.586285    -0.092716    -0.013205    4.160264    
-1.004052    -1.070894    18.566496    18.728178    -0.057203    -0.061011    1.057769    
0.946647     0.622465     72.515287    72.550847    0.014164     0.009313     1.084958    
-2.414456    -1.491073    95.934256    95.996402    -0.107741    -0.066537    4.280918    
1.105254     -0.527319    14.699803    14.881492    0.089715     -0.042803    1.193209    
2.333132     -3.080321    45.890819    46.095272    0.189250     -0.249858    3.722401    
-1.235782    -0.786268    124.767724   124.791848   -0.118357    -0.075305    11.949584   
-0.496223    -0.858243    49.298195    49.347440    -0.120964    -0.209213    12.017365   
-0.882851    1.847902     110.058570   110.095222   -0.043646    0.091355     5.441007    
-0.248355    0.222272     16.023262    16.147166    -0.018632    0.016675     1.202105    
0.476642     1.905825     30.964779    31.089417    0.008807     0.035215     0.572157    
-0.401123    0.476651     20.786234    20.888528    -0.044507    0.052887     2.306346    
0.456107     -0.574177    52.347932    52.390062    0.013031     -0.016404    1.495560    
-0.980711    -0.772924    38.856934    38.926797    -0.207890    -0.163843    8.236843    
-0.572691    0.033443     46.183520    46.229013    -0.032391    0.001892     2.612102    
1.908634     -0.591580    31.495814    31.620469    0.105198     -0.032606    1.735959    
0.936327     -0.565366    11.702357    11.917066    0.102761     -0.062048    1.284317    
-0.442332    0.472144     13.444203    13.602945    -0.073228    0.078163     2.225687    
1.048545     0.138814     8.839109     9.117210     0.059275     0.007847     0.499680    
-0.640822    1.019034     16.412116    16.573521    -0.023811    0.037864     0.609817    
0.900904     0.454988     17.649375    17.787468    0.084723     0.042788     1.659792    
-0.771507    0.497698     22.526872    22.631346    -0.016938    0.010927     0.494564    
-0.925387    1.867624     35.676224    35.791232    -0.027631    0.055766     1.065265    
1.140231     -2.290434    75.825969    75.894655    0.290396     -0.583331    19.311478   
0.721095     0.472346     19.869420    19.985291    0.222891     0.146002     6.141648    
0.020493     -0.650039    32.995762    33.060826    0.004603     -0.146007    7.411254    
-2.564854    -0.212775    137.769831   137.807928   -0.410719    -0.034072    22.061539   
-0.593813    2.371154     31.239813    31.397068    -0.000979    0.003911     0.051529    
-0.266065    0.820291     10.925243    11.134611    -0.076112    0.234658     3.125344    
0.892660     0.739581     9.763155     10.026862    0.000547     0.000453     0.005983    
1.041243     0.644970     43.010253    43.072694    0.087846     0.054414     3.628645    
0.231719     1.886435     12.330949    12.630898    0.003062     0.024926     0.162930    
0.876239     -0.633146    112.503959   112.526373   0.031426     -0.022707    4.034854    
1.204285     0.980339     83.690961    83.728509    0.081923     0.066689     5.693164    
1.536965     -0.287183    49.938696    50.001931    0.026819     -0.005011    0.871380    
1.587240     0.292780     46.050118    46.120422    0.485810     0.089612     14.094658   
-0.210123    -0.115682    7.204980     7.472900     -0.030484    -0.016783    1.045265    
0.289293     -1.696372    55.443621    55.505238    0.018028     -0.105712    3.455040    
1.244025     -1.623572    46.732152    46.818294    0.027820     -0.036308    1.045070    
-1.049892    -0.200364    100.049190   100.074262   -0.205317    -0.039183    19.565612   
-0.520409    1.013983     44.154633    44.213183    -0.038127    0.074289     3.234968    
0.347241     1.138128     10.773822    11.016628    0.010186     0.033385     0.316029    
-0.743046    0.202747     13.980986    14.139878    -0.034862    0.009512     0.655952    
0.831278     -0.052135    40.796286    40.852241    0.112985     -0.007086    5.544925    
-0.662283    -0.241354    38.100246    38.157575    -0.027023    -0.009848    1.554606    
0.382662     0.014738     75.031412    75.058207    0.009197     0.000354     1.803281    
0.249028     1.454021     79.359855    79.397971    0.015750     0.091963     5.019275    
-0.434233    -0.136061    83.205000    83.229526    -0.020757    -0.006504    3.977327    
-0.194557    0.279198     87.155577    87.178468    -0.008089    0.011609     3.623830    
1.359654     0.122580     34.301970    34.385518    0.066542     0.005999     1.678749    
0.828592     1.593500     54.421960    54.487159    0.017810     0.034252     1.169790    
0.288498     0.526697     33.535267    33.598359    0.002569     0.004691     0.298665    
0.083525     -0.331110    17.408974    17.523240    0.003662     -0.014516    0.763225    
-1.518692    0.772315     17.463969    17.656955    -0.007659    0.003895     0.088076    
0.089840     0.561136     11.578658    11.758538    0.002565     0.016021     0.330577    
-1.178499    0.653097     12.941749    13.159757    -0.017570    0.009737     0.192941    
0.904555     -1.170072    17.456800    17.629580    0.020941     -0.027087    0.404129    
0.759244     0.069651     28.652214    28.729874    0.093871     0.008611     3.542482    
0.506924     0.368994     95.207584    95.229996    0.008196     0.005966     1.539329    
0.240436     -0.585070    12.601984    12.770477    0.025791     -0.062758    1.351763    
-0.975751    1.130605     37.056141    37.138428    -0.062344    0.072238     2.367646    
-0.753276    0.558038     7.655199     7.959639     -0.056808    0.042085     0.577318    
0.302609     0.102365     121.792239   121.808565   0.040912     0.013840     16.466064   
-0.399793    0.001756     9.077786     9.297365     -0.046158    0.000203     1.048073    
-2.665709    -0.424899    121.359257   121.405233   -0.101243    -0.016138    4.609211    
0.137095     -1.682959    82.636776    82.677463    0.020907     -0.256653    12.602194   
1.389142     -0.770239    163.164193   163.183798   0.076163     -0.042230    8.945823    
-0.816892    0.203080     52.879526    52.922848    -0.204296    0.050788     13.224631   
1.539796     -1.140038    61.207823    61.269432    0.031887     -0.023609    1.267526    
0.157107     0.097941     77.984949    78.010009    0.008473     0.005282     4.206058    
-0.319634    -0.969546    65.757836    65.795214    -0.017236    -0.052281    3.545901    
-0.142442    1.497866     106.391445   106.420291   -0.024509    0.257731     18.306314   
1.298652     1.927310     36.652625    36.778946    0.006238     0.009258     0.176068    
0.090738     -0.176626    6.562729     6.854472     0.002079     -0.004046    0.150345    
-0.581311    0.173064     33.167402    33.231302    -0.011619    0.003459     0.662927    
1.004538     -0.272099    60.975075    61.015718    0.094529     -0.025605    5.737879    
0.712878     -0.748874    14.990793    15.154796    0.008870     -0.009318    0.186523    
0.100027     -1.322917    81.859552    81.893964    0.007230     -0.095619    5.916735    
1.458110     1.509425     32.327105    32.454909    0.158014     0.163575     3.503265    
-0.005931    0.849239     21.574866    21.681122    -0.000232    0.033160     0.842433    
0.449853     0.136334     28.885793    28.956605    0.020838     0.006315     1.338021    
0.543118     -0.262192    68.969691    69.000413    0.008922     -0.004307    1.133050    
1.576811     0.515343     31.601876    31.706552    0.030360     0.009923     0.608472    
-1.100653    -1.041057    51.488594    51.548477    -0.005897    -0.005578    0.275882    
1.888148     -0.330287    18.536676    18.739197    0.387304     -0.067750    3.802311    
0.938500     -0.634822    11.962594    12.176304    0.005711     -0.003863    0.072791    
-0.533425    -0.633841    85.682220    85.708833    -0.005814    -0.006909    0.933956    
0.404796     -0.900813    165.631805   165.646446   0.000198     -0.000441    0.081056    
-1.673625    -0.254874    88.507205    88.545278    -0.002213    -0.000337    0.117042    
0.926280     0.411967     41.216242    41.275674    0.115135     0.051207     5.123119    
-0.505634    0.761558     31.094775    31.170429    -0.062155    0.093615     3.822346    
0.332343     -1.285788    126.863342   126.885563   0.018379     -0.071104    7.015537    
0.296656     0.106699     100.570689   100.590446   0.005607     0.002017     1.900699    
0.344002     -0.215279    34.711452    34.769592    0.031275     -0.019572    3.155806    
-0.055363    1.095898     42.266401    42.326442    -0.000271    0.005373     0.207224    
-0.975084    0.657179     13.929235    14.116700    -0.073083    0.049256     1.044006    
-1.865983    -2.782799    63.950566    64.068524    -0.206628    -0.308151    7.081512    
-1.403647    -1.354028    46.967879    47.049551    -0.045438    -0.043832    1.520429    
0.690922     0.704809     125.744129   125.763409   0.012631     0.012885     2.298826    
0.676339     0.023280     55.730761    55.769622    0.045245     0.001557     3.728255    
0.828249     0.252924     125.252469   125.270930   0.058285     0.017799     8.814136    
0.638944     -0.627310    6.122664     6.493361     0.016345     -0.016048    0.156630    
-0.129318    -1.240772    30.782335    30.870428    -0.004438    -0.042584    1.056477    
-0.735348    0.283808     7.581193     7.872149     -0.034294    0.013236     0.353561    
0.431214     -1.449536    34.531240    34.620349    0.115039     -0.386706    9.212219    
2.335742     1.333015     48.502084    48.616455    0.032915     0.018785     0.683480    
-0.973542    0.418659     28.938957    29.025183    -0.000214    0.000092     0.006354    
-0.685601    -0.331219    14.552006    14.704271    -0.021942    -0.010600    0.465716    
-0.385498    0.873982     82.231683    82.260787    -0.052582    0.119211     11.216350   
-0.765998    0.911931     136.365801   136.385209   -0.089154    0.106140     15.871601   
-0.914811    0.822456     34.562374    34.640236    -0.158328    0.142344     5.981771    
-1.482838    -0.324728    60.430907    60.482012    -0.035182    -0.007704    1.433777    
2.185989     0.658984     66.140232    66.208897    0.039178     0.011811     1.185395    
0.272362     -1.200921    83.410088    83.442400    0.015833     -0.069812    4.848810    
-0.290085    -0.124470    6.350247     6.655842     -0.043722    -0.018760    0.957109    
-1.503328    -0.360624    39.584768    39.663823    -0.252862    -0.060657    6.658205    
0.280109     0.466330     9.250389     9.473151     0.016456     0.027396     0.543439    
-0.027894    0.550485     44.091993    44.139354    -0.000045    0.000894     0.071595    
-0.338352    -0.711684    225.241921   225.251901   -0.004558    -0.009588    3.034603    
0.796896     -0.580824    38.352497    38.415640    0.019798     -0.014430    0.952848    
-0.324171    0.832756     20.706607    20.819152    -0.010274    0.026392     0.656235    
-0.328520    0.883986     6.872963     7.211237     -0.055599    0.149607     1.163187    
-0.498434    0.529425     9.348267     9.580907     -0.001793    0.001905     0.033633    
1.019731     -0.183526    12.089426    12.292384    0.023083     -0.004154    0.273661    
-0.795326    1.958960     136.916421   136.946892   -0.055964    0.137845     9.634345    
-1.386776    0.050949     29.496779    29.594943    -0.043657    0.001604     0.928597    
-1.286445    0.553550     20.840123    20.979682    -0.096066    0.041337     1.556244    
0.367918     -0.508839    4.503479     4.954852     0.001784     -0.002467    0.021831    
-1.592046    0.309806     73.486526    73.530777    -0.051602    0.010042     2.381882    
-1.859526    -0.987361    15.855803    16.115650    -0.001287    -0.000683    0.010970    
1.290139     -0.087054    12.359183    12.581590    0.183066     -0.012353    1.753727    
0.172666     0.466554     93.556310    93.578339    0.014872     0.040184     8.057951    
0.036950     0.057786     24.834014    24.912003    0.001519     0.002376     1.020961    
0.354805     1.008266     25.731540    25.828852    0.008582     0.024387     0.622363    
-0.813542    0.191077     28.826334    28.905550    -0.011855    0.002784     0.420053    
-0.194346    0.132130     6.994130     7.269666     -0.001459    0.000992     0.052515    
1.702783     -1.368225    75.819492    75.876491    0.021337     -0.017145    0.950083    
-1.031994    1.952415     37.760197    37.875908    -0.052479    0.099284     1.920172    
-0.979019    -0.344683    30.912255    30.992253    -0.045457    -0.016004    1.435302    
-2.073612    -0.795093    48.803116    48.893262    -0.420964    -0.161412    9.907515    
0.326470     1.393186     46.410577    46.474339    0.020806     0.088786     2.957698    
0.607993     -1.814423    9.985935     10.356430    0.057471     -0.171511    0.943934    
0.432335     0.588619     23.016305    23.111872    0.007053     0.009602     0.375478    
-0.111518    -0.535762    26.084515    26.164410    -0.007105    -0.034134    1.661886    
1.015070     -0.196243    127.987708   128.007020   0.015667     -0.003029    1.975374    
-1.090403    0.080275     20.571292    20.694164    -0.111003    0.008172     2.094152    
-0.866195    -0.050748    46.204750    46.254803    -0.032152    -0.001884    1.715065    
1.172235     0.090168     30.024679    30.112100    0.014056     0.001081     0.360015    
1.374235     0.109579     101.677527   101.705924   0.008719     0.000695     0.645075    
-0.492912    0.213844     37.700333    37.755513    -0.024153    0.010479     1.847376    
-2.225893    -1.768619    42.281900    42.423068    -0.154127    -0.122464    2.927706    
-0.606880    0.430232     31.913706    31.983011    -0.079473    0.056340     4.179211    
-0.247006    -1.014904    77.810739    77.842643    -0.023618    -0.097042    7.440005    
1.096329     -0.526365    32.686368    32.768164    0.531820     -0.255335    15.855883   
-0.834701    -0.689227    23.908334    24.013645    -0.020548    -0.016967    0.588550    
-1.988970    0.696197     27.012622    27.166108    -0.100933    0.035329     1.370791    
-1.575485    -2.569701    33.033886    33.229476    -0.048468    -0.079054    1.016253    
0.442264     1.041419     10.160379    10.410975    0.032947     0.077581     0.756900    
-0.015218    0.055036     68.378239    68.406592    -0.000589    0.002129     2.644569    
-0.873796    0.052120     43.824221    43.877141    -0.015594    0.000930     0.782077    
0.301062     0.924781     43.401118    43.456621    0.037806     0.116129     5.450093    
0.026914     -0.669872    7.876052     8.145956     0.000722     -0.017963    0.211206    
0.694135     -0.189326    92.130880    92.154716    0.026742     -0.007294    3.549424    
-0.304932    0.863268     24.575935    24.671639    -0.016156    0.045737     1.302070    
1.214883     -0.146619    90.928706    90.958243    0.000182     -0.000022    0.013594    
1.050043     -1.131342    154.146518   154.166814   0.140156     -0.151007    20.574885   
1.703696     0.329601     40.276640    40.362035    0.042124     0.008149     0.995848    
-0.008844    -0.674087    17.683729    17.805721    -0.001036    -0.078983    2.072001    
1.186256     -0.146268    31.642430    31.726124    0.045784     -0.005645    1.221249    
-1.495129    0.216117     12.313722    12.561243    -0.101844    0.014721     0.838780    
0.200560     1.075849     13.993031    14.173128    0.004227     0.022675     0.294926    
-0.210282    1.850745     68.797780    68.851136    -0.008415    0.074062     2.753094    
0.272066     -0.649151    73.087531    73.117423    0.021038     -0.050196    5.651543    
1.324477     0.935545     14.840814    15.058360    0.084506     0.059691     0.946893    
-0.119055    1.251155     61.212623    61.257160    -0.018636    0.195843     9.581606    
1.116204     1.106296     38.825479    38.907101    0.177089     0.175517     6.159784    
-0.230523    0.996939     14.478721    14.647708    -0.033186    0.143517     2.084321    
-0.482826    -0.161343    29.398856    29.469083    -0.025736    -0.008600    1.567037    
-1.212723    0.328215     20.392120    20.525397    -0.173955    0.047080     2.925078    
1.364236     -0.103380    100.374836   100.403458   0.114285     -0.008660    8.408612    
-1.870502    0.412664     55.887580    55.955032    -0.093209    0.020564     2.784940    
-1.075077    -1.629183    15.694738    15.937684    -0.217224    -0.329183    3.171182    
0.305347     0.416049     17.397276    17.515893    0.012952     0.017647     0.737921    
-0.149443    -0.247159    76.281686    76.307627    -0.007196    -0.011902    3.673271    
0.528028     0.801030     37.933959    37.997114    0.169856     0.257676     12.202614   
-0.473093    -2.199665    25.422008    25.597183    -0.063059    -0.293194    3.388503    
-1.703295    -0.761297    51.452308    51.523740    -0.307867    -0.137603    9.299890    
-1.016700    -0.798544    121.865577   121.888330   -0.011928    -0.009369    1.429795    
-0.779203    -0.675493    37.820934    37.886164    -0.135780    -0.117708    6.590499    
0.670179     0.505049     20.508966    20.620302    0.047046     0.035454     1.439701    
0.081530     1.422733     83.406749    83.442145    0.003332     0.058137     3.408272    
0.348048     -0.134264    47.837036    47.878974    0.001183     -0.000456    0.162630    
0.661785     0.002259     68.250466    68.282054    0.105765     0.000361     10.907583   
0.157219     -0.918513    88.422381    88.449199    0.010760     -0.062860    6.051344    
2.763034     -2.293699    38.059660    38.279343    0.219023     -0.181819    3.016953    
2.174073     0.073691     141.352196   141.382638   0.018077     0.000613     1.175330    
0.349411     0.749308     131.120582   131.137964   0.147354     0.315998     55.296128   
1.392027     0.274379     31.281756    31.375727    0.028989     0.005714     0.651448    
-0.767016    -0.087060    23.926122    24.019371    -0.013968    -0.001585    0.435728    
0.247264     -0.693186    18.852772    18.969545    0.024412     -0.068437    1.861300    
-0.970468    0.786251     18.254403    18.402668    -0.025028    0.020277     0.470769    
1.297579     0.197303     28.031531    28.131198    0.204015     0.031021     4.407322    
-1.714504    -3.883025    27.799677    28.190679    -0.032268    -0.073081    0.523208    
-0.189717    0.137555     12.489825    12.646169    -0.006378    0.004624     0.419884    
-1.334528    1.684580     43.793870    43.890736    -0.041241    0.052059     1.353376    
-0.622686    0.298803     9.682223     9.904414     -0.031320    0.015029     0.486997    
1.366525     2.220220     36.266495    36.413327    0.165282     0.268536     4.386445    
-0.630175    -2.301995    43.407016    43.517127    -0.012801    -0.046762    0.881754    
0.073040     0.617930     27.380700    27.458421    0.012360     0.104572     4.633606    
-1.274257    -0.490067    39.076258    39.149620    -0.169048    -0.065014    5.184026    
-0.828287    0.775924     52.802004    52.850872    -0.134616    0.126106     8.581582    
0.561123     0.323191     28.275860    28.351694    0.022771     0.013116     1.147488    
-2.844211    1.737833     55.510167    55.644974    -0.075630    0.046211     1.476066    
0.042100     -1.397268    90.902533    90.934590    0.000543     -0.018014    1.171975    
-1.179067    0.714048     12.817199    13.040537    -0.104894    0.063524     1.140266    
-0.252111    0.296579     91.482300    91.504304    -0.012801    0.015058     4.644870    
0.070526     0.011172     19.914983    20.012162    0.001589     0.000252     0.448700    
-1.032218    -0.841179    27.352398    27.455449    -0.135450    -0.110381    3.589245    
0.804158     2.499545     40.367112    40.500285    0.100624     0.312769     5.051148    
0.069282     -0.530575    41.750197    41.800002    0.004002     -0.030646    2.411480    
0.272231     1.501838     33.682143    33.774122    0.013262     0.073163     1.640838    
-0.728587    -0.369327    19.599497    19.715032    -0.018007    -0.009128    0.484409    
-1.511133    0.850129     37.825258    37.916109    -0.207617    0.116801     5.196874    
1.483068     0.402737     46.232848    46.300247    0.132531     0.035990     4.131489    
-1.500206    -0.532836    76.825982    76.867685    -0.041448    -0.014721    2.122553    
1.988900     0.193085     45.104970    45.192104    0.312928     0.030379     7.096686    
-0.698346    -0.573083    38.093348    38.154871    -0.024673    -0.020247    1.345847    
-0.409128    -0.566385    6.563805     6.888154     -0.028812    -0.039886    0.462236    
-0.062010    1.047587     49.457433    49.507716    -0.000615    0.010386     0.490323    
-1.602038    2.113125     22.809601    23.047444    -0.076673    0.101134     1.091666    
1.303637     1.035260     32.754031    32.855330    0.026210     0.020814     0.658527    
0.450434     -0.273936    58.414922    58.450458    0.114835     -0.069838    14.892453   
-0.505592    1.592507     43.840317    43.916285    -0.010490    0.033042     0.909603    
-0.222624    -0.037279    6.828273     7.109938     -0.005667    -0.000949    0.173814    
-0.750292    -1.006447    13.690330    13.887979    -0.017323    -0.023237    0.316086    
-2.305566    -1.475222    49.429768    49.544615    -0.038835    -0.024849    0.832601    
1.075111     0.340214     47.632703    47.686696    0.042298     0.013385     1.874030    
0.516985     -0.164077    44.231248    44.278352    0.024562     -0.007795    2.101434    
-0.800144    -1.990704    95.722113    95.766388    -0.070605    -0.175661    8.446589    
0.568149     -1.152613    20.281461    20.417245    0.015487     -0.031419    0.552843    
-0.795781    -0.834832    22.991528    23.104448    -0.052195    -0.054757    1.508013    
-0.180060    -1.198030    15.471849    15.643553    -0.004204    -0.027969    0.361208    
-2.086932    -0.670478    16.662012    16.920473    -0.038330    -0.012314    0.306022    
-0.001551    0.894663     26.212483    26.301514    -0.000045    0.026101     0.764717    
-0.391761    -2.617697    81.929467    81.995843    -0.099167    -0.662623    20.738965   
-0.329600    0.256854     52.751325    52.789695    -0.022780    0.017752     3.645824    
0.632634     0.946113     70.208326    70.245137    0.004584     0.006855     0.508678    
-0.074486    -0.316143    69.454892    69.483541    -0.000553    -0.002348    0.515868    
0.121203     -0.129304    23.264210    23.348015    0.001719     -0.001834    0.329997    
0.141345     -2.347644    121.030762   121.069616   0.001435     -0.023832    1.228632    
-0.830576    -0.094539    31.219597    31.292763    -0.021205    -0.002414    0.797039    
0.342171     -0.564951    20.526367    20.631116    0.021469     -0.035447    1.287890    
0.230830     -1.917499    50.901670    50.976319    0.013468     -0.111880    2.969963    
-0.528140    1.230450     114.321921   114.346707   -0.087982    0.204977     19.044592   
-0.130189    -0.622223    88.842039    88.866118    -0.013296    -0.063545    9.073002    
-1.880364    -1.953534    95.164981    95.223950    -0.073971    -0.076850    3.743687    
-0.945844    0.677790     67.737274    67.775860    -0.171992    0.123249     12.317302   
0.286715     -0.941301    31.057676    31.135550    0.005072     -0.016652    0.549420    
0.237715     -0.757858    52.704212    52.746940    0.009612     -0.030643    2.131020    
0.704410     1.276221     26.682800    26.794994    0.046258     0.083808     1.752237    
-0.633954    -0.523246    82.596727    82.624270    -0.030331    -0.025034    3.951806    
2.830789     0.959886     92.293240    92.362611    0.202623     0.068707     6.606204    
-0.585326    1.212442     44.663416    44.727042    -0.039997    0.082851     3.052014    
0.740285     0.132365     34.901217    34.964775    0.046716     0.008353     2.202473    
-0.557169    0.978122     56.718069    56.763382    -0.000429    0.000753     0.043667    
1.405445     1.402347     38.918069    39.018366    0.197149     0.196714     5.459226    
0.565090     1.032245     79.337523    79.370665    0.000629     0.001149     0.088348    
-1.133243    -2.795342    78.602853    78.685333    -0.060186    -0.148459    4.174544    
1.092668     -0.439781    23.627454    23.738553    0.049606     -0.019966    1.072667    
-0.209090    1.605547     115.731740   115.759803   -0.000754    0.005789     0.417259    
-1.395616    0.522777     73.895525    73.936761    -0.000389    0.000146     0.020601    
-2.013980    -0.908366    45.501863    45.597979    -0.156633    -0.070646    3.538801    
0.373750     -1.106180    30.619063    30.704483    0.058432     -0.172940    4.786977    
0.208235     -1.943243    61.661017    61.723379    0.018974     -0.177063    5.618384    
0.562770     0.378686     97.934605    97.956735    0.014403     0.009692     2.506429    
2.083752     0.020610     18.805963    19.023187    0.388388     0.003842     3.505224    
0.572574     0.399918     4.054790     4.561146     0.053753     0.037544     0.380660    
-2.205429    2.052715     17.876280    18.234963    -0.405278    0.377214     3.285011    
-0.764780    -0.720163    150.667509   150.684029   -0.039927    -0.037598    7.865903    
1.066968     -0.380919    27.774782    27.867490    0.038650     -0.013798    1.006114    
0.696468     0.517220     83.572790    83.600471    0.038855     0.028855     4.662362    
-0.777593    -0.002756    24.300969    24.392964    -0.023278    -0.000083    0.727475    
-0.414311    1.160440     124.491490   124.513149   -0.024202    0.067786     7.272050    
-0.447843    -0.450494    9.421211     9.645604     -0.038362    -0.038589    0.807011    
-0.310896    0.530957     12.027536    12.203079    -0.003513    0.005999     0.135904    
0.342973     0.225348     33.515332    33.575599    0.015418     0.010130     1.506618    
0.490728     -1.127817    26.738698    26.839257    0.039098     -0.089856    2.130339    
-0.594443    -0.370053    111.370736   111.390332   -0.020480    -0.012749    3.837046    
-1.591929    -0.253955    71.879344    71.924361    -0.110471    -0.017623    4.988037    
0.985341     -0.452932    39.022536    39.087201    0.092006     -0.042292    3.643703    
-0.310866    -1.231621    127.679652   127.701144   -0.025982    -0.102939    10.671484   
-0.115695    0.681888     24.120065    24.210140    -0.004049    0.023862     0.844054    
1.118008     1.489050     19.631560    19.817677    0.054846     0.073048     0.963067    
-0.245279    0.165282     5.885932     6.213423     -0.008396    0.005658     0.201481    
-0.390601    -1.309492    107.502311   107.529015   -0.060284    -0.202101    16.591451   
-2.357452    0.386665     44.409639    44.517390    -0.220957    0.036241     4.162389    
-0.465054    -1.028370    19.052571    19.187216    -0.003533    -0.007814    0.144761    
0.129604     0.302876     122.721484   122.737712   0.002053     0.004798     1.944233    
1.739493     -0.319711    34.827471    34.927865    0.111691     -0.020528    2.236230    
1.415494     0.424335     34.347677    34.435760    0.083076     0.024904     2.015887    
1.270541     0.218166     45.503083    45.563883    0.007429     0.001276     0.266056    
0.276544     -0.230301    27.075132    27.148982    0.017755     -0.014786    1.738351    
-0.912102    1.415107     13.143748    13.396549    -0.013447    0.020862     0.193772    
0.164738     1.538822     30.197056    30.300698    0.006621     0.061843     1.213568    
0.179431     -1.537775    107.373320   107.402522   0.002569     -0.022019    1.537423    
1.752133     -0.199194    23.034336    23.185454    0.204085     -0.023202    2.682993    
0.558978     0.645601     8.361373     8.632310     0.115630     0.133549     1.729626    
0.406966     0.818385     24.608268    24.703788    0.047614     0.095749     2.879092    
1.954362     -1.060782    20.526538    20.740263    0.009791     -0.005315    0.102838    
1.352204     -1.079888    62.222030    62.277207    0.019464     -0.015544    0.895619    
-1.359941    0.185678     95.445523    95.475687    -0.036874    0.005035     2.587976    
0.692328     0.559773     8.189276     8.469466     0.002837     0.002294     0.033556    
0.747149     -1.133461    9.479360     9.776307     0.005146     -0.007806    0.065286    
-1.156534    -0.974531    77.686804    77.726455    -0.133535    -0.112521    8.969838    
-1.801936    -0.482870    21.723203    21.891839    -0.181761    -0.048707    2.191215    
0.432848     -0.946291    38.756063    38.819971    0.008415     -0.018398    0.753494    
0.500985     -0.961570    34.962262    35.034416    0.023372     -0.044860    1.631093    
0.084447     1.279776     113.858356   113.882594   0.001039     0.015742     1.400559    
0.507038     -0.582880    40.660012    40.714965    0.025072     -0.028822    2.010554    
-0.308172    -1.545229    141.437086   141.459560   -0.018226    -0.091390    8.365071    
-1.471543    0.212644     30.129227    30.230050    -0.195115    0.028195     3.994906    
-1.001393    0.235790     56.767708    56.811143    -0.227892    0.053660     12.918900   
1.782251     0.966396     107.533755   107.570878   0.033256     0.018032     2.006502    
1.681603     1.698093     35.750138    35.883961    0.369379     0.373002     7.852845    
0.565842     -0.982492    17.682332    17.827655    0.024683     -0.042858    0.771333    
-1.337587    -0.289401    21.692813    21.824894    -0.033627    -0.007276    0.545364    
-0.505139    -0.992151    52.430409    52.479160    -0.009899    -0.019442    1.027422    
0.175621     -1.854732    118.655685   118.686636   0.003504     -0.037007    2.367536    
0.318728     -0.830341    9.256274     9.504979     0.012628     -0.032899    0.366745    
1.036732     -1.297475    17.960518    18.144239    0.091844     -0.114944    1.591128    
0.785292     0.303790     42.859163    42.912606    0.159900     0.061857     8.726894    
2.072538     1.573991     83.366531    83.430368    0.070296     0.053386     2.827609    
1.150596     2.468323     50.478938    50.590657    0.073273     0.157190     3.214653    
0.325629     0.244642     69.090769    69.120006    0.002314     0.001739     0.491033    
1.553188     0.432692     47.883059    47.950620    0.048394     0.013482     1.491947    
-0.442138    -0.969439    25.608870    25.706506    -0.008287    -0.018170    0.479990    
0.737081     -2.277544    43.639725    43.749641    0.021915     -0.067717    1.297508    
-0.996597    0.364127     102.491667   102.516060   -0.042874    0.015665     4.409229    
1.750234     -0.344034    73.274840    73.322976    0.143803     -0.028267    6.020401    
-0.105139    0.604801     38.920574    38.975157    -0.011748    0.067579     4.348901    
0.086001     1.024952     49.328635    49.378610    0.008569     0.102126     4.915103    
-0.726146    0.010515     24.223561    24.314260    -0.053850    0.000780     1.796381    
0.445767     0.745442     71.054317    71.086886    0.022160     0.037057     3.532222    
0.883682     -2.763248    86.085372    86.156733    0.053036     -0.165842    5.166590    
-0.801823    0.559832     22.301264    22.409321    -0.035034    0.024461     0.974420    
0.628887     2.363002     87.580927    87.637167    0.005921     0.022249     0.824618    
-1.327071    -0.112838    59.342558    59.390134    -0.078906    -0.006709    3.528457    
0.295046     0.663802     19.340974    19.454457    0.011737     0.026407     0.769408    
-1.043289    0.883822     51.762096    51.817556    -0.023386    0.019812     1.160298    
-0.548814    -0.200390    17.987927    18.104746    -0.032870    -0.012002    1.077353    
0.443355     -0.509055    30.874606    30.944659    0.017884     -0.020535    1.245447    
0.163062     0.117101     9.569572     9.771999     0.004794     0.003443     0.281337    
-1.495898    -1.278246    47.513241    47.594691    -0.177443    -0.151625    5.636008    
0.042300     -0.741906    39.649358    39.705148    0.000992     -0.017400    0.929911    
3.423866     0.518088     89.906212    89.994407    0.260793     0.039462     6.848085    
0.097346     -1.895013    75.817500    75.866783    0.004925     -0.095876    3.835901    
1.614050     2.099945     26.414547    26.619883    0.060785     0.079084     0.994769    
-1.222521    -1.350153    98.657381    98.693826    -0.110708    -0.122266    8.934096    
0.812234     -0.243566    35.960507    36.024326    0.120470     -0.036126    5.333647    
0.110733     -1.069727    26.355241    26.450525    0.018975     -0.183309    4.516238    
-0.771179    -0.287614    21.833695    21.937698    -0.082282    -0.030688    2.329589    
0.572898     0.124485     13.067000    13.227439    0.053210     0.011562     1.213643    
0.244884     1.263021     90.372113    90.402704    0.020906     0.107825     7.715151    
-0.059689    0.243151     89.308337    89.330380    -0.009115    0.037129     13.637450   
0.533815     0.127246     12.963170    13.123257    0.052253     0.012455     1.268904    
2.254137     -0.676354    147.457101   147.489017   0.312070     -0.093637    20.414420   
-1.162151    0.744566     29.693143    29.790312    -0.300252    0.192365     7.671480    
0.509820     -1.440652    50.974172    51.035053    0.061005     -0.172390    6.099609    
-0.161739    0.443804     24.938518    25.020546    -0.004206    0.011542     0.648594    
0.570274     -0.890670    132.070005   132.088908   0.010796     -0.016861    2.500173    
2.844665     1.641793     35.216277    35.423844    0.207490     0.119752     2.568674    
-0.987023    0.096605     18.707787    18.837192    -0.018267    0.001788     0.346233    
-1.786732    -0.459706    143.435430   143.460801   -0.016813    -0.004326    1.349752    
-0.371167    0.937136     15.096492    15.257622    -0.001140    0.002879     0.046383    
-1.967691    0.282665     35.369475    35.479944    -0.026396    0.003792     0.474465    
-2.002316    -2.359904    46.144486    46.290031    -0.196752    -0.231890    4.534266    
0.264940     0.631075     57.107448    57.145463    0.013145     0.031311     2.833400    
1.524696     1.851480     46.923760    47.026236    0.068737     0.083469     2.115424    
0.298288     -0.870196    28.981705    29.063041    0.016395     -0.047830    1.592975    
-0.760768    -1.011088    105.480912   105.506866   -0.058848    -0.078212    8.159380    
-0.589095    -1.270371    67.399591    67.442869    -0.001219    -0.002629    0.139495    
0.315464     -3.358767    42.522962    42.701968    0.003871     -0.041217    0.521824    
-1.082372    -1.464315    30.377511    30.495637    -0.136672    -0.184900    3.835791    
0.643908     0.290963     50.124704    50.168319    0.190368     0.086021     14.819068   
0.127932     0.265283     47.177613    47.219581    0.011361     0.023558     4.189595    
1.270195     -2.518626    70.486048    70.569929    0.240492     -0.476862    13.345432   
-0.730481    -1.554219    14.412364    14.647198    -0.025959    -0.055232    0.512172    
-1.908464    -1.009315    13.792720    14.098760    -0.025445    -0.013457    0.183892    
-0.127406    -1.205457    74.309724    74.345675    -0.026165    -0.247559    15.260640   
-0.383380    0.698988     9.172504     9.415166     -0.035201    0.064180     0.842203    
-0.472283    -1.008444    15.126443    15.294582    -0.050659    -0.108169    1.622516    
2.052654     0.614730     26.258409    26.419127    0.022261     0.006667     0.284772    
0.352409     -2.341261    61.682047    61.758850    0.003929     -0.026104    0.687729    
0.625851     -1.643903    19.564405    19.741707    0.126916     -0.333366    3.967451    
-0.231172    0.153275     37.530599    37.583211    -0.023524    0.015598     3.819184    
-0.367590    0.325754     20.757213    20.856128    -0.009872    0.008749     0.557481    
-1.094016    0.221253     40.916881    40.979409    -0.050012    0.010114     1.870469    
2.195601     1.068681     98.533352    98.583260    0.232667     0.113247     10.441518   
2.116137     0.133831     53.625705    53.703698    0.215343     0.013619     5.457068    
0.804146     -0.674139    42.210494    42.269396    0.019603     -0.016434    1.029008    
-0.621049    -0.957853    77.857887    77.891134    -0.070689    -0.109025    8.861926    
0.231967     0.426661     110.447260   110.465868   0.026395     0.048549     12.567657   
-0.502331    0.914679     16.665632    16.813899    -0.035669    0.064949     1.183382    
-0.557459    1.256147     37.553171    37.629832    -0.007144    0.016098     0.481260    
-0.447363    -0.775723    65.117229    65.153130    -0.003223    -0.005589    0.469196    
-0.267677    2.308079     69.052626    69.119744    -0.011520    0.099334     2.971853    
1.599411     -0.733890    77.287594    77.332683    0.237216     -0.108847    11.462883   
-0.055395    -0.650569    60.207540    60.243250    -0.003256    -0.038242    3.539171    
-0.403713    1.155606     20.248866    20.381117    -0.003860    0.011050     0.193621    
1.045380     0.427304     62.172732    62.214138    0.032106     0.013123     1.909437    
-0.454877    -0.828046    28.505547    28.589050    -0.018384    -0.033466    1.152063    
-0.053123    -0.058810    125.166382   125.181885   -0.001739    -0.001925    4.096585    
0.145207     0.721819     12.817884    12.989042    0.004108     0.020420     0.362617    
0.185822     -1.420289    18.226461    18.388327    0.022160     -0.169372    2.173537    
2.360005     -1.044585    31.261006    31.429066    0.107112     -0.047410    1.418821    
0.363346     -0.281219    8.949956     9.175389     0.031842     -0.024645    0.784340    
0.729260     -1.338006    49.997165    50.059101    0.032956     -0.060465    2.259398    
0.976644     0.551387     195.770750   195.783859   0.077510     0.043760     15.537104   
-0.046518    0.010794     9.455535     9.658384     -0.000474    0.000110     0.096265    
-1.162945    -1.543326    18.409075    18.614599    -0.163293    -0.216704    2.584883    
