-0.946243    0.178861     23.684222    23.785389    -0.003711    0.000702     0.092894    
-0.129218    2.452652     47.324725    47.429282    -0.001322    0.025097     0.484264    
-0.405156    0.711562     33.891937    33.958928    -0.020945    0.036785     1.752057    
0.641908     -0.527551    86.214754    86.241226    0.119044     -0.097836    15.988760   
1.637385     1.384021     97.733552    97.776882    0.409636     0.346251     24.450716   
0.725431     -1.555458    94.253512    94.289688    0.161463     -0.346206    20.978466   
-3.307817    1.623914     70.454037    70.577795    -0.121898    0.059843     2.596329    
0.473089     1.015392     28.664726    28.754066    0.015880     0.034083     0.962175    
1.349621     -0.809741    55.831264    55.888121    0.165409     -0.099242    6.842665    
1.985473     -1.091025    58.621761    58.698538    0.235561     -0.129442    6.955022    
0.503373     -0.201273    12.625334    12.789367    0.060676     -0.024261    1.521840    
1.944315     -1.097080    36.518509    36.639601    0.056000     -0.031598    1.051807    
-1.341562    -1.046116    57.027282    57.086601    -0.233579    -0.182139    9.928995    
0.099165     -1.012210    37.540562    37.605892    0.007102     -0.072497    2.688763    
1.000345     -1.001837    83.763009    83.798097    0.284885     -0.285310    23.854600   
-2.272174    1.904664     143.645183   143.689262   -0.154618    0.129610     9.774841    
0.783330     -0.299638    16.869097    17.004258    0.024658     -0.009432    0.531021    
-0.455110    0.118752     16.713115    16.835213    -0.086786    0.022645     3.187065    
-0.867008    -0.651199    17.915922    18.056328    -0.010552    -0.007925    0.218047    
0.275542     -0.396880    12.844280    13.003227    0.009600     -0.013828    0.447521    
-0.068455    0.750986     94.540013    94.563511    -0.000986    0.010822     1.362301    
-0.657904    -2.125830    44.803812    44.902210    -0.060626    -0.195896    4.128685    
1.377304     0.098145     22.079305    22.209846    0.473770     0.033760     7.594918    
0.982604     -0.180923    28.496873    28.582249    0.078946     -0.014536    2.289552    
-0.141943    -1.190818    16.443187    16.603962    -0.019805    -0.166150    2.294258    
-1.712927    0.420977     30.084127    30.200017    -0.095167    0.023389     1.671421    
-1.894833    0.854961     194.710180   194.731227   -0.257329    0.116108     26.442715   
-0.627673    1.028585     59.863415    59.907891    -0.022509    0.036887     2.146794    
1.334883     -0.998176    38.425677    38.512152    0.053328     -0.039877    1.535087    
-2.277322    0.215443     90.989421    91.039455    -0.377476    0.035711     15.081873   
-1.434510    0.308386     47.930852    47.993692    -0.075312    0.016190     2.516367    
-0.149040    -1.404745    30.782341    30.877549    -0.004617    -0.043521    0.953671    
0.214661     0.821717     82.569960    82.597788    0.010541     0.040351     4.054644    
-0.431343    0.013919     16.965524    17.084795    -0.032200    0.001039     1.266468    
-0.786060    -2.262734    36.810036    36.940378    -0.002289    -0.006588    0.107179    
-0.296887    -0.876365    150.605536   150.621242   -0.029940    -0.088378    15.187944   
-0.724801    0.034144     3.967231     4.487803     -0.140136    0.006601     0.767040    
1.102563     -1.634157    23.784551    23.947148    0.039049     -0.057877    0.842374    
1.202550     0.940050     30.899603    30.999842    0.087853     0.068676     2.257397    
-0.757494    -0.616236    64.768595    64.805859    -0.238518    -0.194039    20.394176   
-1.794188    0.993476     100.084781   100.125144   -0.060582    0.033545     3.379428    
-0.663709    0.816760     46.096335    46.150348    -0.103209    0.127009     7.168139    
-0.099324    0.322230     13.947873    14.090132    -0.002438    0.007909     0.342344    
-0.335392    0.057747     11.173900    11.351071    -0.001704    0.000293     0.056777    
-0.175853    1.096386     18.827349    18.962516    -0.008129    0.050680     0.870279    
-1.055629    1.327068     75.843643    75.888132    -0.060167    0.075638     4.322805    
-1.742964    1.544562     106.976895   107.020347   -0.168988    0.149752     10.371894   
-0.109919    1.766212     16.853502    17.060102    -0.007787    0.125118     1.193893    
-0.340298    -2.252806    68.018448    68.085058    -0.010080    -0.066729    2.014747    
-0.424875    -0.142297    28.497385    28.568806    -0.047002    -0.015742    3.152532    
-1.861979    0.090077     36.837302    36.936930    -0.508848    0.024616     10.067021   
0.338716     0.119636     23.923971    24.007507    0.009930     0.003507     0.701382    
0.196099     -1.304291    46.162573    46.223346    0.006771     -0.045037    1.593976    
-0.107704    2.380389     22.328053    22.540957    -0.007922    0.175095     1.642395    
-0.786602    -0.249476    12.230567    12.415422    -0.010440    -0.003311    0.162326    
-0.090897    0.628882     54.585624    54.624803    -0.015379    0.106405     9.235697    
0.002683     0.333046     26.042968    26.119381    0.000148     0.018328     1.433159    
-2.152701    2.107908     43.161306    43.311092    -0.086530    0.084730     1.734918    
-1.178378    1.100914     27.686303    27.803002    -0.171120    0.159871     4.020509    
-0.899263    1.364392     41.371764    41.450791    -0.026985    0.040943     1.241493    
0.222212     -1.118615    33.262234    33.339944    0.009320     -0.046917    1.395095    
-0.702601    -0.980199    16.772393    16.930522    -0.054142    -0.075533    1.292458    
0.750361     -0.602765    75.552609    75.584377    0.063493     -0.051004    6.392968    
-0.904899    -1.671593    50.932936    51.006391    -0.070457    -0.130154    3.965739    
-0.026674    -1.273302    21.070061    21.200105    -0.003230    -0.154179    2.551292    
0.279087     -0.374679    45.028770    45.074198    0.005391     -0.007238    0.869827    
-1.004202    0.209027     66.214156    66.251352    -0.012586    0.002620     0.829907    
0.219202     -0.542040    5.521708     5.891185     0.018934     -0.046821    0.476959    
0.149800     -0.490396    54.745055    54.782834    0.030823     -0.100905    11.264493   
0.389441     0.849658     17.844610    17.977170    0.004220     0.009208     0.193384    
-1.804283    -0.501859    25.056428    25.203310    -0.198319    -0.055162    2.754099    
0.159275     -0.737926    88.687674    88.712730    0.029850     -0.138296    16.621143   
0.339760     -2.018132    42.590719    42.685273    0.033609     -0.199633    4.213056    
-2.903099    1.271464     68.201581    68.303552    -0.972071    0.425736     22.836556   
2.191284     0.737975     128.805494   128.841285   0.056306     0.018963     3.309721    
0.359124     -1.781866    75.671917    75.719337    0.016232     -0.080540    3.420348    
1.372633     0.134238     67.372773    67.415633    0.052621     0.005146     2.582798    
-0.644861    -0.942278    188.126943   188.140706   -0.130042    -0.190019    37.937501   
0.642536     0.887047     35.746691    35.817601    0.024168     0.033365     1.344543    
0.389898     -1.245939    16.951459    17.115236    0.002272     -0.007261    0.098789    
-0.076892    -1.107912    49.090218    49.142220    -0.003725    -0.053673    2.378185    
-0.652608    -1.176978    15.720070    15.899897    -0.003485    -0.006286    0.083954    
0.739464     0.437796     73.374721    73.406151    0.027145     0.016071     2.693511    
0.363034     0.604088     17.153271    17.280230    0.030838     0.051315     1.457108    
1.550563     0.200646     39.138620    39.219268    0.084838     0.010978     2.141433    
0.280647     0.181926     15.154955    15.285924    0.018737     0.012146     1.011812    
2.416054     -0.299284    129.929627   129.967341   0.076736     -0.009506    4.126697    
-0.208402    0.137670     10.015356    10.210029    -0.035568    0.023496     1.709327    
-0.299578    -1.769387    14.430141    14.673936    -0.031432    -0.185647    1.514033    
-0.095478    0.337098     17.384934    17.499532    -0.008839    0.031207     1.609429    
-1.268226    0.260569     40.250551    40.319451    -0.010770    0.002213     0.341799    
-0.848956    -0.538323    121.009276   121.029461   -0.037460    -0.023754    5.339564    
0.167244     -1.374006    88.074481    88.107349    0.006487     -0.053293    3.416102    
0.582771     0.030623     61.683044    61.717206    0.044598     0.002344     4.720472    
0.556804     -0.441116    31.753472    31.822359    0.041582     -0.032942    2.371337    
-0.410417    -1.555866    84.866574    84.904649    -0.015385    -0.058325    3.181427    
-0.476469    -0.853790    108.316253   108.338550   -0.008577    -0.015369    1.949846    
-0.678287    0.597031     49.219496    49.267132    -0.038984    0.034314     2.828857    
-1.683082    2.488532     29.927482    30.142241    -0.100276    0.148264     1.783047    
1.494439     -1.729200    18.040281    18.290713    0.032887     -0.038054    0.397002    
-0.310768    -1.148261    27.773699    27.868771    -0.032843    -0.121352    2.935216    
0.393461     -0.672314    12.679602    12.855119    0.009234     -0.015779    0.297583    
1.004071     -0.799274    20.360708    20.495863    0.032527     -0.025893    0.659596    
-0.766423    1.829062     20.624027    20.812456    -0.017283    0.041245     0.465068    
-1.367198    -0.381412    72.868692    72.909093    -0.120863    -0.033718    6.441737    
0.169289     -1.042278    48.483225    48.534658    0.049922     -0.307361    14.297412   
1.188312     -0.139238    51.036617    51.088577    0.143773     -0.016846    6.174893    
-1.288085    -0.688881    67.443724    67.488255    -0.067907    -0.036317    3.555564    
0.934364     -0.323348    41.873109    41.931012    0.077458     -0.026805    3.471254    
-0.949838    0.767274     15.171139    15.346964    -0.308035    0.248829     4.920035    
1.168217     0.202147     47.232979    47.288845    0.072440     0.012535     2.928852    
-1.226900    -1.414925    85.509304    85.552460    -0.114156    -0.131651    7.956153    
0.134104     1.837681     52.606166    52.675219    0.012412     0.170092     4.869130    
-1.658134    -0.159031    16.204949    16.408839    -0.001237    -0.000119    0.012094    
-0.560239    0.237939     78.190506    78.217649    -0.065695    0.027901     9.168851    
-2.066335    -1.840201    23.451897    23.696466    -0.057877    -0.051543    0.656870    
-0.214192    -2.285705    62.965440    63.038019    -0.019166    -0.204523    5.634094    
0.119534     -0.488536    107.525912   107.545105   0.005980     -0.024441    5.379459    
0.756617     -0.652522    23.754336    23.856691    0.066403     -0.057267    2.084738    
0.165631     0.046805     85.947386    85.970098    0.022479     0.006352     11.664558   
1.081126     0.450850     103.804888   103.830159   0.009454     0.003943     0.907736    
-1.711570    -0.681220    73.763228    73.812481    -0.023667    -0.009420    1.019993    
0.088013     0.826748     134.473173   134.490150   0.024037     0.225791     36.725600   
0.861365     0.494485     93.874104    93.899994    0.015523     0.008911     1.691757    
-1.704658    0.946959     20.414776    20.601957    -0.298402    0.165766     3.573626    
0.090216     -2.599605    67.953715    68.031966    0.011247     -0.324097    8.471904    
-0.624064    -0.045181    18.888379    19.000982    -0.047467    -0.003437    1.436676    
-0.355247    0.633965     110.504490   110.524411   -0.000806    0.001438     0.250693    
0.029900     -0.292508    20.226017    20.323710    0.004036     -0.039486    2.730332    
0.315482     -0.414704    26.952067    27.028880    0.027116     -0.035644    2.316527    
1.039832     0.572784     30.077033    30.164751    0.047218     0.026009     1.365762    
1.119995     0.332264     50.036783    50.089114    0.064728     0.019203     2.891770    
0.912880     -1.298003    50.184316    50.247972    0.098775     -0.140446    5.430035    
-0.018636    -2.190551    31.691524    31.828077    -0.000494    -0.058081    0.840280    
0.794650     -0.106775    13.831028    13.993397    0.266815     -0.035851    4.643968    
0.895839     -0.855731    57.428595    57.475676    0.051572     -0.049263    3.306049    
0.251024     -1.286858    15.023795    15.208826    0.001997     -0.010239    0.119533    
-3.194759    -1.795085    68.594971    68.720986    -0.085697    -0.048152    1.840009    
0.217683     -0.985576    10.240855    10.477061    0.006403     -0.028990    0.301225    
-2.383413    1.473206     22.776238    23.032216    -0.186203    0.115093     1.779380    
0.649525     0.918021     46.438819    46.494123    0.047543     0.067196     3.399147    
-0.436173    0.075241     79.347800    79.373448    -0.029964    0.005169     5.450937    
0.711045     -0.893555    71.683309    71.719424    0.012834     -0.016128    1.293854    
2.318101     -1.056020    71.414137    71.486661    0.182506     -0.083141    5.622505    
-0.079810    -0.363925    15.918115    16.043695    -0.017423    -0.079449    3.475086    
-1.199911    -0.825629    32.832624    32.923815    -0.103799    -0.071422    2.840209    
-0.919003    2.715249     43.705838    43.843955    -0.045437    0.134245     2.160867    
0.684603     0.215803     26.345095    26.428285    0.015493     0.004884     0.596192    
1.733521     0.122463     118.262852   118.292000   0.080839     0.005711     5.514939    
-0.177620    -1.309798    14.816413    15.004938    -0.004333    -0.031954    0.361466    
-0.002789    1.865553     39.589393    39.682178    -0.001147    0.766810     16.272672   
-0.622199    -1.459230    21.896304    22.041768    -0.065819    -0.154364    2.316296    
-1.326777    0.185069     24.809008    24.923010    -0.092295    0.012874     1.725799    
-0.357549    -1.892459    25.473994    25.622423    -0.027581    -0.145983    1.965052    
0.246034     0.110647     81.170136    81.194450    0.013294     0.005979     4.385881    
0.447095     -0.707123    17.505853    17.636035    0.019119     -0.030238    0.748585    
-0.430017    -0.162065    7.367364     7.639646     -0.001101    -0.000415    0.018872    
-2.067184    -0.046569    53.308190    53.384581    -0.025980    -0.000585    0.669961    
-1.331597    1.506905     21.591092    21.773702    -0.146322    0.165586     2.372534    
0.731072     -1.022124    40.468794    40.536125    0.030002     -0.041947    1.660801    
-0.322343    -0.494592    75.696533    75.724426    -0.001777    -0.002726    0.417206    
0.309538     -2.022842    95.674727    95.716854    0.035452     -0.231682    10.957903   
0.561119     -2.010391    36.717610    36.829531    0.027906     -0.099981    1.826037    
-0.725900    -0.327235    54.308186    54.349683    -0.081970    -0.036952    6.132607    
2.730400     -0.353236    76.188411    76.263549    0.037401     -0.004839    1.043624    
0.114444     0.061498     6.985029     7.258269     0.000192     0.000103     0.011735    
-0.236516    -1.528609    26.638240    26.755623    -0.017438    -0.112699    1.963946    
1.318258     -0.363673    93.181671    93.212493    0.196471     -0.054201    13.887656   
0.054023     -1.167455    11.774708    11.995189    0.006688     -0.144524    1.457643    
0.339478     -1.175042    100.433249   100.459984   0.004626     -0.016010    1.368443    
-1.026196    -0.104637    76.430068    76.462371    -0.071373    -0.007278    5.315809    
0.375337     -0.251965    115.661063   115.678696   0.035790     -0.024026    11.028888   
-1.012718    -0.700520    21.397489    21.523099    -0.078343    -0.054192    1.655296    
1.362930     1.373083     63.798570    63.858245    0.047729     0.048085     2.234195    
1.000270     -0.106754    26.443576    26.535817    0.016195     -0.001728    0.428147    
-0.802989    -1.011260    62.089204    62.133821    -0.017129    -0.021571    1.324433    
0.709114     -0.747402    108.873256   108.895924   0.013063     -0.013769    2.005685    
-1.781180    -0.095032    27.299570    27.428509    -0.263327    -0.014049    4.035927    
-1.260470    -0.836847    21.683142    21.824818    -0.069557    -0.046180    1.196543    
-0.167430    -0.264315    12.109313    12.272257    -0.009708    -0.015325    0.702112    
-0.537404    0.579101     14.903905    15.054086    -0.030139    0.032477     0.835846    
1.061454     0.481716     88.712167    88.741660    0.164111     0.074478     13.715780   
-1.133128    -0.433622    104.491539   104.517121   -0.161475    -0.061793    14.890457   
-1.225065    0.461624     32.426633    32.512695    -0.036977    0.013934     0.978760    
1.169868     -0.107677    92.738661    92.766990    0.031217     -0.002873    2.474692    
1.358409     0.174675     12.751566    12.975098    0.126710     0.016293     1.189441    
-0.762023    0.166515     27.894921    27.975167    -0.076201    0.016651     2.789451    
-1.093194    0.092839     24.857901    24.959846    -0.037835    0.003213     0.860312    
-0.078170    -2.184897    17.865159    18.105766    -0.003782    -0.105721    0.864441    
0.261623     -1.096638    35.674259    35.746312    0.074643     -0.312879    10.178134   
0.979830     -0.053771    137.011492   137.029146   0.002468     -0.000135    0.345091    
1.335870     1.738368     24.135244    24.314428    0.064878     0.084426     1.172157    
0.975767     -0.655149    15.523334    15.691724    0.303776     -0.203961    4.832729    
0.666601     0.474269     12.509356    12.689690    0.022682     0.016138     0.425654    
1.694861     -0.248691    63.742158    63.795549    0.019875     -0.002916    0.747470    
-1.659068    2.200271     25.890763    26.111305    -0.088108    0.116850     1.374986    
-0.373999    -1.667630    25.993223    26.123619    -0.103264    -0.460447    7.176945    
0.070867     -0.138378    28.154356    28.223516    0.000806     -0.001574    0.320327    
-1.160277    0.422036     110.108971   110.133486   -0.039169    0.014247     3.717124    
-0.896999    -0.125536    81.552474    81.581256    -0.002917    -0.000408    0.265213    
-0.350529    1.476090     66.218776    66.265398    -0.011062    0.046583     2.089769    
0.368288     0.065951     53.671845    53.709234    0.001431     0.000256     0.208581    
-1.266426    0.193939     16.474268    16.640851    -0.137632    0.021077     1.790387    
0.247981     0.229516     13.080106    13.231716    0.014805     0.013703     0.780936    
0.089907     -0.042914    8.340469     8.570198     0.003425     -0.001635    0.317769    
0.218773     0.899838     27.582503    27.668159    0.014644     0.060233     1.846301    
1.186519     -0.647659    47.106759    47.167245    0.090082     -0.049171    3.576395    
0.058663     -0.307428    29.122433    29.190564    0.008343     -0.043720    4.141531    
2.589094     -2.570614    57.729498    57.878160    0.446930     -0.443740    9.965279    
0.787729     0.509506     12.536731    12.724963    0.003454     0.002234     0.054972    
-0.058361    -0.792701    25.323118    25.411947    -0.001430    -0.019429    0.620674    
0.578414     0.044328     17.724941    17.843347    0.011286     0.000865     0.345858    
0.995087     -0.981881    25.826426    25.939034    0.007505     -0.007405    0.194778    
0.185687     0.313793     19.866517    19.967133    0.076842     0.129855     8.221245    
0.017439     -0.759413    136.456210   136.472522   0.005070     -0.220799    39.674592   
0.654143     -0.427249    54.097342    54.138783    0.089133     -0.058216    7.371224    
-0.434935    -1.151663    49.729301    49.783469    -0.008297    -0.021970    0.948656    
0.539757     -1.345047    36.183272    36.265750    0.007465     -0.018602    0.500427    
0.153849     0.560492     64.114740    64.147585    0.027012     0.098407     11.256760   
0.540693     -1.115469    120.580173   120.602611   0.218373     -0.450511    48.699406   
-1.586190    0.579935     37.828602    37.917416    -0.318450    0.116430     7.594632    
0.515258     0.997327     24.208547    24.314376    0.045897     0.088838     2.156396    
1.112528     -1.357229    23.994055    24.138546    0.016019     -0.019542    0.345479    
0.536160     -0.021546    77.105463    77.132453    0.090383     -0.003632    12.998060   
0.430977     -0.124244    15.869748    15.997657    0.014220     -0.004099    0.523604    
0.591883     -1.866482    6.953169     7.487028     0.047248     -0.148995    0.555049    
-0.122573    0.841694     17.700066    17.829491    -0.013599    0.093383     1.963759    
1.112904     0.406636     13.521353    13.715169    0.290694     0.106214     3.531819    
-0.332790    1.283795     12.711623    12.931326    -0.010510    0.040545     0.401463    
-1.947951    -0.542346    33.192008    33.311754    -0.012040    -0.003352    0.205147    
0.318236     0.403386     14.733372    14.873170    0.027886     0.035348     1.291042    
0.025421     -0.813065    33.180661    33.248954    0.000373     -0.011943    0.487392    
0.484027     -0.202948    15.237590    15.373177    0.046552     -0.019519    1.465481    
0.145524     0.618878     48.742896    48.786771    0.006749     0.028702     2.260587    
0.231771     0.636718     53.239878    53.280566    0.025448     0.069911     5.845664    
1.395401     -1.047682    31.127185    31.238140    0.110944     -0.083298    2.474826    
-0.120408    -0.464014    88.377969    88.401188    -0.008078    -0.031129    5.928969    
-1.028041    0.771508     94.678323    94.707507    -0.029856    0.022406     2.749581    
0.254189     0.314079     43.566958    43.613278    0.012467     0.015405     2.136839    
0.294740     -1.631630    14.628493    14.853176    0.033743     -0.186793    1.674709    
0.891031     -1.399195    48.947687    49.015332    0.049381     -0.077543    2.712662    
0.037273     -1.184865    24.481025    24.588632    0.002098     -0.066689    1.377886    
0.684512     -1.333470    43.315640    43.386246    0.021619     -0.042114    1.368015    
1.374933     -0.640333    26.313687    26.430768    0.070777     -0.032962    1.354536    
-0.052885    1.622240     74.027383    74.071336    -0.004668    0.143199     6.534583    
1.128813     0.188175     53.429021    53.477518    0.049833     0.008307     2.358694    
-2.309153    0.358489     80.060381    80.118663    -0.301361    0.046785     10.448465   
0.040514     1.076140     43.184476    43.242729    0.006172     0.163955     6.579368    
-0.645607    0.442145     18.422990    18.544374    -0.065863    0.045106     1.879452    
-0.030305    -0.269677    14.089589    14.229024    -0.005681    -0.050552    2.641175    
0.824513     -0.142456    70.718971    70.751311    0.051589     -0.008913    4.424836    
0.629776     1.123463     54.429255    54.480066    0.010854     0.019362     0.938064    
1.000920     -0.034289    66.373949    66.410685    0.087078     -0.002983    5.774365    
1.242129     -2.830458    72.883467    72.975538    0.047228     -0.107620    2.771183    
1.153389     -0.604532    56.628856    56.678021    0.037680     -0.019749    1.849982    
0.467264     0.147184     22.023234    22.116460    0.077560     0.024431     3.655592    
0.635513     -0.722341    109.867225   109.889071   0.031157     -0.035414    5.386457    
1.454191     -0.186789    14.891853    15.092773    0.208029     -0.026721    2.130346    
-0.255841    0.312701     27.663529    27.736421    -0.031821    0.038893     3.440740    
-0.475898    1.220112     70.576172    70.615764    -0.040051    0.102684     5.939635    
0.079955     -0.919648    10.874648    11.089864    0.008233     -0.094694    1.119741    
-0.996189    0.472695     17.237066    17.384109    -0.081083    0.038474     1.402980    
-0.913203    -0.802136    85.947695    85.978827    -0.020622    -0.018114    1.940837    
-0.088921    0.770715     26.208875    26.294144    -0.003776    0.032732     1.113085    
-1.975578    0.705249     98.318772    98.360846    -0.128114    0.045735     6.375875    
0.756713     -1.944861    11.682223    12.029314    0.031494     -0.080944    0.486207    
1.168201     0.840579     124.688020   124.711862   0.088070     0.063371     9.400202    
-3.076801    -0.264582    35.736173    35.923331    -0.090529    -0.007785    1.051470    
0.718466     0.957042     82.345881    82.378099    0.028531     0.038005     3.270062    
-1.706874    0.362821     14.696567    14.930141    -0.265004    0.056330     2.281741    
-1.069727    0.812354     22.611089    22.736326    -0.011388    0.008648     0.240712    
-2.231793    0.213274     21.580380    21.785640    -0.109629    0.010476     1.060057    
-1.458750    0.824939     62.456560    62.510041    -0.002506    0.001417     0.107312    
1.384809     1.357825     27.270622    27.410275    0.186575     0.182939     3.674157    
-0.391000    -0.667310    21.458130    21.562108    -0.003530    -0.006025    0.193743    
-0.937639    -0.077626    15.562130    15.714326    -0.040495    -0.003353    0.672105    
0.234673     -1.463010    20.876825    21.021709    0.053331     -0.332477    4.744367    
0.789896     -0.229682    26.160252    26.247103    0.010987     -0.003195    0.363872    
-1.318681    0.351274     54.725913    54.778306    -0.348257    0.092770     14.452854   
-0.731939    -0.342761    18.756721    18.877043    -0.005298    -0.002481    0.135762    
0.963330     -3.181177    117.724803   117.788166   0.148374     -0.489970    18.132179   
-2.719578    0.951049     41.702435    41.848162    -0.047294    0.016539     0.725217    
0.485228     1.162682     12.342713    12.562038    0.028957     0.069386     0.736586    
-0.434126    0.243473     13.520267    13.671881    -0.058483    0.032799     1.821374    
-1.711175    0.454701     50.609004    50.678212    -0.040506    0.010763     1.197977    
1.172356     -0.460997    19.560082    19.699206    0.102173     -0.040177    1.704696    
-0.200276    1.153372     53.265356    53.314571    -0.065514    0.377292     17.424185   
-2.461140    -2.272305    91.854866    91.937000    -0.238449    -0.220154    8.899422    
0.144497     0.455168     15.765291    15.894886    0.020137     0.063430     2.196992    
1.432243     1.136703     34.515497    34.619906    0.050899     0.040396     1.226604    
0.288408     1.081632     16.266917    16.423783    0.011277     0.042292     0.636041    
0.021167     -1.086071    36.930018    36.998394    0.000359     -0.018408    0.625929    
0.883031     1.303706     72.480737    72.524558    0.002324     0.003432     0.190780    
1.034294     -1.258791    22.652265    22.795929    0.008564     -0.010422    0.187553    
0.823979     -1.460174    22.510162    22.658186    0.001683     -0.002982    0.045967    
0.101616     1.984315     23.647998    23.812824    0.003867     0.075508     0.899862    
1.013805     -0.073416    7.274307     7.604189     0.124221     -0.008996    0.891316    
0.533678     -0.493815    19.502451    19.615025    0.008673     -0.008025    0.316940    
0.682997     1.248640     15.031417    15.226426    0.026159     0.047822     0.575697    
-1.187025    -0.094082    81.318367    81.350904    -0.139048    -0.011021    9.525657    
0.942042     0.514854     80.814906    80.846005    0.020187     0.011033     1.731748    
1.066881     0.825386     21.248371    21.381948    0.008562     0.006624     0.170519    
0.480302     0.619996     19.480182    19.595089    0.009337     0.012052     0.378679    
-1.274636    2.796523     38.188403    38.362408    -0.286829    0.629296     8.593463    
-0.359944    -0.487665    13.492506    13.648811    -0.130161    -0.176347    4.879089    
0.136584     0.147611     19.077398    19.179742    0.030720     0.033201     4.290875    
-1.563317    0.317732     11.869277    12.136705    -0.169908    0.034532     1.290003    
1.002846     0.273327     53.092619    53.139266    0.089938     0.024513     4.761475    
-0.257712    0.701403     19.575340    19.688252    -0.021440    0.058352     1.628534    
-0.372484    0.689638     24.978860    25.068561    -0.002745    0.005082     0.184068    
-0.159790    0.304321     36.372114    36.426965    -0.019084    0.036346     4.344004    
-1.116754    -1.024126    20.911824    21.058854    -0.040783    -0.037400    0.763677    
-1.962757    0.530485     15.973569    16.222321    -0.030998    0.008378     0.252269    
0.141808     0.901041     122.140607   122.159874   0.001407     0.008938     1.211601    
1.902791     0.310068     15.654227    15.894859    0.111161     0.018114     0.914517    
-0.298590    -0.400736    95.816118    95.837640    -0.061915    -0.083095    19.868107   
0.331291     1.380074     72.608102    72.648647    0.018858     0.078556     4.132963    
0.204399     -1.472537    34.293650    34.382256    0.001147     -0.008260    0.192364    
1.851564     1.017974     52.006625    52.086741    0.001603     0.000881     0.045026    
0.695577     0.260239     86.997833    87.023270    0.068167     0.025503     8.525795    
1.120312     -0.538870    89.436896    89.467194    0.204294     -0.098266    16.309261   
-1.890345    -0.491947    29.056875    29.188908    -0.215159    -0.055993    3.307249    
-2.815914    -0.714963    33.026030    33.211958    -0.011007    -0.002795    0.129091    
-0.364258    -0.227896    17.373628    17.490069    -0.041080    -0.025701    1.959325    
0.902514     -1.206952    70.339775    70.383451    0.019439     -0.025996    1.515037    
-0.236508    1.410002     90.234771    90.267563    -0.010814    0.064471     4.125924    
-1.757953    2.061588     36.523628    36.676844    -0.110479    0.129561     2.295337    
0.928770     1.076590     98.336570    98.366547    0.041937     0.048611     4.440193    
-0.513545    2.431474     42.473664    42.591817    -0.036410    0.172391     3.011374    
1.612947     -1.075395    135.547495   135.575649   0.162148     -0.108109    13.626484   
2.509776     -0.451243    64.756475    64.836553    0.046355     -0.008334    1.196046    
-0.914776    0.765863     31.298077    31.382606    -0.007685    0.006434     0.262943    
-0.321782    0.977513     130.455220   130.474129   -0.006995    0.021249     2.835767    
-0.642266    -1.066310    96.880761    96.908753    -0.027484    -0.045629    4.145718    
1.732413     -0.754481    10.036172    10.400490    0.025413     -0.011068    0.147223    
-0.258496    -0.028340    65.433935    65.464054    -0.018226    -0.001998    4.613546    
-0.077193    0.947614     57.891032    57.932292    -0.013668    0.167783     10.250105   
1.086989     -1.436677    186.419445   186.438542   0.033313     -0.044030    5.713228    
-0.497927    1.365346     11.547214    11.803610    -0.010220    0.028023     0.237004    
0.422881     2.067335     31.640893    31.772217    0.007627     0.037285     0.570652    
0.417805     0.493428     76.870089    76.898007    0.005348     0.006316     0.983950    
-0.032516    0.551579     23.369745    23.459011    -0.002805    0.047578     2.015842    
-1.078258    -0.396860    6.699183     7.076309     -0.117043    -0.043078    0.727182    
0.920471     -0.047536    8.452009     8.727023     0.193544     -0.009995    1.777173    
0.830027     -0.227086    143.396308   143.412401   0.003246     -0.000888    0.560760    
-1.346580    1.439638     41.101637    41.195939    -0.033184    0.035477     1.012864    
0.989834     0.519493     63.367042    63.407465    0.299828     0.157358     19.194340   
1.222584     -0.057871    8.036344     8.363961     0.045317     -0.002145    0.297880    
1.364616     0.632907     92.213260    92.246534    0.009396     0.004358     0.634925    
-1.741751    -0.959353    33.506090    33.622717    -0.129195    -0.071160    2.485317    
-1.661227    1.581934     27.961182    28.124097    -0.055824    0.053159     0.939607    
0.521073     -1.240400    47.917939    47.977223    0.000179     -0.000426    0.016472    
0.502594     -1.015117    10.377966    10.623567    0.004540     -0.009170    0.093752    
-0.195566    -1.359667    36.505186    36.584019    -0.033283    -0.231399    6.212735    
-0.051909    0.325810     121.159526   121.175965   -0.002100    0.013179     4.901035    
0.793704     0.306724     43.463333    43.516207    0.145785     0.056338     7.983226    
0.435738     0.726347     94.555589    94.579870    0.003045     0.005076     0.660830    
0.509462     -0.731143    109.630694   109.651987   0.004773     -0.006850    1.027151    
0.681876     -0.946372    50.148047    50.200221    0.014162     -0.019656    1.041548    
-0.313728    0.170061     7.172814     7.446580     -0.007206    0.003906     0.164754    
0.956655     -0.803536    33.630506    33.711226    0.155354     -0.130489    5.461367    
-0.640673    1.090861     93.823254    93.852429    -0.004702    0.008005     0.688537    
-0.244688    0.437282     11.235292    11.417435    -0.052216    0.093315     2.397583    
-1.534314    -0.327610    43.128413    43.201810    -0.097680    -0.020857    2.745713    
0.747471     -0.459540    21.360931    21.469379    0.093053     -0.057209    2.659245    
0.219471     -0.296573    30.992478    31.057121    0.063252     -0.085473    8.932119    
-1.537156    0.692592     24.604806    24.740936    -0.376777    0.169763     6.030954    
-0.826230    -1.080783    66.704143    66.747048    -0.007159    -0.009364    0.577953    
0.248714     1.450037     31.520945    31.616599    0.012682     0.073935     1.607199    
0.040479     -0.385279    38.550131    38.602301    0.004919     -0.046816    4.684298    
-0.584935    0.801715     100.663354   100.687490   -0.008485    0.011630     1.460208    
0.285458     0.925072     74.554744    74.587010    0.012480     0.040444     3.259529    
0.094167     -0.145273    15.661068    15.785246    0.002440     -0.003764    0.405740    
-1.483317    -2.256391    33.042728    33.211269    -0.006307    -0.009594    0.140490    
1.521197     -0.496519    14.818998    15.034568    0.146026     -0.047663    1.422540    
-1.939209    -1.231418    73.563858    73.626035    -0.306727    -0.194775    11.635671   
-1.126559    0.512348     22.948253    23.065752    -0.008409    0.003824     0.171295    
-1.215455    0.501028     32.027752    32.115109    -0.027778    0.011450     0.731961    
1.586677     1.473796     45.410910    45.505113    0.074394     0.069102     2.129180    
0.934938     0.320630     28.041768    28.128147    0.107193     0.036761     3.215052    
1.315689     -0.824881    195.045186   195.061301   0.111257     -0.069753    16.493335   
-1.318156    -0.712566    19.841908    19.995539    -0.125344    -0.067758    1.886776    
-0.034819    0.841799     24.930858    25.022639    -0.003731    0.090201     2.671422    
0.353314     1.370748     29.265071    29.365339    0.003692     0.014323     0.305798    
2.309772     -3.577714    40.657628    40.927408    0.033538     -0.051949    0.590354    
-0.505070    0.389687     98.313580    98.335354    -0.019549    0.015083     3.805373    
-1.102207    -1.963515    46.473540    46.569680    -0.100268    -0.178621    4.227701    
-0.002532    1.781056     44.357625    44.436989    -0.000314    0.221222     5.509595    
0.966001     -0.869106    37.097754    37.172662    0.108686     -0.097785    4.173928    
0.802689     -0.333344    57.893813    57.933789    0.012825     -0.005326    0.925021    
0.995638     0.717747     21.470960    21.595915    0.051742     0.037301     1.115823    
0.348925     1.127788     45.812244    45.869710    0.013186     0.042619     1.731248    
-0.621552    -0.694855    25.331700    25.425167    -0.092595    -0.103515    3.773746    
0.576235     -0.178571    13.752291    13.905553    0.083913     -0.026004    2.002646    
0.445144     0.223259     10.429070    10.624898    0.030445     0.015270     0.713283    
-0.150844    0.611152     66.164153    66.196423    -0.000406    0.001645     0.178098    
-1.303905    -0.281525    56.003757    56.054216    -0.145473    -0.031409    6.248179    
1.491951     -1.830324    61.809229    61.885635    0.053733     -0.065920    2.226083    
0.980847     -0.828131    25.014538    25.124688    0.203891     -0.172145    5.199823    
1.112911     -1.496603    23.318566    23.475708    0.063991     -0.086052    1.340783    
-0.624995    1.067248     25.341546    25.447958    -0.030655    0.052346     1.242951    
-0.287685    0.235888     92.708009    92.729652    -0.010373    0.008505     3.342759    
0.889092     0.135406     112.207040   112.227909   0.046825     0.007131     5.909454    
1.064691     -1.628473    69.369119    69.424312    0.116617     -0.178369    7.598089    
-0.994393    -0.067765    33.702965    33.775113    -0.070395    -0.004797    2.385904    
-0.094380    0.809891     6.167735     6.525392     -0.002770    0.023768     0.181005    
0.287848     -0.427389    8.691400     8.926416     0.027000     -0.040090    0.815264    
-0.396356    0.776635     22.759220    22.860824    -0.043380    0.084999     2.490903    
-1.261609    0.021030     16.891788    17.052846    -0.027296    0.000455     0.365473    
-0.798286    1.520158     31.160738    31.270029    -0.040461    0.077048     1.579360    
0.237057     -0.355015    75.550662    75.577508    0.018680     -0.027975    5.953298    
0.897709     0.356497     79.575057    79.605261    0.036395     0.014453     3.226109    
1.682973     0.825246     12.551147    12.842106    0.068256     0.033469     0.509034    
-0.554629    -1.334010    41.452156    41.524009    -0.024308    -0.058467    1.816773    
1.159020     1.122863     32.737027    32.835835    0.234498     0.227183     6.623502    
-1.556188    1.222669     95.933681    95.974282    -0.041700    0.032763     2.570665    
-0.465193    0.325536     7.469827     7.745685     -0.000729    0.000510     0.011709    
-0.201179    -0.671146    33.148536    33.214324    -0.006039    -0.020146    0.995034    
0.322026     -1.352362    42.629659    42.697721    0.091748     -0.385300    12.145562   
-0.348848    0.832699     9.926161     10.159660    -0.057344    0.136881     1.631687    
-0.865443    0.122076     85.597931    85.625024    -0.003052    0.000430     0.301833    
-0.132121    -0.884250    8.869834     9.129527     -0.008231    -0.055087    0.552576    
0.924761     0.006816     146.319519   146.335682   0.022885     0.000169     3.621023    
-0.199450    -0.506019    6.796804     7.096995     -0.006239    -0.015830    0.212626    
0.027349     -1.389202    64.757749    64.802559    0.000141     -0.007154    0.333481    
0.573149     -0.809074    36.684863    36.751017    0.025956     -0.036640    1.661311    
-0.770223    0.455631     9.210289     9.460720     -0.012150    0.007187     0.145284    
-0.928522    -0.959625    46.850818    46.911162    -0.031700    -0.032762    1.599497    
0.028715     0.053908     45.131308    45.174258    0.010360     0.019450     16.283739   
1.499332     -2.280515    35.315792    35.475751    0.025600     -0.038938    0.602986    
-0.497297    -0.346720    71.829399    71.858924    -0.026973    -0.018806    3.895946    
0.071287     -1.238148    16.452354    16.616046    0.002104     -0.036548    0.485649    
0.365657     0.390953     42.282088    42.331270    0.013875     0.014835     1.604410    
0.828595     -1.434927    20.925758    21.083355    0.049850     -0.086329    1.258943    
-0.406156    -0.822128    7.561362     7.867021     -0.103285    -0.209066    1.922840    
-1.227689    -0.555700    24.214325    24.331554    -0.267508    -0.121084    5.276188    
0.084738     0.114324     46.732707    46.774363    0.006038     0.008146     3.329792    
-1.006016    1.866737     13.683285    13.985850    -0.030639    0.056854     0.416740    
0.585668     0.244927     20.146213    20.252107    0.123272     0.051552     4.240384    
1.513577     0.277339     40.064531    40.142365    0.060376     0.011063     1.598158    
1.333171     -0.005599    50.559760    50.615627    0.036124     -0.000152    1.369975    
-1.453397    -1.054844    9.990346     10.339586    -0.381405    -0.276815    2.621695    
0.692695     -0.444645    96.900130    96.923617    0.102469     -0.065775    14.334199   
0.933804     0.314613     37.132291    37.197486    0.002669     0.000899     0.106121    
-0.037814    1.197436     8.132004     8.452202     -0.000560    0.017732     0.120424    
1.331041     -0.210897    15.162330    15.348855    0.109799     -0.017397    1.250753    
-1.505879    -1.121338    69.678771    69.731852    -0.113367    -0.084418    5.245626    
-0.002159    0.310182     38.187148    38.239108    -0.000097    0.013947     1.717060    
0.404644     -0.387518    36.108364    36.166322    0.042076     -0.040295    3.754654    
0.648367     -0.872439    41.487923    41.548818    0.064057     -0.086194    4.098874    
2.027677     -0.112152    55.979226    56.050626    0.114458     -0.006331    3.159906    
-0.423312    0.465137     64.850115    64.883032    -0.103366    0.113579     15.835395   
0.819017     0.574530     17.367947    17.507753    0.091338     0.064072     1.936893    
-0.961081    1.315179     30.155484    30.263535    -0.142093    0.194446     4.458409    
0.967037     0.009212     10.227030    10.459558    0.019056     0.000182     0.201524    
1.289264     -2.946193    82.432080    82.518271    0.097922     -0.223768    6.260856    
-1.466942    -1.032234    29.438205    29.558421    -0.091521    -0.064400    1.836624    
-0.255632    -0.566225    26.726883    26.806477    -0.011223    -0.024859    1.173402    
-1.217091    1.795413     48.827110    48.914890    -0.003353    0.004947     0.134525    
-1.564777    -1.118494    91.976521    92.017688    -0.275900    -0.197212    16.217203   
-0.091835    -0.024927    4.759018     5.150948     -0.004211    -0.001143    0.218203    
0.717155     0.465601     40.911128    40.967383    0.050312     0.032664     2.870115    
-0.196134    -0.078184    25.294867    25.372226    -0.064117    -0.025558    8.268975    
0.563970     -0.824240    47.477799    47.529083    0.004153     -0.006069    0.349590    
-1.061445    0.410267     4.536069     5.074037     -0.058178    0.022487     0.248623    
0.252097     0.439547     9.581916     9.795143     0.014990     0.026137     0.569764    
1.793099     -0.128168    19.971928    20.149057    0.258468     -0.018475    2.878871    
-0.302975    1.318558     163.807943   163.825357   -0.009501    0.041349     5.136855    
0.082293     0.206033     61.429061    61.460993    0.003655     0.009151     2.728362    
-0.991757    1.189823     37.227527    37.311700    -0.013958    0.016746     0.523938    
1.236274     -1.955780    122.191899   122.229656   0.283429     -0.448384    28.013803   
-0.511566    -1.333520    42.372252    42.441992    -0.001607    -0.004190    0.133145    
-0.096296    1.853692     41.530192    41.618232    -0.005265    0.101353     2.270715    
0.505387     -0.503280    158.899859   158.913653   0.057967     -0.057725    18.225467   
-1.192439    -0.725963    9.848252     10.139622    -0.023223    -0.014139    0.191800    
-0.951483    1.612990     10.236045    10.590497    -0.009567    0.016218     0.102917    
0.796341     -0.008067    11.191156    11.390836    0.150234     -0.001522    2.111268    
0.844732     0.473803     28.533899    28.618113    0.015625     0.008764     0.527798    
0.043622     -0.979819    8.408473     8.691336     0.007689     -0.172704    1.482091    
0.522878     -1.150003    70.226888    70.265829    0.071028     -0.156218    9.539691    
-0.985084    -0.475699    5.610789     6.045874     -0.063906    -0.030860    0.363993    
-1.024476    0.776472     29.901563    29.993848    -0.176593    0.133844     5.154264    
1.945988     -1.046585    83.252824    83.305401    0.070851     -0.038105    3.031153    
0.840173     0.697326     12.457683    12.659422    0.058203     0.048308     0.863013    
-1.469627    -1.091246    40.531160    40.620199    -0.105988    -0.078699    2.923054    
0.367596     -0.278005    12.616132    12.777095    0.033000     -0.024958    1.132598    
-0.715433    0.034524     115.763970   115.782921   -0.009710    0.000469     1.571231    
1.692459     -1.785622    23.393820    23.605055    0.398369     -0.420297    5.506405    
2.842868     -0.030098    85.327249    85.397290    0.207286     -0.002195    6.221592    
-0.374353    -0.513662    9.362135     9.587935     -0.026404    -0.036230    0.660329    
0.381195     1.293633     69.017908    69.059144    0.000680     0.002309     0.123172    
-0.882673    -1.159999    144.399895   144.420668   -0.057809    -0.075972    9.457200    
-0.595939    0.578000     94.223643    94.247860    -0.055890    0.054207     8.836688    
-0.579909    0.106890     46.872657    46.917680    -0.060637    0.011177     4.901114    
-0.132099    0.222335     56.811216    56.845898    -0.005631    0.009478     2.421907    
-0.397965    -1.971475    62.431011    62.494410    -0.030144    -0.149331    4.728895    
0.447479     0.353947     12.604864    12.770398    0.005746     0.004545     0.161860    
0.290400     1.162726     15.373217    15.545000    0.006780     0.027144     0.358896    
-0.592115    -0.051477    36.973461    37.030596    -0.008197    -0.000713    0.511870    
0.839827     0.779548     43.703734    43.763048    0.032743     0.030393     1.703929    
-0.659647    0.959842     9.843628     10.105859    -0.052218    0.075982     0.779230    
-0.741094    0.420452     74.400432    74.431346    -0.046421    0.026336     4.660290    
0.952797     -2.121763    47.086323    47.184812    0.114290     -0.254511    5.648120    
1.162114     0.397616     32.621432    32.703843    0.029847     0.010212     0.837841    
0.699684     0.144698     52.216998    52.258973    0.091498     0.018922     6.828427    
0.539104     -0.093568    71.953775    71.982776    0.061002     -0.010588    8.141842    
-0.748979    -0.162552    114.998780   115.018180   -0.003971    -0.000862    0.609751    
0.322390     -1.080203    11.410712    11.634005    0.006648     -0.022276    0.235315    
-0.661123    -2.116604    23.273126    23.461254    -0.020126    -0.064434    0.708487    
-0.682530    -1.180453    85.049585    85.083290    -0.049692    -0.085944    6.192111    
-0.984132    -0.846727    13.722969    13.924090    -0.109178    -0.093934    1.522401    
-0.147763    -0.295106    40.723174    40.772059    -0.000816    -0.001631    0.225022    
-1.200027    -0.145779    73.440019    73.476341    -0.147854    -0.017961    9.048439    
1.339726     -1.356844    8.878448     9.291808     0.032835     -0.033254    0.217599    
-2.999016    0.185428     52.357470    52.480550    -0.033880    0.002095     0.591485    
-2.005057    -1.501569    34.080460    34.229047    -0.264539    -0.198111    4.496431    
0.838275     0.354911     85.204021    85.231618    0.006019     0.002548     0.611775    
-0.224305    0.330578     32.793902    32.855358    -0.002828    0.004169     0.413525    
-1.061183    -0.053495    15.159319    15.323475    -0.192995    -0.009729    2.756986    
1.719663     0.783104     107.219403   107.254118   0.186087     0.084741     11.602371   
1.352890     -0.158678    19.570129    19.715993    0.107046     -0.012555    1.548462    
0.315181     1.479388     20.414166    20.564558    0.069258     0.325080     4.485801    
-0.990712    0.976007     38.668232    38.743273    -0.069640    0.068606     2.718088    
-0.021240    0.761249     21.311697    21.415960    -0.001297    0.046494     1.301623    
-1.129970    0.756283     13.904035    14.108364    -0.004802    0.003214     0.059084    
-1.006460    -0.201267    12.521199    12.716479    -0.001337    -0.000267    0.016631    
-0.275428    -0.169806    107.345147   107.363683   -0.050652    -0.031228    19.741209   
0.734967     -0.551578    88.253621    88.280355    0.033818     -0.025379    4.060759    
-1.243867    -1.092404    84.063893    84.103232    -0.000073    -0.000064    0.004907    
1.590149     0.615949     80.906737    80.948645    0.022641     0.008770     1.151953    
0.851084     0.871978     10.397979    10.652587    0.022292     0.022840     0.272353    
-0.094007    -1.549147    72.831072    72.874198    -0.016955    -0.279410    13.136100   
0.100914     0.381933     55.059834    55.096427    0.021779     0.082429     11.883027   
0.776072     1.462963     13.095360    13.345635    0.032143     0.060593     0.542382    
3.724534     -1.551259    116.902334   116.988501   0.000349     -0.000145    0.010953    
0.064163     0.512425     83.070428    83.095352    0.001347     0.010755     1.743444    
2.048012     2.033672     61.098967    61.198765    0.058710     0.058299     1.751501    
1.377497     -0.974600    32.475100    32.578434    0.091856     -0.064989    2.165546    
0.227133     -1.466972    39.213249    39.290679    0.006032     -0.038961    1.041446    
1.581329     0.557884     95.422143    95.457174    0.439045     0.154893     26.493284   
-0.661554    -1.416530    60.077587    60.130155    -0.028534    -0.061098    2.591288    
-0.156981    0.090063     15.677999    15.802131    -0.032907    0.018879     3.286511    
0.367711     -1.452592    81.565676    81.603184    0.002940     -0.011613    0.652115    
0.854043     0.101104     14.119733    14.282207    0.122773     0.014534     2.029789    
-0.321511    -0.930086    77.102167    77.133569    -0.018864    -0.054571    4.523853    
-0.294466    -0.716754    17.647480    17.773828    -0.000885    -0.002155    0.053058    
-1.588392    -2.120746    52.897840    53.000726    -0.025958    -0.034658    0.864470    
1.032445     -3.044050    29.078467    29.321739    0.055587     -0.163893    1.565602    
1.422284     -0.494101    28.052899    28.162158    0.415533     -0.144356    8.195897    
-0.487235    -1.302808    49.224580    49.283556    -0.062114    -0.166085    6.275250    
1.572323     0.802312     176.844010   176.863775   0.006934     0.003538     0.779922    
0.674084     -2.039272    15.824201    16.090162    0.052662     -0.159315    1.236239    
0.518996     -1.481697    19.492421    19.654369    0.080730     -0.230477    3.032033    
1.659369     -2.947727    63.556636    63.677025    0.003187     -0.005661    0.122066    
-0.984849    -0.453025    82.902947    82.933400    -0.032427    -0.014916    2.729622    
0.750616     0.365065     88.568326    88.594131    0.020785     0.010109     2.452487    
0.818154     -1.560859    15.554195    15.776995    0.049349     -0.094148    0.938199    
-0.660854    -1.362220    39.023972    39.102912    -0.103495    -0.213335    6.111482    
-0.000303    -1.348054    109.153610   109.179681   -0.000065    -0.289762    23.462372   
1.259367     0.266369     20.448682    20.583501    0.072469     0.015328     1.176693    
1.497696     -0.694867    76.138403    76.181739    0.056742     -0.026326    2.884583    
0.099114     0.475736     16.654049    16.777022    0.014803     0.071052     2.487305    
1.028603     0.322702     33.561256    33.636216    0.142081     0.044575     4.635821    
-1.142262    0.396729     16.047388    16.212827    -0.077534    0.026929     1.089258    
2.828358     1.285885     48.019468    48.160123    0.004443     0.002020     0.075438    
-1.233029    -0.308983    52.107504    52.160164    -0.059288    -0.014857    2.505507    
-2.526156    0.751861     15.216778    15.568302    -0.296004    0.088100     1.783035    
1.070465     1.165972     105.836211   105.866349   0.237881     0.259105     23.519165   
-0.886393    -0.300562    107.492102   107.514199   -0.005648    -0.001915    0.684942    
-1.788261    0.592343     95.926166    95.964853    -0.081131    0.026874     4.352035    
-0.640822    1.019034     16.412116    16.573521    -0.023811    0.037864     0.609817    
-0.431228    -0.066483    46.991420    47.034656    -0.016429    -0.002533    1.790307    
-0.667817    -0.733989    21.181422    21.295829    -0.047940    -0.052691    1.520545    
1.267795     -0.967588    142.841501   142.863967   0.233339     -0.178086    26.290115   
-1.014483    1.075672     51.481927    51.540761    -0.349536    0.370618     17.737879   
-0.715629    -1.797571    36.298964    36.403752    -0.144566    -0.363132    7.332846    
-1.494429    -0.090888    12.833460    13.069591    -0.028004    -0.001703    0.240489    
-0.061771    -1.504277    65.781416    65.828081    -0.005558    -0.135344    5.918557    
0.698901     0.798847     60.968805    61.009809    0.015202     0.017376     1.326173    
-0.585798    -1.868902    114.042809   114.076611   -0.048741    -0.155500    9.488807    
0.964120     -0.615218    21.269387    21.390881    0.000665     -0.000424    0.014663    
0.471682     -0.958140    17.398480    17.542023    0.114096     -0.231766    4.208552    
0.674775     0.541738     48.353562    48.401350    0.019431     0.015600     1.392390    
-0.259689    0.159357     12.646997    12.802902    -0.019622    0.012041     0.955594    
-1.576278    0.296687     19.482105    19.646884    -0.049878    0.009388     0.616471    
-0.273314    1.637606     33.981017    34.078452    -0.072190    0.432537     8.975323    
-0.129048    -1.541692    100.155589   100.186878   -0.001713    -0.020466    1.329560    
-0.030546    -1.734939    118.027057   118.056225   -0.001517    -0.086188    5.863359    
0.957892     -0.007270    61.148543    61.187718    0.022280     -0.000169    1.422257    
0.576745     0.505903     33.794737    33.860712    0.057896     0.050784     3.392442    
-1.578706    -1.566163    17.267480    17.521016    -0.020282    -0.020120    0.221834    
-0.928194    -0.939467    79.017882    79.053429    -0.051450    -0.052075    4.379953    
0.359551     -0.306022    14.660932    14.800027    0.007267     -0.006185    0.296315    
0.426214     -1.039524    25.245286    25.346828    0.006150     -0.015000    0.364291    
0.269521     -0.720551    25.874567    25.960740    0.008156     -0.021805    0.782989    
1.145553     1.484968     101.256539   101.293036   0.256232     0.332151     22.648595   
1.744806     1.121547     46.278541    46.366804    0.092642     0.059549     2.457192    
1.877327     -0.062269    38.500535    38.596559    0.165147     -0.005478    3.386873    
2.217253     0.242986     97.985295    98.030445    0.072294     0.007923     3.194815    
-0.351374    -1.331057    59.880720    59.928881    -0.002382    -0.009024    0.405974    
0.314249     2.365816     30.481255    30.637848    0.007042     0.053014     0.683035    
-0.053452    1.143845     50.562793    50.614051    -0.001452    0.031066     1.373251    
0.903429     2.217630     72.962182    73.028001    0.160930     0.395031     12.996895   
-0.418198    -0.626396    57.484424    57.523049    -0.002431    -0.003641    0.334142    
0.305995     -0.761416    43.472272    43.524553    0.026821     -0.066740    3.810478    
0.089840     0.561136     11.578658    11.758538    0.002565     0.016021     0.330577    
-0.352607    -1.033387    18.572479    18.708397    -0.004818    -0.014120    0.253778    
0.732298     0.948528     67.172838    67.212358    0.035630     0.046150     3.268267    
-0.086394    2.195231     55.200288    55.279049    -0.002963    0.075296     1.893350    
-0.098712    -0.475423    21.136635    21.233654    -0.004762    -0.022937    1.019740    
-0.727071    -0.172621    32.870190    32.937559    -0.038761    -0.009203    1.752332    
1.411611     0.211930     65.785712    65.830634    0.099918     0.015001     4.656494    
-0.132848    2.417629     25.468125    25.658584    -0.000897    0.016316     0.171879    
-0.070400    0.212576     12.982512    13.132811    -0.014471    0.043697     2.668674    
0.070468     0.809332     29.806035    29.882012    0.003037     0.034875     1.284361    
-1.169974    0.468123     109.658721   109.683627   -0.041115    0.016451     3.853649    
-1.039203    0.146371     47.496004    47.548362    -0.043801    0.006169     2.001911    
0.726960     -0.109490    38.752186    38.809114    0.042422     -0.006389    2.261408    
-0.453575    -0.877436    5.600113     6.017628     -0.006715    -0.012990    0.082910    
-0.962695    -1.320360    44.362526    44.436233    -0.008124    -0.011142    0.374345    
1.235022     0.347251     94.608332    94.637505    0.094397     0.026542     7.231244    
-0.273871    -1.691871    68.636826    68.686434    -0.016437    -0.101539    4.119281    
1.265029     -1.288861    33.126020    33.233562    0.055098     -0.056136    1.442799    
-0.532343    0.567379     25.096002    25.185106    -0.003487    0.003717     0.164401    
-1.245645    -1.619366    72.307846    72.363482    -0.011908    -0.015480    0.691217    
1.850471     -0.726298    20.238844    20.431288    0.174406     -0.068453    1.907496    
1.443579     -0.774309    60.733537    60.787506    0.111361     -0.059732    4.685126    
-0.105577    1.356524     11.943663    12.181023    -0.009289    0.119349     1.050819    
-0.735372    -0.179334    68.707862    68.740222    -0.013896    -0.003389    1.298369    
-0.794561    0.048001     20.447372    20.557325    -0.174827    0.010562     4.499037    
-0.292585    0.036285     51.180888    51.219578    -0.017518    0.002173     3.064415    
0.486063     1.930633     23.220009    23.388189    0.003948     0.015682     0.188607    
-0.175961    0.372408     15.882643    16.009465    -0.003659    0.007744     0.330271    
-0.714508    0.317963     8.578152     8.835794     -0.005396    0.002401     0.064786    
-1.259226    0.626794     44.424627    44.490459    -0.096859    0.048213     3.417135    
-1.068538    -0.532699    79.548136    79.581445    -0.010612    -0.005290    0.790002    
-0.448157    1.143165     28.290927    28.385897    -0.050870    0.129761     3.211303    
1.489509     0.352576     110.560854   110.588971   0.082709     0.019578     6.139197    
0.803571     0.776782     8.305034     8.608000     0.033378     0.032266     0.344972    
-0.218071    2.048066     117.821874   117.856315   -0.037111    0.348538     20.050831   
0.361925     1.402294     37.335157    37.415054    0.018324     0.070997     1.890245    
1.324126     0.542195     40.272818    40.346277    0.175263     0.071766     5.330564    
1.765258     -0.245100    50.900347    50.969564    0.004694     -0.000652    0.135339    
-1.827956    0.242183     57.628508    57.691594    -0.050946    0.006750     1.606139    
0.449853     0.136334     28.885793    28.956605    0.028598     0.008667     1.836310    
-2.145176    1.433568     69.469357    69.545117    -0.633712    0.423494     20.522137   
0.294238     0.973935     42.573152    42.630779    0.027804     0.092031     4.022886    
-0.538902    0.555466     9.086878     9.329805     -0.001685    0.001737     0.028419    
0.088379     0.428653     12.219208    12.384489    0.004412     0.021397     0.609938    
0.444486     -0.412791    14.962977    15.104092    0.022891     -0.021259    0.770603    
0.625746     -1.634896    86.782096    86.822069    0.011828     -0.030904    1.640425    
-0.543977    -0.277745    30.048263    30.118866    -0.042344    -0.021620    2.339019    
-2.133947    2.374461     61.354981    61.469508    -0.105317    0.117187     3.028048    
-0.520510    0.677937     40.425646    40.482569    -0.002271    0.002958     0.176396    
-1.431542    -2.328235    65.506997    65.593533    -0.254259    -0.413522    11.634813   
-0.510253    -1.082769    49.183692    49.237620    -0.051276    -0.108810    4.942578    
0.657135     -1.395741    19.626881    19.785584    0.031173     -0.066211    0.931052    
0.965118     -1.366152    56.431883    56.490974    0.116678     -0.165160    6.822306    
0.190811     -0.212934    9.690114     9.892169     0.027346     -0.030516    1.388721    
-0.259241    -1.039547    37.079165    37.146834    -0.001388    -0.005565    0.198479    
-0.257405    -0.310819    5.690884     6.035228     -0.017187    -0.020754    0.379988    
-2.090353    1.278454     26.977947    27.160423    -0.257099    0.157241     3.318102    
-0.228740    0.770919     6.879455     7.200590     -0.067388    0.227118     2.026735    
1.323901     -1.063407    12.936863    13.195488    0.010829     -0.008698    0.105821    
0.232416     1.882113     27.884822    28.018469    0.001631     0.013207     0.195669    
1.562900     -1.398728    68.075798    68.136541    0.005485     -0.004909    0.238918    
-1.093621    0.329422     50.003228    50.054993    -0.027319    0.008229     1.249093    
-1.169753    0.817787     59.327138    59.376943    -0.106684    0.074584     5.410758    
-0.099005    -1.245783    9.251669     9.540970     -0.001796    -0.022598    0.167820    
-1.187691    0.160742     26.200459    26.301625    -0.030441    0.004120     0.671539    
0.527414     0.944565     23.642929    23.749388    0.014517     0.025999     0.650763    
-0.048152    1.118578     122.545663   122.566586   -0.008935    0.207566     22.739881   
0.088773     0.271195     10.582746    10.768050    0.000428     0.001307     0.050999    
-1.862882    0.073192     50.140227    50.213474    -0.191721    0.007533     5.160240    
-0.289394    -1.028407    53.904709    53.951218    -0.001042    -0.003702    0.194048    
1.217604     0.636551     23.456743    23.579260    0.045281     0.023672     0.872315    
-1.412213    -0.079039    91.714332    91.746359    -0.119011    -0.006661    7.729024    
0.766709     0.566141     12.285778    12.478929    0.035607     0.026293     0.570573    
-0.503555    -0.873614    41.483504    41.542422    -0.013796    -0.023935    1.136547    
0.255458     -1.407080    118.117312   118.142370   0.016585     -0.091353    7.668667    
1.357471     -0.069283    140.899212   140.919518   0.109818     -0.005605    11.398639   
0.498328     -0.911899    113.260976   113.282847   0.032114     -0.058767    7.299046    
1.785927     -1.342335    74.111087    74.170881    0.056457     -0.042434    2.342802    
0.087904     1.163928     21.063738    21.187696    0.007827     0.103639     1.875566    
-0.782037    0.119397     17.712077    17.838679    -0.097311    0.014857     2.203969    
-0.655476    -0.049795    14.071586    14.223804    -0.033350    -0.002533    0.715940    
1.366968     -1.155601    33.321345    33.427399    0.034171     -0.028887    0.832959    
1.290344     0.782729     24.867014    24.990418    0.013459     0.008164     0.259374    
-1.560335    1.048074     62.019355    62.079050    -0.009894    0.006646     0.393273    
-2.346812    1.067981     47.301647    47.412750    -0.820016    0.373171     16.528004   
-0.540409    -0.338626    42.602250    42.652472    -0.119796    -0.075066    9.443952    
-0.497446    -1.200086    47.760139    47.818339    -0.075531    -0.182219    7.251808    
-0.811278    -1.524703    17.466551    17.661773    -0.073039    -0.137269    1.572517    
-1.615908    -1.146615    43.226113    43.316251    -0.063228    -0.044865    1.691372    
-0.111021    0.613617     10.576246    10.775935    -0.006086    0.033639     0.579798    
1.466509     0.870771     13.512535    13.761266    0.119822     0.071147     1.104051    
0.454807     -0.751800    6.103857     6.473336     0.005808     -0.009601    0.077954    
0.018769     -0.585562    9.861214     10.072821    0.000220     -0.006863    0.115577    
-0.551366    -0.109077    170.655034   170.667312   -0.027709    -0.005482    8.576206    
-0.886606    -0.738968    24.544595    24.650441    -0.052243    -0.043543    1.446270    
0.286530     -1.786884    23.117857    23.271986    0.014605     -0.091083    1.178387    
2.618221     0.230741     116.140970   116.187384   0.523732     0.046156     23.232070   
0.078951     0.626125     22.050660    22.147343    0.019179     0.152098     5.356548    
-0.698639    0.243000     10.992078    11.191420    -0.087594    0.030467     1.378167    
0.397697     -1.517239    25.804883    25.927343    0.018242     -0.069596    1.183680    
-1.962571    -0.363843    69.137051    69.193864    -0.011835    -0.002194    0.416931    
-0.129723    1.928193     19.017354    19.216385    -0.020078    0.298436     2.943413    
0.127377     1.659909     65.860995    65.911434    0.002543     0.033143     1.315031    
0.361029     -0.416830    62.088901    62.122545    0.020749     -0.023956    3.568425    
0.184423     0.389542     23.967122    24.051687    0.003808     0.008043     0.494837    
-0.044317    -1.407231    142.918799   142.939289   -0.009710    -0.308313    31.312379   
0.650248     1.317976     36.372820    36.455684    0.032461     0.065795     1.815775    
-0.757126    -0.131296    5.349054     5.751331     -0.011229    -0.001947    0.079333    
-0.586149    0.595791     38.868127    38.926916    -0.015504    0.015759     1.028099    
0.570213     -1.347948    37.008007    37.089212    0.034196     -0.080837    2.219386    
0.311457     0.502071     8.318559     8.568690     0.004449     0.007172     0.118837    
2.423209     -0.437998    41.416555    41.536367    0.287171     -0.051906    4.908216    
0.798726     -0.843839    26.294809    26.393976    0.042126     -0.044505    1.386829    
-0.331097    -0.421843    47.980011    48.023369    -0.003605    -0.004593    0.522365    
-1.168288    1.741992     54.434475    54.510426    -0.143431    0.213864     6.682911    
0.604448     1.005949     9.048062     9.333791     0.028816     0.047957     0.431348    
1.073801     -0.364395    30.119429    30.204979    0.060840     -0.020646    1.706526    
-1.700785    0.738893     67.801292    67.855204    -0.122873    0.053381     4.898293    
2.229680     -0.108870    77.855295    77.912164    0.178592     -0.008720    6.236018    
-0.149443    -0.247159    76.281686    76.307627    -0.007196    -0.011902    3.673271    
1.602082     0.193762     41.142969    41.221633    0.077792     0.009408     1.997779    
1.634557     -0.908353    26.993114    27.129321    0.001475     -0.000819    0.024352    
0.098805     -0.486876    79.061930    79.087992    0.000986     -0.004861    0.789361    
-1.561342    0.655960     20.098862    20.265915    -0.027869    0.011709     0.358754    
-0.959916    -1.744952    19.508642    19.708586    -0.069907    -0.127078    1.420737    
-0.481231    0.076295     10.897043    11.084128    -0.003668    0.000581     0.083050    
0.888130     0.217271     54.032618    54.076194    0.028135     0.006883     1.711704    
-0.173108    1.877011     138.038416   138.065320   -0.008635    0.093629     6.885655    
-0.451056    0.670159     107.159721   107.180844   -0.001814    0.002696     0.431031    
1.134645     -0.135387    105.997802   106.022237   0.204166     -0.024361    19.073097   
0.561799     0.712589     64.920509    64.956685    0.048546     0.061576     5.609904    
-0.251103    0.987882     33.855834    33.928327    -0.004928    0.019388     0.664445    
-0.796080    -1.826292    13.722298    14.005196    -0.049999    -0.114703    0.861846    
1.392027     0.274379     31.281756    31.375727    0.028989     0.005714     0.651448    
-0.442828    -2.534590    56.834157    56.926414    -0.096842    -0.554291    12.429093   
-0.276751    0.584592     20.481190    20.585734    -0.010121    0.021379     0.749020    
0.422700     0.885929     42.210580    42.267855    0.060826     0.127483     6.074003    
0.408841     -0.045003    13.697587    13.844422    0.022131     -0.002436    0.741455    
-0.586429    -0.655969    110.810828   110.831804   -0.033960    -0.037988    6.417125    
0.839398     -2.701198    101.331099   101.389682   0.003322     -0.010689    0.400996    
-0.247112    0.085491     15.856774    15.980632    -0.013780    0.004767     0.884226    
1.309767     0.584505     77.999509    78.037526    0.227533     0.101540     13.550098   
-1.014111    1.451998     105.298175   105.331464   -0.008472    0.012130     0.879626    
-1.100635    -1.091309    21.838508    21.981759    -0.046328    -0.045936    0.919234    
0.241032     -1.716924    33.355026    33.458013    0.076752     -0.546720    10.621245   
1.092073     -0.344704    26.712355    26.809258    0.056271     -0.017762    1.376406    
-0.767023    -1.234602    82.130629    82.167072    -0.018667    -0.030047    1.998858    
0.514381     -1.072271    76.886131    76.920520    0.076376     -0.159212    11.416162   
-0.211359    0.612494     122.517063   122.534589   -0.022860    0.066247     13.251381   
-0.808606    -0.490234    50.524370    50.571544    -0.156192    -0.094694    9.759370    
0.371697     -1.368922    66.910265    66.954243    0.012621     -0.046482    2.271927    
1.922991     0.106245     19.480855    19.674548    0.130069     0.007186     1.317663    
0.250772     -0.474239    59.015368    59.050626    0.002956     -0.005590    0.695686    
1.684661     0.078972     38.998849    39.084901    0.052749     0.002473     1.221114    
0.791160     -1.108140    8.619066     8.945232     0.005924     -0.008297    0.064538    
-0.222845    2.510688     15.499349    15.825864    -0.010285    0.115875     0.715338    
0.069282     -0.530575    41.750197    41.800002    0.004002     -0.030646    2.411480    
0.272231     1.501838     33.682143    33.774122    0.015500     0.085510     1.917765    
-0.301055    -2.002451    125.881429   125.913103   -0.015346    -0.102070    6.416504    
-0.636574    -0.746526    17.608559    17.745389    -0.160388    -0.188091    4.436568    
-0.438956    1.686122     44.899728    44.976618    -0.014721    0.056546     1.505763    
0.524284     -0.050422    121.291137   121.308253   0.050585     -0.004865    11.702596   
-0.203643    -0.162449    6.205604     6.515546     -0.006213    -0.004956    0.189333    
-1.365278    0.095709     16.189386    16.365950    -0.068072    0.004772     0.807197    
0.047591     1.164497     47.809429    47.864128    0.000647     0.015834     0.650080    
0.981851     -0.412875    26.216733    26.312099    0.059720     -0.025113    1.594615    
-0.368060    1.802330     22.356903    22.518658    -0.003419    0.016744     0.207705    
-0.874993    -0.064598    51.120959    51.166368    -0.097518    -0.007199    5.697459    
-1.354367    -0.337659    38.199132    38.275279    -0.172928    -0.043113    4.877345    
-0.262216    1.454583     44.807054    44.874621    -0.028420    0.157656     4.856441    
-1.749720    0.210597     35.498708    35.596897    -0.041365    0.004979     0.839217    
0.653243     -1.631214    49.311244    49.381792    0.000072     -0.000181    0.005472    
-0.291451    -1.001263    119.691917   119.712645   -0.080575    -0.276812    33.090358   
2.505404     0.070537     80.593007    80.655996    0.164102     0.004620     5.278766    
1.491060     0.135218     40.511522    40.586943    0.038759     0.003515     1.053078    
-0.176812    0.727270     75.657449    75.686754    -0.010804    0.044438     4.622895    
-0.267097    0.545646     31.078178    31.146383    -0.005158    0.010538     0.600219    
-1.544447    -0.257402    10.513127    10.809827    -0.076292    -0.012715    0.519326    
-1.477580    -0.131232    11.388016    11.651709    -0.006146    -0.000546    0.047370    
-0.997783    -0.855806    27.111213    27.214350    -0.234974    -0.201539    6.384582    
-1.724320    -1.685884    34.778781    34.917818    -0.182552    -0.178482    3.681988    
-0.376077    -0.173922    20.507380    20.605807    -0.030560    -0.014133    1.666407    
-0.445469    -0.446761    17.805659    17.925247    -0.001544    -0.001548    0.061706    
-0.977274    1.197219     21.256438    21.403260    -0.059092    0.072391     1.285291    
3.238855     -0.628862    43.209478    43.379945    0.258163     -0.050125    3.444152    
-0.712895    0.671229     60.806052    60.845786    -0.050613    0.047655     4.316985    
0.050123     -0.482340    46.611806    46.655873    0.002423     -0.023315    2.253122    
-1.091013    -1.042689    11.754982    12.013828    -0.143907    -0.137533    1.550503    
1.620543     -1.610685    45.715820    45.815190    0.248297     -0.246787    7.004510    
0.313418     -0.151602    17.564138    17.677531    0.078512     -0.037977    4.399864    
-0.014394    -0.172413    22.660450    22.746448    -0.000173    -0.002067    0.271627    
0.356175     1.541722     18.489275    18.660976    0.009690     0.041945     0.503024    
-1.207978    0.759294     28.862688    28.964900    -0.059579    0.037449     1.423541    
0.740285     0.132365     34.901217    34.964775    0.046716     0.008353     2.202473    
-0.417686    -1.350895    13.105052    13.327292    -0.089891    -0.290729    2.820362    
-0.393720    -0.229182    38.041276    38.094897    -0.056762    -0.033041    5.484403    
-0.525934    0.333532     95.483067    95.505386    -0.001864    0.001182     0.338381    
-2.972840    -2.810182    126.387008   126.468516   -0.076074    -0.071912    3.234213    
-1.596142    -0.077066    52.247154    52.308638    -0.153279    -0.007401    5.017352    
0.980715     1.589955     93.399911    93.439328    0.047314     0.076706     4.505977    
1.716649     -0.719696    18.538782    18.735694    0.021314     -0.008936    0.230175    
-0.062759    0.438279     11.597115    11.771324    -0.001862    0.013005     0.344130    
0.343994     -1.351047    164.631791   164.649462   0.005059     -0.019870    2.421200    
-0.778831    -0.871857    19.905038    20.036272    -0.038649    -0.043265    0.987767    
0.378211     -1.282563    96.253300    96.282712    0.005401     -0.018315    1.374470    
2.303774     0.500857     11.665035    12.062596    0.020121     0.004374     0.101879    
0.128202     0.520214     4.143582     4.618580     0.000947     0.003843     0.030612    
-0.106094    -2.898453    25.579204    25.818268    -0.014376    -0.392748    3.466048    
-0.674755    -0.740235    65.734890    65.771984    -0.051449    -0.056442    5.012222    
1.617582     1.440667     30.460434    30.600737    0.128480     0.114428     2.419390    
1.926236     -0.850862    88.591612    88.638496    0.133156     -0.058818    6.124139    
-0.586757    1.050080     28.840652    28.932769    -0.004576    0.008190     0.224931    
-0.359531    0.458234     12.287355    12.457660    -0.019525    0.024886     0.667302    
1.082891     -0.854790    34.462690    34.546422    0.002685     -0.002120    0.085452    
0.095251     -0.461448    12.778014    12.937334    0.000055     -0.000268    0.007416    
-2.280198    1.616949     19.891211    20.182890    -0.011073    0.007852     0.096592    
-1.711193    0.169317     27.192618    27.317947    -0.022104    0.002187     0.351253    
0.700624     0.649841     94.754518    94.779781    0.048091     0.044605     6.503987    
-0.058666    -1.684403    32.646243    32.748936    -0.033686    -0.967182    18.745435   
-0.604634    -0.531111    33.348584    33.416323    -0.073353    -0.064433    4.045783    
-0.906319    -0.842996    38.592698    38.662687    -0.110199    -0.102500    4.692492    
-1.167766    0.158411     22.409813    22.526949    -0.047396    0.006429     0.909539    
-2.400309    2.737233     42.867783    43.067107    -0.155488    0.177313     2.776903    
-0.882997    0.477282     35.920776    35.988673    -0.025613    0.013845     1.041969    
0.808050     -1.926404    16.691646    16.936646    0.262772     -0.626453    5.428009    
0.125049     0.434285     60.686072    60.719672    0.024664     0.085657     11.969485   
1.262315     -0.385711    42.845240    42.910742    0.201431     -0.061549    6.836928    
-0.079080    -0.216050    9.800269     9.998658     -0.002962    -0.008091    0.367038    
-0.427139    1.645215     100.233425   100.267161   -0.063213    0.243479     14.833757   
0.043527     -0.383279    19.748754    19.850366    0.004443     -0.039123    2.015857    
0.345261     -0.189023    6.478629     6.782516     0.027935     -0.015294    0.524181    
2.916552     -2.387927    33.088896    33.361032    0.289684     -0.237179    3.286529    
-0.030948    -0.152227    7.421036     7.679249     -0.002591    -0.012743    0.621214    
1.549495     1.348669     92.767387    92.811006    0.054243     0.047213     3.247523    
-1.416495    -0.850081    25.818908    25.946485    -0.100270    -0.060175    1.827658    
0.957571     -0.439356    39.044287    39.108072    0.023539     -0.010800    0.959792    
0.056364     -0.155807    12.054758    12.215547    0.001474     -0.004075    0.315291    
0.672750     -1.231822    34.460928    34.545630    0.002844     -0.005207    0.145681    
0.746308     0.480359     22.525137    22.628400    0.001691     0.001088     0.051038    
-0.251956    0.618747     8.426205     8.678837     -0.001619    0.003977     0.054154    
-0.647112    0.553066     72.509330    72.541041    -0.024820    0.021213     2.781096    
-1.801936    -0.482870    21.723203    21.891839    -0.181761    -0.048707    2.191215    
1.101415     0.418551     17.387412    17.538112    0.072574     0.027579     1.145679    
-0.389091    0.494399     12.755930    12.922249    -0.027234    0.034605     0.892832    
-1.032239    0.333398     51.942598    51.991202    -0.007327    0.002366     0.368680    
1.689562     -0.429683    73.910177    73.956937    0.076860     -0.019547    3.362273    
-0.251378    -1.588435    45.323331    45.394554    -0.013576    -0.085785    2.447731    
1.064594     -0.413082    94.358985    94.386424    0.048488     -0.018814    4.297667    
-0.866252    0.201458     23.859510    23.957090    -0.011811    0.002747     0.325327    
-0.388360    0.634109     12.867480    13.038402    -0.025578    0.041764     0.847484    
-0.893844    1.021798     34.198985    34.282481    -0.000689    0.000788     0.026365    
-0.302218    -2.586756    38.003420    38.143381    -0.049142    -0.420622    6.179577    
0.986728     1.374174     80.352199    80.394109    0.039931     0.055610     3.251693    
2.340272     1.523465     39.127869    39.276747    0.024282     0.015807     0.405982    
-0.751126    -0.078066    31.525978    31.596401    -0.040304    -0.004189    1.691625    
-0.535325    -1.306407    23.811787    23.934691    -0.016455    -0.040156    0.731915    
0.633861     0.074596     53.397916    53.437999    0.032579     0.003834     2.744536    
0.254473     -0.828158    121.426726   121.445771   0.017817     -0.057983    8.501586    
-1.510453    -1.137427    18.123689    18.328073    -0.007611    -0.005731    0.091322    
-1.517009    1.425705     30.635876    30.769559    -0.106766    0.100340     2.156123    
-0.392317    0.635574     98.029430    98.052037    -0.062533    0.101307     15.625409   
1.045522     0.169594     45.082932    45.138316    0.039337     0.006381     1.696201    
-0.126804    -2.262527    82.534504    82.589070    -0.015646    -0.279160    10.183457   
1.329223     0.381372     33.542662    33.628818    0.059436     0.017053     1.499844    
-0.300286    0.967809     27.229246    27.319107    -0.022595    0.072822     2.048830    
-0.587886    0.489851     46.183941    46.232207    -0.045396    0.037826     3.566311    
-1.042588    -0.960143    78.656626    78.694019    -0.031173    -0.028708    2.351782    
0.243715     -1.899577    23.738466    23.896809    0.002919     -0.022750    0.284296    
-0.080869    -1.238839    19.482173    19.620685    -0.028486    -0.436376    6.862515    
-1.382481    0.249662     9.427606     9.732846     -0.176321    0.031842     1.202390    
-0.253802    -0.503361    22.353270    22.446858    -0.000746    -0.001479    0.065665    
-0.737127    -0.475865    28.258320    28.340385    -0.024813    -0.016018    0.951224    
-1.414251    -0.074782    33.564696    33.652184    -0.092551    -0.004894    2.196534    
-0.228494    0.338175     15.904550    16.031102    -0.022913    0.033911     1.594857    
-2.973621    1.873108     125.853553   125.918000   -0.269329    0.169653     11.398908   
0.625085     1.407613     25.114651    25.238716    0.029701     0.066882     1.193316    
-0.703005    0.271970     11.373188    11.566873    -0.054323    0.021016     0.878841    
0.453656     0.544591     18.250635    18.370167    0.038067     0.045698     1.531449    
1.678712     -1.003021    34.480851    34.592314    0.183672     -0.109743    3.772642    
-0.708008    -1.326219    91.388051    91.421611    -0.041562    -0.077852    5.364704    
-1.090801    -0.187811    19.635757    19.765198    -0.184716    -0.031804    3.325111    
0.312052     -0.799386    73.644848    73.676150    0.000034     -0.000086    0.007923    
-0.189762    -2.126201    41.157849    41.260153    -0.003592    -0.040251    0.779161    
-1.106672    -0.130715    25.687660    25.787063    -0.070596    -0.008338    1.638651    
1.345186     -1.349559    20.585603    20.767109    0.090941     -0.091237    1.391686    
-0.825099    1.001315     40.683954    40.752209    -0.077467    0.094011     3.819724    
-1.403738    -0.039562    32.009922    32.101124    -0.145833    -0.004110    3.325486    
0.789984     -0.152622    34.066655    34.132965    0.024134     -0.004663    1.040717    
1.864119     -0.089478    12.436680    12.729058    0.043923     -0.002108    0.293038    
-0.825799    0.467090     36.212828    36.278698    -0.041170    0.023287     1.805392    
1.992923     0.182186     17.899682    18.118457    0.209783     0.019178     1.884196    
0.889245     -0.969051    53.739618    53.791740    0.001919     -0.002091    0.115951    
0.214078     1.394118     43.624717    43.691878    0.009174     0.059740     1.869395    
-1.093078    -0.301940    70.138611    70.175393    -0.010709    -0.002958    0.687161    
0.533815     0.127246     12.963170    13.123257    0.052253     0.012455     1.268904    
-0.180111    -1.519589    155.540057   155.560039   -0.009680    -0.081673    8.359754    
-0.535464    1.104225     126.818266   126.839480   -0.021275    0.043872     5.038673    
0.122638     2.522928     25.904957    26.102144    0.004243     0.087297     0.896350    
-0.124104    0.290583     81.734290    81.758601    -0.002332    0.005460     1.535805    
0.093737     -0.756050    19.613489    19.726740    0.002216     -0.017871    0.463599    
0.173881     -0.888009    29.214923    29.295144    0.036628     -0.187058    6.154096    
-1.754959    -0.015672    14.297884    14.539070    -0.131412    -0.001174    1.070630    
-1.724594    0.176069     53.755813    53.819770    -0.171773    0.017537     5.354189    
-1.724321    0.635874     34.452125    34.557220    -0.005486    0.002023     0.109606    
0.327282     -1.296873    59.279205    59.326960    0.039706     -0.157338    7.191812    
1.883961     -0.196315    174.237756   174.259170   0.229947     -0.023961    21.266637   
0.596523     0.565056     27.704927    27.786922    0.041888     0.039678     1.945436    
1.721760     1.230068     81.224660    81.276059    0.091992     0.065721     4.339741    
-0.427768    0.598149     64.311868    64.346189    -0.013393    0.018727     2.013493    
-1.901961    0.063246     23.518785    23.677619    -0.065388    0.002174     0.808556    
-0.667428    -0.506434    78.743044    78.772101    -0.023058    -0.017496    2.720334    
0.255027     -0.339718    9.128221     9.347717     0.000855     -0.001139    0.030614    
-0.917506    0.215919     16.747227    16.888843    -0.002932    0.000690     0.053517    
0.177452     0.589642     19.904166    20.010746    0.001714     0.005694     0.192203    
1.483599     0.109702     9.255153     9.578409     0.375997     0.027802     2.345589    
0.714600     0.472394     15.020540    15.173180    0.132434     0.087547     2.783703    
-1.277279    0.749497     35.443749    35.529249    -0.062635    0.036754     1.738099    
-1.215756    -2.357363    96.609432    96.665881    -0.048891    -0.094800    3.885074    
-0.015710    0.920832     72.122643    72.155379    -0.001474    0.086420     6.768670    
1.533907     -1.209604    177.855267   177.876887   0.092616     -0.073035    10.738768   
1.577028     -0.763653    15.752635    15.971557    0.012445     -0.006026    0.124308    
-0.470047    -3.835923    40.486519    40.718159    -0.011359    -0.092701    0.978420    
-0.509126    -0.545212    24.405826    24.496444    -0.017616    -0.018865    0.844467    
-0.522542    -1.131704    47.958406    48.014971    -0.026219    -0.056784    2.406327    
-1.142796    -2.668912    27.273593    27.498235    -0.021873    -0.051082    0.522003    
0.850393     0.224082     36.035258    36.099697    0.094626     0.024934     4.009766    
0.593205     1.187422     14.658939    14.849960    0.021659     0.043355     0.535231    
0.220935     1.426898     26.832135    26.942964    0.039502     0.255121     4.797431    
0.185697     0.639100     13.085045    13.249011    0.015284     0.052601     1.076961    
0.314247     1.419493     40.435150    40.509135    0.003242     0.014646     0.417187    
1.664272     0.379296     8.532422     8.921370     0.102312     0.023317     0.524535    
0.022929     0.258160     39.672653    39.722305    0.000078     0.000877     0.134762    
-1.323478    0.569276     82.221415    82.257593    -0.404112    0.173823     25.105560   
-0.055395    -0.650569    60.207540    60.243250    -0.003256    -0.038242    3.539171    
3.861591     -0.071755    131.130424   131.202058   0.038810     -0.000721    1.317885    
-0.917953    0.284000     8.598147     8.872789     -0.002576    0.000797     0.024125    
0.806215     0.710264     20.614701    20.736329    0.060043     0.052897     1.535282    
0.145207     0.721819     12.817884    12.989042    0.004108     0.020420     0.362617    
1.003717     0.605144     29.727965    29.816111    0.011023     0.006646     0.326489    
1.232963     1.042555     29.778954    29.887592    0.044248     0.037414     1.068683    
-0.645708    -0.964821    6.638254     7.020626     -0.084816    -0.126732    0.871955    
-1.020262    -0.916632    5.251723     5.773794     -0.014152    -0.012714    0.072845    
-1.469104    -0.697627    28.096351    28.212140    -0.020977    -0.009961    0.401174    
-0.146098    1.616882     7.384297     7.812710     -0.007279    0.080558     0.367908    
-0.099615    1.342958     28.033332    28.134607    -0.003609    0.048658     1.015695    
-1.335625    1.001595     37.089058    37.178761    -0.092964    0.069715     2.581529    
2.043910     2.316168     57.946948    58.062603    0.234596     0.265845     6.651042    
0.095977     -0.147965    15.611576    15.736180    0.004863     -0.007497    0.790951    
-1.383071    -0.266477    14.795423    14.992110    -0.078457    -0.015116    0.839292    
-1.573150    0.676503     12.079817    12.358374    -0.012494    0.005373     0.095934    
-1.030467    0.874495     27.387961    27.491853    -0.038138    0.032365     1.013637    
-0.157848    0.747398     9.621592     9.850559     -0.004955    0.023461     0.302021    
-0.449499    0.537256     15.475779    15.616190    -0.027411    0.032763     0.943745    
-0.142497    1.182287     89.224274    89.253931    -0.002592    0.021502     1.622733    
0.802627     0.356922     6.981590     7.306789     0.087083     0.038725     0.757487    
-0.662977    -1.035977    27.935763    28.032028    -0.019992    -0.031240    0.842395    
-1.137941    0.628893     22.851183    22.972634    -0.075558    0.041758     1.517298    
0.272019     2.287581     71.513066    71.577235    0.026604     0.223734     6.994241    
-0.003496    -0.664667    31.544268    31.612618    -0.000839    -0.159527    7.570961    
-0.091527    -0.426121    70.015154    70.044177    -0.002437    -0.011344    1.863952    
-0.339307    -0.404665    11.768464    11.943642    -0.046054    -0.054925    1.597319    
0.622218     0.284622     68.864857    68.896384    0.000607     0.000278     0.067190    
-0.116965    0.678087     74.898848    74.927871    -0.003808    0.022079     2.438724    
-0.314315    1.458320     25.834343    25.952143    -0.063105    0.292786     5.186738    
-0.325205    0.123298     115.122399   115.139753   -0.056544    0.021438     20.016604   
-1.302586    0.432058     97.495668    97.525195    -0.257465    0.085399     19.270652   
0.155861     -1.250836    67.201151    67.241792    0.004307     -0.034566    1.857034    
-0.780915    -1.693869    19.336123    19.525358    -0.044622    -0.096789    1.104886    
2.436347     1.135941     37.651447    37.798579    0.740447     0.345232     11.442917   
-0.893959    0.557621     8.234058     8.531399     -0.042708    0.026640     0.393378    
0.062719     0.252421     63.806401    63.837289    0.001748     0.007036     1.778456    
-0.793631    -0.425359    59.735988    59.775195    -0.021218    -0.011372    1.597089    
0.144151     -0.988127    75.348616    75.380940    0.024310     -0.166642    12.707124   
0.135019     1.082561     43.433354    43.491624    0.021111     0.169262     6.790940    
0.994817     0.904386     60.140519    60.187744    0.051893     0.047176     3.137148    
-0.338558    1.101691     34.198953    34.274943    -0.026596    0.086545     2.686564    
-0.780042    -0.239141    71.310419    71.342248    -0.005961    -0.001827    0.544903    
0.028178     1.311423     23.798954    23.916224    0.001592     0.074081     1.344375    
-0.569912    2.407066     82.759192    82.819548    -0.008488    0.035851     1.232610    
1.120999     -0.695006    29.978979    30.072476    0.009485     -0.005881    0.253660    
0.672918     0.816098     16.408952    16.560419    0.104713     0.126993     2.553392    
-1.161886    -0.882177    85.209447    85.244666    -0.053902    -0.040926    3.953033    
-0.551159    2.264012     11.127511    11.538024    -0.017244    0.070832     0.348137    
1.969016     -1.671130    11.624731    12.069756    0.192682     -0.163532    1.137559    
1.516499     -0.236607    19.353611    19.513917    0.075042     -0.011708    0.957685    
0.126339     0.711523     122.262642   122.280624   0.014362     0.080882     13.898198   
1.852489     1.136804     28.966971    29.115020    0.274552     0.168482     4.293111    
-0.870416    -1.184559    18.057838    18.224195    -0.028885    -0.039310    0.599251    
0.159538     -1.617705    45.233389    45.305373    0.000874     -0.008862    0.247796    
1.231234     0.712792     14.946069    15.142124    0.044855     0.025968     0.544498    
1.338846     -0.537463    35.368150    35.452254    0.093601     -0.037575    2.472644    
-1.822847    2.009395     147.474285   147.512373   -0.140392    0.154759     11.358142   
0.049463     2.216060     58.665575    58.740429    0.006934     0.310675     8.224467    
1.027017     2.539719     54.713049    54.816946    0.024233     0.059925     1.290962    
0.223478     1.739371     52.431918    52.498156    0.003087     0.024029     0.724346    
