0.958111     -1.450282    27.823597    27.947251    0.289072     -0.437566    8.394683    
-0.821151    -0.342894    17.853257    17.983481    -0.038162    -0.015936    0.829714    
-0.505263    0.227560     18.720012    18.831380    -0.117532    0.052934     4.354561    
-1.611706    1.237039     16.685772    16.923883    -0.078147    0.059981     0.809048    
-0.380762    0.246377     16.783312    16.904443    -0.096107    0.062188     4.236249    
-2.156689    0.794431     26.437350    26.609977    -0.241126    0.088821     2.955801    
-0.283879    0.491695     184.814618   184.825973   -0.056285    0.097489     36.643584   
0.081619     -0.134442    68.742846    68.771204    0.009032     -0.014878    7.607245    
0.243688     -0.259588    56.634104    56.669423    0.005885     -0.006269    1.367630    
-2.814458    -0.957672    31.911487    32.110065    -0.167100    -0.056859    1.894649    
-0.768213    -0.128081    33.717016    33.783408    -0.046450    -0.007744    2.038691    
-0.081116    -0.467828    41.829479    41.878463    -0.000306    -0.001766    0.157945    
0.396169     -0.684354    10.441608    10.654925    0.066062     -0.114118    1.741166    
-0.234671    0.216484     10.082462    10.277788    -0.023670    0.021835     1.016956    
0.460836     1.191021     24.265693    24.378878    0.002816     0.007279     0.148295    
0.758072     1.217575     58.190375    58.241324    0.163201     0.262125     12.527488   
-0.310929    -0.915372    22.881026    22.985885    -0.007290    -0.021462    0.536468    
-1.148361    -0.527487    17.380882    17.537588    -0.179386    -0.082399    2.715080    
-1.524243    -0.118451    53.463118    53.521185    -0.006504    -0.000505    0.228132    
-0.457611    0.379276     24.715140    24.800531    -0.001319    0.001093     0.071227    
0.541478     0.062556     6.589924     6.899215     0.057246     0.006614     0.696695    
-0.111044    -0.486318    17.795095    17.910589    -0.003033    -0.013284    0.486088    
-0.136847    -0.127784    23.679859    23.762276    -0.013024    -0.012162    2.253702    
0.701325     -1.162885    68.103758    68.145734    0.079782     -0.132289    7.747453    
-0.243345    -0.212201    10.774821    10.957918    -0.019720    -0.017196    0.873160    
-0.784438    1.031795     22.019290    22.145067    -0.026824    0.035283     0.752966    
0.922326     -0.022913    42.031887    42.088070    0.107439     -0.002669    4.896185    
-1.229921    1.093157     98.261953    98.295443    -0.056543    0.050255     4.517375    
0.636323     -0.248628    12.831092    12.999177    0.060005     -0.023446    1.209974    
0.489243     2.139908     91.779892    91.827240    0.046227     0.202192     8.671956    
-0.719971    0.338352     5.717805     6.099270     -0.059621    0.028019     0.473494    
-1.300204    -2.594072    67.505478    67.596482    -0.183190    -0.365488    9.511073    
0.377144     -0.339703    72.363446    72.391995    0.016038     -0.014446    3.077269    
-1.018006    -0.232714    51.120419    51.168962    -0.121306    -0.027730    6.091536    
1.003330     -1.403423    42.610145    42.690464    0.169143     -0.236591    7.183275    
1.026984     1.973776     45.697427    45.793890    0.016328     0.031381     0.726550    
1.715945     0.243622     69.226032    69.275697    0.030388     0.004314     1.225941    
-1.438246    3.214854     68.991040    69.108917    -0.111481    0.249188     5.347601    
0.687173     1.557134     26.042092    26.171786    0.009928     0.022498     0.376262    
0.988811     -0.738884    42.326668    42.390394    0.145486     -0.108714    6.227632    
-1.793695    -0.649585    75.097203    75.147217    -0.037298    -0.013507    1.561573    
0.054807     -0.478323    43.773117    43.820001    0.005180     -0.045207    4.137107    
-0.336562    0.238820     46.640897    46.684243    -0.028044    0.019900     3.886341    
1.578138     -1.324601    39.209259    39.312670    0.026146     -0.021946    0.649605    
0.360289     0.940780     33.687518    33.760016    0.017147     0.044773     1.603221    
0.143715     -0.899976    57.165478    57.206620    0.000310     -0.001938    0.123124    
0.875870     -0.380925    121.073319   121.093087   0.002220     -0.000966    0.306897    
1.314075     0.915617     10.590638    10.890441    0.030667     0.021368     0.247154    
0.677402     -0.520269    17.162901    17.296522    0.069748     -0.053569    1.767155    
-1.359810    -0.148554    50.433994    50.490929    -0.079789    -0.008717    2.959290    
1.297008     0.453165     117.179549   117.204135   0.005959     0.002082     0.538396    
-0.851837    -0.660170    22.708017    22.818642    -0.030928    -0.023969    0.824482    
-0.728603    1.620524     51.639244    51.707286    -0.031052    0.069064     2.200765    
0.527383     -1.701304    19.359424    19.540594    0.066643     -0.214985    2.446345    
-0.950694    -0.234876    39.485590    39.546754    -0.060545    -0.014958    2.514652    
0.436136     -0.069542    54.232958    54.270469    0.004560     -0.000727    0.567016    
-0.195605    0.006159     8.102879     8.340857     -0.010547    0.000332     0.436901    
0.204862     -0.163339    19.343497    19.445166    0.001946     -0.001552    0.183749    
-0.177317    0.367042     28.028759    28.100755    -0.018047    0.037357     2.852708    
0.546283     -0.955882    49.192459    49.244138    0.016061     -0.028103    1.446283    
-1.512508    0.552555     42.433816    42.509960    -0.023361    0.008534     0.655409    
-0.192249    0.458066     11.574019    11.750730    -0.030518    0.072714     1.837261    
1.921326     0.153035     26.796447    26.937696    0.058631     0.004670     0.817713    
-1.765537    1.195149     23.349354    23.528977    -0.009004    0.006095     0.119073    
0.940941     1.694311     74.596534    74.647665    0.033759     0.060788     2.676369    
2.177898     -0.741264    18.994022    19.233838    0.121813     -0.041460    1.062365    
-0.237372    0.602352     6.233500     6.568915     -0.009465    0.024019     0.248562    
1.055803     0.070571     7.774002     8.088867     0.094078     0.006288     0.692709    
-0.716527    -0.549002    91.388379    91.414034    -0.046655    -0.035747    5.950549    
-0.412869    -0.115349    127.617029   127.632930   -0.014588    -0.004076    4.509200    
-1.046803    1.099237     34.952892    35.041172    -0.058384    0.061309     1.949463    
-1.146054    -1.476601    32.620449    32.733201    -0.029921    -0.038551    0.851660    
-0.576489    0.983648     24.926436    25.030023    -0.017407    0.029702     0.752661    
-0.130694    0.612653     12.880239    13.044843    -0.001785    0.008366     0.175888    
0.441496     -0.554299    61.465855    61.501451    0.004303     -0.005402    0.599079    
0.431703     -0.424601    24.438274    24.524902    0.000493     -0.000485    0.027889    
0.460647     -0.331591    34.089329    34.150834    0.006638     -0.004778    0.491251    
1.035851     -0.191734    13.992504    14.169505    0.095115     -0.017606    1.284830    
-1.255034    -0.049980    30.062466    30.153016    -0.000047    -0.000002    0.001117    
-0.672599    0.222666     19.613003    19.724270    -0.001128    0.000373     0.032885    
-0.883644    -1.402028    34.835890    34.930798    -0.224831    -0.356727    8.863529    
0.952360     -0.450042    17.098886    17.244024    0.040168     -0.018982    0.721187    
-0.260870    1.818675     22.624237    22.783913    -0.009070    0.063230     0.786575    
1.137876     0.077390     53.489879    53.538238    0.034062     0.002317     1.601198    
-1.927118    0.680388     32.611085    32.734302    -0.049700    0.017547     0.841026    
0.547543     -0.249523    21.315063    21.414222    0.125438     -0.057164    4.883114    
0.856665     0.801664     11.867989    12.087211    0.014376     0.013453     0.199166    
0.685061     -0.232778    120.427072   120.445332   0.008413     -0.002859    1.478887    
-0.682446    -1.319364    31.175782    31.273164    -0.123893    -0.239520    5.659722    
-0.957003    0.210046     145.511925   145.528538   -0.050496    0.011083     7.677948    
-0.338033    -0.648469    90.698369    90.722675    -0.023909    -0.045866    6.415104    
-0.278245    -0.626428    97.936734    97.958913    -0.003343    -0.007526    1.176614    
-0.044909    0.392325     35.748378    35.804713    -0.002676    0.023380     2.130344    
0.406858     0.753208     104.881462   104.903426   0.077541     0.143549     19.988733   
0.590636     0.398619     26.009061    26.093178    0.031466     0.021236     1.385623    
0.569140     -1.120801    11.246830    11.486786    0.000663     -0.001306    0.013108    
0.498682     -0.082421    31.265084    31.331069    0.048936     -0.008088    3.068074    
0.361235     -1.307243    54.435858    54.488319    0.019643     -0.071086    2.960124    
-0.719332    1.876012     22.449727    22.625252    -0.069885    0.182260     2.181055    
-2.222897    0.316098     39.554095    39.666643    -0.513065    0.072958     9.129452    
-0.373428    -0.106968    16.300455    16.423480    -0.019770    -0.005663    0.862958    
0.255189     0.087337     15.637593    15.763313    0.061055     0.020896     3.741367    
0.133988     0.729130     50.704974    50.748585    0.001710     0.009304     0.647016    
0.168356     2.148993     15.570668    15.841944    0.056760     0.724521     5.249562    
0.998828     1.212126     63.215311    63.265452    0.003086     0.003745     0.195316    
-0.890583    -1.296154    44.717157    44.788081    -0.068669    -0.099940    3.447932    
-0.329342    -1.413293    55.377464    55.431438    -0.007333    -0.031468    1.233001    
-0.870113    0.115636     21.687650    21.794485    -0.003298    0.000438     0.082209    
0.406211     1.460053     40.691345    40.767111    0.014362     0.051620     1.438644    
-0.591148    0.698965     7.963009     8.253634     -0.040062    0.047369     0.539651    
-1.569850    1.169293     47.001147    47.083059    -0.028628    0.021323     0.857123    
-0.970782    0.388877     43.176855    43.234355    -0.017276    0.006920     0.768375    
0.443787     1.263481     94.252799    94.282863    0.037755     0.107490     8.018507    
0.274315     -1.789829    18.360861    18.554647    0.000160     -0.001044    0.010709    
0.974137     0.660091     11.670919    11.894115    0.068851     0.046655     0.824894    
0.402005     -0.188424    12.319172    12.483352    0.095816     -0.044910    2.936214    
1.732996     -1.278982    46.502693    46.594146    0.019056     -0.014064    0.511339    
0.866870     0.325959     37.840572    37.903055    0.107104     0.040273     4.675298    
-0.033153    0.715921     38.474812    38.531802    -0.002102    0.045398     2.439783    
-1.821091    1.982145     19.326093    19.611683    -0.234467    0.255203     2.488247    
0.417169     -0.422634    36.436356    36.494323    0.051054     -0.051723    4.459129    
-0.315507    -1.975505    60.288197    60.353490    -0.020540    -0.128607    3.924816    
0.370790     -1.017900    43.337498    43.395706    0.010368     -0.028463    1.211841    
0.623556     -0.120312    10.639354    10.838547    0.018621     -0.003593    0.317722    
0.714492     -0.224561    28.378384    28.456433    0.046922     -0.014747    1.863667    
0.387322     0.557468     12.256759    12.432372    0.003539     0.005094     0.112004    
0.122501     1.741671     7.477856     7.927276     0.012418     0.176551     0.758019    
0.633635     0.898848     111.872357   111.895079   0.060221     0.085427     10.632459   
-2.005461    0.397398     20.784665    20.977537    -0.214194    0.042444     2.219918    
-0.763593    -0.979999    37.231787    37.304483    -0.047263    -0.060658    2.304490    
-0.414157    0.067050     21.827354    21.919954    -0.013039    0.002111     0.687187    
0.423244     -0.004268    4.642628     5.060444     0.024542     -0.000247    0.269207    
0.910402     -0.012654    33.760833    33.830427    0.043478     -0.000604    1.612328    
0.484311     0.376577     61.221737    61.256448    0.048265     0.037528     6.101145    
0.620879     0.335517     32.501617    32.568821    0.067991     0.036742     3.559166    
0.435435     -0.522415    9.858395     10.075982    0.004269     -0.005122    0.096655    
-0.976750    -0.221781    145.369295   145.386072   -0.058507    -0.013285    8.707586    
-1.772802    2.534097     71.281451    71.375659    -0.095312    0.136241     3.832320    
-1.417369    0.053426     31.375656    31.469327    -0.204012    0.007690     4.516129    
0.631904     -1.021363    14.486163    14.668550    0.061302     -0.099084    1.405331    
-0.171693    0.962049     16.753296    16.896831    -0.004202    0.023548     0.410062    
-0.883509    -0.180984    13.642450    13.813208    -0.009646    -0.001976    0.148951    
0.255355     -0.473485    20.083979    20.187386    0.003078     -0.005708    0.242116    
0.789500     1.372937     18.339299    18.512512    0.076789     0.133535     1.783728    
-1.429756    0.648459     27.188604    27.304942    -0.209883    0.095191     3.991181    
0.069540     -0.051806    14.895632    15.025389    0.006918     -0.005154    1.481887    
0.591690     -0.261845    19.541976    19.651525    0.007363     -0.003258    0.243168    
0.168300     0.331120     67.553203    67.582898    0.000189     0.000371     0.075719    
-3.194759    -1.795085    68.594971    68.720986    -0.085697    -0.048152    1.840009    
0.602018     -0.988757    71.832234    71.868524    0.018175     -0.029851    2.168636    
0.355009     1.726041     28.118021    28.241871    0.006221     0.030247     0.492736    
-0.288028    -1.246383    71.781191    71.819571    -0.021309    -0.092212    5.310640    
-0.902097    -2.740471    30.060722    30.262947    -0.003989    -0.012119    0.132933    
1.269848     -0.405250    29.167869    29.264591    0.285908     -0.091243    6.567186    
-1.093447    -0.151385    52.497667    52.546156    -0.130467    -0.018063    6.263889    
-0.008248    0.008304     28.737528    28.804871    -0.000623    0.000628     2.171536    
-1.123688    -0.730847    7.989489     8.336888     -0.115963    -0.075422    0.824505    
-1.586109    1.328227     73.535680    73.591107    -0.089318    0.074796     4.140975    
0.549664     -0.139853    71.420657    71.450031    0.039820     -0.010132    5.174005    
-0.579952    1.121692     137.564320   137.584198   -0.028903    0.055901     6.855715    
-0.322343    -0.494592    75.696533    75.724426    -0.001777    -0.002726    0.417206    
-0.146995    -0.728748    20.380009    20.488348    -0.000314    -0.001558    0.043572    
1.860275     -0.424165    21.706382    21.878814    0.277253     -0.063217    3.235087    
1.768096     1.378568     26.720384    26.886437    0.305828     0.238451     4.621825    
-1.852870    -0.365804    53.728786    53.797995    -0.065905    -0.013011    1.911083    
-0.719833    -0.395272    96.318391    96.342004    -0.020320    -0.011158    2.719011    
0.255715     0.870748     47.433965    47.483467    0.003777     0.012861     0.700603    
-0.455433    -0.048972    46.564032    46.607873    -0.025075    -0.002696    2.563732    
1.124385     0.359900     10.552437    10.799196    0.018814     0.006022     0.176566    
-0.541757    0.895581     26.380140    26.474182    -0.040599    0.067115     1.976922    
2.356951     1.571219     33.305166    33.483324    0.150783     0.100517     2.130651    
-1.032640    -1.787504    42.584283    42.679709    -0.009969    -0.017257    0.411114    
-0.453696    1.658703     44.809151    44.885322    -0.003257    0.011909     0.321714    
1.207259     -1.830309    99.792010    99.835503    0.027731     -0.042043    2.292255    
-0.319293    -0.461645    15.301646    15.437953    -0.017514    -0.025322    0.839325    
-0.455460    -0.782541    12.267964    12.457837    -0.003671    -0.006308    0.098886    
1.388758     -1.045020    22.466750    22.619693    0.163916     -0.123345    2.651773    
0.329033     -0.844685    7.937313     8.227858     0.002463     -0.006324    0.059426    
1.618635     0.960004     47.440436    47.518539    0.195731     0.116087     5.736655    
-0.305531    -0.927197    116.198758   116.219531   -0.005860    -0.017783    2.228569    
-1.032920    2.172370     32.073665    32.223921    -0.001586    0.003335     0.049235    
-0.378929    1.088094     88.564530    88.593897    -0.001084    0.003113     0.253370    
-1.039172    -0.094704    34.119036    34.191701    -0.040737    -0.003713    1.337511    
-2.440850    -0.052329    40.030830    40.153490    -0.012177    -0.000261    0.199700    
0.517006     0.766924     38.547113    38.608424    0.000790     0.001171     0.058869    
0.330897     -0.114180    33.190283    33.250449    0.005346     -0.001845    0.536228    
0.308666     -1.093681    87.607936    87.637417    0.011357     -0.040239    3.223318    
-1.842549    0.534019     22.241375    22.410575    -0.186503    0.054054     2.251275    
-0.391334    0.856340     13.657775    13.830988    -0.048796    0.106778     1.703000    
-0.076638    2.710242     56.645766    56.744771    -0.000312    0.011029     0.230506    
1.037314     -0.826675    76.198978    76.235940    0.032749     -0.026099    2.405652    
0.402743     -0.249501    28.196004    28.268605    0.012292     -0.007615    0.860576    
-1.458073    -0.404941    16.321997    16.509770    -0.005931    -0.001647    0.066395    
-0.564511    1.528005     45.299040    45.371042    -0.060186    0.162910     4.829610    
1.185870     -0.751483    21.314169    21.450869    0.153299     -0.097146    2.755321    
-0.762023    0.166515     27.894921    27.975167    -0.076201    0.016651     2.789451    
0.488652     0.623175     95.471928    95.495503    0.030848     0.039340     6.027037    
0.353874     1.287202     19.340514    19.486215    0.010164     0.036972     0.555507    
0.027191     -1.132480    14.690793    14.865315    0.000430     -0.017926    0.232545    
1.625147     -0.471284    13.160665    13.414218    0.091971     -0.026671    0.744797    
-0.432577    1.254794     81.626582    81.661102    -0.013344    0.038708     2.518022    
1.399991     2.699755     47.642443    47.779975    0.083922     0.161835     2.855899    
0.745181     0.902326     10.001057    10.259901    0.024682     0.029887     0.331251    
-1.935264    1.336177     22.607249    22.814322    -0.109656    0.075710     1.280971    
-1.162490    -0.740628    28.323091    28.424855    -0.024316    -0.015492    0.592438    
-0.956471    -0.556494    11.717342    11.932962    -0.069773    -0.040596    0.854765    
0.065380     -0.376393    53.349534    53.387205    0.015249     -0.087788    12.443041   
-1.308681    1.872844     45.050761    45.151591    -0.182394    0.261022     6.278821    
0.127592     -0.821440    56.858633    56.898771    0.004081     -0.026272    1.818508    
0.414600     -0.978863    98.278635    98.304095    0.009647     -0.022777    2.286827    
-0.130815    0.400079     122.995048   123.011520   -0.000387    0.001184     0.363952    
-0.340844    -0.318009    81.968702    81.993660    -0.002404    -0.002243    0.578179    
-0.042194    -1.070470    21.712079    21.827438    -0.006734    -0.170853    3.465368    
-0.728584    0.499316     113.684307   113.704779   -0.020532    0.014071     3.203658    
-0.221721    0.217780     16.950046    17.066798    -0.002541    0.002496     0.194270    
-0.394438    0.548421     124.071324   124.088778   -0.009780    0.013598     3.076364    
0.627324     0.047839     14.336163    14.484349    0.028266     0.002156     0.645966    
-0.286056    -0.310663    12.035553    12.202780    -0.003700    -0.004018    0.155676    
-2.078378    1.209331     51.458530    51.552278    -0.371157    0.215963     9.189481    
2.342817     0.165255     161.163026   161.192159   0.007227     0.000510     0.497169    
-0.185157    0.241453     17.627997    17.740175    -0.008512    0.011100     0.810354    
-0.102725    0.332025     60.356852    60.389944    -0.007902    0.025540     4.642837    
-0.458166    1.075829     6.012117     6.433337     -0.027810    0.065300     0.364922    
-1.109097    -0.175441    96.818438    96.844957    -0.131938    -0.020871    11.517516   
0.122233     -0.307084    5.668067     6.009258     0.011720     -0.029443    0.543458    
1.888882     -1.262561    53.184803    53.269693    0.105141     -0.070278    2.960428    
1.319953     0.789087     32.970917    33.065409    0.019675     0.011762     0.491466    
-1.765598    0.600497     18.720610    18.915975    -0.476531    0.162073     5.052651    
0.299503     -1.445253    51.057608    51.116854    0.018968     -0.091530    3.233570    
-2.587480    -1.471878    86.607855    86.681354    -0.088569    -0.050382    2.964589    
1.322762     -1.722555    33.853014    33.979676    0.065743     -0.085614    1.682546    
-0.029764    0.500506     49.404568    49.446311    -0.003666    0.061655     6.085911    
0.801095     0.453042     66.540507    66.575979    0.023897     0.013515     1.984959    
1.005091     -0.429522    16.916435    17.065621    0.044075     -0.018836    0.741823    
0.958684     1.092839     56.847764    56.900409    0.059881     0.068260     3.550795    
-1.682977    -0.827931    61.412961    61.473121    -0.054903    -0.027009    2.003442    
-1.448369    0.236487     59.514867    59.565494    -0.095322    0.015564     3.916884    
-1.021254    1.360270     68.503230    68.552613    -0.004556    0.006069     0.305631    
-1.445137    1.057824     27.764243    27.891496    -0.150854    0.110423     2.898232    
-0.029685    -0.387865    76.113414    76.139858    -0.005272    -0.068878    13.516448   
0.430146     -1.832825    148.584647   148.609612   0.003873     -0.016504    1.337993    
-0.600328    -0.601987    42.435068    42.489207    -0.005718    -0.005734    0.404203    
0.107596     -0.262765    12.622681    12.778406    0.000933     -0.002277    0.109404    
2.033342     0.391313     17.058049    17.295652    0.006028     0.001160     0.050572    
-0.842906    -2.169270    21.403776    21.619732    -0.132559    -0.341147    3.366037    
0.613415     -0.314353    137.403899   137.419728   0.156903     -0.080407    35.146000   
-0.118764    0.336433     44.600035    44.644881    -0.002081    0.005896     0.781663    
-1.369057    1.396041     84.601897    84.647381    -0.032445    0.033085     2.004970    
-0.692024    -0.477812    7.589819     7.885906     -0.054265    -0.037468    0.595159    
-2.042995    -1.158675    63.256039    63.330228    -0.220532    -0.125074    6.828209    
-0.393979    0.009913     17.018138    17.136140    -0.010677    0.000269     0.461188    
-1.843750    0.069019     24.891655    25.037444    -0.027367    0.001024     0.369464    
1.282824     -0.324162    38.919307    38.991513    0.033679     -0.008510    1.021772    
0.056659     -0.085815    9.099198     9.310259     0.010881     -0.016480    1.747381    
-0.657510    -0.754187    32.643253    32.717855    -0.021161    -0.024273    1.050592    
0.758723     -0.170629    101.870907   101.892892   0.016359     -0.003679    2.196412    
-2.872134    0.654007     47.728909    47.860220    -0.593123    0.135059     9.856480    
1.005519     -1.825240    24.481547    24.648807    0.066507     -0.120725    1.619257    
-1.188833    -0.440973    24.900422    25.010272    -0.042557    -0.015786    0.891375    
0.103997     0.453767     68.498859    68.528719    0.002454     0.010706     1.616074    
0.800346     -0.738828    20.461850    20.585157    0.092789     -0.085656    2.372255    
-1.018406    1.000535     96.686558    96.717132    -0.246521    0.242195     23.404508   
0.426607     0.387245     79.097227    79.123816    0.022947     0.020830     4.254579    
-1.378355    -0.155616    14.856143    15.050050    -0.159698    -0.018030    1.721257    
0.831134     -0.044901    39.963942    40.021049    0.161494     -0.008725    7.765239    
0.707162     -1.452104    42.057251    42.134262    0.060894     -0.125041    3.621561    
-1.022398    0.268379     67.472680    67.509665    -0.166460    0.043696     10.985478   
0.438979     -1.601608    29.282699    29.395735    0.029136     -0.106302    1.943561    
0.104041     0.268888     40.522163    40.570972    0.008615     0.022265     3.355384    
0.755215     -1.412768    25.125755    25.253609    0.019864     -0.037159    0.660861    
1.210211     -0.143874    94.105421    94.133897    0.251507     -0.029900    19.557047   
-0.603821    -1.328518    8.183459     8.542454     -0.080541    -0.177206    1.091560    
-1.880137    -1.876264    78.853177    78.922454    -0.144259    -0.143962    6.050255    
0.337778     -0.123486    68.413774    68.443033    0.041664     -0.015232    8.438667    
-0.158871    -0.711569    66.920434    66.953350    -0.004795    -0.021476    2.019742    
-0.330175    0.197245     11.526508    11.699712    -0.036760    0.021960     1.283285    
0.306368     0.845416     33.875037    33.944096    0.080032     0.220847     8.849136    
-1.262900    0.623368     22.602675    22.731902    -0.066230    0.032691     1.185340    
-0.117907    1.888676     68.561377    68.615730    -0.011846    0.189753     6.888281    
0.287648     0.793010     44.086283    44.138271    0.045138     0.124439     6.918033    
-0.902096    0.290900     13.689060    13.862313    -0.095421    0.030770     1.447983    
1.173362     0.614816     111.833383   111.858550   0.044064     0.023089     4.199746    
-0.060977    0.034896     22.072370    22.160086    -0.000190    0.000109     0.068799    
0.165468     0.282634     92.746581    92.768047    0.002679     0.004575     1.501444    
2.215412     0.316941     54.436186    54.517720    0.001795     0.000257     0.044104    
-1.755180    -0.344616    147.213258   147.237284   -0.009115    -0.001790    0.764510    
1.238507     -1.401842    45.968087    46.048226    0.113751     -0.128753    4.221954    
-0.426875    0.856282     9.213162     9.469570     -0.000635    0.001273     0.013696    
2.522627     -0.149778    12.881368    13.273684    0.027192     -0.001614    0.138851    
0.003898     -1.477127    29.277010    29.380269    0.000450     -0.170620    3.381725    
0.123338     1.187821     16.173349    16.336411    0.010276     0.098965     1.347508    
-0.653964    0.855475     51.086281    51.135531    -0.000310    0.000405     0.024187    
-0.317128    -0.454147    21.465100    21.562289    -0.002200    -0.003150    0.148903    
1.818324     -1.576805    76.348884    76.412170    0.175426     -0.152125    7.365885    
-0.942515    -0.067695    128.740102   128.758618   -0.008065    -0.000579    1.101590    
-1.497283    -1.997825    26.300576    26.492044    -0.044536    -0.059424    0.782292    
-1.714302    -0.023294    60.111243    60.167897    -0.024277    -0.000330    0.851277    
-0.043676    -1.058296    27.129673    27.221609    -0.000693    -0.016789    0.430385    
-0.264116    -0.251391    83.984717    84.008575    -0.011770    -0.011203    3.742790    
-2.323498    1.068362     20.026137    20.284506    -0.110406    0.050765     0.951584    
1.218072     1.217996     42.807438    42.887281    0.063950     0.063946     2.247433    
-0.513707    -0.851770    12.418043    12.612381    -0.007912    -0.013119    0.191270    
0.806237     -0.823477    23.418121    23.528949    0.022069     -0.022541    0.641028    
0.251565     1.675892     23.009715    23.155860    0.023920     0.159352     2.187882    
1.354557     0.557166     113.866714   113.893146   0.126498     0.052032     10.633628   
0.818048     0.821831     17.240663    17.391378    0.062280     0.062568     1.312579    
0.732056     1.214318     36.063210    36.144716    0.083921     0.139207     4.134209    
-2.368813    1.363976     137.733853   137.775038   -0.062074    0.035742     3.609245    
1.222244     1.225766     59.651967    59.709535    0.006606     0.006625     0.322396    
-1.235746    -1.287808    27.724346    27.851388    -0.031719    -0.033055    0.711627    
0.703334     1.913744     77.601174    77.652908    0.001192     0.003244     0.131556    
1.409209     0.029718     68.477540    68.520327    0.035392     0.000746     1.719808    
1.353665     0.684796     12.746815    12.986824    0.071581     0.036212     0.674045    
-0.760292    -0.673496    114.092657   114.114158   -0.001608    -0.001424    0.241237    
-0.370084    0.121649     7.831422     8.084422     -0.029016    0.009538     0.614024    
0.732890     1.880235     19.500734    19.703451    0.027161     0.069681     0.722689    
-0.741532    0.885136     18.258636    18.400708    -0.014976    0.017876     0.368742    
0.410535     -1.171115    54.636910    54.686442    0.006535     -0.018642    0.869732    
-1.109231    -0.667053    58.366202    58.413730    -0.157166    -0.094514    8.269857    
-1.000192    1.246342     124.698943   124.724717   -0.026182    0.032626     3.264246    
-0.172024    -1.404824    78.376231    78.413721    -0.007950    -0.064920    3.621912    
-0.116274    0.061029     16.319575    16.438392    -0.006285    0.003299     0.882138    
-1.274829    0.280433     19.181893    19.326764    -0.184160    0.040511     2.770989    
1.544117     -1.867500    46.927217    47.030952    0.039426     -0.047682    1.198183    
-0.766766    1.096318     57.503234    57.552469    -0.146924    0.210071     11.018475   
1.644305     -0.064478    84.005150    84.044322    0.001561     -0.000061    0.079740    
0.813683     -0.103540    33.838314    33.905445    0.187582     -0.023869    7.800898    
-0.459362    -0.167268    41.131317    41.181296    -0.002561    -0.000933    0.229351    
-0.291330    0.247190     24.286367    24.369008    -0.021678    0.018394     1.807178    
-0.662386    1.838638     45.542123    45.626520    -0.002816    0.007817     0.193628    
-0.668584    1.052387     33.701167    33.781624    -0.115780    0.182244     5.836090    
-0.057796    0.708864     41.716345    41.768818    -0.008843    0.108459     6.382767    
0.014882     -0.701199    17.993625    18.114563    0.001431     -0.067406    1.729713    
-1.063777    -1.043385    27.243655    27.355291    -0.004959    -0.004864    0.127005    
-0.971657    1.402204     28.159180    28.279404    -0.018155    0.026200     0.526153    
-0.142374    0.616634     209.433326   209.443533   -0.008983    0.038906     13.213955   
1.427564     -0.328456    11.973388    12.222225    0.053103     -0.012218    0.445393    
-0.941972    -0.083322    69.228773    69.263209    -0.096740    -0.008557    7.109785    
-0.625825    0.602741     26.215234    26.303392    -0.002180    0.002100     0.091328    
0.104151     0.547947     32.572289    32.636484    0.004024     0.021172     1.258526    
-1.272119    -1.357462    22.690828    22.851906    -0.058191    -0.062095    1.037954    
-0.012492    -0.367941    40.601455    40.650814    -0.000006    -0.000184    0.020335    
0.013760     0.252056     26.114373    26.189676    0.002090     0.038281     3.966091    
0.961745     -0.155217    11.462312    11.670844    0.203231     -0.032800    2.422154    
-0.603214    1.512656     122.183052   122.209758   -0.008319    0.020862     1.685094    
1.289917     0.362891     7.593324     7.957958     0.000917     0.000258     0.005399    
0.095883     -0.563489    33.260679    33.323782    0.001454     -0.008544    0.504350    
-0.324271    0.209158     23.836512    23.920768    -0.132878    0.085708     9.767617    
0.416687     0.433359     19.288632    19.398137    0.088871     0.092426     4.113868    
-0.410182    1.939093     78.668880    78.718460    -0.022994    0.108702     4.410034    
0.566524     -0.064483    16.340457    16.468473    0.029903     -0.003404    0.862517    
-2.270071    1.371991     38.978182    39.117889    -0.185738    0.112257     3.189202    
-0.218878    -0.310190    19.438020    19.541128    -0.001294    -0.001834    0.114913    
0.317139     0.270537     44.567782    44.613181    0.008922     0.007611     1.253779    
-1.224396    -0.524229    48.563659    48.621784    -0.181218    -0.077589    7.187733    
0.096129     0.182128     80.921415    80.945616    0.015617     0.029588     13.146406   
0.166512     0.263006     21.288570    21.381653    0.034083     0.053833     4.357441    
2.575034     -0.121881    52.085726    52.186622    0.058095     -0.002750    1.175105    
-0.007171    -0.144814    9.114978     9.326243     -0.000120    -0.002430    0.152943    
-1.476198    -0.422938    123.022261   123.047591   -0.303603    -0.086984    25.301477   
0.119879     0.959856     34.867762    34.936678    0.002607     0.020878     0.758397    
0.036127     0.105762     50.376050    50.414619    0.001629     0.004770     2.272014    
-2.281755    -0.509286    50.372256    50.464888    -0.267062    -0.059608    5.895694    
-1.965503    -2.029481    88.849089    88.915789    -0.162909    -0.168212    7.364183    
-1.003543    -0.449158    159.917050   159.932944   -0.044315    -0.019834    7.061680    
-0.854309    -0.938710    54.037479    54.088216    -0.149233    -0.163976    9.439396    
0.104670     1.905484     79.619494    79.666685    0.014854     0.270415     11.299106   
-0.711301    -0.588803    6.849096     7.185938     -0.098193    -0.081282    0.945494    
0.227313     -1.893895    55.023164    55.091397    0.015050     -0.125393    3.643022    
-1.691841    -0.473160    28.715824    28.836777    -0.011588    -0.003241    0.196680    
0.747768     -0.195240    18.097398    18.220539    0.020128     -0.005255    0.487135    
1.056876     0.371860     34.001429    34.076787    0.015330     0.005394     0.493191    
-0.960159    1.474691     122.176149   122.204677   -0.165865    0.254749     21.105629   
-0.669578    1.526545     61.830136    61.883919    -0.004066    0.009270     0.375480    
-0.761629    0.255142     42.708437    42.761323    -0.079293    0.026563     4.446343    
-1.294576    1.006205     101.720822   101.753078   -0.210061    0.163269     16.505457   
-0.224229    2.214446     35.596408    35.720208    -0.002058    0.020328     0.326762    
0.138175     -0.553762    41.844982    41.895146    0.012401     -0.049698    3.755441    
-0.662011    -1.324208    22.160138    22.296602    -0.058096    -0.116208    1.944692    
-0.510193    0.148777     33.501342    33.563332    -0.020355    0.005936     1.336602    
0.183138     -2.073111    20.601414    20.799628    0.014861     -0.168230    1.671772    
0.379394     -2.202709    40.031031    40.141677    0.006732     -0.039087    0.710354    
-0.271329    -1.035210    6.566508     6.938247     -0.064819    -0.247307    1.568707    
0.113514     -3.795946    37.634816    37.877123    0.001132     -0.037870    0.375463    
-0.424907    -0.155465    5.669442     6.018492     -0.047252    -0.017288    0.630469    
-0.229818    1.002280     50.151342    50.200493    -0.018628    0.081240     4.065041    
-0.633635    1.132066     55.038746    55.089215    -0.081197    0.145069     7.052971    
-0.499435    0.275889     29.776495    29.846946    -0.255348    0.141055     15.223938   
0.153450     -0.043080    78.740415    78.765178    0.000216     -0.000061    0.110934    
0.086787     1.147754     53.277506    53.326283    0.006337     0.083810     3.890391    
-1.899593    -1.734656    50.776703    50.879918    -0.191553    -0.174921    5.120281    
-0.380715    -0.459567    67.232534    67.263993    -0.004254    -0.005135    0.751227    
-0.927356    -1.035549    18.152649    18.311908    -0.004159    -0.004644    0.081405    
-0.342908    -0.750452    25.510639    25.599774    -0.013507    -0.029559    1.004824    
-1.324839    1.898589     23.143884    23.342540    -0.110638    0.158553     1.932764    
0.079765     0.683225     60.230376    60.266461    0.010011     0.085751     7.559418    
1.120819     -0.289760    26.822185    26.919226    0.077561     -0.020051    1.856094    
0.602393     0.585592     29.510263    29.587774    0.036797     0.035771     1.802631    
-1.380541    -0.328402    81.647457    81.683511    -0.193303    -0.045983    11.432244   
0.636617     -0.924226    71.259461    71.295478    0.039120     -0.056793    4.378879    
1.829001     -0.033306    21.979149    22.142816    0.097120     -0.001769    1.167097    
-0.015491    -1.966322    48.604106    48.683680    -0.000566    -0.071781    1.774303    
-0.735891    0.894639     18.361393    18.502908    -0.090745    0.110321     2.264207    
0.511066     0.109812     7.016174     7.305813     0.009615     0.002066     0.132006    
-0.095245    0.137382     9.367094     9.573158     -0.001361    0.001964     0.133894    
0.219646     0.645538     39.168864    39.224225    0.011525     0.033871     2.055187    
-1.386261    -1.200850    152.643265   152.666975   -0.098448    -0.085281    10.840258   
0.833738     0.869962     66.175749    66.215985    0.056418     0.058869     4.478002    
-0.299476    -0.268544    21.516370    21.609973    -0.013365    -0.011984    0.960198    
-0.759320    1.057021     32.669593    32.754711    -0.079616    0.110831     3.425476    
1.330308     0.325939     39.185423    39.258735    0.030945     0.007582     0.911520    
-0.604592    -0.255686    6.738343     7.050611     -0.022361    -0.009456    0.249215    
-1.693109    -0.551910    94.417305    94.454611    -0.125395    -0.040876    6.992750    
0.712643     1.872262     47.019629    47.103436    0.026342     0.069207     1.738054    
0.813975     1.243389     75.692792    75.732967    0.201456     0.307734     18.733706   
-0.147587    0.044864     46.807445    46.849073    -0.007656    0.002327     2.428204    
0.638308     0.772065     9.876508     10.120469    0.055697     0.067368     0.861799    
-0.602534    -1.221897    107.495869   107.522523   -0.078305    -0.158797    13.970115   
-0.936334    0.920193     15.055600    15.240391    -0.110933    0.109021     1.783729    
0.429825     -1.512861    15.677435    15.878616    0.042870     -0.150891    1.563650    
-1.035025    0.825750     6.171186     6.611477     -0.084132    0.067121     0.501626    
0.338116     1.156902     29.616997    29.706804    0.014041     0.048043     1.229923    
0.991438     1.052286     54.988733    55.042947    0.031509     0.033443     1.747600    
0.007768     -0.505852    29.783777    29.853044    0.000317     -0.020665    1.216707    
-0.441275    2.479494     87.233489    87.292034    -0.005208    0.029266     1.029626    
0.482102     -0.760535    91.760992    91.786521    0.018231     -0.028760    3.469950    
-2.384028    -0.595901    78.471454    78.534596    -0.461666    -0.115396    15.195956   
1.818354     -0.245294    173.677100   173.697947   0.057615     -0.007772    5.502957    
1.190871     -2.222370    77.073833    77.140183    0.097210     -0.181411    6.291502    
0.194161     -1.363891    19.648497    19.794855    0.012114     -0.085093    1.225862    
0.289004     0.961891     55.889328    55.933001    0.041132     0.136900     7.954373    
1.439131     0.854649     26.390175    26.516369    0.315946     0.187629     5.793691    
-0.224163    1.404200     46.651516    46.714675    -0.063299    0.396518     13.173465   
-0.915013    1.231631     30.573424    30.675126    -0.099510    0.133943     3.324936    
-1.144289    0.800068     26.279774    26.390358    -0.011515    0.008051     0.264463    
0.504851     -0.091388    12.862542    13.022410    0.075252     -0.013622    1.917271    
-0.787701    -1.842090    138.086479   138.115040   -0.030678    -0.071743    5.378024    
1.727511     1.812173     59.876617    59.961259    0.012704     0.013326     0.440314    
0.844330     0.391504     22.062851    22.170037    0.076065     0.035270     1.987614    
-0.638750    0.287188     12.195905    12.373582    -0.033540    0.015080     0.640384    
1.537347     0.618065     98.654579    98.688127    0.144589     0.058130     9.278580    
-1.537143    -1.019242    113.166003   113.198149   -0.489540    -0.324602    36.040391   
0.500660     -0.574163    47.503992    47.550862    0.020662     -0.023695    1.960424    
-0.210836    2.018569     50.778232    50.856886    -0.005377    0.051482     1.295055    
-0.794079    -1.186515    12.549174    12.782609    -0.044798    -0.066938    0.707969    
0.554778     -0.149560    13.914818    14.065108    0.007758     -0.002091    0.194573    
0.375160     1.036054     11.770970    11.985193    0.057768     0.159533     1.812510    
1.050528     -1.417641    18.807519    18.992395    0.117012     -0.157902    2.094855    
1.226268     0.138879     34.300381    34.378978    0.225193     0.025504     6.298944    
0.648754     -0.402638    63.905805    63.940674    0.065570     -0.040695    6.458988    
-0.687174    0.539756     73.593431    73.624939    -0.058631    0.046053     6.279164    
0.496650     -2.174024    53.756271    53.838505    0.031099     -0.136133    3.366117    
1.480049     -1.375027    80.775119    80.824353    0.076669     -0.071229    4.184294    
0.371838     -0.624800    16.148699    16.284474    0.007124     -0.011970    0.309373    
-0.804876    1.148773     10.316689    10.596062    -0.008073    0.011523     0.103481    
-0.341551    -1.598176    50.472712    50.537515    -0.007756    -0.036292    1.146149    
0.929369     -0.075282    14.922689    15.080815    0.006685     -0.000541    0.107333    
-0.285792    -0.676790    45.571602    45.620013    -0.005341    -0.012648    0.851645    
0.650276     -0.595304    41.007141    41.063826    0.033959     -0.031088    2.141468    
-0.398236    -0.713204    17.124225    17.256340    -0.026189    -0.046901    1.126116    
-0.626020    0.310139     15.023446    15.167959    -0.228268    0.113087     5.478064    
-0.996071    -0.643179    10.853665    11.094271    -0.070316    -0.045404    0.766200    
-2.216172    0.458172     106.159294   106.201657   -0.491225    0.101556     23.530697   
0.637527     1.254120     101.830178   101.858919   0.060404     0.118825     9.648187    
1.653614     -0.732231    23.826983    23.976461    0.126746     -0.056124    1.826291    
-0.175615    -1.157048    163.889155   163.905154   -0.000219    -0.001442    0.204305    
-1.275510    -0.459337    25.360269    25.472654    -0.073130    -0.026336    1.454003    
-1.767323    -0.921660    35.245472    35.356628    -0.257624    -0.134351    5.137766    
0.324079     1.695713     39.394862    39.481775    0.004322     0.022613     0.525340    
0.119497     -0.044480    22.542052    22.628197    0.008263     -0.003076    1.558797    
0.756081     1.270852     26.852061    26.964697    0.002328     0.003913     0.082688    
0.998134     0.724993     30.973308    31.060306    0.003729     0.002708     0.115703    
0.282779     0.355783     71.575502    71.604008    0.030872     0.038842     7.814157    
-0.316892    -0.455244    18.772296    18.883372    -0.036141    -0.051920    2.140970    
0.597768     -0.609187    50.456001    50.501598    0.016495     -0.016810    1.392305    
1.050639     -0.889376    37.622606    37.699208    0.266991     -0.226010    9.560745    
-1.514976    1.366961     19.155890    19.364576    -0.012721    0.011478     0.160846    
-0.422220    1.035546     47.871291    47.924796    -0.046893    0.115012     5.316775    
-0.068293    0.998898     147.190096   147.206663   -0.031058    0.454271     66.937991   
-0.534368    -0.268185    19.769204    19.875962    -0.001887    -0.000947    0.069825    
0.873962     0.630831     28.768906    28.856310    0.035445     0.025585     1.166775    
2.459084     -0.405610    67.642472    67.716989    0.463682     -0.076481    12.754593   
-1.131100    -0.765609    32.215283    32.304256    -0.067031    -0.045371    1.909127    
-0.250896    0.058064     9.716356     9.917099     -0.000799    0.000185     0.030960    
0.278640     -1.112868    41.087691    41.150813    0.006297     -0.025151    0.928585    
-0.435245    1.697992     48.494350    48.565930    -0.117875    0.459856     13.133418   
0.577692     -0.336091    69.164310    69.195545    0.004665     -0.002714    0.558567    
-0.175139    -1.100722    34.508278    34.582343    -0.007404    -0.046532    1.458808    
0.152904     1.939732     39.919266    40.015106    0.001767     0.022420     0.461401    
-0.010016    -0.145644    21.161224    21.253086    -0.000428    -0.006217    0.903360    
0.206979     1.869538     50.877506    50.950305    0.006629     0.059876     1.629472    
0.312237     2.040281     67.535002    67.595205    0.007218     0.047165     1.561186    
-0.984132    -0.846727    13.722969    13.924090    -0.109178    -0.093934    1.522401    
-0.934694    -0.889835    69.482799    69.522656    -0.084945    -0.080869    6.314634    
-0.603019    0.709978     16.850678    16.990821    -0.008253    0.009717     0.230629    
-1.619225    3.181460     53.371961    53.527420    -0.109592    0.215328     3.612324    
-0.264727    0.303633     20.319136    20.418240    -0.014227    0.016318     1.092029    
0.363185     0.178647     80.985507    81.010438    0.006350     0.003123     1.415884    
1.789222     0.409407     61.853634    61.912163    0.027323     0.006252     0.944573    
2.741540     0.621521     36.609790    36.770287    0.109716     0.024873     1.465116    
1.544488     1.294880     65.319399    65.380127    0.320457     0.268667     13.552737   
0.830819     -0.475454    68.555387    68.590322    0.011000     -0.006295    0.907651    
-1.149386    -0.608954    31.650046    31.737868    -0.056934    -0.030164    1.567756    
-0.416152    0.451350     29.208271    29.280965    -0.027662    0.030002     1.941534    
-0.055225    -1.438837    54.373608    54.428279    -0.005601    -0.145927    5.514562    
-0.497116    0.595523     90.025061    90.049921    -0.010078    0.012073     1.825135    
0.899937     -0.552122    22.140758    22.253154    0.088451     -0.054266    2.176125    
0.433803     -0.191421    35.452909    35.510682    0.031317     -0.013819    2.559382    
0.937873     2.554812     43.044329    43.175177    0.004285     0.011674     0.196682    
-0.355605    0.413294     15.671756    15.804309    -0.001113    0.001294     0.049063    
-0.549372    -1.425778    52.961287    53.019878    -0.006362    -0.016511    0.613292    
-1.370030    -0.003598    103.528636   103.556412   -0.101554    -0.000267    7.674095    
-1.427733    -0.392413    85.034064    85.069733    -0.075869    -0.020853    4.518658    
-0.378225    1.185892     45.890689    45.949752    -0.016568    0.051947     2.010203    
-1.448954    0.532202     95.921113    95.953726    -0.109003    0.040037     7.216022    
-1.158045    -0.698284    39.630706    39.702601    -0.125947    -0.075944    4.310183    
0.808043     1.429610     12.196884    12.463373    0.056592     0.100125     0.854224    
-1.187931    -0.468016    27.792819    27.891682    -0.128138    -0.050483    2.997924    
-2.003362    0.017774     66.344939    66.404365    -1.344261    0.011926     44.517613   
-0.702238    1.835991     26.443105    26.589035    -0.041301    0.107980     1.555203    
-0.595045    1.781062     52.253710    52.324482    -0.009851    0.029487     0.865105    
1.250885     -0.563808    42.060077    42.128466    0.088845     -0.040045    2.987354    
1.453096     0.575654     25.844682    25.966621    0.056191     0.022261     0.999419    
1.367097     1.669497     52.158309    52.240026    0.106259     0.129763     4.054052    
1.698707     0.346701     28.549240    28.669493    0.019745     0.004030     0.331835    
0.823244     0.740520     64.358114    64.397732    0.050197     0.045153     3.924228    
1.655674     0.589741     73.495145    73.542507    0.101765     0.036248     4.517332    
-1.883966    -1.612928    15.125157    15.453032    -0.233084    -0.199551    1.871279    
0.565180     0.982977     27.334064    27.428301    0.101289     0.176164     4.898668    
-0.977358    0.455678     125.740372   125.760403   -0.023895    0.011141     3.074235    
0.829109     -1.346643    16.241492    16.436602    0.031043     -0.050421    0.608109    
-1.516928    -0.008372    19.570610    19.727769    -0.141380    -0.000780    1.824015    
-0.852086    -1.806290    40.566628    40.663436    -0.077391    -0.164056    3.684467    
-0.264522    0.003497     42.565477    42.611792    -0.030622    0.000405     4.927575    
1.340212     1.091695     42.502989    42.583647    0.184363     0.150177     5.846830    
-0.532770    1.616244     32.638355    32.741919    -0.010003    0.030346     0.612812    
1.583614     0.713637     51.975254    52.041513    0.069227     0.031196     2.272078    
-0.090625    -0.458203    25.909335    25.988204    -0.001880    -0.009505    0.537458    
-0.870337    -0.077343    54.760431    54.802766    -0.013000    -0.001155    0.817945    
0.227267     -0.193854    72.169769    72.197228    0.003194     -0.002724    1.014231    
-0.655854    0.238086     12.604665    12.776516    -0.002172    0.000788     0.041740    
-0.625150    1.144184     71.699852    71.738719    -0.017198    0.031476     1.972449    
-0.640822    1.019034     16.412116    16.573521    -0.023811    0.037864     0.609817    
0.255146     -0.550081    38.600891    38.655807    0.007777     -0.016766    1.176531    
0.326581     0.009961     32.369151    32.430597    0.025918     0.000790     2.568890    
2.434408     0.507583     69.417593    69.490008    0.009651     0.002012     0.275201    
-0.466189    1.154559     27.409782    27.508570    -0.050520    0.125118     2.970356    
1.426063     -1.347157    41.008858    41.102918    0.058548     -0.055309    1.683651    
0.579112     0.057299     12.559671    12.726309    0.030525     0.003020     0.662019    
2.218966     2.033669     14.647277    15.082351    0.101280     0.092822     0.668541    
-1.494429    -0.090888    12.833460    13.069591    -0.028004    -0.001703    0.240489    
0.137258     1.160529     15.414431    15.583495    0.001385     0.011708     0.155515    
-1.076674    -0.088807    48.258131    48.310344    -0.023569    -0.001944    1.056408    
0.218699     -0.493447    48.401505    48.444525    0.044317     -0.099992    9.808045    
0.205424     -0.021285    26.075497    26.150510    0.009032     -0.000936    1.146426    
2.150309     -0.276499    41.166821    41.270842    0.024254     -0.003119    0.464331    
0.017166     0.573645     55.170442    55.208532    0.001422     0.047506     4.568936    
0.103457     -0.930457    23.040179    23.143060    0.004863     -0.043738    1.083045    
-1.120910    -0.063387    78.703871    78.736489    -0.061117    -0.003456    4.291283    
-1.788947    1.872843     55.158470    55.254318    -0.222443    0.232875     6.858571    
-1.891520    0.777402     87.967139    88.012924    -0.398014    0.163581     18.510049   
0.586642     1.280187     65.660152    65.704745    0.037542     0.081926     4.201925    
-2.257130    0.365160     17.959329    18.210997    -0.291102    0.047095     2.316211    
1.058081     0.597599     15.026029    15.203064    0.031117     0.017575     0.441896    
-1.284742    0.836814     19.284777    19.445524    -0.130704    0.085134     1.961944    
1.096944     0.509158     30.136926    30.225350    0.024165     0.011217     0.663910    
-0.262635    1.234183     12.938122    13.147704    -0.012060    0.056671     0.594085    
-0.120281    -1.035469    51.388514    51.436767    -0.001780    -0.015324    0.760511    
0.472402     -0.478365    68.443421    68.475023    0.015701     -0.015899    2.274858    
-0.056360    -0.150585    8.969702     9.184571     -0.005947    -0.015888    0.946401    
0.069036     -0.833683    17.083001    17.216378    0.001569     -0.018949    0.388287    
0.179058     0.134032     13.862486    14.003339    0.003395     0.002542     0.262860    
0.005586     -0.183004    14.701147    14.833482    0.001158     -0.037933    3.047248    
-0.689272    -0.604571    17.249765    17.385912    -0.105927    -0.092910    2.650925    
0.251800     -1.048414    14.595856    14.767415    0.012624     -0.052563    0.731771    
0.346838     1.087132     61.771470    61.813361    0.048605     0.152347     8.656473    
-0.338185    -0.371217    11.481997    11.660334    -0.053033    -0.058213    1.800559    
0.378289     0.978497     52.638951    52.686190    0.015270     0.039497     2.124786    
0.619335     1.051567     82.959055    82.991380    0.045605     0.077432     6.108688    
-0.925994    0.014483     14.100613    14.267442    -0.011749    0.000184     0.178905    
0.431565     -0.764882    15.288204    15.439411    0.040300     -0.071425    1.427626    
-0.591937    -1.612498    34.802219    34.900142    -0.060597    -0.165072    3.562720    
-0.879022    0.523468     47.192593    47.244709    -0.131073    0.078056     7.037015    
-2.012623    2.277359     58.503886    58.615839    -0.025372    0.028710     0.737534    
-0.305916    1.983686     88.353214    88.397929    -0.034315    0.222516     9.910830    
-2.185496    1.203096     29.323534    29.495227    -0.057715    0.031772     0.774381    
0.671244     -0.488064    48.652640    48.699519    0.049150     -0.035737    3.562439    
0.007975     -1.922956    28.123915    28.258227    0.000685     -0.165143    2.415277    
-1.144000    -1.924644    113.587110   113.626227   -0.091550    -0.154023    9.089991    
-0.674567    -0.446439    48.391116    48.437893    -0.012957    -0.008575    0.929526    
-0.688539    -0.490604    38.413748    38.473442    -0.068487    -0.048799    3.820924    
-2.259107    1.061980     32.595233    32.749894    -0.388390    0.182578     5.603834    
-0.520154    -0.441283    15.113695    15.256606    -0.040350    -0.034232    1.172419    
0.388071     -1.084405    50.010604    50.062581    0.019149     -0.053510    2.467769    
0.006287     0.483305     66.261697    66.292692    0.000293     0.022501     3.084970    
0.990530     -0.649824    16.164721    16.327173    0.064367     -0.042227    1.050428    
-0.273125    0.374862     18.593426    18.703090    -0.032649    0.044810     2.222622    
-0.415068    0.190230     17.120742    17.239584    -0.044080    0.020202     1.818195    
0.426347     1.919496     23.490493    23.654692    0.080412     0.362028     4.430442    
-0.383378    1.224475     17.909625    18.063110    -0.014466    0.046205     0.675805    
1.627188     0.075438     75.075039    75.118506    0.006233     0.000289     0.287599    
-0.116951    -1.484376    26.779583    26.893086    -0.000249    -0.003164    0.057076    
-0.187099    2.162583     78.354608    78.409383    -0.001619    0.018717     0.678146    
-0.546891    1.501485     26.179138    26.301630    -0.080645    0.221410     3.860387    
-0.203245    -0.247176    81.019234    81.043776    -0.003600    -0.004378    1.435145    
1.804274     0.788732     53.166120    53.238978    0.144137     0.063009     4.247261    
1.154356     1.388169     92.923695    92.962076    0.074177     0.089201     5.971114    
0.025754     0.785887     27.494647    27.576237    0.000065     0.001984     0.069425    
-0.061418    0.093483     59.697555    59.730105    -0.026725    0.040677     25.975902   
-0.848080    -1.561275    19.352277    19.533110    -0.007496    -0.013800    0.171051    
0.161654     0.991106     7.185183     7.517328     0.011612     0.071192     0.516117    
1.329026     -1.365674    17.868849    18.077668    0.268351     -0.275751    3.607995    
-0.894626    0.376766     95.736313    95.761469    -0.037222    0.015676     3.983193    
-1.865983    -2.782799    63.950566    64.068524    -0.206628    -0.308151    7.081512    
-1.216762    -1.224574    22.612142    22.763216    -0.050656    -0.050981    0.941388    
-1.716329    -1.690622    47.014755    47.117578    -0.134212    -0.132201    3.676409    
0.244026     0.068875     15.557546    15.683638    0.006506     0.001836     0.414782    
0.551860     2.084949     20.206139    20.416037    0.047047     0.177747     1.722624    
1.297136     -0.459035    8.027957     8.379518     0.059037     -0.020892    0.365377    
-0.443823    0.661960     11.779936    11.969838    -0.020626    0.030764     0.547455    
2.353772     1.449394     24.693917    24.926000    0.563410     0.346934     5.910858    
-2.187289    -0.260641    33.268568    33.399472    -0.064078    -0.007636    0.974622    
-0.473495    -0.020936    4.829064     5.236358     -0.004327    -0.000191    0.044127    
-0.378567    -1.669843    118.850558   118.879189   -0.027253    -0.120210    8.555902    
-0.406308    0.347216     95.024027    95.045916    -0.008026    0.006859     1.877055    
0.924672     -0.020164    73.280336    73.312605    0.044175     -0.000963    3.500862    
1.327600     0.719440     50.338960    50.400059    0.055191     0.029908     2.092688    
-0.432132    0.781907     14.782448    14.939673    -0.013392    0.024233     0.458131    
0.468095     0.566354     86.510172    86.535684    0.021888     0.026483     4.045284    
1.672777     -0.017938    52.779447    52.842630    0.056233     -0.000603    1.774252    
-1.592071    -0.548332    13.014469    13.269767    -0.007741    -0.002666    0.063282    
-0.169756    1.269790     73.366402    73.403986    -0.004254    0.031817     1.838335    
0.021297     0.912889     49.107368    49.155288    0.001639     0.070272     3.780153    
-0.689913    -1.238053    52.907820    52.963394    -0.003791    -0.006804    0.290758    
2.208762     -1.274284    30.768032    30.936211    0.281419     -0.162357    3.920157    
1.085142     -0.753135    7.519089     7.883933     0.050387     -0.034971    0.349138    
-2.183426    1.435632     185.398853   185.427717   -0.001546    0.001016     0.131259    
-0.332636    -1.722977    56.322912    56.384614    -0.008329    -0.043141    1.410244    
-1.516782    0.906752     83.256440    83.298455    -0.348470    0.208320     19.127583   
0.451729     -0.804395    38.747841    38.808778    0.012548     -0.022344    1.076307    
0.834812     -1.044389    11.858159    12.094567    0.094453     -0.118165    1.341670    
-0.464523    -0.139677    44.836410    44.882223    -0.013903    -0.004180    1.341924    
-1.141160    -0.429432    24.361751    24.471545    -0.019256    -0.007246    0.411090    
1.683367     -0.679773    76.156389    76.203453    0.000310     -0.000125    0.014042    
-0.872759    -1.150443    20.674351    20.817996    -0.092216    -0.121556    2.184450    
1.203671     0.036497     40.936209    41.001199    0.188640     0.005720     6.415534    
-0.151059    2.896550     68.142313    68.232416    -0.004500    0.086287     2.029919    
-1.386059    1.228895     23.436688    23.592046    -0.078660    0.069741     1.330046    
0.916334     -0.088058    88.588916    88.615565    0.015050     -0.001446    1.454989    
-0.390968    -0.067774    50.644786    50.684581    -0.017614    -0.003053    2.281620    
-0.419005    -0.285672    7.760765     8.022568     -0.029180    -0.019894    0.540460    
-0.536657    1.020654     14.132790    14.315741    -0.064872    0.123379     1.708399    
-1.265118    -1.660436    37.438305    37.548092    -0.304848    -0.400106    9.021287    
-0.866195    -0.050748    46.204750    46.254803    -0.032152    -0.001884    1.715065    
1.367981     0.041736     47.935548    47.995467    0.035044     0.001069     1.227993    
-3.034907    0.013180     65.289529    65.389666    -0.168172    0.000730     3.617870    
0.931061     0.426555     10.860179    11.084550    0.004088     0.001873     0.047684    
-1.324952    -0.353617    37.385547    37.462443    -0.177999    -0.047506    5.022518    
-0.848615    0.541111     24.365915    24.466012    -0.091544    0.058372     2.628450    
-1.558065    -0.928670    12.250255    12.539286    -0.041735    -0.024876    0.328140    
-0.307112    0.878108     37.043962    37.107889    -0.009534    0.027259     1.149950    
0.387262     -0.703524    28.021046    28.101582    0.037085     -0.067370    2.683332    
1.087757     -0.438211    17.563606    17.712438    0.088253     -0.035553    1.424984    
-3.117733    1.177567     102.102884   102.176224   -0.071431    0.026980     2.339306    
0.934004     0.019921     20.366571    20.482796    0.028502     0.000608     0.621495    
2.132969     0.308960     30.947897    31.085242    0.049350     0.007148     0.716028    
-1.044083    -1.796585    48.050983    48.136158    -0.505107    -0.869153    23.246128   
-0.053051    1.119226     14.385540    14.562768    -0.000112    0.002353     0.030238    
2.075951     -1.306181    207.295051   207.318906   0.111527     -0.070173    11.136607   
0.643983     -0.518940    28.501899    28.581764    0.086167     -0.069436    3.813631    
-0.319030    -0.257764    12.710152    12.868222    -0.041626    -0.033632    1.658378    
0.764460     -0.704307    39.438378    39.501152    0.013596     -0.012526    0.701426    
-1.272447    -1.217135    21.989038    22.147083    -0.041766    -0.039950    0.721752    
0.635700     0.462796     50.223955    50.268667    0.071613     0.052135     5.657804    
-1.729279    -0.364148    23.534572    23.682779    -0.024675    -0.005196    0.335813    
2.142237     0.869778     30.592244    30.742577    0.156589     0.063577     2.236171    
-0.182991    0.973606     36.595402    36.661694    -0.033379    0.177591     6.675198    
2.049872     2.232543     74.664379    74.751794    0.077918     0.084862     2.838090    
0.054999     -0.818735    53.082984    53.125808    0.009540     -0.142011    9.207356    
-1.415600    -1.106901    23.731334    23.880542    -0.101830    -0.079624    1.707087    
-0.179985    -0.016505    33.871802    33.929435    -0.038161    -0.003500    7.181692    
-0.297204    -0.856722    102.564411   102.587308   -0.030054    -0.086635    10.371684   
0.633851     0.752488     40.956664    41.015745    0.007993     0.009489     0.516447    
0.196907     -2.281486    16.670010    16.941315    0.008773     -0.101648    0.742705    
0.670738     -0.300290    20.164227    20.273408    0.084190     -0.037692    2.530992    
-0.368515    0.823051     103.895248   103.917808   -0.027714    0.061896     7.813303    
1.134725     1.642414     40.184021    40.281703    0.020555     0.029751     0.727905    
1.132097     1.319885     33.633961    33.736361    0.015973     0.018622     0.474544    
-1.021770    0.454469     58.692839    58.736487    -0.018952    0.008429     1.088633    
-2.634562    1.017964     74.693943    74.773239    -0.209884    0.081097     5.950548    
0.701898     -0.886505    19.397564    19.529951    0.024479     -0.030917    0.676504    
-0.814025    0.800734     111.346806   111.370059   -0.004315    0.004244     0.590176    
-1.091665    0.964688     18.982438    19.139756    -0.001907    0.001685     0.033152    
0.617067     0.275856     63.465739    63.499857    0.000132     0.000059     0.013531    
1.560564     0.927408     18.445336    18.638691    0.082912     0.049273     0.979993    
-0.095720    -0.277978    44.160893    44.205722    -0.020949    -0.060839    9.665128    
-0.301847    -1.229010    29.478282    29.571027    -0.056639    -0.230613    5.531350    
-0.706817    0.515974     57.758514    57.798674    -0.049818    0.036367     4.070978    
2.174073     0.073691     141.352196   141.382638   0.018077     0.000613     1.175330    
0.670271     0.153590     37.168363    37.226805    0.027133     0.006218     1.504623    
0.172426     -0.004124    53.291385    53.328008    0.005223     -0.000125    1.614390    
1.299688     -0.543515    65.299182    65.344033    0.271990     -0.113743    13.665372   
1.007610     0.756051     69.788111    69.827231    0.012092     0.009073     0.837517    
1.010656     -1.905035    74.811895    74.868853    0.113466     -0.213878    8.399104    
-1.432464    0.093267     51.328604    51.386391    -0.209656    0.013651     7.512473    
0.756714     0.444673     44.884310    44.936028    0.006766     0.003976     0.401315    
-0.281599    -1.117124    83.743811    83.774866    -0.000410    -0.001625    0.121782    
0.631039     -0.622563    16.243831    16.386665    0.101053     -0.099696    2.601251    
-0.059665    0.196085     34.216373    34.273563    -0.000915    0.003008     0.524808    
1.051808     -0.826669    45.959605    46.021190    0.001089     -0.000856    0.047586    
-1.713568    0.346543     26.122512    26.254847    -0.103993    0.021031     1.585321    
-0.825526    0.386742     105.543348   105.565639   -0.036053    0.016890     4.609359    
-0.647329    -0.082969    15.608247    15.745420    -0.015419    -0.001976    0.371772    
-1.388634    -0.983675    29.884763    29.997832    -0.031994    -0.022663    0.688532    
1.189409     0.567605     52.169706    52.223463    0.088277     0.042127     3.871988    
0.822875     -0.182343    59.837446    59.875749    0.077534     -0.017181    5.638080    
0.084938     -0.567346    80.044558    80.070814    0.002364     -0.015789    2.227614    
-0.981814    -1.612551    57.733494    57.797885    -0.030192    -0.049589    1.775405    
0.230446     -0.942352    39.813900    39.874337    0.016211     -0.066289    2.800674    
-0.124915    0.474159     68.852720    68.882599    -0.001198    0.004546     0.660176    
0.521553     1.186941     70.867208    70.906396    0.004643     0.010567     0.630911    
-0.232776    -0.378245    90.474944    90.497446    -0.037794    -0.061412    14.689606   
0.347382     0.057440     36.503696    36.558429    0.011577     0.001914     1.216539    
-1.175552    -1.533920    37.794671    37.895210    -0.216387    -0.282353    6.956983    
0.670913     -0.934771    23.407455    23.518245    0.013687     -0.019070    0.477531    
-0.449543    -0.126030    72.269725    72.298037    -0.012763    -0.003578    2.051867    
-0.425775    -0.570562    36.750938    36.810504    -0.005518    -0.007395    0.476311    
-0.707754    1.223126     15.521578    15.709592    -0.039248    0.067827     0.860727    
0.272231     1.501838     33.682143    33.774122    0.016361     0.090260     2.024277    
-0.304958    0.461012     16.395685    16.522680    -0.000924    0.001397     0.049696    
-0.133335    0.712834     6.335143     6.673447     -0.003031    0.016204     0.144006    
-0.517736    -0.261199    10.504021    10.702602    -0.148315    -0.074825    3.009066    
1.404452     0.518578     21.261948    21.405299    0.133244     0.049199     2.017178    
1.333384     1.080513     38.363920    38.452708    0.035119     0.028459     1.010450    
-0.006393    0.710169     66.515723    66.548634    -0.000345    0.038276     3.584971    
-0.207196    1.002970     76.025816    76.058191    -0.000557    0.002695     0.204269    
-0.107876    0.035868     7.790983     8.036622     -0.011428    0.003800     0.825314    
-1.956213    0.457527     108.179648   108.216206   -0.100309    0.023461     5.547139    
0.685102     0.930500     7.578809     7.915080     0.013694     0.018599     0.151490    
0.718058     0.300584     17.322833    17.451689    0.020222     0.008465     0.487840    
-0.422648    -0.299172    8.107575     8.359178     -0.021576    -0.015273    0.413893    
1.695835     0.161342     37.800260    37.889794    0.001431     0.000136     0.031907    
1.539823     -0.619834    46.205920    46.277610    0.193078     -0.077721    5.793743    
-0.220146    -0.124841    17.910953    18.020578    -0.031245    -0.017719    2.542100    
1.392456     0.601366     84.383260    84.419844    0.072043     0.031114     4.365843    
1.379013     1.328426     26.032084    26.176531    0.132062     0.127217     2.492975    
-1.082033    -0.292211    68.484334    68.521786    -0.008329    -0.002249    0.527139    
0.540995     0.359272     30.901207    30.970652    0.032405     0.021520     1.850919    
-0.739560    -0.220426    132.797977   132.814808   -0.032098    -0.009567    5.763637    
1.222936     0.048146     108.416776   108.441552   0.082847     0.003262     7.344627    
0.986907     0.034639     119.448515   119.468816   0.072618     0.002549     8.789170    
0.714800     0.124746     29.005412    29.081186    0.010163     0.001774     0.412394    
0.367838     -1.321202    27.414157    27.518935    0.002884     -0.010359    0.214937    
-0.494788    -1.394037    93.639357    93.671726    -0.039644    -0.111695    7.502679    
-0.791118    0.496898     58.507439    58.547998    -0.056264    0.035339     4.161044    
0.607067     0.387530     62.539287    62.574404    0.016538     0.010558     1.703775    
0.653385     -0.324937    11.127444    11.323756    0.215987     -0.107413    3.678353    
1.756142     -1.142114    15.340448    15.607458    0.336907     -0.219108    2.942983    
0.670253     -0.258741    24.115864    24.206736    0.029180     -0.011264    1.049894    
-0.273759    -0.318148    25.734032    25.812623    -0.045131    -0.052449    4.242453    
-1.164621    0.013669     13.422984    13.616460    -0.249207    0.002925     2.872269    
-0.756730    0.196986     21.188234    21.293840    -0.198153    0.051582     5.548239    
1.229626     -0.597676    13.201514    13.417307    0.144221     -0.070100    1.548381    
-0.168661    -0.203635    37.933698    37.985659    -0.032072    -0.038722    7.213283    
-0.321403    -0.935391    118.784867   118.805294   -0.019041    -0.055416    7.037252    
-0.524592    2.106512     38.244251    38.356359    -0.011766    0.047245     0.857745    
-1.238424    -1.381447    62.960486    63.018568    -0.010642    -0.011871    0.541052    
-1.313889    0.996020     70.419307    70.466107    -0.068803    0.052158     3.687584    
-0.019657    -1.798099    32.630383    32.739126    -0.000430    -0.039295    0.713091    
0.130843     -0.424709    37.405067    37.459464    0.017458     -0.056667    4.990776    
1.486072     -1.305201    44.940095    45.026648    0.065751     -0.057749    1.988372    
-0.135227    0.344331     24.778649    24.859470    -0.002002    0.005098     0.366876    
-0.711902    0.406309     16.685821    16.821518    -0.030438    0.017372     0.713420    
0.161944     -0.267156    10.806050    10.988324    0.016884     -0.027854    1.126642    
-0.292976    -1.375205    50.030318    50.088768    -0.006906    -0.032417    1.179338    
0.430102     1.038787     34.973220    35.046614    0.000682     0.001646     0.055422    
0.960802     1.494832     53.471108    53.536829    0.069471     0.108084     3.866239    
-0.415864    -0.025841    28.036783    28.108891    -0.006458    -0.000401    0.435366    
-0.251968    -1.210566    18.227531    18.375168    -0.009382    -0.045073    0.678670    
0.387096     0.100590     65.925743    65.956338    0.050497     0.013122     8.600079    
-1.114381    0.275550     65.742248    65.781729    -0.043988    0.010877     2.595070    
0.634157     2.611358     72.841302    72.917430    0.004405     0.018140     0.505995    
0.895887     -0.977459    19.455483    19.599715    0.068364     -0.074589    1.484632    
0.592540     0.162538     31.026235    31.094690    0.105828     0.029029     5.541285    
1.436050     0.376875     19.580557    19.735183    0.114064     0.029935     1.555262    
-1.376541    0.389043     60.519440    60.568340    -0.124079    0.035068     5.455108    
0.410760     -0.814302    188.792077   188.804542   0.027256     -0.054034    12.527522   
-1.415030    -0.598294    45.014484    45.083688    -0.112118    -0.047405    3.566658    
-0.017705    -0.184003    6.095824     6.408447     -0.002830    -0.029415    0.974497    
1.904191     -1.624146    26.419544    26.610732    0.120925     -0.103141    1.677760    
-1.047651    1.273429     47.904353    47.973130    -0.208944    0.253974     9.554081    
1.439546     0.119675     88.570839    88.604487    0.064932     0.005398     3.995075    
-1.216835    -0.436140    62.160739    62.205332    -0.083229    -0.029831    4.251649    
0.878430     -1.018626    31.691887    31.781439    0.024271     -0.028145    0.875657    
-0.550835    0.478121     83.025036    83.051572    -0.005506    0.004779     0.829900    
-1.033967    -0.619312    13.704889    13.897898    -0.027711    -0.016598    0.367295    
-0.238420    0.229127     145.882436   145.896092   -0.003006    0.002888     1.839071    
1.920161     -0.263936    15.035709    15.287387    0.019086     -0.002623    0.149451    
0.469402     0.957428     12.537400    12.735712    0.073721     0.150367     1.969039    
0.283751     -1.107085    6.682974     7.059975     0.003543     -0.013824    0.083452    
0.169624     -1.178224    21.645869    21.767765    0.020677     -0.143622    2.638558    
-0.568040    0.448877     87.039901    87.065168    -0.093862    0.074172     14.382365   
-0.071834    -0.031524    108.011298   108.029262   -0.000556    -0.000244    0.835413    
-0.011197    -0.274097    5.985972     6.307302     -0.001325    -0.032424    0.708107    
0.864991     0.329806     56.931913    56.973455    0.096940     0.036961     6.380391    
1.909365     -0.726614    47.252612    47.337701    0.017333     -0.006596    0.428965    
0.179134     1.617324     86.080115    86.117995    0.019035     0.171859     9.146968    
-0.768708    -0.542812    13.076303    13.257081    -0.042034    -0.029681    0.715024    
-0.562783    0.878948     11.877345    12.084517    -0.017816    0.027825     0.376001    
1.631679     -2.020729    54.070020    54.168143    0.001470     -0.001820    0.048704    
-1.046811    0.403672     52.765932    52.814556    -0.014723    0.005677     0.742111    
0.165449     -2.069575    82.311105    82.360813    0.007238     -0.090542    3.601048    
-0.836111    1.058328     42.898128    42.964444    -0.186770    0.236409     9.582574    
0.717591     -1.779585    149.657232   149.682477   0.007147     -0.017725    1.490631    
0.213034     1.344505     66.238712    66.281935    0.018713     0.118100     5.818333    
-1.759845    2.318748     123.579664   123.629616   -0.352630    0.464621     24.762379   
-0.478881    0.153030     130.561777   130.577584   -0.018116    0.005789     4.939136    
-1.390386    3.233684     86.683858    86.777625    -0.241662    0.562045     15.066469   
-0.197126    1.449377     24.981740    25.101830    -0.008152    0.059935     1.033050    
-2.841296    -0.830316    23.610445    23.876567    -0.582599    -0.170254    4.841248    
1.391370     -1.123761    57.426169    57.487725    0.049018     -0.039590    2.023126    
0.303062     0.864450     25.564925    25.656958    0.022692     0.064726     1.914183    
-0.362058    2.258351     10.590437    11.011973    -0.006602    0.041178     0.193101    
0.890967     0.607534     15.996667    16.153366    0.029426     0.020065     0.528316    
-0.893415    -0.004280    34.664484    34.731824    -0.016116    -0.000077    0.625292    
-0.474501    1.812822     29.079414    29.206142    -0.009109    0.034800     0.558226    
0.723703     0.358663     68.013077    68.046352    0.058000     0.028744     5.450774    
-1.703167    0.800024     50.700981    50.774061    -0.234669    0.110230     6.985776    
-1.470074    -0.324279    54.871148    54.927080    -0.092712    -0.020451    3.460532    
0.398708     0.974407     9.443270     9.703542     0.038031     0.092945     0.900759    
-1.597724    0.882020     118.557503   118.587888   -0.072864    0.040224     5.406785    
-0.800082    -0.560923    17.654922    17.791177    -0.027958    -0.019601    0.616935    
-0.030654    0.085950     16.110150    16.230225    -0.000456    0.001279     0.239798    
1.025751     -0.489271    214.335235   214.347287   0.002637     -0.001258    0.551012    
-0.489052    0.402434     156.466707   156.480370   -0.031080    0.025576     9.943811    
-0.577851    -2.503807    30.724851    30.894893    -0.043200    -0.187182    2.296960    
0.342569     1.598310     12.642388    12.898716    0.009101     0.042463     0.335875    
-0.749024    -1.099249    23.317548    23.438268    -0.004426    -0.006496    0.137788    
0.905649     0.781978     23.162905    23.277173    0.025983     0.022435     0.664536    
-1.451000    -0.056073    22.638424    22.770195    -0.254747    -0.009845    3.974553    
-0.459967    0.589415     8.991964     9.235224     -0.016195    0.020753     0.316602    
-1.229010    -0.461925    25.637176    25.746137    -0.013928    -0.005235    0.290541    
-1.344186    0.469896     25.937408    26.050945    -0.115515    0.040381     2.228985    
0.786266     -0.407100    35.099531    35.165835    0.082798     -0.042870    3.696175    
0.409638     0.318404     46.231239    46.276037    0.010121     0.007867     1.142242    
-0.152975    1.018016     15.050574    15.213628    -0.014013    0.093251     1.378649    
0.881473     0.148883     39.207891    39.267452    0.012261     0.002071     0.545361    
0.633387     0.518344     87.090814    87.116903    0.033540     0.027448     4.611755    
-0.476039    -0.289345    22.845173    22.936592    -0.155664    -0.094615    7.470330    
-0.189739    -1.743548    89.957766    89.996392    -0.035458    -0.325834    16.811291   
-0.173244    -0.436765    38.330807    38.384196    -0.012634    -0.031851    2.795251    
1.075255     -2.091338    20.527886    20.755697    0.028919     -0.056246    0.552092    
-0.210368    -0.676304    17.482644    17.607368    -0.042078    -0.135275    3.496908    
0.489034     -1.641125    10.309179    10.634217    0.038749     -0.130036    0.816854    
-0.257378    0.073154     15.528904    15.655460    -0.012515    0.003557     0.755089    
-0.254127    -0.007380    152.388988   152.401914   -0.022869    -0.000664    13.713770   
-0.580164    0.523393     29.142988    29.219843    -0.010836    0.009776     0.544332    
0.884271     -2.164065    56.400491    56.483231    0.075450     -0.184649    4.812377    
-0.483138    -0.285998    34.916719    34.976670    -0.057985    -0.034325    4.190602    
-0.189100    -0.515332    51.927178    51.967376    -0.000081    -0.000220    0.022171    
3.664479     -1.167344    159.846287   159.904664   0.147387     -0.046951    6.429081    
-1.328209    1.072527     58.316329    58.374512    -0.364574    0.294393     16.006975   
0.042605     0.294492     7.428349     7.690505     0.011066     0.076486     1.929303    
-0.155980    0.593394     63.316953    63.350517    -0.013969    0.053143     5.670507    
0.042291     -1.756549    106.904708   106.937266   0.000402     -0.016682    1.015282    
-0.089185    -0.385372    62.194979    62.227381    -0.006259    -0.027046    4.364874    
0.298288     -0.870196    28.981705    29.063041    0.016395     -0.047830    1.592975    
-1.064306    -1.213582    125.196117   125.221995   -0.194022    -0.221235    22.823197   
-0.976550    1.085903     69.132054    69.175491    -0.031496    0.035023     2.229700    
-0.041122    -1.353813    61.051269    61.098011    -0.001048    -0.034502    1.555879    
0.036626     -0.181285    17.579148    17.689986    0.000419     -0.002074    0.201163    
-3.788443    -0.438202    141.435814   141.500914   -0.042667    -0.004935    1.592915    
-1.429860    -0.446187    24.152512    24.278847    -0.077490    -0.024181    1.308923    
0.046467     0.712991     32.253705    32.321617    0.007234     0.110994     5.021044    
0.242207     -1.751287    24.990398    25.130074    0.009095     -0.065765    0.938450    
0.318551     1.745790     50.979313    51.048159    0.014213     0.077893     2.274576    
0.198521     1.102306     145.575285   145.592901   0.016351     0.090793     11.990551   
1.828663     -2.049073    105.997573   106.051417   0.249769     -0.279873    14.477713   
-2.162713    0.548330     42.346451    42.450852    -0.161278    0.040890     3.157867    
0.270627     0.448465     26.596467    26.674358    0.028176     0.046691     2.769055    
-1.588447    0.489435     10.378379    10.693381    -0.187105    0.057651     1.222480    
-1.653338    -0.214420    13.608823    13.851156    -0.127035    -0.016475    1.045641    
0.055916     -0.413155    50.282990    50.323234    0.000195     -0.001439    0.175169    
1.014727     0.068956     28.794382    28.879505    0.071872     0.004884     2.039480    
0.438097     2.860117     52.105943    52.223333    0.086251     0.563092     10.258469   
0.717570     1.332291     15.129886    15.332264    0.030713     0.057023     0.647575    
0.042484     -2.333315    26.371112    26.547254    0.006961     -0.382340    4.321201    
0.159702     -0.502595    88.585318    88.608756    0.014590     -0.045917    8.093162    
1.048501     -0.373106    82.203157    82.234254    0.030100     -0.010711    2.359892    
-1.251476    -0.411206    23.133349    23.254292    -0.219710    -0.072192    4.061313    
-0.699093    -0.739969    6.980509     7.323847     -0.146160    -0.154706    1.459421    
1.431698     0.166525     108.853812   108.881150   0.021108     0.002455     1.604873    
-1.464644    -0.084709    13.501300    13.722697    -0.190488    -0.011017    1.755949    
-0.406236    0.046193     10.246080    10.441469    -0.028305    0.003218     0.713900    
-1.074528    -0.428034    26.304976    26.403874    -0.014166    -0.005643    0.346781    
-1.700629    -0.247233    39.395858    39.482424    -0.004857    -0.000706    0.112511    
-0.784769    0.775100     15.136771    15.304033    -0.073907    0.072996     1.425523    
0.065018     0.955025     18.060339    18.192501    0.008509     0.124982     2.363523    
0.797802     2.174415     44.680677    44.783953    0.052166     0.142178     2.921530    
-0.425916    0.026352     41.635636    41.684329    -0.043151    0.002670     4.218266    
0.324393     0.937631     20.022887    20.143866    0.026999     0.078038     1.666491    
2.160044     -0.266742    51.433847    51.517497    0.340163     -0.042006    8.099784    
0.689274     0.345213     29.584822    29.660258    0.090266     0.045208     3.874369    
-0.144921    -0.092554    5.014852     5.390108     -0.047396    -0.030269    1.640093    
1.415256     0.238555     15.974075    16.158771    0.019020     0.003206     0.214679    
0.098422     2.197720     27.120621    27.280812    0.000313     0.006988     0.086232    
-0.071265    1.111951     22.021968    22.137830    -0.001567    0.024457     0.484362    
1.809556     -1.274521    41.967368    42.071770    0.309377     -0.217903    7.175088    
0.350339     -0.948129    54.721961    54.766684    0.016736     -0.045294    2.614195    
0.297496     0.438472     41.646701    41.696564    0.002741     0.004040     0.383712    
-0.457417    -0.464514    93.569682    93.592656    -0.058241    -0.059145    11.913886   
0.575087     0.850662     21.785167    21.898010    0.135898     0.201019     5.148022    
2.228860     -1.169081    14.809305    15.150083    0.151838     -0.079642    1.008863    
0.369259     -1.433849    19.259976    19.416846    0.012061     -0.046833    0.629081    
0.371802     -0.477575    81.359346    81.385407    0.008910     -0.011444    1.949635    
0.746616     -1.988995    72.762102    72.819723    0.014009     -0.037319    1.365228    
0.539602     -0.272869    64.255149    64.288139    0.029148     -0.014740    3.470952    
-0.945746    -0.568427    52.649364    52.697704    -0.007864    -0.004726    0.437778    
-1.566739    1.704436     41.413206    41.524551    -0.291947    0.317605     7.716953    
1.066704     1.560352     13.150654    13.430830    0.220073     0.321918     2.713130    
-0.034993    1.863506     69.755608    69.808263    -0.008429    0.448886     16.802907   
-0.123234    1.258519     45.735231    45.795036    -0.014272    0.145751     5.296655    
-0.258968    0.240602     15.178376    15.309573    -0.005277    0.004903     0.309277    
-1.321320    -0.489402    39.061062    39.136005    -0.023126    -0.008565    0.683642    
-0.123772    -0.257206    8.757151     8.980207     -0.000258    -0.000535    0.018224    
-1.153415    -0.785018    115.335206   115.360440   -0.022962    -0.015628    2.296096    
-0.932305    -0.124807    57.866288    57.907401    -0.008663    -0.001160    0.537716    
-0.450157    0.155759     30.007573    30.075842    -0.008228    0.002847     0.548478    
-0.054317    0.462745     28.192820    28.265299    -0.004953    0.042197     2.570857    
0.527628     1.733992     60.143306    60.202801    0.042770     0.140558     4.875221    
-0.040503    -2.101133    65.000653    65.064401    -0.001451    -0.075289    2.329129    
-1.658941    -0.354889    32.990645    33.092833    -0.210219    -0.044971    4.180535    
0.104222     -0.180608    52.390370    52.427753    0.006238     -0.010811    3.135916    
0.659522     -1.927391    26.915391    27.064054    0.023290     -0.068063    0.950473    
1.540808     -0.028446    52.010345    52.070393    0.043891     -0.000810    1.481566    
0.743887     0.825767     19.309298    19.441173    0.019179     0.021290     0.497833    
-0.707763    0.964444     26.931926    27.030255    -0.066406    0.090489     2.526899    
0.488756     0.851251     20.588251    20.705423    0.050414     0.087804     2.123616    
1.091295     1.111558     51.877764    51.938462    0.066776     0.068016     3.174406    
-0.074738    1.094827     44.155186    44.212663    -0.003254    0.047670     1.922574    
0.164125     -0.558798    151.089166   151.103111   0.003102     -0.010560    2.855257    
-0.106161    -0.999386    44.092440    44.147800    -0.013050    -0.122847    5.419974    
-1.660050    1.521653     102.622395   102.665974   -0.102870    0.094294     6.359291    
-0.115969    1.122899     22.268814    22.384132    -0.004496    0.043529     0.863243    
-0.112353    1.718026     44.424533    44.501442    -0.005237    0.080084     2.070810    
-0.310320    0.807999     42.331524    42.386107    -0.033055    0.086067     4.509094    
1.362632     -0.521696    46.113877    46.178929    0.040522     -0.015514    1.371344    
-0.422486    -0.012242    105.936295   105.955426   -0.012706    -0.000368    3.186037    
1.653779     0.735605     15.581698    15.809502    0.026105     0.011612     0.245959    
-1.371348    0.218602     46.253885    46.316576    -0.024699    0.003937     0.833055    
-1.306857    0.901798     99.025591    99.057880    -0.100736    0.069513     7.633157    
-0.311326    -0.983661    44.085285    44.141271    -0.048510    -0.153270    6.869186    
0.172933     -1.048733    84.309109    84.338784    0.007120     -0.043175    3.470937    
0.881210     1.061873     34.498390    34.582047    0.008011     0.009654     0.313631    
-2.243795    0.427336     30.194698    30.344883    -0.129532    0.024670     1.743109    
-1.105345    0.627290     30.534757    30.624527    -0.066428    0.037698     1.835051    
-1.471142    2.344159     19.471119    19.765090    -0.294649    0.469502     3.899793    
-1.368783    -0.284421    27.063030    27.170518    -0.011509    -0.002392    0.227555    
-0.003979    -0.907440    23.682992    23.781979    -0.000253    -0.057609    1.503526    
-0.929298    0.752977     78.755675    78.789351    -0.053327    0.043209     4.519361    
1.080794     -0.989846    31.145853    31.242392    0.239340     -0.219200    6.897197    
-0.180779    -0.181872    12.758910    12.912417    -0.009465    -0.009522    0.668014    
0.400544     -0.657636    23.229120    23.325092    0.030813     -0.050590    1.786963    
0.936507     2.034440     22.661120    22.856450    0.024261     0.052703     0.587047    
-0.582488    -0.815479    18.006268    18.141249    -0.005263    -0.007368    0.162683    
-1.854896    0.820164     20.835580    21.026404    -0.112487    0.049737     1.263537    
-0.253805    0.316599     53.693489    53.731093    -0.015580    0.019434     3.295940    
0.100156     -0.770615    9.146986     9.388620     0.005838     -0.044921    0.533195    
0.070686     0.316449     13.650001    13.795022    0.011880     0.053186     2.294191    
-0.700921    2.313454     45.058986    45.166697    -0.028098    0.092740     1.806298    
0.392139     0.965122     67.483890    67.520631    0.007113     0.017505     1.224007    
-0.241579    -0.865899    59.428033    59.467421    -0.002604    -0.009334    0.640596    
-0.586837    -0.299337    120.961927   120.979736   -0.001124    -0.000573    0.231681    
-1.565564    -1.371240    46.821524    46.909076    -0.090618    -0.079370    2.710132    
0.381261     0.531938     16.121692    16.254607    0.032732     0.045668     1.384091    
-1.355833    0.731942     53.832851    53.890861    -0.032679    0.017642     1.297519    
0.034542     -0.615697    5.869174     6.221127     0.000079     -0.001412    0.013459    
0.114133     -0.707547    14.409921    14.561402    0.005926     -0.036735    0.748151    
-0.187876    0.726762     11.813650    12.000032    -0.023463    0.090762     1.475350    
0.137463     -0.659628    11.807329    11.989245    0.015841     -0.076015    1.360658    
1.840981     1.880827     46.115013    46.231981    0.421255     0.430373     10.552091   
0.243919     0.388241     64.014465    64.046365    0.015562     0.024769     4.084073    
-0.363890    -0.468419    88.557579    88.581441    -0.061935    -0.079726    15.072700   
-0.396583    0.166714     47.878167    47.920548    -0.019994    0.008405     2.413816    
0.840422     0.515181     18.571357    18.701390    0.020156     0.012356     0.445406    
-1.762420    1.345719     79.391598    79.446950    -0.022680    0.017317     1.021649    
-0.615096    0.190947     107.360353   107.380329   -0.073557    0.022835     12.838798   
0.262289     0.916928     10.329716    10.558765    0.005632     0.019688     0.221801    
1.651839     -0.727837    30.326866    30.444246    0.268365     -0.118248    4.927040    
-0.906550    0.255913     119.746493   119.766377   -0.191058    0.053935     25.236963   
0.946572     -0.085062    131.783114   131.801242   0.261563     -0.023505    36.415229   
0.177429     -0.332480    9.532676     9.741092     0.001922     -0.003601    0.103251    
-0.736941    0.904591     85.118647    85.149401    -0.051675    0.063430     5.968556    
1.979801     -0.702633    149.667443   149.695130   0.455463     -0.161644    34.431725   
1.447631     -1.317198    47.976413    48.056652    0.082695     -0.075244    2.740617    
0.296841     0.401707     57.490637    57.526496    0.011608     0.015709     2.248183    
-0.559305    -1.824296    70.165614    70.219152    -0.036004    -0.117435    4.516765    
0.092474     -0.172990    68.134717    68.163429    0.003765     -0.007042    2.773791    
-0.805360    -0.412923    32.637823    32.709655    -0.038804    -0.019895    1.572558    
0.372407     -0.743751    11.752992    11.945695    0.016736     -0.033423    0.528168    
