-0.366332    0.044466     151.840124   151.853332   -0.039018    0.004736     16.172446   
-0.904138    -1.437456    24.787771    24.923730    -0.047357    -0.075291    1.298327    
-1.549767    -1.084831    28.779369    28.908574    -0.206815    -0.144770    3.840588    
1.752815     1.350301     18.475634    18.711486    0.085715     0.066031     0.903479    
-0.668341    -1.243876    123.776610   123.800315   -0.011456    -0.021321    2.121645    
0.521589     0.768354     12.620387    12.806699    0.002725     0.004015     0.065945    
1.902546     0.459222     112.156497   112.190843   0.335793     0.081051     19.795262   
0.293212     -1.659003    94.807766    94.843164    0.001147     -0.006489    0.370840    
1.459007     -0.741519    57.164492    57.221785    0.059407     -0.030193    2.327576    
0.230576     -2.494515    22.222769    22.449993    0.026800     -0.289934    2.582921    
0.218901     2.495482     47.317605    47.424741    0.026688     0.304241     5.768798    
-0.494528    -0.261895    31.594990    31.661198    -0.108846    -0.057643    6.954053    
1.257849     -0.360989    112.852568   112.877321   0.031609     -0.009072    2.835949    
-0.636769    -0.204882    70.525078    70.555716    -0.125087    -0.040247    13.854015   
-0.808201    -0.958228    13.859767    14.054874    -0.013508    -0.016015    0.231644    
-0.236462    -0.189344    15.254989    15.384454    -0.017123    -0.013711    1.104682    
2.941262     0.765710     49.591301    49.723329    0.000212     0.000055     0.003576    
-0.040161    0.840258     29.861648    29.938280    -0.004378    0.091596     3.255204    
0.660407     0.377295     42.176411    42.229173    0.141181     0.080658     9.016424    
-1.410333    -0.604493    28.790566    28.898548    -0.018189    -0.007796    0.371301    
0.088827     0.206444     57.790729    57.824682    0.002422     0.005629     1.575830    
0.163087     -1.373043    40.196679    40.268596    0.025483     -0.214546    6.280972    
0.196519     0.255081     47.246430    47.288517    0.005586     0.007250     1.342949    
-0.655466    -0.947549    18.910919    19.047974    -0.192388    -0.278118    5.550595    
0.714351     0.344896     36.429562    36.491330    0.010895     0.005260     0.555602    
0.399685     0.391906     96.214480    96.236243    0.030234     0.029646     7.278210    
-1.895855    0.227563     111.169957   111.203779   -0.003268    0.000392     0.191619    
0.377814     -0.743367    53.677666    53.720221    0.019914     -0.039181    2.829220    
0.565134     1.468201     55.386487    55.443781    0.030340     0.078823     2.973507    
1.373374     -0.994783    63.487951    63.541094    0.026408     -0.019128    1.220788    
2.011066     -0.470468    39.362201    39.465473    0.197198     -0.046132    3.859715    
0.614309     -0.860862    67.670654    67.707539    0.022714     -0.031830    2.502069    
-1.737827    0.321698     14.393119    14.634219    -0.000775    0.000143     0.006416    
-0.153718    -0.784020    27.837939    27.918885    -0.030210    -0.154081    5.470917    
-1.341060    0.228095     52.553271    52.607715    -0.174760    0.029724     6.848466    
-0.434693    0.822290     13.517089    13.691303    -0.039263    0.074271     1.220897    
-1.243224    -0.116177    20.204786    20.338816    -0.013358    -0.001248    0.217095    
0.430436     0.162830     45.474806    45.519718    0.024144     0.009134     2.550812    
0.451839     0.194086     55.789885    55.826769    0.015480     0.006649     1.911366    
1.886815     -0.180891    64.028922    64.087211    0.159951     -0.015335    5.427933    
-1.121306    0.887770     28.697242    28.800211    -0.105578    0.083589     2.702037    
0.953964     -0.303002    30.907673    30.986466    0.080026     -0.025418    2.592770    
-1.857393    0.856519     51.947353    52.024859    -0.033394    0.015399     0.933967    
-0.999996    0.511009     28.124193    28.215356    -0.089622    0.045798     2.520570    
2.281743     -1.011627    132.385102   132.423261   0.338071     -0.149886    19.614627   
-0.684972    -0.687347    39.528326    39.589205    -0.028918    -0.029018    1.668769    
-1.520530    -0.837120    55.011205    55.073773    -0.015062    -0.008292    0.544920    
-1.515634    0.640381     28.479635    28.594961    -0.210699    0.089024     3.959156    
-0.572931    -0.771638    26.325395    26.416378    -0.002018    -0.002719    0.092746    
-0.270811    -1.905137    31.076002    31.197688    -0.002422    -0.017040    0.277945    
0.361196     2.591440     39.900858    40.034978    0.011932     0.085607     1.318104    
-0.157619    0.821600     25.353832    25.443891    -0.001408    0.007339     0.226481    
-0.412258    -0.751400    31.942199    32.014272    -0.006734    -0.012275    0.521792    
2.082266     0.458382     39.187634    39.294931    0.174146     0.038336     3.277378    
2.356280     -0.380534    32.661865    32.808067    0.292616     -0.047257    4.056135    
1.706451     -0.171617    99.860246    99.894370    0.166142     -0.016709    9.722509    
-0.335683    0.923171     11.925028    12.126259    -0.040210    0.110583     1.428456    
0.747663     0.045225     158.134684   158.148710   0.041493     0.002510     8.776031    
-0.605188    1.862534     38.058620    38.159779    -0.038982    0.119972     2.451474    
1.631700     -1.015087    17.399801    17.615926    0.037113     -0.023088    0.395758    
-0.692357    -0.044746    124.913916   124.931352   -0.021300    -0.001377    3.842883    
-1.333517    0.545235     95.205334    95.236579    -0.159755    0.065319     11.405594   
-0.772663    1.005511     21.248138    21.376772    -0.093767    0.122025     2.578586    
-1.699577    0.109832     15.824437    16.037094    -0.024076    0.001556     0.224167    
-0.878092    1.200139     8.514524     8.864731     -0.109172    0.149211     1.058597    
-0.771343    -1.431504    50.375380    50.440044    -0.134315    -0.249270    8.771942    
-0.940155    0.303450     58.629288    58.670643    -0.195300    0.063036     12.179170   
1.532353     -1.726095    29.620704    29.775637    0.318233     -0.358469    6.151522    
-0.467501    -0.908469    97.931592    97.956702    -0.004365    -0.008483    0.914472    
-0.275652    1.344294     37.406085    37.482973    -0.020496    0.099956     2.781365    
0.254499     -2.121077    60.726037    60.795479    0.015038     -0.125336    3.588335    
0.140749     -0.301521    109.364286   109.382507   0.002419     -0.005183    1.879946    
-0.804498    -0.224300    21.780643    21.885358    -0.021310    -0.005941    0.576927    
0.990731     -0.449901    9.993730     10.243707    0.210197     -0.095452    2.120301    
1.758569     -0.715552    21.867960    22.038312    0.184389     -0.075027    2.292900    
0.249636     0.605171     29.331604    29.404872    0.019593     0.047497     2.302100    
-1.153119    0.198714     74.547785    74.582950    -0.033571    0.005785     2.170348    
0.159033     0.268788     82.533472    82.557535    0.000890     0.001504     0.461880    
-0.234178    2.496536     66.444335    66.520764    -0.006409    0.068325     1.818450    
-0.650530    0.276594     16.310699    16.444256    -0.007879    0.003350     0.197544    
0.751944     0.628586     50.058448    50.106723    0.040592     0.033933     2.702320    
-0.502803    -1.228230    98.659521    98.688082    -0.015450    -0.037740    3.031536    
1.249249     -0.271987    28.037380    28.135463    0.252012     -0.054868    5.655997    
0.427590     0.422396     77.328505    77.355891    0.037549     0.037093     6.790631    
0.926617     0.106438     100.181829   100.205508   0.011749     0.001350     1.270233    
0.437583     1.754758     23.543200    23.694470    0.001282     0.005140     0.068966    
0.520353     0.202940     7.142412     7.429735     0.023666     0.009230     0.324839    
-0.424734    1.340419     16.362652    16.540510    -0.004127    0.013023     0.158973    
0.178885     -0.403161    8.138328     8.384622     0.000362     -0.000816    0.016468    
-0.971611    -0.025367    31.259009    31.336006    -0.176764    -0.004615    5.686901    
-1.445449    1.340885     70.749331    70.804167    -0.202901    0.188223     9.931246    
-2.118747    1.679200     42.720664    42.851358    -0.029645    0.023495     0.597735    
-0.155273    0.302451     93.821323    93.842587    -0.008816    0.017172     5.326820    
0.905303     -0.263291    8.490681     8.766728     0.072631     -0.021123    0.681194    
1.520815     -0.986843    52.867250    52.934940    0.078536     -0.050961    2.730103    
0.528501     -0.032612    177.129544   177.141273   0.053387     -0.003294    17.892908   
0.257871     0.402500     33.939702    34.000101    0.006608     0.010315     0.869775    
2.466380     -0.996819    35.048755    35.204643    0.110668     -0.044728    1.572664    
1.421241     1.257847     46.353064    46.433647    0.079874     0.070692     2.605067    
0.241204     1.917434     82.499764    82.545871    0.016542     0.131497     5.657801    
-0.174114    -0.581704    69.389098    69.419670    -0.011864    -0.039638    4.728242    
0.336061     0.159153     13.402700    13.551590    0.024982     0.011831     0.996340    
-1.082766    -1.240581    89.807672    89.844334    -0.021851    -0.025036    1.812374    
1.014139     0.791865     27.735032    27.834555    0.008621     0.006732     0.235774    
2.718870     1.096991     29.606669    29.816530    0.205964     0.083101     2.242810    
0.076722     1.056234     92.577907    92.604889    0.000647     0.008901     0.780136    
-0.796805    -0.477978    29.943341    30.022358    -0.175415    -0.105226    6.591969    
-0.878096    0.944427     24.997920    25.108444    -0.127598    0.137237     3.632515    
0.775136     -1.598484    58.551903    58.611912    0.010696     -0.022057    0.807934    
-0.692722    1.741691     97.821592    97.859348    -0.000447    0.001123     0.063089    
1.548810     -0.285291    51.100972    51.163117    0.171872     -0.031659    5.670707    
-1.186980    -1.014719    52.028863    52.089501    -0.290373    -0.248232    12.727904   
-1.373478    0.049094     78.997576    79.034048    -0.047233    0.001688     2.716659    
1.135386     3.508861     45.890978    46.080995    0.055514     0.171563     2.243807    
-0.259873    -0.573665    31.570597    31.638176    -0.002361    -0.005212    0.286816    
-1.551267    0.350366     19.895578    20.055876    -0.092293    0.020845     1.183688    
0.801382     0.796077     173.310035   173.324894   0.089760     0.089166     19.411932   
-0.042868    1.087838     218.489700   218.501279   -0.005061    0.128443     25.797485   
0.296065     -0.363866    32.399357    32.462491    0.006591     -0.008100    0.721262    
2.703686     -0.502783    62.110846    62.202852    0.266067     -0.049478    6.112269    
-0.889774    0.949564     118.390158   118.413672   -0.019583    0.020899     2.605680    
1.464817     0.614662     47.477771    47.545107    0.079423     0.033327     2.574252    
-2.050567    -1.696234    99.551498    99.606515    -0.103397    -0.085530    5.019731    
-0.173567    -0.420686    15.134671    15.268933    -0.017646    -0.042769    1.538652    
1.226088     1.012792     12.239104    12.497986    0.152123     0.125659     1.518533    
-1.561380    0.238826     29.240730    29.349450    -0.018890    0.002889     0.353762    
1.509853     -0.714450    86.355680    86.394262    0.162331     -0.076813    9.284452    
-0.143059    0.757779     97.503606    97.526524    -0.013786    0.073025     9.396141    
-0.230145    -1.126683    28.635697    28.726303    -0.009202    -0.045048    1.144934    
-3.179354    0.793630     64.816427    64.929056    -0.015404    0.003845     0.314026    
0.029924     -0.961644    8.792331     9.061219     0.001858     -0.059709    0.545925    
-0.762883    -0.105946    65.234460    65.268698    -0.032629    -0.004531    2.790099    
-0.793526    -0.374431    12.357657    12.544182    -0.004965    -0.002343    0.077313    
1.222320     1.731860     72.715902    72.773421    0.087997     0.124679     5.234932    
-2.131417    -1.305384    57.103632    57.192191    -0.129955    -0.079591    3.481673    
-0.919003    2.715249     43.705838    43.843955    -0.045437    0.134245     2.160867    
0.107672     0.411887     151.880650   151.894003   0.001083     0.004143     1.527886    
1.131993     -0.620114    29.271616    29.366110    0.310177     -0.169917    8.020706    
1.950360     -1.039158    85.878759    85.929738    0.293217     -0.156227    12.910994   
-0.338633    0.537566     64.833081    64.866070    -0.017988    0.028555     3.443882    
-0.051168    -1.076652    109.599196   109.622171   -0.001392    -0.029300    2.982606    
1.157686     -2.735635    37.813941    37.981482    0.075606     -0.178657    2.469532    
0.583138     -0.502386    42.601896    42.654295    0.012500     -0.010769    0.913185    
0.249018     -1.278059    101.476475   101.503919   0.029314     -0.150452    11.945727   
-0.306777    0.358568     70.891007    70.919902    -0.009043    0.010570     2.089686    
1.435243     0.686777     26.210848    26.332776    0.016152     0.007729     0.294981    
0.579542     -1.152254    15.706789    15.882120    0.026109     -0.051910    0.707610    
-0.706253    -0.471225    64.193600    64.229386    -0.006406    -0.004274    0.582230    
1.004317     0.218853     56.220715    56.264556    0.144532     0.031495     8.090750    
0.728282     2.184648     23.335430    23.531263    0.040175     0.120514     1.287271    
-0.431245    0.466338     31.563826    31.631528    -0.031088    0.033618     2.275427    
-2.308184    -0.732710    39.403246    39.526641    -0.397164    -0.126076    6.780026    
0.087196     -2.101325    13.497442    13.801415    0.001844     -0.044438    0.285438    
-0.148306    0.419044     15.564030    15.694316    -0.024766    0.069976     2.599032    
-1.333122    0.161707     39.517499    39.589279    -0.017773    0.002156     0.526842    
-0.840922    0.322537     17.226606    17.362087    -0.058604    0.022478     1.200517    
0.761994     -0.118301    21.797884    21.900168    0.000113     -0.000018    0.003238    
-1.051640    -0.043982    28.535569    28.622745    -0.006358    -0.000266    0.172527    
-0.381946    0.864354     111.853015   111.874326   -0.014690    0.033244     4.301951    
-0.074296    0.034450     40.407752    40.455754    -0.000342    0.000158     0.185779    
-1.366339    -0.667225    13.258609    13.489913    -0.080252    -0.039189    0.778744    
-0.136435    -1.573016    23.237464    23.374081    -0.006291    -0.072535    1.071529    
-2.496640    -2.070953    71.063929    71.165153    -0.032418    -0.026890    0.922731    
0.649672     0.047026     57.817881    57.855049    0.108896     0.007882     9.691283    
0.531406     -2.829896    41.815853    41.961068    0.021600     -0.115027    1.699690    
0.392908     0.577532     9.570947     9.796219     0.002941     0.004323     0.071643    
-0.559356    1.071788     8.695274     8.996908     -0.080528    0.154300     1.251812    
-0.468704    1.363726     97.880115    97.910527    -0.014641    0.042598     3.057460    
-1.476383    -0.059109    13.702304    13.921612    -0.095980    -0.003843    0.890788    
-1.789676    -1.297042    102.203722   102.246569   -0.072974    -0.052887    4.167360    
1.182715     0.775915     149.965866   149.985456   0.048563     0.031860     6.157721    
-0.138445    -0.391637    15.045431    15.179344    -0.022049    -0.062374    2.396196    
-0.202806    0.970109     9.533610     9.785035     -0.007093    0.033928     0.333421    
0.146281     -2.535972    77.863142    77.929432    0.005443     -0.094357    2.897078    
0.410290     -0.360707    11.400949    11.582532    0.023532     -0.020688    0.653903    
0.500643     1.019406     52.422133    52.471372    0.073607     0.149879     7.707412    
-1.488570    0.236647     57.569188    57.622549    -0.068349    0.010866     2.643346    
1.164532     -0.493572    18.527911    18.675069    0.378969     -0.160621    6.029461    
1.340701     0.633929     35.634490    35.719619    0.067927     0.032118     1.805442    
1.812054     1.032885     48.460008    48.544802    0.359732     0.205050     9.620348    
-0.153848    0.664247     123.187043   123.204656   -0.005544    0.023939     4.439497    
-0.249435    0.592801     54.108096    54.147711    -0.006996    0.016627     1.517668    
0.519872     1.454718     34.250690    34.341974    0.026749     0.074851     1.762325    
0.112110     -0.279749    47.518303    47.560014    0.004513     -0.011261    1.912808    
0.096062     -0.581461    36.398398    36.456353    0.005517     -0.033393    2.090368    
0.576683     -0.481441    41.762484    41.815600    0.061721     -0.051527    4.469731    
1.600284     -0.058558    55.451660    55.509692    0.085075     -0.003113    2.947953    
0.510963     -0.441211    51.742517    51.784348    0.009506     -0.008208    0.962614    
-0.648016    -0.324048    25.597069    25.682870    -0.055123    -0.027565    2.177380    
-0.705860    -2.645271    49.564775    49.679347    -0.050381    -0.188807    3.537696    
1.376063     0.873012     29.317090    29.428259    0.047098     0.029880     1.003429    
-0.302302    0.421789     3.060178     3.675450     -0.010167    0.014186     0.102920    
1.321904     0.603089     128.602083   128.625355   0.040056     0.018275     3.896875    
-0.754844    -0.669955    20.820231    20.937421    -0.112817    -0.100129    3.111729    
0.616150     -1.212544    60.538910    60.586174    0.009176     -0.018058    0.901598    
1.488940     -0.133370    94.792742    94.824963    0.012551     -0.001124    0.799082    
0.626343     -0.939863    26.956106    27.051475    0.085868     -0.128850    3.695537    
1.228935     -1.161588    21.667882    21.822732    0.103571     -0.097895    1.826105    
0.635706     0.333568     14.396834    14.548511    0.071417     0.037474     1.617383    
1.710667     1.352352     44.445633    44.542614    0.010921     0.008633     0.283734    
-0.708023    -1.739826    25.158268    25.304974    -0.061450    -0.151001    2.183511    
0.036496     0.820211     52.412302    52.455680    0.002407     0.054086     3.456142    
0.973205     0.798389     13.413602    13.615588    0.155241     0.127355     2.139673    
-1.005404    -1.140994    40.136207    40.213216    -0.099656    -0.113096    3.978310    
0.477755     1.587522     53.298914    53.361012    0.012822     0.042606     1.430455    
2.258391     0.090266     31.531998    31.674128    0.282465     0.011290     3.943823    
-0.284011    -1.266787    85.214002    85.246621    -0.012400    -0.055310    3.720560    
0.243655     0.339834     21.348089    21.442731    0.006312     0.008804     0.553070    
0.034510     -1.330508    33.964759    34.047779    0.000859     -0.033101    0.844985    
-1.604981    -0.917226    25.317123    25.460733    -0.293619    -0.167800    4.631577    
1.274005     1.939148     62.709475    62.783251    0.000978     0.001488     0.048132    
1.064128     0.379614     60.194957    60.237731    0.084733     0.030227     4.793117    
-0.099040    -2.194580    20.489885    20.701119    -0.008621    -0.191039    1.783650    
-0.743094    -0.298946    10.228197    10.446651    -0.036040    -0.014499    0.496069    
-1.057808    0.143696     48.396530    48.448309    -0.097361    0.013226     4.454413    
-0.779374    1.966924     52.348562    52.428266    -0.017088    0.043124     1.147733    
-2.309153    0.358489     80.060381    80.118663    -0.301361    0.046785     10.448465   
1.621139     1.019048     110.906678   110.940672   0.045351     0.028508     3.102595    
-0.745743    0.819107     16.615498    16.768328    -0.007957    0.008740     0.177291    
1.548611     0.123868     28.773591    28.882659    0.081312     0.006504     1.510792    
-0.935123    -2.186048    86.063216    86.118554    -0.011328    -0.026482    1.042590    
-1.499370    1.674494     56.094392    56.173906    -0.021663    0.024193     0.810444    
-1.393509    -0.442757    67.511007    67.555524    -0.134230    -0.042649    6.503000    
1.262003     -0.831696    22.536278    22.672520    0.026856     -0.017699    0.479581    
-0.218949    -1.581526    20.585724    20.741171    -0.012280    -0.088700    1.154557    
0.627844     1.479126     71.743380    71.788366    0.024158     0.056912     2.760476    
-1.078370    -0.072656    99.742297    99.767575    -0.273055    -0.018397    25.255800   
-0.121977    -0.317456    106.133790   106.152588   -0.000124    -0.000324    0.108221    
1.619184     1.975159     41.098878    41.225184    0.141564     0.172687     3.593241    
-0.304691    -0.174936    63.831108    63.862420    -0.035871    -0.020595    7.514728    
1.297901     -1.062782    88.232722    88.270619    0.074922     -0.061349    5.093269    
1.598172     0.357838     60.310812    60.365149    0.142214     0.031842     5.366793    
-0.498026    -2.015649    17.118187    17.355638    -0.005752    -0.023279    0.197702    
0.084188     1.022505     178.002788   178.016629   0.003922     0.047633     8.292214    
-1.059418    -2.292059    41.708430    41.831137    -0.172986    -0.374256    6.810318    
0.502565     0.070979     61.820525    61.853940    0.004268     0.000603     0.525029    
1.112260     -0.675266    15.131524    15.314408    0.039525     -0.023996    0.537705    
-0.776083    -0.116791    26.716029    26.799946    -0.078652    -0.011836    2.707545    
1.022131     0.641666     23.538160    23.651139    0.049463     0.031052     1.139071    
-1.366658    1.567471     61.190268    61.257232    -0.104962    0.120385     4.699546    
-1.306236    1.651966     32.629055    32.756151    -0.069222    0.087544     1.729137    
0.115672     -2.203236    40.260012    40.368443    0.007420     -0.141336    2.582653    
0.883325     -1.127052    70.087326    70.129585    0.316227     -0.403481    25.091026   
-0.186943    -0.006756    16.822084    16.937900    -0.006593    -0.000238    0.593231    
-2.101004    0.805230     34.702504    34.831040    -0.022009    0.008435     0.363528    
-0.147914    -1.118095    58.483577    58.527564    -0.003179    -0.024028    1.256796    
1.104810     1.225718     20.479540    20.639998    0.061428     0.068151     1.138673    
-1.370507    0.059306     23.122683    23.246833    -0.072412    0.003133     1.221707    
1.643912     -0.830317    64.141747    64.198369    0.010275     -0.005190    0.400917    
0.621923     1.729567     37.589260    37.685615    0.094689     0.263330     5.723035    
1.404173     -1.456279    56.827877    56.897935    0.155710     -0.161488    6.301679    
0.596283     1.862081     33.318164    33.433484    0.111337     0.347686     6.221126    
-0.155207    1.011427     51.744402    51.791941    -0.003884    0.025312     1.294957    
-0.123406    1.359540     44.740254    44.804339    -0.001798    0.019813     0.652001    
-1.544809    -0.767498    22.775221    22.925120    -0.066220    -0.032900    0.976287    
1.720162     -1.508655    28.678188    28.836581    0.059624     -0.052293    0.994040    
0.058828     0.137923     23.674775    23.756944    0.000067     0.000156     0.026798    
-0.034588    0.826768     112.643254   112.663492   -0.002910    0.069550     9.475865    
0.703781     -0.130431    43.986192    44.036035    0.041893     -0.007764    2.618326    
0.653258     1.052554     41.239960    41.305494    0.001628     0.002622     0.102744    
-0.904099    -0.887089    76.308494    76.344387    -0.012167    -0.011938    1.026890    
0.433382     -0.363396    12.347736    12.516446    0.007513     -0.006300    0.214065    
-0.048446    1.222557     75.251741    75.287426    -0.000511    0.012898     0.793902    
1.334966     0.701742     64.462659    64.510340    0.003889     0.002044     0.187768    
1.242164     0.418725     68.647887    68.688613    0.001425     0.000480     0.078729    
-0.932880    0.732379     46.240247    46.297323    -0.123950    0.097310     6.143841    
-0.559916    -0.803326    35.226686    35.295229    -0.006659    -0.009553    0.418925    
0.062750     2.493710     102.245865   102.295232   0.004690     0.186366     7.641271    
-0.736332    0.825711     105.978295   106.002349   -0.010683    0.011980     1.537607    
-0.892342    1.468364     44.481535    44.558213    -0.018585    0.030582     0.926424    
0.121696     0.573983     14.135921    14.284379    0.006193     0.029209     0.719341    
0.987661     -1.289067    23.009344    23.150422    0.033153     -0.043270    0.772359    
1.508568     1.859176     41.335791    41.451838    0.101474     0.125058     2.780455    
-0.968111    -0.219971    35.029211    35.098521    -0.018516    -0.004207    0.669980    
-0.539059    1.258336     8.392099     8.727902     -0.024645    0.057529     0.383675    
0.288496     0.833163     58.383382    58.423211    0.014768     0.042650     2.988669    
-0.215124    0.525151     12.285695    12.455333    -0.019462    0.047511     1.111493    
-1.666941    2.682085     33.930044    34.133490    -0.303981    0.489101     6.187428    
0.556242     1.144925     47.962141    48.019394    0.004543     0.009351     0.391711    
0.439134     0.795467     9.642646     9.883379     0.002947     0.005338     0.064703    
-1.545605    0.689252     22.628445    22.776862    -0.075893    0.033844     1.111115    
0.420193     1.412740     94.285496    94.317560    0.072521     0.243825     16.272727   
-0.979011    -1.423653    38.916805    39.004845    -0.058799    -0.085504    2.337332    
0.240820     0.239582     51.862557    51.901014    0.000120     0.000119     0.025755    
0.523879     -1.346334    52.538100    52.594809    0.059466     -0.152823    5.963635    
1.041703     -0.388258    31.486740    31.567794    0.209597     -0.078120    6.335323    
1.410189     -1.740324    77.143677    77.201290    0.048715     -0.060119    2.664905    
-1.160001    0.964892     38.657983    38.737465    -0.017106    0.014229     0.570073    
0.927482     0.686029     9.115343     9.396558     0.086795     0.064199     0.853024    
0.546110     -0.299780    60.609500    60.644658    0.282625     -0.155143    31.366813   
-0.666479    -0.444740    108.792079   108.812837   -0.030562    -0.020394    4.988844    
2.441013     0.529030     27.411224    27.595083    0.043400     0.009406     0.487362    
2.287349     -0.687046    39.472529    39.593680    0.292861     -0.087966    5.053877    
-0.226434    -1.154755    80.099713    80.132538    -0.001183    -0.006035    0.418624    
1.153022     1.865611     47.028854    47.121100    0.035519     0.057470     1.448715    
0.879615     -1.101647    29.954038    30.051734    0.039719     -0.049745    1.352566    
-1.124919    2.270292     28.281028    28.462452    -0.027621    0.055744     0.694407    
-1.437079    0.642511     16.393297    16.585933    -0.040561    0.018134     0.462691    
-1.329224    0.098930     20.459934    20.597585    -0.313227    0.023313     4.821309    
-1.216421    0.280345     60.407350    60.452305    -0.007285    0.001679     0.361791    
0.534084     1.566907     11.473885    11.758633    0.014801     0.043423     0.317973    
-0.464414    0.303693     18.859768    18.970338    -0.005438    0.003556     0.220816    
-1.632236    0.441079     28.573028    28.690619    -0.165847    0.044817     2.903223    
-0.136007    -1.324602    32.867199    32.953009    -0.024890    -0.242405    6.014771    
0.624521     -0.832752    148.641450   148.658128   0.029602     -0.039471    7.045429    
-0.558086    1.505446     131.990942   132.015384   -0.008442    0.022773     1.996654    
-0.731881    1.403406     157.377572   157.397841   -0.042176    0.080873     9.069101    
-1.177182    -2.194824    188.135733   188.162515   -0.096797    -0.180475    15.469899   
-1.103283    0.220410     31.804349    31.885065    -0.194495    0.038855     5.606712    
-0.453157    0.923731     67.976048    68.012328    -0.018688    0.038094     2.803294    
1.792479     -0.478779    61.856993    61.916110    0.021146     -0.005648    0.729745    
-0.712676    0.043654     4.805152     5.241589     -0.011470    0.000703     0.077335    
-1.396746    -0.221228    36.406865    36.487458    -0.028401    -0.004498    0.740295    
-1.284430    0.508259     16.839375    17.010220    -0.035982    0.014238     0.471738    
0.522176     1.239287     26.836172    26.941855    0.080041     0.189961     4.113523    
1.264398     -0.259825    61.336992    61.382145    0.004837     -0.000994    0.234646    
-1.477577    -1.646738    18.054155    18.295421    -0.213613    -0.238068    2.610081    
1.935991     0.095714     54.023276    54.093867    0.095243     0.004709     2.657735    
0.873654     -1.667071    27.987619    28.119818    0.078291     -0.149391    2.508048    
0.347103     0.268507     33.248992    33.310104    0.034633     0.026791     3.317469    
-1.693715    0.277626     62.641555    62.695974    -0.077249    0.012662     2.857020    
-0.526277    0.856510     114.781231   114.802511   -0.007685    0.012508     1.676201    
0.051219     -2.350190    42.171858    42.283171    0.015345     -0.704094    12.634280   
-0.266557    -1.056188    64.200968    64.240375    -0.003979    -0.015766    0.958340    
-1.013009    -0.075817    102.152863   102.176877   -0.066743    -0.004995    6.730475    
1.869387     -2.197654    21.549000    21.830223    1.206641     -1.418529    13.909331   
-0.329693    -0.853372    5.741280     6.137930     -0.032525    -0.084186    0.566384    
0.531482     0.705730     63.251070    63.287861    0.042345     0.056228     5.039467    
-0.820728    1.214083     87.594044    87.628415    -0.003005    0.004445     0.320696    
-0.324511    -0.545185    21.036762    21.138185    -0.003152    -0.005295    0.204319    
-1.492043    1.431313     52.994991    53.071828    -0.545345    0.523149     19.369806   
-0.304194    -0.809992    50.711460    50.757027    -0.025860    -0.068860    4.311137    
-0.509483    -2.161390    116.817600   116.855286   -0.023986    -0.101758    5.499735    
-0.996837    -0.266205    62.904732    62.943981    -0.167404    -0.044705    10.563938   
1.160130     -1.855463    44.586008    44.683058    0.036764     -0.058799    1.412928    
1.546372     0.284030     81.116460    81.155572    0.068382     0.012560     3.587044    
-1.536495    0.987099     33.540158    33.647471    -0.029460    0.018926     0.643090    
1.351769     -0.214544    64.486529    64.531083    0.187483     -0.029756    8.943913    
-2.272378    0.035864     17.322798    17.581788    -0.042395    0.000669     0.323185    
0.483666     0.573386     53.061118    53.102918    0.036972     0.043830     4.056026    
-0.380113    -0.894567    130.481087   130.499555   -0.035283    -0.083035    12.111512   
0.264540     1.094825     127.874619   127.894729   0.033771     0.139764     16.324282   
0.513655     0.847062     95.428858    95.454300    0.064720     0.106728     12.023865   
0.152016     2.647456     38.488674    38.630106    0.000983     0.017118     0.248857    
1.203897     -1.548949    49.621920    49.699683    0.011268     -0.014498    0.464452    
0.712789     0.456581     17.944085    18.071571    0.044331     0.028397     1.116015    
-0.488988    -0.408069    13.835914    13.989750    -0.050435    -0.042089    1.427051    
0.144613     2.087910     38.333539    38.441065    0.006523     0.094174     1.729012    
0.594288     -0.398137    26.308899    26.392136    0.000981     -0.000657    0.043416    
0.959987     -1.163264    27.833353    27.943609    0.075209     -0.091135    2.180573    
0.634506     -0.344477    39.331220    39.387067    0.015459     -0.008393    0.958282    
0.169367     -0.608647    14.844279    14.987552    0.020218     -0.072656    1.772007    
-0.134939    0.697840     68.071496    68.103662    -0.005057    0.026151     2.550919    
-0.774319    1.128922     50.354185    50.411239    -0.087881    0.128127     5.714958    
-1.679612    -0.995074    12.411293    12.717170    -0.029969    -0.017755    0.221453    
-0.536160    -1.798920    47.698939    47.776431    -0.007726    -0.025922    0.687339    
0.049497     0.145192     39.806349    39.855287    0.000433     0.001269     0.347903    
0.133505     -0.949673    15.405866    15.560700    0.002517     -0.017902    0.290408    
-0.522468    1.214565     15.365871    15.547768    -0.128564    0.298869     3.781095    
-0.296778    -0.349578    91.115010    91.137426    -0.002179    -0.002567    0.669117    
1.921172     -0.743700    42.320359    42.416173    0.056460     -0.021856    1.243719    
1.504740     0.444826     106.830280   106.859935   0.238155     0.070402     16.907993   
-0.907906    0.081778     132.640522   132.658260   -0.005538    0.000499     0.809053    
2.633748     1.037190     44.788667    44.921176    0.286071     0.112657     4.864827    
-2.295397    1.126316     45.250280    45.365187    -0.284337    0.139520     5.605275    
0.687345     1.652588     120.668714   120.698040   0.065818     0.158247     11.554882   
2.228053     -1.327721    25.134875    25.344900    0.543024     -0.323594    6.125901    
-0.778120    0.176027     56.763090    56.802815    -0.048446    0.010959     3.534058    
-0.756796    -0.624492    105.829880   105.852734   -0.074215    -0.061241    10.378248   
-1.233479    -1.698121    31.933591    32.062973    -0.046160    -0.063548    1.195040    
-2.058956    1.127455     31.250298    31.400104    -0.046239    0.025320     0.701801    
0.415224     2.446866     19.956087    20.205938    0.023830     0.140426     1.145282    
0.718078     -0.491289    16.934288    17.070503    0.023737     -0.016241    0.559796    
0.633439     -0.281874    7.269319     7.562979     0.001772     -0.000788    0.020331    
-1.303939    -1.211901    16.975406    17.181627    -0.068433    -0.063602    0.890893    
-0.549861    0.199113     54.318682    54.357485    -0.000139    0.000050     0.013731    
-0.298015    1.416300     14.086482    14.296805    -0.053542    0.254458     2.530828    
-0.906528    0.641259     7.965156     8.279593     -0.029957    0.021191     0.263211    
0.124507     -1.139394    15.095296    15.266193    0.001625     -0.014867    0.196963    
-0.353667    -1.435582    27.527047    27.636918    -0.001259    -0.005110    0.097983    
0.655062     0.523522     50.289934    50.335431    0.014192     0.011342     1.089528    
-1.818537    0.034057     17.831615    18.031908    -0.080034    0.001499     0.784774    
0.886283     -0.066314    65.002817    65.038689    0.079671     -0.005961    5.843344    
0.544069     -0.540062    23.575017    23.669475    0.036562     -0.036293    1.584283    
-1.363377    0.891615     58.228131    58.284165    -0.157828    0.103215     6.740625    
0.740857     0.653797     20.299620    20.418762    0.070056     0.061823     1.919538    
-0.081914    0.260971     36.059658    36.114383    -0.001780    0.005671     0.783618    
-0.550427    -0.336436    38.040653    38.097013    -0.087217    -0.053309    6.027677    
2.611226     -0.717863    52.030703    52.138305    0.055499     -0.015258    1.105867    
1.343680     -2.030132    104.182046   104.229077   0.099030     -0.149622    7.678300    
-1.993331    0.624702     67.640126    67.700999    -0.070914    0.022224     2.406328    
0.397777     0.984437     80.480769    80.511840    0.011704     0.028966     2.368081    
0.378975     -1.344313    23.135554    23.261118    0.004017     -0.014249    0.245217    
1.150314     -0.350005    31.075546    31.161037    0.315257     -0.095923    8.516622    
-0.896002    1.302729     27.865350    27.979503    -0.005265    0.007655     0.163746    
-0.888443    1.124363     40.341829    40.415240    -0.043271    0.054761     1.964816    
-1.980035    2.696124     87.218668    87.304986    -0.097815    0.133190     4.308635    
-1.018400    -0.282554    10.089832    10.334246    -0.006436    -0.001786    0.063760    
0.090758     -0.213872    27.339898    27.411658    0.011052     -0.026043    3.329154    
0.004689     -0.098531    47.342073    47.383083    0.002036     -0.042783    20.556130   
0.174652     -0.704440    75.278576    75.307806    0.001322     -0.005333    0.569895    
2.073116     0.850366     260.175625   260.192720   0.021614     0.008866     2.712523    
-0.287084    1.617307     23.562241    23.701313    -0.015757    0.088767     1.293223    
0.461903     -1.049515    7.487201     7.826108     0.018160     -0.041261    0.294357    
-0.470476    -2.029005    69.010589    69.070070    -0.001681    -0.007251    0.246622    
0.021286     0.649265     6.605611     6.923225     0.000171     0.005214     0.053052    
1.012012     0.136432     68.905956    68.941631    0.069618     0.009385     4.740151    
0.458404     0.932987     20.229933    20.352045    0.064566     0.131411     2.849382    
0.862880     1.018171     24.591109    24.705846    0.110464     0.130344     3.148087    
-0.979665    0.653632     93.954694    93.982692    -0.036622    0.024434     3.512200    
0.232429     -0.965025    14.387228    14.555157    0.011440     -0.047500    0.708160    
1.682470     0.131485     43.342533    43.420019    0.515362     0.040276     13.276370   
0.608708     -1.525293    13.350691    13.594592    0.017215     -0.043136    0.377568    
0.527944     -0.545663    140.410300   140.426151   0.052903     -0.054679    14.069928   
0.528202     1.965909     76.051094    76.103796    0.016220     0.060369     2.335382    
1.276569     -0.120207    45.724981    45.785291    0.009451     -0.000890    0.338532    
0.878316     -1.353095    58.296001    58.351529    0.045715     -0.070426    3.034210    
-1.398095    0.266403     63.948862    63.994980    -0.046892    0.008935     2.144846    
2.033918     0.487120     71.558767    71.616382    0.143008     0.034250     5.031406    
0.173193     0.195334     40.271497    40.320424    0.008045     0.009074     1.870661    
0.773474     0.457836     21.103679    21.214337    0.017542     0.010383     0.478620    
1.840233     -0.056318    21.594478    21.762033    0.097717     -0.002991    1.146671    
0.495451     -1.141151    64.951729    64.993459    0.170610     -0.392958    22.366302   
-0.872507    1.642241     70.639464    70.691351    -0.025649    0.048277     2.076581    
1.370579     -0.469289    75.472846    75.512411    0.069338     -0.023741    3.818190    
-0.187588    -0.421188    6.843047     7.135463     -0.046874    -0.105244    1.709908    
0.908566     1.024781     104.921916   104.949317   0.190027     0.214333     21.944454   
1.158811     -1.040599    28.801037    28.910212    0.025779     -0.023149    0.640716    
0.864743     -0.348995    18.092600    18.223246    0.013035     -0.005261    0.272734    
-0.936711    0.445575     160.074479   160.089943   -0.022553    0.010728     3.854104    
-0.625200    -1.157997    19.561797    19.704586    -0.000132    -0.000244    0.004130    
-0.497297    -0.346720    71.829399    71.858924    -0.026973    -0.018806    3.895946    
0.122580     -0.206978    68.654167    68.682804    0.014022     -0.023676    7.853249    
1.124907     0.636341     48.715561    48.772443    0.046275     0.026177     2.003989    
0.130080     -0.464100    101.250905   101.271186   0.001035     -0.003692    0.805371    
-1.417654    -0.180017    11.196355    11.457551    -0.063274    -0.008035    0.499723    
2.495067     1.161088     29.711266    29.903307    0.147429     0.068607     1.755584    
-1.524204    0.514653     36.435184    36.523768    -0.024235    0.008183     0.579321    
1.970638     -0.224076    24.279373    24.439650    0.002181     -0.000248    0.026865    
0.144443     -0.560650    63.105196    63.138546    0.019245     -0.074698    8.407832    
-0.973406    2.003462     24.273025    24.454367    -0.002091    0.004304     0.052146    
-0.412649    -1.081695    16.362920    16.521515    -0.031902    -0.083626    1.265015    
0.039393     1.688291     20.424351    20.588369    0.000062     0.002650     0.032056    
1.101798     1.423846     107.322688   107.355836   0.048968     0.063281     4.769852    
0.700403     0.999209     64.657756    64.699222    0.043577     0.062167     4.022775    
-2.065251    0.520891     40.547212    40.650805    -0.167560    0.042261     3.289717    
0.730469     -1.221237    25.026047    25.143647    0.027036     -0.045200    0.926255    
-1.200408    0.177679     24.568394    24.676983    -0.196123    0.029029     4.013987    
-0.027412    -0.829661    22.388326    22.490024    -0.002893    -0.087556    2.362678    
-1.030851    1.783258     140.287421   140.316350   -0.079938    0.138284     10.878720   
1.242177     0.307928     24.766846    24.877890    0.261462     0.064815     5.213090    
-0.510268    0.896458     26.115217    26.209607    -0.018338    0.032217     0.938528    
0.012370     0.251785     6.082317     6.397896     0.005199     0.105823     2.556347    
0.544179     0.314077     55.342522    55.381084    0.083676     0.048294     8.509759    
0.718699     -0.670020    91.435361    91.461826    0.039185     -0.036531    4.985260    
0.294642     -0.335437    22.033603    22.125866    0.060313     -0.068664    4.510274    
0.223530     0.264844     63.046988    63.078664    0.013470     0.015960     3.799289    
-0.759351    -0.339278    8.770432     9.027024     -0.077201    -0.034494    0.891668    
0.928451     1.210693     40.510204    40.586689    0.043290     0.056450     1.888833    
1.036380     0.724499     51.957758    52.010408    0.013646     0.009539     0.684115    
-0.111693    0.427735     7.666810     7.927822     -0.001387    0.005312     0.095219    
-0.658368    0.434388     63.263002    63.298535    -0.001225    0.000808     0.117665    
-0.760462    -0.562133    70.994127    71.027708    -0.103858    -0.076772    9.695799    
-0.780249    0.966792     48.772919    48.828435    -0.082634    0.102390     5.165412    
-0.922181    -0.894192    11.899719    12.129644    -0.001247    -0.001209    0.016095    
-1.550001    -0.893083    69.510475    69.561348    -0.071728    -0.041329    3.216686    
2.915153     -0.416046    32.452388    32.645117    0.060193     -0.008591    0.670092    
-0.410348    0.095610     11.141416    11.321821    -0.037262    0.008682     1.011703    
1.698087     -1.418474    73.254329    73.314168    0.035653     -0.029783    1.538065    
-1.216139    0.066594     8.792564     9.092171     -0.014663    0.000803     0.106010    
-1.226785    -1.026736    71.484063    71.529053    -0.009890    -0.008277    0.576265    
1.796414     -1.128402    70.742729    70.801900    0.149027     -0.093610    5.868697    
0.176406     0.044520     8.859157     9.077043     0.017773     0.004485     0.892541    
0.659850     -0.090065    82.050096    82.076408    0.063918     -0.008724    7.947967    
-0.713944    0.053256     20.077465    20.186433    -0.116238    0.008671     3.268833    
-0.381337    -0.833587    92.243468    92.269023    -0.036312    -0.079377    8.783793    
-0.654363    -1.266358    31.171960    31.266562    -0.041108    -0.079554    1.958246    
-1.243095    0.944788     71.761705    71.805677    -0.069934    0.053152     4.037171    
-1.333210    -0.601363    109.055124   109.082694   -0.000423    -0.000191    0.034566    
-0.834348    -0.020298    58.122572    58.161885    -0.012394    -0.000302    0.863361    
0.618827     -1.041281    71.616141    71.653429    0.006706     -0.011285    0.776121    
-1.212293    -0.408893    24.056379    24.170667    -0.003038    -0.001025    0.060282    
0.466963     -1.028735    52.709269    52.758112    0.008394     -0.018492    0.947467    
-1.451444    2.295927     29.693497    29.882381    -0.075221    0.118986     1.538867    
-0.081888    0.941935     29.889405    29.969075    -0.005065    0.058266     1.848887    
-1.061445    0.410267     4.536069     5.074037     -0.058178    0.022487     0.248623    
-0.648523    -1.120947    12.836271    13.050744    -0.019745    -0.034128    0.390807    
1.095788     -1.653443    41.846606    41.939814    0.014778     -0.022298    0.564333    
3.043789     0.308892     48.920425    49.055510    0.222728     0.022603     3.579729    
0.316048     0.415859     15.290417    15.425454    0.051729     0.068065     2.502631    
1.448643     -0.477738    12.875575    13.114197    0.018224     -0.006010    0.161974    
1.622223     1.204768     26.018760    26.171242    0.006437     0.004781     0.103247    
-0.640591    0.807903     5.811657     6.222007     -0.053850    0.067914     0.488543    
0.202642     -0.662833    7.312617     7.604586     0.021863     -0.071513    0.788963    
0.695289     -1.234060    30.063544    30.161199    0.060822     -0.107953    2.629884    
1.433711     -1.198548    69.444562    69.497584    0.079412     -0.066387    3.846487    
1.535014     -0.630025    32.938846    33.039306    0.239115     -0.098142    5.131017    
1.092763     0.062822     28.670802    28.759136    0.024621     0.001415     0.645970    
-1.710940    1.696515     129.536267   129.573627   -0.060798    0.060285     4.603035    
-0.532156    -1.791917    12.354558    12.649277    -0.086808    -0.292308    2.015345    
0.889852     0.003775     53.158804    53.202681    0.047880     0.000203     2.860305    
0.212421     1.083994     37.074717    37.143368    0.001824     0.009310     0.318415    
1.543587     0.929294     31.616570    31.728988    0.006008     0.003617     0.123052    
2.250698     0.226419     80.650502    80.706229    0.027667     0.002783     0.991402    
-0.083183    -2.049508    90.054332    90.099196    -0.011517    -0.283763    12.468415   
-0.461646    -1.163802    21.465216    21.591619    -0.031485    -0.079373    1.463960    
-0.526257    -0.324701    10.664305    10.862078    -0.030100    -0.018572    0.609954    
0.912915     1.116775     69.587860    69.630638    0.002100     0.002569     0.160088    
-0.230478    0.163128     16.516374    16.635663    -0.005910    0.004183     0.423530    
0.357161     1.231756     15.094090    15.275840    0.028883     0.099611     1.220639    
-0.444079    1.761227     14.209382    14.459620    -0.011239    0.044573     0.359612    
-0.376666    -0.102823    11.900751    12.068773    -0.023476    -0.006409    0.741729    
-0.747254    -1.931725    16.291655    16.540343    -0.033123    -0.085627    0.722159    
-0.350818    -0.023240    31.786732    31.849567    -0.000637    -0.000042    0.057728    
0.271350     2.091576     18.575565    18.798269    0.000625     0.004814     0.042753    
-0.643049    0.308356     63.119938    63.154652    -0.059873    0.028710     5.876980    
1.657634     -0.162145    32.305647    32.408391    0.114329     -0.011183    2.228158    
1.862319     -2.965501    193.532932   193.574619   0.178053     -0.283526    18.503338   
0.040793     2.077512     21.914747    22.100878    0.001858     0.094605     0.997947    
0.274830     0.186860     94.362031    94.383146    0.009172     0.006236     3.149229    
-0.138763    0.760541     51.040157    51.083953    -0.013172    0.072197     4.845134    
-0.274619    1.833876     37.998845    38.094957    -0.026556    0.177339     3.674560    
0.420116     -0.191274    48.891031    48.932821    0.007176     -0.003267    0.835098    
-1.057548    -1.455394    22.875734    23.030648    -0.031194    -0.042929    0.674753    
-1.657784    -0.332683    30.148744    30.260215    -0.004585    -0.000920    0.083390    
0.086859     -0.078715    14.638661    14.770886    0.000210     -0.000190    0.035313    
-0.116565    0.741419     9.798914     10.022822    -0.017300    0.110038     1.454305    
1.995582     2.779003     78.382522    78.481844    0.055200     0.076870     2.168152    
0.012793     1.398765     25.818320    25.931010    0.000424     0.046322     0.855007    
-0.470896    -2.126040    56.424504    56.500809    -0.003121    -0.014089    0.373923    
-0.153049    2.797201     39.671649    39.819122    -0.019506    0.356493     5.056010    
2.054789     -1.229167    28.525809    28.693723    0.126347     -0.075580    1.754021    
0.162371     0.126259     14.569728    14.703545    0.024398     0.018971     2.189224    
-0.513951    -0.124508    7.277052     7.557122     -0.065029    -0.015754    0.920748    
1.048696     -0.853774    57.170119    57.219980    0.052664     -0.042875    2.870985    
-1.572731    0.420370     59.552495    59.607254    -0.147461    0.039414     5.583693    
-0.937525    -0.729451    53.388279    53.437761    -0.242333    -0.188550    13.799897   
-0.084181    1.567737     88.129909    88.165870    -0.004333    0.080696     4.536323    
-0.623242    1.304146     45.240138    45.306007    -0.138206    0.289199     10.032170   
2.358322     -1.668308    72.599667    72.683777    0.259232     -0.183384    7.980317    
-0.657247    1.828615     20.221441    20.409738    -0.046781    0.130157     1.439316    
0.771127     -1.727457    52.147873    52.219292    0.004880     -0.010933    0.330032    
-0.601451    -0.026831    12.732149    12.897482    -0.071395    -0.003185    1.511365    
0.815756     1.499613     72.069697    72.116784    0.008979     0.016506     0.793276    
0.620631     -0.682535    10.047152    10.279652    0.006686     -0.007353    0.108235    
0.249098     0.781080     40.410543    40.466765    0.009098     0.028529     1.475996    
0.972966     1.997364     34.048107    34.177254    0.017079     0.035061     0.597660    
-0.421224    -0.045223    21.794323    21.887141    -0.023852    -0.002561    1.234132    
2.726183     -1.306761    153.464983   153.507380   0.513939     -0.246350    28.931144   
1.488276     -1.271403    38.138547    38.239445    0.014686     -0.012546    0.376348    
0.236516     -0.544743    49.743146    49.785622    0.004916     -0.011323    1.033953    
0.262264     0.343881     45.505477    45.550087    0.009739     0.012770     1.689862    
0.337262     -0.840056    158.463992   158.478803   0.025289     -0.062990    11.882036   
-0.745980    0.861246     67.706121    67.744314    -0.125405    0.144782     11.381942   
0.696877     0.180667     102.264824   102.286301   0.048327     0.012529     7.091862    
0.750116     -0.526154    9.663058     9.903997     0.018464     -0.012951    0.237851    
-1.264168    0.684475     73.502509    73.542915    -0.011244    0.006088     0.653751    
-0.673814    -0.121948    159.614481   159.628088   -0.018406    -0.003331    4.360109    
0.708065     1.646713     75.951395    75.998042    0.044018     0.102370     4.721594    
-2.222970    0.401009     9.871292     10.315995    -0.024797    0.004473     0.110113    
-1.852262    1.243346     36.433020    36.554298    -0.300832    0.201936     5.917216    
0.293040     -1.925193    84.565908    84.611228    0.000037     -0.000242    0.010637    
-0.119970    1.640011     17.030695    17.222763    -0.023511    0.321395     3.337527    
-1.364071    -0.830771    18.160511    18.336575    -0.015918    -0.009695    0.211927    
0.614917     1.983625     58.166670    58.237010    0.295682     0.953822     27.969338   
-0.288419    0.225433     65.356410    65.387073    -0.020948    0.016373     4.746806    
0.987051     -0.257831    97.022860    97.048189    0.129734     -0.033888    12.752330   
-1.247047    -0.797264    135.799012   135.821344   -0.076844    -0.049128    8.368079    
-0.323358    -0.031598    203.541025   203.550803   -0.023600    -0.002306    14.855191   
-1.467161    2.147893     20.830345    21.084218    -0.160247    0.234599     2.275148    
0.242504     -0.553392    24.488115    24.574535    0.018753     -0.042795    1.893726    
-0.581067    2.236840     29.056454    29.214613    -0.021233    0.081738     1.061769    
-0.726140    1.329064     26.009082    26.127399    -0.043906    0.080361     1.572629    
-0.855336    0.208907     42.794209    42.848507    -0.027602    0.006742     1.380993    
-2.414456    -1.491073    95.934256    95.996402    -0.107741    -0.066537    4.280918    
1.359401     2.674137     83.404879    83.482020    0.086030     0.169234     5.278327    
0.632053     -0.024715    24.319258    24.406994    0.022662     -0.000886    0.871950    
0.165236     -0.561569    15.760243    15.893485    0.000722     -0.002455    0.068888    
0.779615     -0.868092    52.267027    52.317095    0.100062     -0.111417    6.708335    
-0.534990    -0.771278    86.278220    86.305778    -0.065213    -0.094015    10.516930   
-0.855174    0.533768     20.257319    20.377688    -0.023164    0.014458     0.548719    
-0.214004    0.495028     13.897548    14.046624    -0.001096    0.002534     0.071144    
-0.571315    1.101716     68.577005    68.616476    -0.008343    0.016088     1.001436    
0.726333     2.300554     52.535197    52.627388    0.028334     0.089743     2.049354    
-1.691421    -0.120024    119.108057   119.136390   -0.192242    -0.013642    13.537453   
-0.337487    -1.169263    13.546422    13.742691    -0.088056    -0.305081    3.534499    
0.676144     -0.356883    16.741199    16.873862    0.025256     -0.013331    0.625345    
1.047603     -0.356004    9.031463     9.309484     0.000874     -0.000297    0.007531    
0.630132     0.198272     22.517752    22.613281    0.009618     0.003026     0.343694    
-0.640822    1.019034     16.412116    16.573521    -0.023811    0.037864     0.609817    
-2.104362    2.069598     23.534587    23.800489    -0.219284    0.215661     2.452409    
0.479834     -0.590956    45.979829    46.028242    0.015624     -0.019242    1.497124    
0.115790     -1.313790    28.810523    28.907796    0.009731     -0.110414    2.421298    
2.116569     -0.547928    46.537238    46.630136    0.339891     -0.087989    7.473219    
-1.482190    -1.968160    84.090432    84.149547    -0.229474    -0.304712    13.018929   
0.472471     -0.594209    18.093580    18.216172    0.020100     -0.025279    0.769728    
-0.552199    0.758411     77.507921    77.538590    -0.060425    0.082990     8.481433    
0.764471     -2.129744    95.250782    95.297988    0.040394     -0.112533    5.032948    
0.690917     -1.000524    20.287886    20.419395    0.002341     -0.003390    0.068736    
1.692202     -1.115105    42.637935    42.731434    0.033780     -0.022260    0.851142    
2.456635     1.804089     91.819249    91.890910    0.189643     0.139269     7.088117    
0.497448     0.453549     76.868691    76.896838    0.141696     0.129191     21.895716   
-1.798410    0.987744     132.763721   132.794166   -0.112130    0.061585     8.277754    
1.002109     1.487970     130.469952   130.497133   0.033068     0.049101     4.305336    
0.648267     -0.384364    100.205614   100.227780   0.000619     -0.000367    0.095638    
2.074649     0.346792     35.615591    35.731915    0.669181     0.111858     11.487856   
-0.538179    0.187508     79.383018    79.409466    -0.007336    0.002556     1.082104    
0.417326     0.236364     13.248501    13.402528    0.020474     0.011596     0.649967    
1.619603     0.274498     38.141184    38.227259    0.350960     0.059482     8.265001    
-0.631463    0.470105     8.319204     8.585095     -0.019536    0.014544     0.257371    
2.137336     2.338288     86.102257    86.183000    0.019762     0.021620     0.796099    
2.292985     0.122934     99.011380    99.057565    0.107382     0.005757     4.636748    
1.223980     -1.123041    41.308904    41.389127    0.146407     -0.134333    4.941193    
-0.343739    -0.471476    26.414292    26.493966    -0.001928    -0.002644    0.148149    
0.104772     0.670053     28.073068    28.150169    0.028810     0.184254     7.719628    
-0.330385    -0.438206    26.808677    26.886452    -0.026611    -0.035295    2.159310    
-0.691304    0.206498     26.900372    26.981948    -0.044017    0.013148     1.712814    
2.379962     -0.026522    46.176607    46.279790    0.189405     -0.002111    3.674879    
0.915210     0.766824     59.889365    59.933602    0.054027     0.045267     3.535380    
-1.136050    1.806785     38.613968    38.722972    -0.072229    0.114874     2.455053    
-0.374822    -0.546242    61.367187    61.402325    -0.011843    -0.017259    1.938929    
0.695252     -1.488322    30.053380    30.162545    0.137945     -0.295297    5.962880    
0.673760     -0.274846    102.326905   102.348424   0.007139     -0.002912    1.084231    
0.549017     -0.359876    4.884009     5.306546     0.023377     -0.015323    0.207958    
-0.557715    -1.170743    36.593616    36.669461    -0.022673    -0.047595    1.487662    
-0.522814    -0.665849    71.022657    71.054975    -0.048015    -0.061151    6.522666    
-1.271839    -0.844580    18.486545    18.653637    -0.503844    -0.334584    7.323523    
0.111862     0.727522     7.320553     7.616249     0.013177     0.085700     0.862343    
-1.643975    -0.818501    21.989814    22.153994    -0.038941    -0.019388    0.520875    
0.893324     -0.043833    21.181454    21.291521    0.063416     -0.003112    1.503654    
1.542187     -0.229462    27.260380    27.375797    0.263447     -0.039198    4.656810    
0.329718     0.209798     8.655944     8.885552     0.009259     0.005891     0.243073    
-1.012796    0.454682     26.520868    26.616985    -0.030894    0.013869     0.808979    
-0.831837    -1.260274    48.029470    48.093504    -0.076692    -0.116192    4.428127    
-0.655842    0.533048     42.325033    42.379212    -0.012011    0.009762     0.775113    
0.997362     -0.696731    7.352160     7.707748     0.164516     -0.114927    1.212748    
0.228132     0.420790     22.533613    22.624495    0.003742     0.006902     0.369592    
-2.622129    -0.322198    68.968325    69.046971    -0.298727    -0.036706    7.857235    
-0.324252    -0.952376    22.978486    23.084582    -0.007225    -0.021221    0.512015    
1.650853     -0.293003    26.499600    26.625456    0.003550     -0.000630    0.056981    
-0.503183    -0.061909    68.442585    68.472764    -0.076896    -0.009461    10.459309   
-1.372161    1.099838     45.460791    45.537358    -0.032647    0.026168     1.081614    
-0.148121    1.036100     20.425909    20.547218    -0.026402    0.184680     3.640830    
0.877946     -0.736948    50.840941    50.891945    0.080555     -0.067618    4.664831    
1.055469     -0.562375    127.026276   127.047156   0.140037     -0.074614    16.853486   
1.601616     0.561412     34.278777    34.377171    0.117906     0.041329     2.523500    
-1.603897    -0.377622    13.784052    14.021060    -0.025049    -0.005898    0.215276    
-0.044840    1.383766     95.973959    96.004128    -0.001909    0.058922     4.086692    
0.259311     -1.117230    27.084516    27.180166    0.012945     -0.055771    1.352037    
-0.583196    -0.459446    42.672833    42.724663    -0.058190    -0.045843    4.257823    
2.208546     1.243342     38.943590    39.075590    0.044626     0.025123     0.786891    
-0.432355    -1.095445    49.327466    49.380773    -0.037412    -0.094790    4.268377    
0.409048     -2.253281    19.692144    19.922351    0.011055     -0.060898    0.532208    
0.838619     0.506344     45.964053    46.016614    0.055842     0.033716     3.060653    
-0.243619    -0.542383    111.316766   111.335757   -0.002723    -0.006063    1.244335    
0.252242     0.216553     18.153233    18.262677    0.001036     0.000890     0.074580    
1.200345     -1.702691    23.219855    23.396081    0.027130     -0.038483    0.524803    
1.190169     2.224275     34.503500    34.651557    0.119689     0.223684     3.469844    
0.687765     0.414064     9.481163     9.716577     0.015238     0.009174     0.210067    
1.547568     1.710734     53.026820    53.113465    0.094787     0.104781     3.247833    
1.621861     0.111552     32.528923    32.628954    0.282550     0.019434     5.666975    
1.611708     -2.247709    16.785865    17.125712    0.015836     -0.022086    0.164935    
-0.504920    0.465746     14.992635    15.136906    -0.013280    0.012250     0.394337    
-0.844957    2.023721     65.051419    65.118135    -0.090093    0.215777     6.936031    
-0.955072    -0.256447    53.972920    54.017858    -0.043993    -0.011813    2.486154    
-0.334698    0.700723     10.625732    10.834397    -0.052112    0.109102     1.654418    
0.514291     0.062919     31.697663    31.762954    0.028397     0.003474     1.750233    
-0.984392    1.364989     86.510070    86.548827    -0.128277    0.177872     11.273159   
-1.131421    -0.301886    49.210426    49.263700    -0.087581    -0.023368    3.809297    
0.570068     -0.640591    11.503123    11.701800    0.012008     -0.013493    0.242299    
0.596516     -0.258939    7.458018     7.740793     0.105094     -0.045620    1.313954    
-0.957493    -0.986980    21.244929    21.380199    -0.069167    -0.071297    1.534679    
1.257478     -0.636009    36.401995    36.482406    0.224689     -0.113644    6.504393    
-0.634124    -1.191468    156.273493   156.291718   -0.139621    -0.262337    34.408233   
-0.443422    0.438836     58.156818    58.193468    -0.002633    0.002606     0.345323    
0.872654     -0.223588    106.379123   106.401148   0.000484     -0.000124    0.058962    
0.006507     0.093321     90.282579    90.304085    0.000243     0.003488     3.374517    
1.965484     -1.063554    23.772800    23.958616    0.175411     -0.094917    2.121617    
-0.690464    -1.010867    8.943126     9.238671     -0.063040    -0.092293    0.816516    
1.166598     -0.318220    5.841341     6.281595     0.004314     -0.001177    0.021599    
0.915346     -0.393529    48.546474    48.596582    0.127795     -0.054942    6.777785    
-0.667045    0.734203     30.477728    30.557337    -0.013265    0.014601     0.606088    
-0.585386    0.603647     61.076459    61.113958    -0.008682    0.008953     0.905814    
-0.468015    -1.017334    144.170606   144.188393   -0.033368    -0.072534    10.279026   
0.277294     -0.051616    26.868599    26.942089    0.005042     -0.000938    0.488526    
0.638691     -0.010427    68.789327    68.820451    0.042512     -0.000694    4.578691    
-1.245177    -1.119098    33.250987    33.351250    -0.030893    -0.027765    0.824965    
1.941615     -1.082989    47.814834    47.906952    0.133684     -0.074566    3.292146    
2.231119     1.774976     58.466380    58.568942    0.408604     0.325067     10.707449   
-0.193958    1.377357     13.334278    13.550374    -0.014936    0.106063     1.026806    
0.569447     -0.114511    10.544935    10.742811    0.007662     -0.001541    0.141888    
1.502057     0.223049     82.803273    82.840587    0.041620     0.006180     2.294381    
0.436464     0.024108     55.255438    55.292219    0.102467     0.005660     12.972153   
-0.509745    0.579914     47.599837    47.646780    -0.101546    0.115524     9.482344    
1.018108     -1.513901    39.901192    39.991356    0.042781     -0.063614    1.676657    
-1.372096    -0.796337    16.939776    17.127398    -0.019566    -0.011356    0.241560    
-0.936125    0.394790     13.987106    14.161436    -0.079336    0.033458     1.185402    
-0.684778    0.346216     10.302264    10.516672    -0.018436    0.009321     0.277360    
0.001378     0.562109     27.943730    28.018618    0.000070     0.028543     1.418925    
2.275382     0.203926     102.622666   102.666964   0.043709     0.003917     1.971324    
0.198112     0.713318     7.360061     7.654640     0.011640     0.041909     0.432420    
0.646986     -1.544741    38.966155    39.051773    0.017330     -0.041378    1.043762    
0.111923     3.186909     58.833013    58.952246    0.012722     0.362240     6.687254    
0.770447     0.800752     29.253667    29.340872    0.005259     0.005466     0.199700    
1.927548     -0.255284    87.881377    87.924923    0.146532     -0.019407    6.680718    
0.711858     0.510484     58.095964    58.135904    0.003228     0.002315     0.263476    
1.408237     0.570221     52.708800    52.767422    0.315544     0.127770     11.810471   
-1.666399    -0.298349    25.348525    25.481141    -0.083686    -0.014983    1.272989    
0.032724     0.386415     45.271396    45.315832    0.000378     0.004466     0.523171    
0.848510     1.819875     64.888131    64.949030    0.070721     0.151681     5.408227    
-0.574311    -0.380232    15.225768    15.367933    -0.051764    -0.034271    1.372338    
1.604891     -1.135374    60.122939    60.187270    0.000882     -0.000624    0.033053    
0.295413     -0.850488    37.805045    37.866965    0.052840     -0.152125    6.762095    
1.692577     1.190752     18.958804    19.172738    0.107781     0.075826     1.207272    
0.890972     -0.030278    25.082431    25.175346    0.085756     -0.002914    2.414177    
0.393077     -0.294024    15.150091    15.285325    0.025557     -0.019117    0.985012    
1.511645     0.100413     137.318066   137.340531   0.110225     0.007322     10.012897   
0.493048     -0.418172    8.772513     9.013873     0.017345     -0.014711    0.308612    
0.713450     -1.139638    56.610986    56.661154    0.000956     -0.001527    0.075839    
0.661042     0.532023     66.491245    66.525789    0.017791     0.014318     1.789489    
1.272242     1.549092     16.702184    16.936830    0.044319     0.053963     0.581830    
0.066106     0.053442     59.792647    59.825102    0.000317     0.000256     0.286525    
1.544007     -0.999030    37.580981    37.677409    0.255254     -0.165159    6.212849    
-0.331742    -1.467100    25.500337    25.620393    -0.013498    -0.059695    1.037590    
0.706283     0.668247     31.964297    32.039610    0.057901     0.054783     2.620419    
1.441817     0.597721     30.388965    30.492626    0.197739     0.081975     4.167719    
-0.213398    -0.274095    22.309757    22.399127    -0.000839    -0.001078    0.087708    
0.548313     -0.232961    20.546688    20.649365    0.002315     -0.000984    0.086759    
1.226063     -1.200703    17.210598    17.407600    0.253409     -0.248167    3.557170    
1.189759     1.497960     78.658530    78.706408    0.249335     0.313924     16.484288   
-1.821688    0.356238     46.545643    46.624213    -0.132569    0.025924     3.387235    
-0.035129    0.734748     13.401435    13.565195    -0.000305    0.006388     0.116513    
0.319712     -1.211009    93.289399    93.318571    0.000823     -0.003117    0.240153    
-0.226048    -1.313484    29.952966    30.047154    -0.001088    -0.006323    0.144190    
0.285373     -0.762539    24.892741    24.983723    0.010541     -0.028166    0.919474    
-0.326998    0.771474     26.933441    27.018277    -0.030620    0.072241     2.522062    
0.362087     0.938223     54.151684    54.196782    0.002205     0.005714     0.329768    
0.846225     -0.959647    41.038005    41.105107    0.006452     -0.007316    0.312869    
1.619229     1.229525     47.073949    47.158937    0.030501     0.023160     0.886717    
1.423408     -0.884117    26.177258    26.304592    0.000178     -0.000110    0.003267    
-1.240854    -1.589699    66.336763    66.396596    -0.167636    -0.214764    8.961927    
0.591181     0.081801     47.285089    47.329809    0.004802     0.000664     0.384108    
0.342750     2.200267     65.585420    65.652730    0.017080     0.109643     3.268245    
-0.566068    0.685866     49.646075    49.693043    -0.002885    0.003495     0.253002    
-0.107410    0.745197     11.449376    11.641736    -0.002736    0.018983     0.291663    
0.863259     0.609213     45.859206    45.913593    0.119203     0.084123     6.332458    
-0.227636    0.674729     37.453461    37.511915    -0.010923    0.032376     1.797136    
-1.431990    -2.362360    16.176764    16.528581    -0.468681    -0.773184    5.294544    
-0.173062    1.649651     8.867026     9.233114     -0.041323    0.393894     2.117219    
-0.188404    2.192128     47.528378    47.619981    -0.015771    0.183502     3.978568    
-0.417085    -0.820732    13.931535    14.100006    -0.012460    -0.024518    0.416187    
-1.999780    1.859440     29.566672    29.757683    -0.056485    0.052521     0.835132    
-0.973406    -1.336977    56.680860    56.739139    -0.082925    -0.113898    4.828676    
-0.621815    -1.040777    39.523477    39.591035    -0.010993    -0.018401    0.698761    
0.823423     2.486285     22.006987    22.249540    0.003411     0.010301     0.091174    
-1.196383    -2.336649    68.314477    68.393231    -0.047448    -0.092671    2.709345    
-1.679073    1.528627     25.067961    25.247448    -0.126791    0.115431     1.892950    
0.514381     -1.072271    76.886131    76.920520    0.076376     -0.159212    11.416162   
-0.013565    -0.475840    83.153666    83.178324    -0.000245    -0.008582    1.499734    
0.890573     0.644252     18.715006    18.850321    0.034454     0.024924     0.724035    
-1.352176    -0.730757    43.087245    43.159565    -0.011011    -0.005950    0.350852    
-1.392711    0.233794     47.649911    47.711459    -0.214000    0.035924     7.321752    
-0.056347    -0.871055    17.077653    17.212876    -0.000473    -0.007313    0.143384    
-1.047364    3.035383     42.342228    42.509408    -0.099726    0.289017     4.031652    
-3.445950    -1.219007    28.208712    28.512575    -0.213094    -0.075382    1.744395    
1.814812     1.743062     63.838593    63.918485    0.063817     0.061294     2.244863    
0.131654     0.055080     10.301334    10.488699    0.001752     0.000733     0.137089    
0.333470     0.532815     18.144804    18.262090    0.006052     0.009669     0.329275    
0.610578     3.277160     65.408047    65.522516    0.137971     0.740535     14.780167   
-2.237084    -1.874624    40.393607    40.546728    -0.068276    -0.057214    1.232814    
0.363793     -1.561806    133.012700   133.036930   0.004562     -0.019585    1.667946    
-1.922249    0.424087     64.567191    64.627177    -0.092103    0.020320     3.093699    
0.488078     -0.911366    14.590497    14.758942    0.041669     -0.077807    1.245655    
-0.831751    -1.020466    35.302700    35.382040    -0.151988    -0.186472    6.450932    
1.547307     0.118831     105.609473   105.639217   0.025822     0.001983     1.762436    
0.579889     -1.456543    52.960113    53.019867    0.034910     -0.087685    3.188226    
-0.555751    0.459577     7.403843     7.694928     -0.010451    0.008642     0.139224    
1.413155     -0.942743    13.517332    13.765136    0.098724     -0.065861    0.944328    
-1.651262    0.097981     39.662845    39.746100    -0.011912    0.000707     0.286113    
0.332473     0.677897     30.313710    30.386939    0.009640     0.019656     0.878974    
0.289313     0.594513     72.869917    72.899498    0.003714     0.007632     0.935424    
0.469851     -0.300296    93.244417    93.266860    0.105866     -0.067662    21.009691   
0.854546     0.340024     7.627504     7.930929     0.135881     0.054067     1.212846    
-1.105717    0.178613     12.430138    12.634785    -0.076308    0.012326     0.857831    
-0.743586    -2.099196    17.632205    17.880972    -0.022300    -0.062955    0.528794    
-0.325852    0.282261     53.956869    53.994486    -0.022521    0.019508     3.729143    
-0.333528    0.639180     36.672768    36.732638    -0.046646    0.089393     5.128889    
0.941886     -0.184114    19.910926    20.031000    0.055438     -0.010837    1.171928    
0.251705     -0.119098    112.244824   112.262429   0.030057     -0.014222    13.403673   
-0.591836    1.219203     59.414973    59.463020    -0.054978    0.113256     5.519269    
0.363476     -0.668240    10.086881    10.305280    0.019947     -0.036672    0.553553    
-0.045946    -1.684308    39.014253    39.100204    -0.001600    -0.058664    1.358861    
-0.232233    -0.422533    4.547174     4.978375     -0.023000    -0.041846    0.450340    
1.094275     0.182565     8.806117     9.091392     0.006736     0.001124     0.054208    
-0.036422    0.845607     22.158806    22.262165    -0.001839    0.042706     1.119107    
-1.751721    -0.721006    194.859274   194.878423   -0.137040    -0.056405    15.244126   
1.674169     0.708206     13.543592    13.806094    0.015347     0.006492     0.124152    
3.227784     1.925071     138.646295   138.711191   0.175140     0.104455     7.522976    
0.202503     -1.508907    87.265169    87.300644    0.013522     -0.100753    5.826891    
0.137272     -2.225718    31.330027    31.470911    0.004160     -0.067451    0.949469    
0.750352     0.465883     13.681396    13.850473    0.037451     0.023253     0.682858    
-1.366927    1.147918     47.707778    47.781725    -0.011006    0.009242     0.384117    
-1.255220    0.094100     72.644018    72.681585    -0.079236    0.005940     4.585660    
0.928343     -0.424163    86.662057    86.690419    0.058817     -0.026874    5.490633    
-0.088070    1.215303     17.489246    17.641808    -0.000087    0.001194     0.017189    
-0.635246    -0.221576    28.057144    28.134159    -0.112469    -0.039230    4.967464    
-0.365525    -1.509520    14.881547    15.091311    -0.031211    -0.128891    1.270669    
1.299304     0.840083     42.276052    42.350129    0.072698     0.047004     2.365419    
2.513643     -2.184351    18.050191    18.460069    0.174992     -0.152068    1.256601    
0.093632     0.328648     14.266471    14.405691    0.001305     0.004579     0.198788    
-0.418866    -0.229519    49.362154    49.403697    -0.027694    -0.015175    3.263650    
1.774566     -0.433057    148.604950   148.629212   0.226979     -0.055391    19.007567   
1.078452     -3.029721    40.617149    40.791789    0.195355     -0.548815    7.357540    
2.094205     0.416070     26.674366    26.831988    0.031899     0.006338     0.406310    
-2.141308    0.136077     51.938012    52.019571    -0.494038    0.031395     11.983015   
0.097460     -0.881991    16.173781    16.317277    0.001076     -0.009733    0.178485    
0.711141     0.939737     67.278640    67.317748    0.000490     0.000648     0.046377    
0.165797     0.085763     42.411767    42.457835    0.005093     0.002634     1.302784    
-1.741643    -0.087601    109.898864   109.930324   -0.049335    -0.002481    3.113064    
0.512434     0.003180     92.619451    92.641784    0.169636     0.001053     30.660770   
-0.467116    -1.102286    19.887324    20.020336    -0.014319    -0.033789    0.609620    
-0.089787    1.395901     30.253477    30.349702    -0.006046    0.093994     2.037148    
0.896374     0.612598     33.220207    33.296184    0.021958     0.015006     0.813772    
0.104348     -0.784215    62.605398    62.641333    0.000584     -0.004388    0.350288    
-0.325988    0.491345     42.314073    42.363940    -0.046255    0.069717     6.003974    
-0.063372    2.784884     30.008422    30.201654    -0.001892    0.083139     0.895859    
-0.550834    1.721315     61.213628    61.271931    -0.005584    0.017449     0.620509    
1.641545     0.858427     33.622889    33.731368    0.123324     0.064491     2.525986    
1.861970     -0.458905    57.297438    57.363306    0.092250     -0.022736    2.838754    
-0.804444    -2.446303    84.997575    85.059357    -0.008303    -0.025248    0.877264    
1.323879     -0.206792    12.954371    13.171412    0.054151     -0.008458    0.529873    
-0.171934    0.028640     14.074655    14.212715    -0.001572    0.000262     0.128709    
-0.903291    0.813902     51.764275    51.815958    -0.012760    0.011497     0.731214    
-0.702268    -0.587666    59.409896    59.449552    -0.190506    -0.159418    16.116311   
1.013521     0.760332     42.790203    42.854192    0.041789     0.031349     1.764285    
-0.758653    -0.986377    17.498877    17.653162    -0.046698    -0.060716    1.077129    
-0.175299    -0.290689    13.529000    13.675673    -0.029244    -0.048494    2.256978    
0.204413     0.778754     116.229833   116.249290   0.010544     0.040170     5.995398    
0.696938     -0.180281    64.961868    64.995672    0.032630     -0.008441    3.041462    
-0.262407    -1.742364    31.694225    31.804144    -0.000929    -0.006170    0.112228    
-1.140044    2.474024     82.562449    82.630826    -0.098652    0.214086     7.144418    
0.536341     -0.562483    22.146393    22.247286    0.033812     -0.035460    1.396156    
-0.557584    -0.339283    79.602649    79.629660    -0.001884    -0.001146    0.268954    
1.853110     1.054674     14.216305    14.509467    0.319305     0.181728     2.449577    
-0.094244    1.320023     61.075782    61.121825    -0.004327    0.060605     2.804138    
0.505277     -0.603345    71.049043    71.080664    0.126628     -0.151206    17.805744   
0.662116     0.751526     25.463889    25.559495    0.004561     0.005177     0.175401    
0.394640     0.308059     11.427699    11.606804    0.036706     0.028653     1.062896    
1.347972     0.371254     42.967818    43.035604    0.025957     0.007149     0.827396    
0.169624     -1.178224    21.645869    21.767765    0.020677     -0.143622    2.638558    
1.523241     -0.701327    11.993166    12.268786    0.188009     -0.086563    1.480278    
0.969348     -0.396796    14.472706    14.643472    0.026178     -0.010716    0.390848    
0.819162     0.163706     9.560679     9.796905     0.028162     0.005628     0.328683    
-0.171219    0.744374     26.094656    26.179943    -0.003873    0.016838     0.590264    
-1.843478    -0.307969    39.306489    39.400105    -0.026810    -0.004479    0.571632    
0.091084     0.042071     63.067730    63.098523    0.000669     0.000309     0.463396    
-2.262313    1.908546     94.109178    94.176287    -0.129776    0.109483     5.398513    
1.980844     -0.876557    127.057703   127.091412   0.116506     -0.051556    7.473040    
1.134882     -0.650927    12.446445    12.668883    0.152703     -0.087585    1.674717    
-2.582438    0.980169     37.719131    37.871329    -0.168467    0.063942     2.460635    
-1.362491    -0.684615    82.525670    82.563226    -0.020522    -0.010312    1.243010    
0.738500     0.648605     51.106339    51.153679    0.049357     0.043349     3.415636    
0.418402     -1.020681    31.127946    31.209627    0.075175     -0.183387    5.592808    
0.223591     1.090814     30.222058    30.306561    0.027776     0.135509     3.754411    
0.556112     1.638165     53.688211    53.752133    0.008343     0.024576     0.805428    
-1.065692    1.117332     59.242172    59.294974    -0.001291    0.001354     0.071792    
-0.537614    1.294247     35.047562    35.130765    -0.023046    0.055480     1.502362    
-1.054412    -0.453521    102.594478   102.619780   -0.024241    -0.010427    2.358683    
-0.223589    1.499814     137.148430   137.170938   -0.001650    0.011071     1.012383    
1.873828     1.690179     57.565627    57.654525    0.027176     0.024512     0.834868    
-0.309388    -1.765393    15.015560    15.249733    -0.004559    -0.026015    0.221272    
1.123452     -0.684927    74.318104    74.355813    0.008544     -0.005209    0.565188    
-0.062597    -1.976348    21.124906    21.308366    -0.000215    -0.006778    0.072452    
0.175534     0.078362     118.691271   118.707750   0.022416     0.010007     15.157300   
0.256843     0.656525     11.062792    11.258655    0.069379     0.177343     2.988322    
1.527536     0.285846     38.113208    38.195636    0.057294     0.010721     1.429528    
-0.296914    -1.386178    16.573529    16.750118    -0.016146    -0.075378    0.901239    
1.406264     -0.046553    16.648850    16.823760    0.011505     -0.000381    0.136210    
0.720840     -0.739294    60.301466    60.342423    0.020046     -0.020559    1.676947    
-0.794873    1.711240     24.293178    24.445728    -0.027551    0.059312     0.842012    
-1.103175    1.512072     19.913939    20.098340    -0.369674    0.506696     6.673171    
0.150118     0.015491     85.462580    85.485381    0.011954     0.001234     6.805585    
1.403242     0.699121     36.251394    36.338635    0.043082     0.021464     1.112976    
0.548932     1.773133     77.153644    77.201069    0.064274     0.207614     9.033818    
0.221530     -0.580706    37.236857    37.294031    0.002561     -0.006713    0.430454    
-1.019488    -0.087006    20.315657    20.436433    -0.019606    -0.001673    0.390685    
-0.968108    0.309254     61.833262    61.872935    -0.078449    0.025060     5.010556    
-0.748201    0.316656     51.148044    51.192357    -0.167421    0.070856     11.445103   
-1.763096    -0.082801    62.349314    62.405346    -0.261023    -0.012259    9.230691    
-1.030193    0.865741     18.180675    18.336376    -0.018424    0.015483     0.325150    
-1.090924    -1.447970    41.695684    41.781476    -0.019178    -0.025454    0.732979    
1.636706     0.767815     19.805877    19.985396    0.139786     0.065576     1.691553    
2.210255     -0.395972    28.043197    28.201735    0.085541     -0.015325    1.085327    
-1.625877    0.910031     24.658955    24.807471    -0.042926    0.024027     0.651043    
-0.542757    1.176044     22.999569    23.119965    -0.057704    0.125032     2.445219    
-0.022395    -0.602354    22.179382    22.274723    -0.000511    -0.013737    0.505811    
-0.148078    -1.760114    59.919536    59.977876    -0.015088    -0.179343    6.105357    
-1.656261    -0.939595    31.497522    31.616371    -0.117967    -0.066922    2.243404    
1.441350     1.949176     39.154970    39.279300    0.258405     0.349448     7.019698    
-1.314648    0.146453     110.333676   110.359162   -0.151345    0.016860     12.701864   
-0.405623    0.711248     38.114353    38.173934    -0.047507    0.083303     4.464032    
-0.091279    1.233470     93.753672    93.782492    -0.001126    0.015211     1.156197    
-1.318766    0.696918     39.349614    39.427045    -0.049986    0.026416     1.491498    
-0.300143    0.450776     6.135643     6.466401     -0.049368    0.074144     1.009197    
0.633944     1.382288     16.454207    16.641168    0.027615     0.060214     0.716767    
-0.213982    0.249892     88.437544    88.460061    -0.005908    0.006900     2.441899    
-0.790270    -0.614732    21.010718    21.126468    -0.063712    -0.049560    1.693907    
0.943695     -2.019568    21.393389    21.599104    0.028726     -0.061475    0.651205    
-0.586936    1.530872     24.260310    24.395197    -0.065273    0.170247     2.697971    
-0.301302    -0.566086    25.518358    25.602202    -0.018767    -0.035260    1.589449    
0.163259     -0.789336    38.203834    38.263005    0.004924     -0.023805    1.152153    
-0.211356    -0.573096    103.218316   103.238892   -0.006235    -0.016906    3.044855    
-0.913404    0.862687     53.289457    53.340601    -0.035632    0.033654     2.078843    
-2.396241    -0.941584    66.806411    66.884977    -0.033442    -0.013141    0.932343    
3.706723     -0.168181    142.903574   142.965291   0.115335     -0.005233    4.446442    
-1.068037    0.897029     38.688233    38.763381    -0.021240    0.017839     0.769375    
-1.930456    -0.577456    47.264722    47.348591    -0.154881    -0.046329    3.792058    
-0.670693    -0.116679    9.360787     9.589720     -0.051530    -0.008965    0.719199    
-0.673751    -0.434767    47.313233    47.360954    -0.013846    -0.008935    0.972320    
-1.094283    0.693525     21.414206    21.543482    -0.002136    0.001353     0.041790    
-0.634951    -0.514616    20.862570    20.971165    -0.077017    -0.062421    2.530540    
-1.565912    -0.894164    47.703392    47.778030    -0.139287    -0.079535    4.243191    
-1.130255    0.122042     65.452697    65.492158    -0.040642    0.004388     2.353583    
-1.307849    -0.188314    31.048339    31.138725    -0.186660    -0.026877    4.431316    
-0.575003    1.322031     25.510366    25.626786    -0.039346    0.090462     1.745596    
-0.683518    -0.053813    7.500731     7.784986     -0.171456    -0.013499    1.881509    
-0.992269    -0.416605    19.283817    19.413879    -0.087500    -0.036737    1.700482    
0.595449     0.065153     47.464565    47.509143    0.122658     0.013421     9.777335    
1.559848     1.899925     48.311388    48.413923    0.165978     0.202165     5.140658    
0.180889     -1.444060    13.957536    14.170596    0.026207     -0.209214    2.022150    
-0.207671    0.580059     97.683534    97.705308    -0.029424    0.082185     13.840240   
0.379579     -0.322957    73.200092    73.228252    0.008119     -0.006908    1.565684    
-0.031908    -1.665489    64.046606    64.098499    -0.002440    -0.127377    4.898300    
-0.381267    -1.953038    21.112958    21.297692    -0.057694    -0.295540    3.194876    
-0.163522    -2.228328    39.462905    39.575093    -0.001503    -0.020479    0.362681    
0.518295     0.818664     82.746474    82.775556    0.054587     0.086221     8.714816    
2.120546     1.329871     16.691876    16.992909    0.006765     0.004242     0.053249    
0.267801     -0.769251    31.316658    31.389034    0.042917     -0.123279    5.018742    
-0.221933    -0.140078    12.364537    12.523003    -0.027883    -0.017599    1.553438    
-1.057087    -0.222897    19.815913    19.942730    -0.016728    -0.003527    0.313578    
-0.090977    1.443709     8.723915     9.059482     -0.004705    0.074670     0.451211    
-2.210907    0.113119     97.966076    98.010856    -0.260461    0.013326     11.541135   
0.534297     -1.104403    10.241069    10.500458    0.056081     -0.115921    1.074928    
-2.444771    0.781611     44.676772    44.793713    -0.163982    0.052426     2.996668    
0.525780     1.363535     15.685702    15.876141    0.011538     0.029923     0.344224    
-1.324522    -0.238212    71.215638    71.255548    -0.082241    -0.014791    4.421875    
0.014976     -0.070288    11.098993    11.272434    0.001762     -0.008271    1.306107    
-0.894833    0.391646     9.371265     9.625470     -0.010888    0.004765     0.114027    
0.850256     1.948713     43.830319    43.925986    0.006540     0.014990     0.337147    
0.206234     0.518660     19.037466    19.147105    0.007233     0.018190     0.667659    
-0.883713    -0.482965    19.625566    19.749734    -0.134955    -0.073755    2.997085    
0.519315     -1.144322    18.250218    18.399037    0.016402     -0.036143    0.576428    
-1.735977    -1.583828    23.410482    23.610331    -0.032387    -0.029549    0.436761    
0.810717     -0.256539    15.669969    15.816003    0.015268     -0.004831    0.295104    
2.130241     1.515399     93.197832    93.255269    0.061512     0.043758     2.691123    
0.063749     1.688021     50.198183    50.265157    0.010319     0.273235     8.125426    
-0.115845    -1.133327    120.578778   120.600226   -0.006549    -0.064074    6.817020    
-0.174441    0.338643     105.616580   105.635609   -0.010458    0.020301     6.331609    
1.752199     1.154683     60.643947    60.712163    0.012785     0.008425     0.442484    
2.446351     2.890872     79.102906    79.217968    0.073975     0.087417     2.392001    
-0.382841    -1.519388    72.343515    72.387252    -0.096277    -0.382098    18.193040   
-0.384568    0.829471     29.582583    29.662098    -0.054238    0.116985     4.172204    
-0.401162    -0.738924    12.380000    12.563689    -0.017209    -0.031699    0.531091    
0.134564     -1.773340    74.508940    74.556153    0.000827     -0.010901    0.458002    
-0.620156    -1.032811    33.856255    33.934824    -0.031568    -0.052573    1.723378    
0.872055     1.198708     20.536218    20.683534    0.001619     0.002225     0.038119    
0.027684     -0.931559    82.295515    82.324330    0.001054     -0.035455    3.132159    
-0.890750    -0.490931    53.276636    53.322690    -0.092801    -0.051146    5.550499    
-0.611885    0.113615     6.269731     6.600893     -0.157632    0.029269     1.615192    
-0.503142    1.770659     28.458697    28.586024    -0.008225    0.028946     0.465239    
1.175095     0.070694     33.603003    33.681191    0.026057     0.001568     0.745136    
0.277644     0.848040     7.490266     7.795851     0.033622     0.102697     0.907062    
1.819140     0.180556     14.494167    14.741021    0.166024     0.016478     1.322814    
0.765173     0.631204     28.001921    28.088546    0.028435     0.023457     1.040604    
0.750644     0.396469     127.279926   127.297978   0.114018     0.060221     19.333038   
2.213029     -0.790186    123.963290   124.001186   0.021330     -0.007616    1.194809    
-0.306970    0.580766     80.739762    80.766427    -0.021465    0.040611     5.645848    
-1.116338    -0.223402    21.666004    21.785013    -0.028512    -0.005706    0.553359    
0.605773     1.166292     6.600998     7.012512     0.012761     0.024569     0.139058    
-1.309966    1.045008     36.339424    36.431261    -0.400549    0.319533     11.111522   
0.319594     -1.728834    101.134640   101.169073   0.048568     -0.262725    15.369055   
-1.578267    -0.574678    21.770588    21.923837    -0.062515    -0.022763    0.862330    
-0.877310    -1.631918    40.488930    40.579074    -0.053189    -0.098939    2.454734    
-0.608560    0.289150     49.249968    49.293897    -0.023837    0.011326     1.929119    
1.221002     -0.225308    16.017331    16.185533    0.157865     -0.029130    2.070908    
0.850797     1.637602     52.078762    52.148614    0.001498     0.002884     0.091706    
2.482325     0.096329     81.181123    81.242975    0.043587     0.001691     1.425460    
0.054473     0.760847     72.579174    72.609871    0.001276     0.017829     1.700795    
0.394440     0.756261     186.897323   186.909635   0.091587     0.175601     43.396904   
2.808402     0.177510     100.780535   100.839029   0.118191     0.007470     4.241318    
-0.581281    -0.225671    16.517922    16.646486    -0.195972    -0.076082    5.568810    
-1.310191    0.308344     30.180715    30.274779    -0.007851    0.001848     0.180861    
0.595801     -1.434286    8.168050     8.544246     0.133410     -0.321160    1.828963    
0.062964     1.472438     75.877058    75.916895    0.002399     0.056094     2.890634    
-2.756697    -1.439810    58.576082    58.691607    -0.621113    -0.324404    13.197815   
0.437589     1.449903     44.311635    44.381186    0.021491     0.071209     2.176261    
2.089669     -1.172739    150.743286   150.775181   0.061060     -0.034268    4.404727    
-0.064649    -0.989305    59.552838    59.593610    -0.000095    -0.001451    0.087350    
0.025546     -0.230088    12.605580    12.760454    0.000890     -0.008016    0.439190    
-1.269780    -1.602832    77.379101    77.431141    -0.034911    -0.044068    2.127453    
