0.771548     -1.355405    27.972627    28.085143    0.046011     -0.080830    1.668152    
0.559503     -0.702802    6.975816     7.303693     0.101909     -0.128010    1.270595    
0.106427     1.500873     88.975769    89.010260    0.009948     0.140294     8.317031    
-0.048691    0.052561     26.919474    26.991446    -0.004066    0.004389     2.247744    
-0.652356    0.656679     114.768379   114.788991   -0.039027    0.039286     6.865977    
-0.888969    -1.339979    120.019549   120.046462   -0.026399    -0.039792    3.564070    
1.314802     0.877447     12.904465    13.149099    0.026788     0.017877     0.262914    
-1.097763    2.063385     109.171773   109.214530   -0.052407    0.098506     5.211851    
2.235687     -1.249211    26.327527    26.524940    0.219723     -0.122772    2.587467    
0.076458     -1.503307    34.028508    34.118618    0.001095     -0.021524    0.487222    
1.257849     -0.360989    112.852568   112.877321   0.031609     -0.009072    2.835949    
-1.592496    -0.161849    24.863210    24.992327    -0.080654    -0.008197    1.259236    
-0.189782    0.995539     8.281381     8.572243     -0.013050    0.068458     0.569469    
0.465631     -0.572775    16.001357    16.138874    0.102152     -0.125658    3.510439    
1.114192     -0.489734    14.804773    14.984576    0.258704     -0.113711    3.437523    
-0.965631    -0.945602    14.212417    14.411605    -0.060079    -0.058832    0.884252    
-0.398941    -0.792196    25.779416    25.869672    -0.003654    -0.007257    0.236141    
-1.164867    1.160883     11.011039    11.305861    -0.037729    0.037600     0.356634    
-0.169216    0.577401     41.582244    41.633160    -0.011902    0.040612     2.924735    
-0.608760    -0.253328    74.994726    75.023454    -0.042944    -0.017871    5.290378    
1.137375     0.226735     13.176887    13.373494    0.090980     0.018137     1.054035    
-0.097737    0.329188     13.631371    13.777051    -0.005280    0.017785     0.736456    
-0.166974    -0.720397    6.195603     6.542729     -0.022609    -0.097547    0.838927    
-0.296768    -1.189931    41.872692    41.936873    -0.011969    -0.047990    1.688731    
1.383397     -2.773557    78.351178    78.437163    0.037453     -0.075089    2.121209    
0.345488     1.136310     34.984339    35.059799    0.062641     0.206026     6.343069    
-1.390278    -0.446693    215.433022   215.446964   -0.322817    -0.103720    50.022672   
1.802445     0.984259     30.603125    30.735058    0.256011     0.139799     4.346723    
0.750563     -1.072736    45.419031    45.480517    0.008955     -0.012799    0.541922    
-0.028350    -0.663220    67.840235    67.872035    -0.000375    -0.008784    0.898527    
-2.584846    -1.123419    12.653634    13.112318    -0.084933    -0.036913    0.415773    
0.674357     -0.378140    17.254101    17.383230    0.149375     -0.083761    3.821918    
-0.582035    -2.461844    71.599820    71.671532    -0.017766    -0.075145    2.185505    
-0.957577    -0.556998    30.577181    30.660499    -0.011623    -0.006761    0.371143    
-0.400056    -0.515611    13.761893    13.917275    -0.004196    -0.005408    0.144333    
0.360488     -0.770551    110.578712   110.599504   0.008989     -0.019215    2.757400    
1.032704     0.666965     36.843631    36.916655    0.081376     0.052556     2.903239    
0.553254     0.785107     98.877372    98.901628    0.041992     0.059590     7.504881    
0.195909     -2.089737    97.098768    97.141398    0.005519     -0.058875    2.735600    
-0.053614    -1.351923    82.993749    83.028115    -0.000839    -0.021149    1.298315    
-1.186217    0.843706     29.048792    29.151779    -0.000347    0.000247     0.008502    
0.673882     -0.614799    27.853002    27.937373    0.012211     -0.011140    0.504709    
1.061430     -0.555116    23.489693    23.602445    0.095253     -0.049816    2.107960    
-0.151316    0.574495     57.526150    57.562886    -0.027163    0.103129     10.326681   
-1.087054    0.093774     53.509024    53.556336    -0.010651    0.000919     0.524285    
-1.555706    0.960831     56.410564    56.474508    -0.124280    0.076757     4.506441    
-0.116375    -0.887771    137.568374   137.585370   -0.008517    -0.064973    10.068211   
-0.196753    -0.816966    52.264106    52.307914    -0.021871    -0.090815    5.809734    
-1.205451    -0.472848    21.637701    21.765610    -0.078282    -0.030707    1.405155    
-0.101617    -1.685468    18.394341    18.576271    -0.006129    -0.101650    1.109357    
-0.890463    0.620152     8.165332     8.469068     -0.021842    0.015211     0.200282    
-1.377260    0.612043     22.337910    22.475067    -0.083411    0.037067     1.352844    
-1.004142    0.685264     15.967478    16.134224    -0.101747    0.069436     1.617939    
1.223206     -1.059211    32.244056    32.344587    0.025204     -0.021825    0.664379    
-0.712924    0.076012     23.189050    23.283493    -0.095980    0.010233     3.121899    
-0.450368    -1.575181    63.405912    63.457613    -0.017208    -0.060184    2.422605    
0.211154     0.206803     63.927896    63.958879    0.003260     0.003193     0.986954    
0.565214     0.281995     67.625205    67.656798    0.074795     0.037317     8.948883    
0.258711     -0.509771    9.418386     9.638866     0.017410     -0.034306    0.633830    
-0.803321    -0.459947    4.946584     5.403751     -0.015014    -0.008596    0.092451    
0.788159     0.591522     30.650418    30.729370    0.113565     0.085231     4.416366    
-0.265412    -1.230644    107.237337   107.262791   -0.016592    -0.076935    6.704044    
-1.068061    -0.279981    56.661791    56.706725    -0.217344    -0.056974    11.530325   
1.017670     0.296696     34.799315    34.871062    0.174514     0.050879     5.967536    
-1.677093    -1.836501    103.096752   103.145531   -0.085919    -0.094086    5.281749    
-0.716527    -0.549002    91.388379    91.414034    -0.046655    -0.035747    5.950549    
-0.407173    0.103764     50.135351    50.175740    -0.070834    0.018051     8.721783    
-1.038283    -0.111804    24.489700    24.590871    -0.003887    -0.000419    0.091682    
-0.255178    -0.663922    68.388109    68.420131    -0.017643    -0.045902    4.728242    
0.808462     -0.487512    67.737412    67.772585    0.038230     -0.023053    3.203111    
1.524883     0.668405     28.715755    28.831260    0.042422     0.018595     0.798869    
0.058214     -1.886370    19.835385    20.021969    0.001430     -0.046345    0.487327    
0.014339     -0.405170    93.687637    93.709192    0.000355     -0.010045    2.322702    
1.165544     0.328760     13.671519    13.865495    0.001375     0.000388     0.016132    
0.997598     0.856082     93.350567    93.380573    0.053760     0.046133     5.030571    
-2.003138    0.123063     76.325261    76.377013    -0.188503    0.011581     7.182508    
-0.467158    1.385803     34.431844    34.519060    -0.042804    0.126975     3.154836    
2.023814     -0.318231    28.386220    28.528048    0.003091     -0.000486    0.043361    
-0.522206    -0.068967    51.539294    51.579562    -0.020263    -0.002676    1.999839    
-2.306847    -0.233522    14.020676    14.346790    -0.074462    -0.007538    0.452568    
1.917205     -0.331747    81.238181    81.285317    0.210817     -0.036479    8.932990    
-0.380048    1.110237     16.451813    16.610665    -0.033756    0.098613     1.461271    
-2.339110    0.275369     89.258323    89.311088    -0.474347    0.055842     18.100658   
-1.254630    -0.351631    89.358467    89.389643    -0.119947    -0.033617    8.542960    
-0.404204    -1.123159    14.480666    14.662520    -0.002665    -0.007406    0.095482    
-0.172611    0.056649     19.889047    19.987050    -0.001557    0.000511     0.179392    
0.024078     -1.220989    32.008889    32.092605    0.003929     -0.199259    5.223688    
0.202189     0.635627     22.292389    22.389070    0.024227     0.076163     2.671137    
-0.659384    -0.739336    16.207947    16.357075    -0.026480    -0.029690    0.650884    
0.214293     -0.977377    81.341792    81.371760    0.003291     -0.015012    1.249334    
0.777937     0.307600     42.367753    42.421707    0.036041     0.014251     1.962834    
0.174489     0.392390     77.296042    77.322296    0.022836     0.051354     10.116084   
-1.099091    1.667894     67.090633    67.149221    -0.001000    0.001518     0.061067    
-0.201059    0.935130     52.053314    52.099302    -0.006312    0.029357     1.634113    
0.505541     -1.169833    47.511303    47.569139    0.038749     -0.089667    3.641720    
-0.322425    -0.779876    7.994951     8.276857     -0.002435    -0.005889    0.060376    
0.970256     0.663609     97.972467    97.999291    0.081658     0.055850     8.245461    
-1.014668    -1.681939    14.017624    14.290808    -0.012569    -0.020834    0.173636    
-0.590358    1.597895     158.770561   158.791901   -0.180263    0.487909     48.479737   
-1.523200    0.351034     23.423384    23.557870    -0.384780    0.088676     5.917047    
-1.405791    -1.914692    30.940359    31.093778    -0.099867    -0.136019    2.197988    
-2.008030    0.566656     100.409700   100.450665   -0.005061    0.001428     0.253068    
-0.979885    0.128044     21.676193    21.787815    -0.046072    0.006020     1.019170    
-1.164587    -0.151611    14.169313    14.353524    -0.022688    -0.002954    0.276042    
1.308897     -1.258641    90.259031    90.298755    0.070068     -0.067378    4.831783    
1.330914     -1.695872    39.971204    40.077667    0.008875     -0.011308    0.266535    
-0.975589    1.444254     21.879660    22.037063    -0.038710    0.057306     0.868149    
1.665261     0.594200     29.895277    30.012143    0.137855     0.049190     2.474813    
1.461163     0.069298     90.288897    90.322199    0.118185     0.005605     7.302916    
0.425579     1.196516     37.357177    37.430554    0.055463     0.155935     4.868535    
0.032995     0.536040     36.376030    36.433212    0.000254     0.004124     0.279863    
-0.247840    0.369127     20.537078    20.635993    -0.047352    0.070525     3.923787    
1.412905     -1.564763    13.824541    14.122241    0.061814     -0.068458    0.604821    
2.361930     -0.148568    24.187174    24.382271    0.067532     -0.004248    0.691554    
-1.394289    1.284869     28.024398    28.157357    -0.048664    0.044845     0.978125    
0.752128     0.439763     9.083052     9.334660     0.054357     0.031782     0.656436    
0.835424     -1.552929    88.848929    88.888226    0.089486     -0.166341    9.517011    
-0.242751    0.521633     8.829573     9.064621     -0.002523    0.005420     0.091751    
0.731626     2.136639     69.149958    69.214826    0.087379     0.255182     8.258684    
1.039200     1.795910     71.344984    71.402289    0.062523     0.108050     4.292419    
-2.378238    -0.441301    100.057395   100.105983   -0.046017    -0.008539    1.936031    
-0.704470    -2.287046    106.614091   106.659112   -0.005798    -0.018824    0.877512    
-0.718248    -0.300258    37.062203    37.122606    -0.072667    -0.030378    3.749679    
1.692815     1.448948     45.626135    45.722907    0.000573     0.000490     0.015444    
0.401153     2.213343     28.399235    28.556109    0.004737     0.026136     0.335346    
-1.349349    0.129565     21.965304    22.094955    -0.067017    0.006435     1.090935    
-2.844927    -1.843237    68.099369    68.212097    -0.138076    -0.089460    3.305139    
-0.905120    -1.151510    42.144340    42.215703    -0.007925    -0.010082    0.369004    
-0.147040    -1.708722    68.959143    69.008548    -0.004740    -0.055081    2.222907    
0.328019     0.805783     69.573212    69.606492    0.041539     0.102041     8.810448    
-0.355247    0.633965     110.504490   110.524411   -0.000806    0.001438     0.250693    
-0.564267    -0.224196    92.502902    92.525837    -0.109838    -0.043641    18.006219   
-0.995317    1.064299     10.635398    10.913755    -0.023466    0.025093     0.250746    
-0.235431    0.381249     7.417641     7.687466     -0.040586    0.065723     1.278725    
0.074709     1.227650     31.398713    31.484390    0.001095     0.017998     0.460320    
-0.711942    3.010822     39.718091    39.887010    -0.113422    0.479667     6.327654    
0.662273     -0.805883    46.872085    46.924997    0.090868     -0.110572    6.431148    
0.976661     0.616941     54.535129    54.582870    0.004068     0.002570     0.227155    
-0.881780    0.175709     78.762587    78.792312    -0.043631    0.008694     3.897254    
-0.474036    -0.231622    29.679718    29.749605    -0.011026    -0.005387    0.690330    
0.449324     0.231712     36.775354    36.831470    0.001541     0.000794     0.126085    
1.626977     0.821045     15.245665    15.479872    0.111455     0.056245     1.044396    
0.134418     2.004465     26.419939    26.569231    0.001293     0.019283     0.254165    
0.662582     0.207658     29.335901    29.410070    0.080301     0.025167     3.555315    
-0.436173    0.075241     79.347800    79.373448    -0.029964    0.005169     5.450937    
0.053632     -2.370796    65.853695    65.925773    0.005070     -0.224111    6.225152    
-1.450516    0.595005     22.519444    22.659619    -0.180766    0.074151     2.806415    
1.752311     -2.410602    89.669406    89.740509    0.015379     -0.021156    0.786952    
1.168028     1.630144     69.771996    69.828562    0.064140     0.089517     3.831412    
-0.056694    -2.312088    36.262025    36.388987    -0.001296    -0.052836    0.828661    
-1.665515    -0.777595    41.515304    41.602573    -0.011474    -0.005357    0.286009    
1.150022     0.530196     40.746208    40.813381    0.024471     0.011282     0.867016    
-2.358177    -0.879180    22.331421    22.558840    -0.050779    -0.018932    0.480867    
0.127696     2.106176     78.852990    78.905775    0.005152     0.084970     3.181175    
-1.586109    1.328227     73.535680    73.591107    -0.089318    0.074796     4.140975    
-1.570362    0.382556     19.741499    19.905128    -0.187003    0.045556     2.350876    
0.201152     0.149894     15.266475    15.394907    0.021559     0.016065     1.636188    
-2.278175    1.334620     32.965698    33.129798    -0.290047    0.169918     4.197046    
-1.595680    -0.172229    43.813903    43.887457    -0.187331    -0.020220    5.143701    
-0.481422    -1.029129    80.107480    80.139717    -0.012653    -0.027048    2.105442    
-1.334868    0.704479     19.652520    19.808450    -0.387158    0.204323     5.699909    
-0.029813    -0.758327    40.986375    41.040636    -0.004287    -0.109036    5.893203    
-0.701074    -2.296123    29.169630    29.334381    -0.064917    -0.212614    2.701024    
1.388539     0.181159     51.796740    51.853043    0.073449     0.009583     2.739879    
0.974356     0.529818     19.269318    19.401331    0.056697     0.030830     1.121268    
-0.794803    1.877153     95.157334    95.199520    -0.102874    0.242966     12.316537   
-0.013086    -1.234423    11.304302    11.540631    -0.000849    -0.080073    0.733274    
-2.229570    0.030287     62.753926    62.824375    -0.190125    0.002583     5.351283    
-0.521238    -1.138919    27.260220    27.359886    -0.024981    -0.054583    1.306463    
-2.459961    0.208651     86.228427    86.286218    -0.038109    0.003232     1.335821    
0.520439     -0.637813    15.063496    15.213860    0.005541     -0.006790    0.160364    
-0.254607    0.757164     8.741739     8.996170     -0.034210    0.101734     1.174560    
-0.899797    -0.829399    95.482480    95.510609    -0.159194    -0.146739    16.892969   
-0.574267    0.536246     19.006013    19.123829    -0.048732    0.045506     1.612839    
0.578977     -0.517800    165.182021   165.195576   0.006679     -0.005973    1.905568    
-0.484844    -0.809990    6.013336     6.397369     -0.056229    -0.093938    0.697390    
0.339724     -0.319714    8.194706     8.440722     0.002662     -0.002505    0.064215    
-0.028529    0.033982     33.738032    33.795439    -0.001734    0.002066     2.051034    
-0.480258    0.284618     54.867961    54.906099    -0.016084    0.009532     1.837522    
-0.069039    0.452220     79.924552    79.950098    -0.005117    0.033518     5.923863    
1.005651     -0.379259    48.037651    48.089979    0.094971     -0.035816    4.536523    
-1.420083    0.850445     102.030225   102.062636   -0.073881    0.044245     5.308228    
0.447110     0.169168     15.653229    15.783759    0.008622     0.003262     0.301870    
-1.454923    -0.072594    35.973173    36.056431    -0.159281    -0.007947    3.938256    
-1.573024    -0.610824    65.183689    65.235235    -0.354614    -0.137701    14.694648   
0.642151     -0.447810    25.073299    25.162635    0.103725     -0.072333    4.050021    
-0.183808    0.107440     65.889929    65.919672    -0.013016    0.007608     4.665868    
-0.077478    -0.739735    11.319509    11.513447    -0.001774    -0.016936    0.259161    
-0.451308    -0.070833    22.098774    22.190977    -0.025765    -0.004044    1.261603    
-0.033553    0.096701     10.384147    10.569577    -0.005235    0.015088     1.620168    
-0.238641    -0.655240    31.676828    31.745593    -0.012508    -0.034343    1.660295    
-0.891597    1.523582     25.927894    26.062365    -0.009106    0.015560     0.264799    
-2.188595    -2.154787    17.344845    17.724324    -0.302314    -0.297644    2.395871    
-0.537191    -1.137308    26.391027    26.494213    -0.013421    -0.028413    0.659325    
-0.893146    0.086007     8.888880     9.148346     -0.043155    0.004156     0.429496    
-0.924182    -0.842413    16.871040    17.031463    -0.052597    -0.047943    0.960156    
-0.746123    -1.455222    12.526099    12.784854    -0.048134    -0.093880    0.808086    
0.558612     2.263896     105.727007   105.771037   0.010154     0.041150     1.921745    
0.062549     -1.661051    16.511611    16.711411    0.006007     -0.159522    1.585721    
0.296031     0.419696     32.812982    32.875987    0.005438     0.007710     0.602764    
-1.479237    3.040722     94.143329    94.224601    -0.005630    0.011573     0.358306    
0.522827     0.703188     15.336959    15.487578    0.077272     0.103928     2.266735    
-0.919097    -0.061059    41.336244    41.393339    -0.118476    -0.007871    5.328430    
-0.280511    -0.217013    6.222889     6.536443     -0.100953    -0.078101    2.239552    
1.842846     0.672915     55.900819    55.969862    0.065551     0.023936     1.988436    
0.075888     -1.443202    41.038762    41.111355    0.002633     -0.050073    1.423879    
-0.849793    -0.360493    22.837404    22.940664    -0.021499    -0.009120    0.577761    
-0.015639    0.404801     21.719207    21.811993    -0.000715    0.018504     0.992790    
0.788207     1.339496     40.038360    40.116838    0.078148     0.132807     3.969680    
-1.335352    -0.257921    53.421859    53.475412    -0.053475    -0.010329    2.139295    
2.052680     0.163957     8.763248     9.214654     0.208709     0.016671     0.891017    
1.248766     0.403104     101.820716   101.848196   0.153976     0.049704     12.554794   
1.651715     -1.680776    112.630448   112.672295   0.201032     -0.204569    13.708388   
-1.377110    2.020718     63.344265    63.422004    -0.258222    0.378905     11.877680   
0.891774     -0.296858    12.889784    13.073058    0.001417     -0.000472    0.020483    
-0.434353    -0.725199    14.997435    15.149673    -0.055618    -0.092860    1.920380    
-0.716382    0.545367     79.238335    79.267896    -0.009411    0.007164     1.040903    
-0.612221    -0.351816    123.513368   123.531072   -0.081128    -0.046621    16.367362   
-0.196487    2.013439     49.809852    49.889767    -0.015633    0.160198     3.963092    
-1.442656    -1.427306    96.420250    96.461692    -0.517885    -0.512374    34.612954   
-0.546425    0.213528     22.714287    22.806972    -0.005096    0.001992     0.211848    
-1.103981    -2.064723    39.854343    39.971559    -0.046271    -0.086539    1.670421    
0.503116     -0.408870    10.022666    10.234700    0.023555     -0.019143    0.469243    
-0.477785    1.357112     20.485091    20.629685    -0.012883    0.036594     0.552367    
0.684695     -0.196246    54.098143    54.138631    0.061179     -0.017535    4.833775    
-0.143431    -0.031337    129.354798   129.369858   -0.007768    -0.001697    7.006005    
0.039253     0.861527     76.178032    76.208341    0.001028     0.022557     1.994537    
0.236219     -0.153887    59.386916    59.420201    0.019328     -0.012591    4.859093    
-0.486954    0.960594     31.659936    31.739351    -0.014511    0.028626     0.943481    
0.942402     0.942948     62.149196    62.194653    0.113080     0.113146     7.457375    
0.016917     1.454071     41.643465    41.715317    0.000215     0.018491     0.529558    
-1.349988    0.510800     8.234763     8.588927     -0.036020    0.013629     0.219718    
-0.665849    -1.138269    7.247992     7.625441     -0.049949    -0.085388    0.543715    
0.378119     0.508925     62.560426    62.594600    0.010731     0.014443     1.775403    
-0.580013    -1.209167    8.297260     8.632380     -0.049529    -0.103255    0.708529    
-0.538239    -0.995229    20.409479    20.535384    -0.009119    -0.016861    0.345772    
0.367460     0.134940     90.930780    90.952927    0.022231     0.008164     5.501152    
-0.156848    0.247205     119.847796   119.864319   -0.025474    0.040149     19.464505   
-0.091173    0.139090     55.009946    55.045406    -0.001522    0.002322     0.918150    
-0.494913    0.717817     63.776180    63.812509    -0.059316    0.086031     7.643618    
0.432833     -2.379712    106.917896   106.963366   0.015928     -0.087574    3.934590    
-0.327749    0.266694     7.848393     8.102516     -0.027884    0.022690     0.667719    
-4.214522    -1.450600    55.377156    55.591103    -0.515208    -0.177330    6.769629    
0.521656     0.541678     14.950557    15.098333    0.017176     0.017835     0.492253    
0.321862     0.820257     15.725866    15.873066    0.001599     0.004076     0.078145    
1.484930     -0.718683    14.187349    14.417952    0.047484     -0.022981    0.453671    
0.769339     -1.733574    61.861105    61.921470    0.060768     -0.136930    4.886245    
1.744758     -1.495061    34.170113    34.303803    0.348039     -0.298230    6.816141    
-0.636766    0.230830     5.923059     6.278243     -0.052894    0.019174     0.492008    
-1.207691    0.237440     42.052723    42.116759    -0.113103    0.022237     3.938349    
0.572948     -0.030988    51.274419    51.315399    0.008397     -0.000454    0.751430    
0.987170     -0.491234    38.615057    38.680918    0.034949     -0.017391    1.367113    
-0.173364    -0.905932    58.586913    58.627230    -0.050169    -0.262164    16.954247   
0.545425     -0.894672    87.293441    87.321920    0.005562     -0.009123    0.890111    
0.366402     1.076872     40.771811    40.835149    0.005301     0.015580     0.589883    
1.974895     0.271521     43.659455    43.749250    0.014986     0.002060     0.331309    
-2.277745    0.729355     34.664539    34.802662    -0.275465    0.088206     4.192242    
-1.217475    0.196817     62.728473    62.771469    -0.129470    0.020930     6.670752    
-0.778920    2.412479     209.482868   209.507455   -0.019717    0.061067     5.302638    
-0.647086    0.595719     13.100595    13.276827    -0.105833    0.097432     2.142647    
0.083509     -0.025081    8.666952     8.888117     0.002944     -0.000884    0.305539    
2.430949     -1.961492    46.091935    46.239576    0.106489     -0.085924    2.019073    
0.819944     0.263844     28.159205    28.241064    0.014199     0.004569     0.487640    
-0.854929    -0.499227    100.860574   100.884639   -0.028768    -0.016799    3.393912    
0.129780     0.466964     72.470333    72.498683    0.005152     0.018537     2.876844    
1.190740     -0.244714    16.711209    16.870602    0.084790     -0.017426    1.189964    
-0.282707    0.323230     6.629312     6.928718     -0.002569    0.002937     0.060246    
-0.437149    -1.458682    43.660167    43.731041    -0.037584    -0.125409    3.753646    
0.893348     0.166246     8.788242     9.051733     0.134353     0.025002     1.321684    
-0.495171    -1.678529    8.420830     8.823150     -0.076917    -0.260733    1.308041    
0.831134     -0.044901    39.963942    40.021049    0.161494     -0.008725    7.765239    
1.717176     0.629222     28.420498    28.547229    0.019316     0.007078     0.319691    
0.965766     -1.179988    18.889150    19.052559    0.185313     -0.226418    3.624484    
-0.050306    0.827347     73.740963    73.771889    -0.002549    0.041919     3.736204    
1.038228     -1.120843    15.849553    16.044235    0.156730     -0.169201    2.392635    
0.106922     -1.556167    26.604628    26.722917    0.000279     -0.004061    0.069430    
-0.622871    0.258531     60.196130    60.232083    -0.141550    0.058752     13.679807   
-1.162504    -0.221084    112.346784   112.370259   -0.478140    -0.090932    46.208421   
-0.045805    -1.766751    35.010808    35.110613    -0.004404    -0.169861    3.366049    
0.669929     0.148929     15.493395    15.633017    0.010115     0.002249     0.233928    
1.810750     0.291750     59.574939    59.635663    0.230006     0.037059     7.567371    
-1.038369    2.063485     36.946278    37.070724    -0.071274    0.141638     2.535998    
-1.300283    0.324779     75.739624    75.777054    -0.037082    0.009262     2.159959    
-1.196017    0.903869     16.483372    16.668052    -0.062578    0.047292     0.862439    
0.014241     0.074297     13.688611    13.829633    0.000173     0.000903     0.166324    
-0.146642    -0.796445    101.270314   101.292682   -0.004535    -0.024629    3.131676    
1.456342     0.775229     57.487485    57.544832    0.197207     0.104975     7.784509    
-0.670967    0.775851     105.821047   105.844325   -0.087068    0.100679     13.731893   
0.352562     1.062664     32.050712    32.130618    0.007117     0.021452     0.647005    
-0.328459    -1.209814    32.271712    32.355987    -0.010249    -0.037749    1.006964    
1.379574     0.187049     57.801331    57.851595    0.022800     0.003091     0.955275    
-0.567411    1.443133     74.401769    74.443957    -0.015534    0.039509     2.036900    
0.312967     0.692239     16.024694    16.163011    0.009039     0.019994     0.462842    
2.159337     0.473173     72.681282    72.741531    0.033142     0.007262     1.115524    
1.357557     -0.429163    67.123913    67.167862    0.012806     -0.004048    0.633209    
0.990074     1.365909     13.036884    13.292150    0.112619     0.155370     1.482926    
-1.571790    -0.306673    18.881788    19.051547    -0.741088    -0.144594    8.902637    
-0.026875    0.527280     39.252638    39.305512    -0.003370    0.066108     4.921349    
-0.542933    0.935621     49.154117    49.205410    -0.015693    0.027043     1.420732    
0.121117     2.068455     25.684404    25.842924    0.002469     0.042161     0.523523    
0.376101     0.079990     29.723164    29.790758    0.015341     0.003263     1.212394    
0.299781     -0.176900    171.865475   171.877101   0.008337     -0.004919    4.779463    
0.495776     -0.130415    37.258466    37.313952    0.025427     -0.006689    1.910890    
0.732609     0.128502     18.692696    18.810770    0.003484     0.000611     0.088885    
0.227258     0.886059     15.791706    15.940191    0.033030     0.128779     2.295158    
-0.062354    -0.467782    18.080424    18.193389    -0.000247    -0.001853    0.071619    
1.053074     -0.527157    9.679129     9.947228     0.009160     -0.004585    0.084191    
1.074097     0.169030     41.239247    41.300517    0.026995     0.004248     1.036442    
-0.350383    0.291585     13.983375    14.128606    -0.003375    0.002808     0.134677    
-0.705002    0.004480     23.576059    23.668598    -0.032500    0.000207     1.086821    
0.142443     -0.228121    15.999001    16.121890    0.043139     -0.069086    4.845283    
-3.270481    0.151942     53.289001    53.425759    -0.047566    0.002210     0.775029    
-1.558079    0.918501     8.445890     8.858852     -0.062465    0.036824     0.338603    
0.879615     -1.101647    29.954038    30.051734    0.039719     -0.049745    1.352566    
0.199139     0.816615     74.544633    74.575357    0.008541     0.035026     3.197360    
1.216025     -0.604708    16.974691    17.142330    0.096695     -0.048085    1.349776    
-1.222346    0.102078     17.875922    18.025761    -0.022022    0.001839     0.322055    
-0.294679    -1.067427    9.368483     9.636891     -0.038309    -0.138768    1.217923    
0.911013     -0.106913    58.817240    58.857319    0.074053     -0.008691    4.781023    
-0.763054    -0.215657    44.655385    44.705784    -0.155861    -0.044050    9.121284    
-0.181278    0.663139     19.484548    19.595795    -0.007378    0.026990     0.793025    
0.534652     0.537273     14.201924    14.357719    0.053997     0.054261     1.434312    
-0.013255    -0.268093    44.591802    44.636037    -0.002638    -0.053349    8.873554    
-0.842240    1.137962     15.547671    15.735608    -0.021230    0.028685     0.391912    
0.014861     -0.414135    119.849924   119.866805   0.000284     -0.007918    2.291527    
-0.149600    0.851150     15.333951    15.483922    -0.009260    0.052684     0.949133    
-2.487622    0.976521     90.066275    90.127414    -0.252903    0.099278     9.156563    
-1.343726    1.288377     70.037061    70.089445    -0.489291    0.469136     25.502591   
0.012232     -0.878242    74.059975    74.091338    0.000289     -0.020784    1.752626    
-0.275185    0.087861     51.210925    51.249558    -0.005138    0.001641     0.956227    
0.703334     1.913744     77.601174    77.652908    0.001192     0.003244     0.131556    
-0.945481    0.615450     15.145522    15.314519    -0.091520    0.059574     1.466053    
2.320750     3.108642     94.064675    94.165214    0.394022     0.527792     15.970518   
-1.279765    -2.880978    122.029878   122.086461   -0.136484    -0.307249    13.014161   
-2.029818    3.474786     112.477758   112.566937   -0.087301    0.149448     4.837581    
1.667814     -1.342068    50.515593    50.599237    0.012360     -0.009946    0.374375    
-0.006076    1.010102     10.006059    10.247757    -0.000668    0.111031     1.099871    
-0.358933    0.852703     87.339145    87.366224    -0.008873    0.021079     2.159050    
-0.124823    0.857990     20.172466    20.286820    -0.001853    0.012734     0.299385    
0.440816     0.986509     69.691722    69.727890    0.057578     0.128854     9.102882    
-0.751479    -0.032252    48.007475    48.053703    -0.040339    -0.001731    2.577036    
-1.651860    0.890232     23.306205    23.464341    -0.091274    0.049190     1.287789    
-1.569728    0.157900     24.780248    24.908324    -0.062786    0.006316     0.991155    
1.557384     0.046513     36.450861    36.537212    0.010395     0.000310     0.243293    
0.556950     -1.025998    29.497761    29.586411    0.000384     -0.000708    0.020356    
-0.244556    0.341271     5.477248     5.835364     -0.001284    0.001791     0.028753    
0.562287     0.909460     52.659915    52.707541    0.035641     0.057647     3.337916    
-0.566850    -1.537923    70.214498    70.261207    -0.006821    -0.018507    0.844949    
-0.019007    -0.787310    41.952641    42.006181    -0.004236    -0.175484    9.350863    
1.427564     -0.328456    11.973388    12.222225    0.053103     -0.012218    0.445393    
0.522067     1.953902     56.639366    56.709638    0.014558     0.054486     1.579424    
-2.820906    -0.690368    23.409966    23.671409    -0.119504    -0.029247    0.991731    
-1.496302    0.929194     84.056438    84.097931    -0.020957    0.013014     1.177280    
-0.384343    1.152562     25.340714    25.446078    -0.010697    0.032077     0.705252    
0.997716     -0.170963    6.618665     6.978993     0.143613     -0.024609    0.952704    
0.704389     -1.185615    55.484413    55.536446    0.011355     -0.019112    0.894398    
1.184300     -1.627638    54.270178    54.343159    0.071841     -0.098735    3.292109    
-0.870415    0.393159     13.021939    13.204471    -0.012576    0.005680     0.188143    
-0.914260    1.131478     36.304611    36.387028    -0.005232    0.006476     0.207778    
-0.991233    0.619576     17.287583    17.438518    -0.024991    0.015621     0.435863    
-1.403365    0.504641     57.107436    57.160811    -0.008733    0.003140     0.355379    
-1.365167    1.121959     37.685964    37.778688    -0.147504    0.121226     4.071903    
-0.193517    0.104388     57.769769    57.803715    -0.007911    0.004267     2.361580    
-0.521434    -0.237302    12.716452    12.880657    -0.051317    -0.023354    1.251493    
0.838942     -0.222880    45.906863    45.957247    0.050992     -0.013547    2.790267    
-0.230851    1.827864     17.064584    17.276265    -0.008340    0.066034     0.616479    
-2.170755    0.800495     42.251727    42.360788    -0.051806    0.019104     1.008355    
-0.420684    -1.176951    112.764841   112.788946   -0.022908    -0.064090    6.140484    
0.201685     0.239025     27.565072    27.637040    0.006070     0.007194     0.829610    
-0.421583    1.566092     60.079368    60.133483    -0.022784    0.084639     3.246969    
-0.954570    -0.237670    63.806945    63.844882    -0.061619    -0.015342    4.118847    
-0.021049    -0.711654    85.560666    85.586269    -0.003448    -0.116561    14.013866   
0.500169     0.887989     93.268559    93.294897    0.006403     0.011368     1.194012    
0.291613     1.349861     37.419002    37.496184    0.000092     0.000425     0.011792    
1.136108     0.692486     59.268757    59.316362    0.111948     0.068235     5.840106    
1.371122     -0.951604    36.405178    36.496540    0.014239     -0.009882    0.378066    
0.313322     0.619404     31.974368    32.042425    0.026934     0.053246     2.748647    
-0.976271    -0.636116    18.229640    18.372601    -0.019547    -0.012737    0.365003    
-2.382992    -0.980297    29.557229    29.734566    -0.174099    -0.071620    2.159422    
0.784418     -0.796133    29.205768    29.293360    0.036894     -0.037445    1.373663    
0.977326     1.236296     25.707597    25.830972    0.048937     0.061905     1.287249    
-1.639845    -1.651213    19.945841    20.177391    -0.230994    -0.232595    2.809637    
-0.296684    0.208294     40.290830    40.340518    -0.006775    0.004757     0.920115    
2.283182     -0.286921    49.679968    49.772175    0.066689     -0.008381    1.451097    
-1.442028    -0.315430    33.193115    33.284182    -0.289909    -0.063415    6.673224    
0.353314     1.370748     29.265071    29.365339    0.003692     0.014323     0.305798    
1.113662     -0.796370    10.153788    10.433064    0.147768     -0.105667    1.347268    
0.739849     -0.889165    27.983963    28.076950    0.042336     -0.050881    1.601322    
-1.612921    0.480629     154.421470   154.443187   -0.082268    0.024515     7.876367    
1.338357     0.849448     54.763006    54.821297    0.036471     0.023148     1.492318    
1.150566     0.466088     85.872322    85.903851    0.051536     0.020877     3.846399    
0.198143     1.262060     38.229545    38.301503    0.001704     0.010855     0.328805    
0.297165     -0.866390    22.186966    22.292944    0.000430     -0.001254    0.032107    
-0.279449    0.831590     23.080200    23.180600    -0.009834    0.029264     0.812196    
1.098058     -0.083351    10.768811    11.002497    0.329615     -0.025020    3.232580    
-0.316792    -2.179815    48.547165    48.636963    -0.001702    -0.011710    0.260788    
0.320429     0.001858     55.859431    55.895024    0.002629     0.000015     0.458253    
-0.187487    -0.433218    36.787868    36.843521    -0.020436    -0.047220    4.009855    
0.742351     -0.811027    11.212817    11.437267    0.041898     -0.045774    0.632841    
0.786824     0.000494     14.314656    14.470778    0.025446     0.000016     0.462935    
0.451923     -0.385048    36.649037    36.706666    0.003199     -0.002725    0.259401    
-0.287700    0.040756     62.316691    62.348451    -0.003028    0.000429     0.655898    
1.830155     1.175485     14.591006    14.882998    0.148846     0.095602     1.186682    
1.375198     3.784943     88.838142    88.951152    0.075196     0.206960     4.857650    
0.287615     -0.757100    149.050229   149.065428   0.003019     -0.007948    1.564720    
-1.470699    0.523396     20.694921    20.846861    -0.052135    0.018554     0.733621    
0.861001     0.631176     48.023314    48.075497    0.051095     0.037457     2.849897    
-0.500156    -1.354395    31.191004    31.286390    -0.033856    -0.091680    2.111350    
0.257473     0.627164     11.545766    11.731978    0.032421     0.078973     1.453854    
-0.303091    -1.021029    7.366548     7.699048     -0.009756    -0.032864    0.237112    
1.347211     -0.986529    131.873742   131.899003   0.086159     -0.063092    8.433847    
0.456921     0.385849     10.557781    10.756363    0.000122     0.000103     0.002828    
0.065606     -0.163667    10.563515    10.746809    0.023900     -0.059623    3.848200    
1.562352     -1.409792    78.848985    78.901621    0.194639     -0.175633    9.823067    
0.249640     -0.531368    45.439695    45.486102    0.000672     -0.001430    0.122323    
-2.782315    1.357643     45.008891    45.158163    -0.325767    0.158960     5.269866    
-0.076610    0.043575     46.459738    46.501505    -0.025569    0.014544     15.506401   
0.533987     1.687170     18.140997    18.333096    0.003327     0.010512     0.113032    
0.134139     1.171488     63.552392    63.593804    0.001109     0.009685     0.525390    
-0.220449    1.804760     19.444271    19.628051    -0.042820    0.350555     3.776837    
0.769061     0.118371     89.264067    89.289159    0.046555     0.007166     5.403637    
0.436522     0.051843     36.927973    36.983015    0.020128     0.002390     1.702768    
-0.350617    -0.741055    107.535344   107.556484   -0.105185    -0.222315    32.260408   
0.918158     -0.286558    14.230175    14.397846    0.155786     -0.048621    2.414466    
0.062088     2.281544     45.394323    45.494272    0.021387     0.785914     15.636791   
0.677608     1.401210     21.738086    21.882456    0.018862     0.039003     0.605092    
0.471038     1.126714     40.386652    40.453034    0.031595     0.075574     2.708926    
1.915522     0.747197     24.704231    24.867680    0.044358     0.017303     0.572075    
-0.763390    -0.726945    26.574137    26.667788    -0.039258    -0.037383    1.366583    
-1.489737    -0.769885    21.232997    21.389885    -0.154886    -0.080044    2.207573    
-1.101147    -1.451949    92.425466    92.464384    -0.025829    -0.034058    2.168004    
0.341799     0.283727     8.151843     8.397906     0.012111     0.010053     0.288836    
2.378072     0.448990     40.653581    40.773097    0.323497     0.061078     5.530240    
0.416858     0.869911     9.003915     9.266928     0.011304     0.023589     0.244159    
-0.048662    -0.286778    63.995101    64.026030    -0.000592    -0.003487    0.778128    
-0.095327    1.505363     29.941502    30.044029    -0.010244    0.161776     3.217699    
-0.382990    -0.022802    18.696407    18.803665    -0.011362    -0.000676    0.554661    
0.566032     1.047771     16.575711    16.734616    0.000671     0.001242     0.019645    
-0.216912    1.769999     29.347530    29.467481    -0.024644    0.201099     3.334325    
2.338923     -0.545352    29.957630    30.118142    0.185080     -0.043154    2.370559    
-1.526566    0.792379     10.876481    11.186200    -0.079473    0.041251     0.566233    
0.967037     0.009212     10.227030    10.459558    0.019056     0.000182     0.201524    
-1.325425    -1.714757    97.126419    97.170537    -0.015061    -0.019485    1.103669    
0.709886     -0.483195    31.587373    31.660299    0.022598     -0.015382    1.005526    
1.841442     -1.099536    38.083359    38.194464    0.199465     -0.119102    4.125184    
1.852066     -0.264006    44.145920    44.229368    0.030189     -0.004303    0.719595    
-0.728676    -1.105114    117.681903   117.705809   -0.042844    -0.064978    6.919358    
0.723030     0.229412     103.312215   103.333751   0.007337     0.002328     1.048371    
0.799813     0.176446     34.823172    34.888381    0.085267     0.018811     3.712450    
-1.186107    -0.205609    7.796679     8.130946     -0.007626    -0.001322    0.050129    
0.333805     1.758113     41.979665    42.063875    0.010435     0.054959     1.312296    
0.431747     1.060334     12.210506    12.421035    0.025413     0.062412     0.718714    
0.874161     1.339195     43.587499    43.661226    0.013875     0.021256     0.691831    
0.190395     0.508580     8.957889     9.187689     0.055070     0.147102     2.590993    
0.477260     0.651129     13.714298    13.878352    0.001232     0.001681     0.035398    
-0.158607    1.012003     22.570441    22.679265    -0.000003    0.000017     0.000371    
-0.318345    -0.567167    10.120973    10.331122    -0.005382    -0.009589    0.171119    
0.413272     -1.229470    19.473004    19.615178    0.056958     -0.169449    2.683825    
-1.322253    2.070532     60.764940    60.846433    -0.009533    0.014927     0.438081    
0.664039     1.409143     255.982149   255.994457   0.003922     0.008322     1.511807    
-0.712330    -1.300584    17.119530    17.296017    -0.060352    -0.110192    1.450457    
-0.006434    1.521547     50.049462    50.111264    -0.001774    0.419406     13.795855   
0.961949     -0.952856    104.675806   104.703068   0.132018     -0.130770    14.365727   
-1.331016    -0.183812    15.195523    15.381296    -0.046987    -0.006489    0.536426    
-0.818656    0.080065     10.860883    11.068439    -0.003845    0.000376     0.051014    
0.474153     0.498506     11.516322    11.703587    0.004580     0.004815     0.111243    
-1.434865    -1.507839    18.383624    18.605510    -0.020768    -0.021824    0.266079    
-1.362631    1.466682     78.771881    78.821901    -0.138629    0.149215     8.013985    
-0.505836    2.682404     24.327457    24.559138    -0.028352    0.150350     1.363566    
0.467500     -0.733166    125.835713   125.854113   0.037115     -0.058207    9.990215    
-0.077027    -0.835179    34.291704    34.358396    -0.014795    -0.160421    6.586749    
-1.751923    0.136766     20.265230    20.436302    -0.100670    0.007859     1.164497    
0.430664     -1.707175    26.873217    27.002679    0.006112     -0.024229    0.381397    
-0.225108    1.111377     24.900263    25.003678    -0.027548    0.136008     3.047249    
1.554851     -0.939781    62.820244    62.877331    0.050520     -0.030535    2.041128    
-0.859178    -0.138940    58.972544    59.011807    -0.048737    -0.007881    3.345201    
1.334822     -1.540447    37.554562    37.661317    0.116957     -0.134974    3.290530    
0.891815     -0.020208    22.242293    22.347043    0.013862     -0.000314    0.345723    
0.957098     -1.728040    24.027177    24.188476    0.159272     -0.287566    3.998399    
2.122582     -2.282844    56.069321    56.190395    0.264881     -0.284880    6.996999    
-1.479310    2.000780     58.847640    58.933107    -0.151668    0.205133     6.033443    
-0.562603    -0.535277    35.645951    35.708708    -0.003177    -0.003023    0.201288    
-0.144463    -0.777732    96.204005    96.227393    -0.004251    -0.022884    2.830670    
-0.507159    -2.544671    131.238742   131.279149   -0.016684    -0.083710    4.317277    
-0.505702    0.041954     46.712210    46.756422    -0.004914    0.000408     0.453934    
-2.525317    -0.232107    36.635975    36.776361    -0.267930    -0.024626    3.886982    
1.355154     0.329467     33.930136    34.015792    0.164067     0.039888     4.107871    
-0.035440    2.166544     28.402332    28.552803    -0.003260    0.199266     2.612283    
1.709575     -0.443229    35.543165    35.641418    0.126842     -0.032885    2.637119    
1.149202     1.869964     53.711333    53.792190    0.091417     0.148752     4.272625    
0.447479     0.353947     12.604864    12.770398    0.005746     0.004545     0.161860    
1.273411     -0.189229    37.857582    37.930579    0.042958     -0.006384    1.277100    
0.867674     -0.286264    45.169286    45.221391    0.066609     -0.021976    3.467519    
0.227726     -0.981959    42.604378    42.661740    0.000676     -0.002915    0.126472    
0.834441     -1.070179    34.885502    34.967339    0.129146     -0.165631    5.399203    
-0.188684    -0.621315    6.288093     6.620929     -0.006533    -0.021514    0.217736    
0.479561     -0.912176    31.307749    31.386496    0.131663     -0.250438    8.595530    
-1.902211    0.910653     18.403811    18.628551    -0.130842    0.062638     1.265887    
-1.562266    1.661557     54.448694    54.531979    -0.040149    0.042701     1.399286    
-0.350800    0.889313     68.236015    68.271096    -0.020837    0.052824     4.053142    
-2.005982    0.342391     106.201404   106.239138   -0.076845    0.013116     4.068346    
-0.879138    -1.147262    29.224499    29.326360    -0.019451    -0.025383    0.646594    
-0.198163    0.595279     68.990520    69.021449    -0.083824    0.251807     29.183447   
-0.139525    1.027660     52.984199    53.030896    -0.000098    0.000718     0.037043    
-0.921262    -0.083982    43.424316    43.478753    -0.077691    -0.007082    3.662016    
0.343453     0.793210     79.076092    79.105312    0.038678     0.089328     8.905213    
-0.632453    1.106682     69.806305    69.845686    -0.034911    0.061087     3.853222    
0.132384     0.974077     52.188657    52.235019    0.000860     0.006331     0.339188    
-1.047248    0.623195     102.614591   102.640705   -0.094593    0.056290     9.268710    
-0.753138    -1.169783    30.961966    31.055658    -0.075199    -0.116800    3.091469    
0.761805     -0.949272    53.040267    53.090737    0.049911     -0.062193    3.474999    
-1.200027    -0.145779    73.440019    73.476341    -0.147854    -0.017961    9.048439    
0.799384     0.636464     163.361341   163.376396   0.132356     0.105381     27.048065   
-0.867269    1.501663     35.440681    35.537641    -0.063771    0.110418     2.605973    
-0.360551    0.026997     44.025774    44.071243    -0.021195    0.001587     2.588078    
-2.005057    -1.501569    34.080460    34.229047    -0.264539    -0.198111    4.496431    
-0.400892    1.054437     61.221866    61.263891    -0.121969    0.320807     18.626442   
-1.177900    0.125408     36.540592    36.612743    -0.040661    0.004329     1.261392    
-1.528256    1.440739     87.881111    87.928243    -0.083215    0.078450     4.785212    
-0.084349    -0.711334    168.586929   168.599943   -0.014528    -0.122522    29.037920   
-1.370206    0.149375     19.173757    19.323760    -0.100560    0.010963     1.407169    
-0.909119    0.088416     20.718473    20.831812    -0.037815    0.003678     0.861794    
-0.299691    1.137028     62.908514    62.950288    -0.023843    0.090462     5.004982    
-1.012067    1.731297     20.139639    20.334740    -0.065931    0.112785     1.311990    
-1.394070    -0.488779    24.468403    24.591869    -0.143284    -0.050237    2.514889    
1.553123     1.699740     32.114067    32.256620    0.170102     0.186160     3.517213    
0.082938     -0.424507    59.464666    59.498811    0.000084     -0.000431    0.060404    
-1.412699    -1.114215    30.321325    30.438378    -0.048650    -0.038371    1.044199    
0.829302     -0.428554    23.668777    23.768832    0.068263     -0.035276    1.948268    
-0.788840    -0.360737    9.361635     9.605601     -0.018072    -0.008264    0.214469    
-0.985164    -1.341740    18.787351    18.963394    -0.009240    -0.012585    0.176218    
0.433803     -0.191421    35.452909    35.510682    0.031317     -0.013819    2.559382    
0.449859     0.140746     36.004022    36.060876    0.009420     0.002947     0.753924    
0.599309     -0.736830    53.232946    53.277796    0.007186     -0.008835    0.638324    
0.044480     -1.997514    124.991753   125.023219   0.002330     -0.104637    6.547518    
-0.788977    0.391552     18.323562    18.450032    -0.011419    0.005667     0.265191    
-1.307698    -1.615919    27.187691    27.338010    -0.170316    -0.210459    3.540950    
1.394353     -0.761459    9.141981     9.485505     0.128950     -0.070420    0.845453    
-1.093888    0.914339     66.166914    66.211540    -0.014973    0.012515     0.905691    
-1.499663    -0.980313    59.926424    59.985509    -0.059708    -0.039030    2.385918    
-1.200169    -0.143574    14.148017    14.335353    -0.131112    -0.015685    1.545592    
-1.421749    1.576293     52.685519    52.764997    -0.222080    0.246220     8.229586    
0.508757     2.028266     45.508729    45.599255    0.022561     0.089944     2.018099    
2.439648     0.410115     28.995909    29.167752    0.045385     0.007629     0.539416    
-0.346481    -0.610754    7.129614     7.429631     -0.030914    -0.054494    0.636129    
-1.947776    1.891515     61.292762    61.384438    -0.053720    0.052169     1.690477    
-0.101027    -0.177487    30.924319    30.987580    -0.008289    -0.014562    2.537272    
-0.196159    1.151716     19.777777    19.909805    -0.015821    0.092889     1.595132    
1.575280     -1.399483    42.026171    42.124982    0.181967     -0.161660    4.854607    
-0.230929    -1.473056    30.105578    30.206688    -0.018839    -0.120169    2.455962    
-1.463687    0.398728     78.166103    78.205601    -0.000102    0.000028     0.005437    
-0.910633    1.956207     17.071240    17.319301    -0.138591    0.297720     2.598110    
0.040445     0.587015     88.915385    88.939119    0.010651     0.154585     23.415029   
-0.540347    0.748182     7.338229     7.653517     -0.015785    0.021857     0.214375    
0.337723     -1.703316    14.607740    14.841710    0.008905     -0.044914    0.385183    
-0.546449    -0.604521    13.640559    13.805935    -0.009392    -0.010390    0.234446    
-1.886463    0.455338     44.570753    44.656389    -0.009483    0.002289     0.224046    
-0.172596    0.237387     31.755317    31.817625    -0.010234    0.014076     1.882981    
-1.140952    -0.267101    96.838204    96.865297    -0.082514    -0.019317    7.003404    
-0.310752    0.474594     29.932857    30.002878    -0.021827    0.033335     2.102431    
-0.191718    -1.119541    145.296745   145.314518   -0.004834    -0.028226    3.663199    
1.034751     -0.788178    42.182645    42.248579    0.102224     -0.077865    4.167267    
0.589133     -0.179573    89.571700    89.595445    0.080266     -0.024466    12.203606   
-0.493118    -0.790432    37.739681    37.802466    -0.006593    -0.010568    0.504584    
-1.413878    -0.002543    44.644410    44.710148    -0.020048    -0.000036    0.633034    
-0.688850    -1.078620    45.409416    45.470077    -0.069182    -0.108327    4.560500    
-0.434812    0.365119     21.636591    21.733371    -0.005711    0.004795     0.284166    
1.451780     -2.103079    63.262085    63.344273    0.216660     -0.313858    9.441067    
-1.870282    -0.463043    36.502163    36.605945    -0.130235    -0.032243    2.541780    
1.215186     0.429713     95.439992    95.468992    0.030616     0.010826     2.404545    
-0.084718    1.281830     18.993256    19.138155    -0.021916    0.331607     4.913516    
1.028603     0.322702     33.561256    33.636216    0.142081     0.044575     4.635821    
0.227860     1.134763     9.639874     9.906651     0.004331     0.021566     0.183207    
0.558329     0.693654     12.932488    13.111716    0.079079     0.098246     1.831702    
1.032509     0.620891     42.838472    42.900597    0.183707     0.110471     7.621954    
1.254166     0.707502     27.907135    28.013508    0.009186     0.005182     0.204413    
-0.652037    -0.334982    11.540963    11.730564    -0.006799    -0.003493    0.120344    
0.478887     0.427937     58.519343    58.555964    0.007058     0.006307     0.862531    
1.499000     1.792338     38.373112    38.494547    0.133488     0.159610     3.417185    
-2.281634    -0.051425    113.421845   113.461880   -0.440573    -0.009930    21.901218   
1.231624     -1.662527    28.625317    28.767422    0.150143     -0.202673    3.489607    
0.641475     0.066241     14.889092    15.032495    0.007823     0.000808     0.181587    
0.243464     1.817189     12.362607    12.651895    0.011593     0.086530     0.588675    
-2.007751    -0.424686    89.155431    89.200769    -0.010370    -0.002194    0.460488    
-0.522966    -0.291999    130.567633   130.583844   -0.101479    -0.056661    25.335909   
0.466225     -0.933747    11.311837    11.529174    0.009945     -0.019917    0.241280    
2.611036     -0.976032    45.626251    45.753687    0.121522     -0.045426    2.123530    
0.541758     0.365735     60.104403    60.140182    0.042274     0.028539     4.690019    
-0.819080    0.917998     28.178806    28.274258    -0.019779    0.022167     0.680441    
2.403811     -0.676648    22.421706    22.646060    0.540354     -0.152104    5.040184    
0.589728     -0.043184    65.929833    65.961864    0.000560     -0.000041    0.062574    
0.485576     0.057500     85.927347    85.951282    0.066288     0.007850     11.730383   
-0.115270    -1.453124    57.597496    57.649556    -0.000805    -0.010142    0.402004    
-0.696571    2.369680     32.939382    33.090458    -0.036724    0.124931     1.736582    
-1.697309    0.810388     74.486894    74.536634    -0.288084    0.137547     12.642630   
-1.221617    2.719237     40.267006    40.425157    -0.009716    0.021628     0.320269    
-2.281112    1.104222     96.891611    96.944736    -0.281574    0.136302     11.960009   
0.343921     2.020398     94.935542    94.978063    0.014379     0.084473     3.969251    
0.560394     -1.413400    37.337427    37.420184    0.125265     -0.315939    8.346075    
-0.509852    1.856587     16.962332    17.184368    -0.004572    0.016648     0.152102    
0.659921     0.946154     16.536096    16.692757    0.031164     0.044681     0.780903    
-1.186118    -0.842780    26.978283    27.089109    -0.046210    -0.032834    1.051044    
0.482441     1.520565     95.401234    95.434875    0.028114     0.088609     5.559393    
-3.423568    0.744203     61.052079    61.184197    -0.035555    0.007729     0.634056    
0.111953     -2.067810    25.531266    25.690637    0.002278     -0.042080    0.519563    
0.008212     1.316753     45.693959    45.755292    0.000582     0.093332     3.238805    
0.354952     0.379226     44.825725    44.871933    0.008612     0.009201     1.087622    
2.353374     0.274865     193.108974   193.133541   0.402335     0.046991     33.014070   
1.063921     -1.655410    50.158156    50.235325    0.101367     -0.157722    4.778915    
0.412547     -1.765404    32.022152    32.133783    0.138554     -0.592911    10.754639   
0.089840     0.561136     11.578658    11.758538    0.002565     0.016021     0.330577    
-0.455684    1.339744     39.802666    39.876431    -0.006938    0.020398     0.606011    
0.749951     -0.029337    57.964396    58.002668    0.022109     -0.000865    1.708857    
-0.849450    0.537360     44.599377    44.654112    -0.105535    0.066761     5.541006    
0.603352     -0.705019    14.565691    14.727369    0.142021     -0.165953    3.428580    
1.009194     0.674727     20.170274    20.302430    0.116180     0.077676     2.322034    
-0.569564    -0.017264    9.377208     9.598525     -0.010738    -0.000325    0.176782    
-0.160158    -2.116106    20.066694    20.274386    -0.004716    -0.062312    0.590896    
0.619335     1.051567     82.959055    82.991380    0.045605     0.077432     6.108688    
2.524182     -0.039344    74.875194    74.943596    0.402866     -0.006279    11.950265   
0.274520     -0.126727    32.267263    32.328666    0.013232     -0.006108    1.555324    
-0.138470    -1.259261    51.494147    51.547328    -0.004581    -0.041659    1.703551    
0.751021     -0.250773    31.013110    31.085606    0.032930     -0.010996    1.359814    
-1.056899    2.336471     36.736772    36.878741    -0.033233    0.073467     1.155137    
0.933867     -0.832998    10.300168    10.560985    0.007310     -0.006520    0.080626    
-0.660849    0.521069     12.405380    12.588751    -0.091552    0.072187     1.718607    
-0.669931    1.314736     29.232589    29.335926    -0.098198    0.192713     4.284881    
-0.296127    -0.506079    18.173593    18.289293    -0.045270    -0.077366    2.778254    
0.705227     -0.922077    79.449878    79.482738    0.239226     -0.312786    26.950928   
-2.287316    1.529872     31.216804    31.399620    -0.230066    0.153879     3.139886    
-0.222981    -0.015319    42.356280    42.402586    -0.014549    -0.001000    2.763603    
0.417375     1.167690     18.558577    18.703835    0.001379     0.003858     0.061309    
0.994228     1.327406     26.492378    26.617129    0.107312     0.143273     2.859451    
-1.445907    0.912687     12.376591    12.648264    -0.033202    0.020957     0.284196    
0.515242     -0.136250    45.202996    45.248976    0.011383     -0.003010    0.998627    
-0.167626    -0.267652    51.256252    51.295010    -0.001053    -0.001682    0.322129    
0.178377     -2.107147    18.468570    18.693178    0.013149     -0.155327    1.361397    
-1.673625    -0.254874    88.507205    88.545278    -0.002213    -0.000337    0.117042    
-1.411389    -0.951274    121.727097   121.754910   -0.010531    -0.007098    0.908250    
-0.005546    0.242973     37.861517    37.913434    -0.000868    0.038024     5.925170    
1.090014     1.547304     60.483920    60.545535    0.022339     0.031711     1.239564    
-0.214774    0.253253     71.585805    71.613635    -0.004163    0.004909     1.387551    
-0.233994    -0.613004    13.590253    13.747743    -0.001104    -0.002892    0.064119    
-0.792747    0.250167     72.179325    72.210948    -0.026118    0.008242     2.377991    
0.506368     -0.056649    34.862388    34.921636    0.029639     -0.003316    2.040607    
-1.865983    -2.782799    63.950566    64.068524    -0.206628    -0.308151    7.081512    
-0.139490    0.727592     45.194410    45.243325    -0.002443    0.012741     0.791437    
0.917688     2.720432     61.640771    61.738987    0.026648     0.078996     1.789928    
-1.005388    4.592520     61.026017    61.238482    -0.052177    0.238339     3.167074    
-1.345311    0.118572     57.777485    57.826781    -0.019252    0.001697     0.826840    
-1.767425    0.106142     55.754537    55.817367    -0.063981    0.003842     2.018318    
0.734536     -0.570088    19.077108    19.200925    0.002179     -0.001691    0.056592    
0.725079     -0.664981    12.951780    13.137408    0.155825     -0.142909    2.783432    
-1.451086    -0.009435    28.048580    28.154992    -0.425159    -0.002764    8.218059    
0.177755     -0.874717    24.889389    24.983061    0.011114     -0.054692    1.556219    
-1.181306    -0.031805    15.468597    15.638060    -0.050567    -0.001361    0.662147    
-0.484290    0.508666     48.643460    48.688340    -0.007692    0.008080     0.772650    
-0.373192    1.171027     29.197231    29.289313    -0.057462    0.180309     4.495655    
0.684123     -1.344829    75.734467    75.775069    0.005302     -0.010422    0.586923    
-0.286723    0.100999     16.174875    16.297053    -0.000895    0.000315     0.050488    
0.476964     0.289429     13.937413    14.086791    0.051562     0.031289     1.506704    
-0.226830    0.375582     17.676723    17.791402    -0.046330    0.076713     3.610481    
1.544388     0.978206     56.822371    56.885840    0.318173     0.201529     11.706499   
-1.921146    -0.094462    69.368424    69.423000    -0.070051    -0.003444    2.529405    
0.844260     1.027685     39.244021    39.315862    0.112008     0.136343     5.206501    
1.459176     -0.034739    19.044812    19.201829    0.084886     -0.002021    1.107907    
-0.115094    -1.451032    23.294957    23.423251    -0.004555    -0.057428    0.921957    
1.624388     0.875786     51.595532    51.666038    0.246613     0.132961     7.833196    
-0.741748    -0.729419    87.337093    87.365468    -0.005601    -0.005508    0.659455    
-0.662867    -0.753631    71.222508    71.256774    -0.298195    -0.339026    32.039911   
0.033277     -0.781650    77.071291    77.100395    0.004361     -0.102434    10.100021   
-0.142199    0.159010     7.675176     7.926461     -0.011621    0.012995     0.627259    
0.253169     0.325869     8.916689     9.140710     0.006605     0.008502     0.232629    
0.751433     0.075593     52.894969    52.936972    0.025697     0.002585     1.808884    
0.076850     -0.662866    36.973684    37.032061    0.023416     -0.201973    11.265768   
-0.464054    -0.637721    35.060814    35.124887    -0.010283    -0.014131    0.776893    
-0.247095    -0.074325    136.002110   136.016600   -0.000042    -0.000013    0.023015    
1.049265     0.036146     35.758693    35.828220    0.046598     0.001605     1.588050    
-0.247006    -1.014904    77.810739    77.842643    -0.023618    -0.097042    7.440005    
0.429665     0.918749     21.135464    21.251153    0.011728     0.025077     0.576889    
1.493690     -0.785390    18.781877    18.960006    0.063323     -0.033296    0.796237    
-0.035723    -0.784134    12.333356    12.514102    -0.004351    -0.095496    1.502026    
0.371627     0.968548     49.238275    49.288527    0.021146     0.055112     2.801761    
-0.704052    0.396649     11.935863    12.124059    -0.075623    0.042604     1.282040    
-0.133842    -0.870195    15.706255    15.853597    -0.034426    -0.223826    4.039858    
-0.267306    0.167968     88.019034    88.041609    -0.022124    0.013902     7.284888    
-0.121503    -0.030544    116.874814   116.891457   -0.001867    -0.000469    1.796264    
-0.830247    -1.219524    29.368898    29.471744    -0.154389    -0.226777    5.461300    
0.613583     -1.496327    13.610426    13.846809    0.049166     -0.119901    1.090605    
-0.565856    -0.074701    19.705806    19.812106    -0.012322    -0.001627    0.429095    
2.047581     1.458809     36.690276    36.828957    0.515566     0.367318     9.238353    
-1.512959    0.063909     91.588028    91.621695    -0.160397    0.006775     9.709758    
-0.988619    1.700925     22.583877    22.754714    -0.014479    0.024911     0.330750    
-0.946216    -0.855865    37.042327    37.116530    -0.039488    -0.035717    1.545861    
1.146496     1.010941     16.340189    16.529161    0.008464     0.007464     0.120636    
1.822302     0.172402     36.321480    36.420809    0.065849     0.006230     1.312472    
0.124041     -0.908908    38.896994    38.957574    0.000351     -0.002575    0.110204    
-0.318025    0.329199     41.627518    41.676548    -0.005424    0.005615     0.709986    
-1.085625    -1.816627    26.496746    26.653915    -0.084076    -0.140688    2.052037    
-1.320361    -0.765976    95.986735    96.019052    -0.009920    -0.005755    0.721127    
0.780587     0.044677     13.254796    13.422961    0.036428     0.002085     0.618574    
2.089295     0.566728     17.771841    18.011097    0.135273     0.036693     1.150654    
-1.397991    -1.404627    83.500631    83.547338    -0.032808    -0.032964    1.959587    
-1.729279    -0.364148    23.534572    23.682779    -0.024675    -0.005196    0.335813    
-1.144576    0.612955     17.560067    17.717694    -0.017681    0.009468     0.271254    
-0.748249    -2.176528    86.482901    86.535913    -0.006707    -0.019511    0.775248    
2.200175     -1.788719    55.190786    55.298626    0.279174     -0.226965    7.003001    
1.142379     0.806997     22.608343    22.736939    0.105435     0.074481     2.086625    
0.687436     1.281549     30.665894    30.763402    0.063235     0.117886     2.820874    
-0.732821    0.248432     93.740865    93.764724    -0.027992    0.009490     3.580730    
-1.415600    -1.106901    23.731334    23.880542    -0.101830    -0.079624    1.707087    
-0.892966    -0.952703    12.599730    12.819250    -0.006647    -0.007091    0.093782    
-0.595260    0.889569     82.153869    82.184420    -0.001321    0.001974     0.182328    
-0.794185    0.837169     43.433771    43.493667    -0.156983    0.165479     8.585357    
2.229680     -0.108870    77.855295    77.912164    0.178592     -0.008720    6.236018    
1.134059     -1.235034    140.884974   140.908702   0.035755     -0.038939    4.441878    
1.004083     0.205697     81.259244    81.289545    0.127891     0.026200     10.350025   
0.940401     -0.067719    22.563376    22.668697    0.091901     -0.006618    2.205017    
-1.266142    -0.747546    50.497072    50.556812    -0.008948    -0.005283    0.356868    
-1.772786    -0.463879    14.833619    15.075449    -0.070073    -0.018336    0.586331    
0.262428     1.592380     29.323816    29.434090    0.031577     0.191607     3.528462    
0.434054     0.400947     6.826512     7.129192     0.053085     0.049037     0.834894    
-1.609249    0.474267     15.072303    15.292608    -0.025920    0.007639     0.242765    
-2.370795    0.891226     35.656780    35.800780    -0.223141    0.083883     3.356039    
0.548348     0.198308     75.234333    75.262340    0.014530     0.005255     1.993517    
-1.829324    0.304396     84.197562    84.240984    -0.071615    0.011917     3.296212    
1.851075     1.032491     41.243591    41.344906    0.081554     0.045489     1.817093    
-0.202889    -0.517481    21.268955    21.367086    -0.006316    -0.016108    0.662063    
1.103983     0.246880     102.611889   102.637003   0.056753     0.012692     5.275061    
0.023366     -2.175269    101.324334   101.366799   0.000986     -0.091831    4.277522    
0.286144     1.050096     38.594671    38.660162    0.006315     0.023175     0.851766    
-1.667088    -1.892551    26.400587    26.593738    -0.336761    -0.382306    5.333066    
0.915576     1.067018     25.879035    25.991849    0.010831     0.012623     0.306151    
-0.744092    -0.762426    48.524963    48.576558    -0.011335    -0.011615    0.739224    
0.284160     -1.873716    39.768710    39.862474    0.028611     -0.188655    4.004116    
-0.092642    -0.353159    76.168431    76.194739    -0.001625    -0.006194    1.335821    
1.114736     0.060724     45.452416    45.508718    0.086405     0.004707     3.523080    
1.026577     0.652687     11.255097    11.490519    0.121296     0.077118     1.329850    
-0.932441    0.565048     100.662707   100.687855   -0.002488    0.001508     0.268573    
0.953362     0.739100     69.639985    69.678244    0.187062     0.145021     13.664236   
-0.070416    -1.246555    46.637328    46.695548    -0.001277    -0.022606    0.845768    
0.567241     0.386005     12.284000    12.459630    0.006729     0.004579     0.145729    
-0.445776    0.367813     9.302162     9.525711     -0.010942    0.009028     0.228320    
-0.067647    1.333134     40.282022    40.352176    -0.010011    0.197297     5.961517    
-0.137549    -1.173110    20.112636    20.243225    -0.002853    -0.024335    0.417209    
-0.868108    2.504515     32.429062    32.596706    -0.057521    0.165951     2.148774    
-0.851292    0.852237     29.321511    29.412191    -0.011521    0.011534     0.396825    
1.183107     -0.907439    70.959558    71.002514    0.102497     -0.078615    6.147473    
1.408852     -0.004741    11.867681    12.112048    0.001378     -0.000005    0.011608    
-0.013565    -0.475840    83.153666    83.178324    -0.000245    -0.008582    1.499734    
1.104139     0.028709     15.213509    15.380044    0.052889     0.001375     0.728742    
-0.271187    1.116647     110.236817   110.260379   -0.022080    0.090916     8.975370    
-1.111314    -0.507588    128.314258   128.335172   -0.110429    -0.050438    12.750344   
2.749349     -1.074692    34.343333    34.526125    0.570518     -0.223009    7.126590    
-1.176635    -0.243802    38.506486    38.575489    -0.088744    -0.018388    2.904218    
0.204899     -0.235636    20.920402    21.015130    0.012069     -0.013879    1.232231    
0.153463     -1.505745    63.378394    63.427018    0.023306     -0.228672    9.625039    
0.379672     2.241111     20.691727    20.909071    0.040228     0.237458     2.192401    
-0.443671    1.586830     70.286203    70.333066    -0.080433    0.287677     12.742200   
-1.284391    -0.453151    18.066968    18.224854    -0.205987    -0.072675    2.897524    
1.814812     1.743062     63.838593    63.918485    0.063817     0.061294     2.244863    
-0.274950    -0.108833    11.561955    11.732059    -0.004617    -0.001827    0.194139    
0.997987     0.733072     29.624061    29.715204    0.048532     0.035649     1.440610    
-0.880725    -1.113240    33.549507    33.637172    -0.261308    -0.330294    9.954023    
0.560263     -1.499057    108.150937   108.180687   0.020631     -0.055202    3.982567    
-0.202215    1.349902     11.767155    12.008497    -0.002038    0.013607     0.118614    
-0.113481    -1.195703    15.280504    15.453522    -0.018028    -0.189950    2.427468    
0.618152     0.312353     86.285655    86.310885    0.018117     0.009155     2.528932    
1.207422     0.600917     16.636599    16.806854    0.035699     0.017767     0.491885    
-0.062010    1.047587     49.457433    49.507716    -0.000615    0.010386     0.490323    
-1.383290    0.527297     45.831669    45.897803    -0.062526    0.023834     2.071628    
1.330486     0.500517     29.671430    29.770614    0.192395     0.072377     4.290642    
-1.178607    0.463774     20.990103    21.120218    -0.108018    0.042504     1.923711    
0.252424     -1.064537    10.048397    10.297679    0.065643     -0.276832    2.613077    
0.843132     0.668409     17.562187    17.704887    0.002039     0.001616     0.042472    
0.142414     -1.083077    143.308063   143.325746   0.008804     -0.066958    8.859654    
0.428670     -1.828485    23.280661    23.439096    0.001243     -0.005300    0.067482    
1.248997     0.927485     53.417839    53.476730    0.136270     0.101192     5.828078    
1.502257     0.779743     24.669833    24.806056    0.092670     0.048100     1.521816    
0.136552     0.358900     18.367473    18.476647    0.000183     0.000481     0.024611    
-0.468601    -1.443920    34.627112    34.716226    -0.034545    -0.106444    2.552658    
-0.523227    -0.581910    93.899257    93.923149    -0.000840    -0.000935    0.150820    
0.941886     -0.184114    19.910926    20.031000    0.055438     -0.010837    1.171928    
1.320993     -1.118917    20.769418    20.934199    0.042259     -0.035795    0.664422    
0.213608     -0.470517    64.389687    64.421842    0.010955     -0.024132    3.302409    
-0.435624    1.301481     21.068230    21.204454    -0.011283    0.033711     0.545708    
1.164616     0.920004     25.877229    25.994397    0.024769     0.019566     0.550349    
-0.136671    0.874106     47.824080    47.872752    -0.008610    0.055069     3.012963    
1.054008     -1.053839    17.052454    17.230283    0.006071     -0.006070    0.098216    
-1.751694    -0.691987    29.622865    29.747880    -0.002621    -0.001035    0.044323    
0.217212     0.239701     45.384016    45.427838    0.029086     0.032097     6.077135    
-0.555520    0.385766     11.351158    11.540415    -0.033541    0.023292     0.685364    
0.929703     -0.186671    8.320598     8.602702     0.066376     -0.013327    0.594044    
-0.720670    0.606657     31.719114    31.794097    -0.074660    0.062848     3.286020    
4.263555     -0.278032    54.921470    55.122573    0.067428     -0.004397    0.868578    
-0.744353    1.453196     16.491865    16.688991    -0.244350    0.477044     5.413823    
-1.252665    0.031459     80.242110    80.276032    -0.142905    0.003589     9.154066    
0.285503     1.490167     38.030809    38.111934    0.020126     0.105047     2.680935    
-0.821083    -0.593413    20.132699    20.254058    -0.001403    -0.001014    0.034398    
-0.818387    -0.006866    10.230205    10.449969    -0.110639    -0.000928    1.383036    
1.364254     0.667020     55.592963    55.648528    0.043699     0.021366     1.780726    
-0.572917    0.331088     25.119637    25.205336    -0.005908    0.003414     0.259056    
0.074940     -0.154349    7.460618     7.717850     0.013069     -0.026918    1.301120    
-0.920347    -0.841569    8.024784     8.356279     -0.002357    -0.002155    0.020550    
-0.536063    0.373346     6.301581     6.634126     -0.053671    0.037380     0.630922    
1.506993     -2.292290    56.647728    56.748266    0.021730     -0.033054    0.816833    
-0.753657    -0.071819    42.668655    42.720747    -0.043862    -0.004180    2.483251    
-0.633048    -0.155948    27.162672    27.241711    -0.026565    -0.006544    1.139841    
1.444779     0.846961     11.388408    11.677993    0.143447     0.084092     1.130712    
1.593184     -0.660900    85.941700    85.981543    0.023129     -0.009595    1.247651    
2.449751     1.319299     41.706732    41.845768    0.001359     0.000732     0.023130    
2.513643     -2.184351    18.050191    18.460069    0.174992     -0.152068    1.256601    
0.427456     0.448000     98.152496    98.174186    0.003294     0.003452     0.756332    
2.083752     0.020610     18.805963    19.023187    0.388388     0.003842     3.505224    
-0.221729    -1.058817    14.341798    14.516624    -0.011974    -0.057178    0.774481    
-0.233420    -0.910220    25.233158    25.327262    -0.003505    -0.013669    0.378927    
0.021808     0.509734     26.615492    26.693064    0.000107     0.002491     0.130048    
-0.727794    -1.084817    31.825409    31.912977    -0.008415    -0.012543    0.367983    
-0.073458    -0.486195    14.712475    14.851722    -0.005731    -0.037933    1.147879    
-1.217103    -0.658144    32.470875    32.559901    -0.052949    -0.028632    1.412618    
0.686173     -0.914270    18.652467    18.790855    0.019361     -0.025797    0.526291    
0.376839     -1.038576    8.819089     9.103402     0.014448     -0.039820    0.338133    
-0.261064    0.497258     37.605280    37.660954    -0.044622    0.084993     6.427624    
0.494948     1.216403     44.471495    44.534408    0.078761     0.193567     7.076762    
-0.274588    0.158034     46.405442    46.448255    -0.011502    0.006620     1.943779    
1.022250     -0.048986    35.140046    35.210015    0.118950     -0.005700    4.088913    
-1.141515    1.026407     40.637278    40.713878    -0.015580    0.014009     0.554643    
1.467500     0.636902     16.652466    16.844547    0.206660     0.089691     2.345072    
0.750588     1.954569     53.371979    53.449292    0.036661     0.095467     2.606838    
-0.390207    0.256996     58.444132    58.479140    -0.067651    0.044556     10.132537   
-1.426350    1.439003     44.779140    44.868157    -0.066438    0.067028     2.085784    
0.355488     -1.510635    35.376221    35.464917    0.049138     -0.208809    4.889914    
-1.391294    -1.329898    140.213860   140.240885   -0.022215    -0.021234    2.238785    
0.972730     -2.782451    44.730127    44.870341    0.047475     -0.135801    2.183111    
-1.366334    -1.403381    56.824079    56.891891    -0.075471    -0.077517    3.138741    
0.885675     -0.287519    65.531596    65.567768    0.044870     -0.014566    3.319990    
0.183663     -0.064908    13.945880    14.085470    0.012133     -0.004288    0.921281    
0.188870     0.893757     58.358610    58.398945    0.014270     0.067529     4.409383    
0.205091     0.924893     47.147972    47.198556    0.014140     0.063765     3.250522    
1.511158     1.227803     33.476637    33.590941    0.308505     0.250657     6.834296    
0.726776     -1.776817    10.016828    10.387352    0.180882     -0.442220    2.493023    
0.345063     -0.093244    12.417146    12.577291    0.000367     -0.000099    0.013194    
-1.150999    -0.418394    75.791808    75.827258    -0.046658    -0.016961    3.072400    
0.518183     -0.974244    14.996115    15.164962    0.001020     -0.001917    0.029505    
-1.937556    -0.278485    75.621733    75.672671    -0.068442    -0.009837    2.671257    
1.005127     -0.170608    9.068189     9.335223     0.007741     -0.001314    0.069841    
-1.015215    -0.033409    37.153801    37.219776    -0.042440    -0.001397    1.553174    
1.950535     1.256430     19.309198    19.547462    0.087282     0.056223     0.864047    
-0.220094    2.577037     28.120917    28.308135    -0.000835    0.009782     0.106747    
-0.305751    0.179438     9.217454     9.431971     -0.015360    0.009014     0.463053    
-0.758143    -0.017839    17.145270    17.274558    -0.008130    -0.000191    0.183861    
-0.023120    0.983098     10.909888    11.129583    -0.001912    0.081283     0.902040    
-0.482629    0.924353     30.823057    30.903449    -0.059108    0.113206     3.774904    
-1.332484    1.884747     28.485546    28.646624    -0.057527    0.081369     1.229793    
-1.372930    -0.603101    129.090302   129.114019   -0.001125    -0.000494    0.105792    
0.167817     0.746875     13.830140    13.990487    0.015413     0.068596     1.270217    
-3.700258    -0.359266    55.093914    55.254279    -0.007495    -0.000728    0.111590    
0.978917     -1.422816    10.766924    11.080808    0.021227     -0.030853    0.233473    
1.184019     -0.187762    43.880667    43.941154    0.135001     -0.021408    5.003232    
-0.415786    0.210641     8.159365     8.406393     -0.022209    0.011251     0.435829    
1.376273     0.056893     11.612234    11.858174    0.185526     0.007669     1.565363    
-0.545500    -2.230886    37.670426    37.791671    -0.008980    -0.036726    0.620151    
-1.554901    -1.322097    43.014331    43.107694    -0.039590    -0.033662    1.095203    
1.327136     0.806296     18.561140    18.729716    0.173884     0.105642     2.431915    
1.682454     -0.213681    102.075896   102.108961   0.116120     -0.014748    7.045092    
0.995834     0.415228     41.726998    41.787336    0.001016     0.000424     0.042571    
-1.077722    -1.085403    21.428678    21.573196    -0.060897    -0.061331    1.210843    
1.012458     -0.457193    14.049063    14.229731    0.025677     -0.011595    0.356298    
0.681363     0.393647     94.437991    94.461782    0.010245     0.005919     1.419970    
-0.000414    2.457947     63.868454    63.946039    -0.000007    0.038621     1.003547    
-1.745381    1.008693     15.145166    15.405026    -0.122567    0.070834     1.063552    
-0.433261    -0.292473    24.241743    24.327151    -0.004539    -0.003064    0.253949    
1.556407     0.517981     16.646478    16.842532    0.186634     0.062113     1.996133    
-0.089409    0.972167     15.372728    15.528967    -0.025639    0.278778     4.408273    
0.045848     -0.468118    83.233329    83.257932    0.000513     -0.005237    0.931129    
0.346173     -0.719413    8.235122     8.504680     0.174565     -0.362778    4.152723    
1.444846     -0.601060    34.397822    34.489621    0.259496     -0.107951    6.177899    
-1.076575    -0.446239    81.809134    81.841111    -0.020810    -0.008626    1.581329    
0.650885     1.987462     34.938515    35.056361    0.087625     0.267561     4.703577    
0.339924     0.471905     89.212290    89.235900    0.000700     0.000972     0.183766    
0.047590     0.751481     96.010122    96.033251    0.008488     0.134034     17.124308   
-0.516249    0.184159     14.021349    14.169460    -0.027161    0.009689     0.737691    
-1.012231    1.513722     53.518233    53.585373    -0.096458    0.144247     5.099897    
-0.950409    -0.004903    29.382056    29.463256    -0.015457    -0.000080    0.477843    
-0.380346    -1.126782    19.045132    19.183491    -0.023647    -0.070053    1.184058    
-0.460007    1.043699     163.700040   163.715848   -0.038825    0.088089     13.816338   
1.257173     -0.495785    15.051333    15.239550    0.121331     -0.047849    1.452622    
0.294284     -0.598795    25.849985    25.933412    0.042807     -0.087102    3.760190    
0.634842     -0.928972    79.785693    79.817904    0.083558     -0.122271    10.501351   
0.570927     0.631232     14.375575    14.534666    0.041219     0.045573     1.037871    
-1.625631    0.301843     86.787920    86.825986    -0.050416    0.009361     2.691589    
0.514146     1.655424     16.488451    16.695771    0.011109     0.035769     0.356270    
-0.239367    -2.420583    27.117178    27.297121    -0.004654    -0.047063    0.527240    
-0.771179    -0.287614    21.833695    21.937698    -0.082282    -0.030688    2.329589    
0.552427     1.373497     27.309020    27.419869    0.021439     0.053304     1.059827    
-0.999057    -0.239280    12.758802    12.950573    -0.004699    -0.001125    0.060009    
-0.699969    1.265843     55.510901    55.564623    -0.097191    0.175762     7.707690    
-1.630278    -0.319833    11.418783    11.705710    -0.288722    -0.056642    2.022263    
-0.943625    1.241626     55.102722    55.159921    -0.014968    0.019695     0.874058    
-0.724902    -0.138947    24.279698    24.370545    -0.012242    -0.002346    0.410018    
-1.603605    -0.342992    63.323613    63.375422    -0.021766    -0.004655    0.859497    
0.853843     0.406426     33.643180    33.713984    0.037213     0.017713     1.466262    
-2.307551    -0.615294    93.020473    93.071944    -0.152691    -0.040714    6.155168    
0.683375     0.279705     14.945888    15.093037    0.007718     0.003159     0.168805    
0.795096     0.652833     117.260816   117.281850   0.018462     0.015159     2.722843    
-0.088176    1.156795     40.512915    40.577299    -0.006909    0.090635     3.174178    
-0.371136    0.210172     47.627992    47.670562    -0.044311    0.025093     5.686426    
-0.371167    0.937136     15.096492    15.257622    -0.001140    0.002879     0.046383    
-0.510381    -2.325763    31.850206    31.999692    -0.008382    -0.038197    0.523089    
1.743619     1.055105     24.313191    24.477738    0.083498     0.050526     1.164298    
0.161937     0.839564     153.505593   153.520596   0.009158     0.047477     8.680755    
0.098809     -0.597156    98.600350    98.621855    0.004852     -0.029324    4.841940    
0.042291     -1.756549    106.904708   106.937266   0.000402     -0.016682    1.015282    
-1.294052    -0.943534    32.176353    32.276268    -0.041058    -0.029937    1.020899    
1.883207     -1.417225    97.856534    97.904705    0.111636     -0.084012    5.800890    
-0.807230    0.200816     27.102735    27.186856    -0.059717    0.014856     2.005006    
-1.659785    0.331432     16.579564    16.781586    -0.001977    0.000395     0.019746    
-0.363045    0.183178     27.128558    27.202922    -0.002149    0.001085     0.160620    
0.425762     0.330660     17.506231    17.624803    0.056831     0.044137     2.336757    
0.458922     1.438051     97.219395    97.251037    0.032705     0.102482     6.928296    
1.528915     -1.433664    47.829006    47.915361    0.224200     -0.210232    7.013629    
0.207708     0.788689     14.264942    14.423200    0.009269     0.035196     0.636585    
-0.134924    -1.531165    22.065098    22.205994    -0.006872    -0.077989    1.123870    
0.421020     2.006593     23.692312    23.862193    0.028887     0.137676     1.625569    
0.072683     -2.206167    26.571661    26.735754    0.015633     -0.474500    5.715009    
0.318551     1.745790     50.979313    51.048159    0.014213     0.077893     2.274576    
0.529578     -1.294987    105.209349   105.237063   0.041248     -0.100865    8.194617    
0.993236     0.357537     15.292782    15.455047    0.119239     0.042923     1.835916    
0.248935     -0.840889    69.874254    69.907477    0.000425     -0.001437    0.119416    
-0.108847    -0.852781    9.404557     9.646747     -0.000110    -0.000865    0.009541    
-0.006482    -0.142242    66.561798    66.591052    -0.000613    -0.013448    6.292818    
-0.399281    -0.237972    36.314395    36.370679    -0.076520    -0.045606    6.959417    
-0.565844    -0.623220    14.704577    14.859614    -0.032064    -0.035315    0.833246    
-0.322055    -0.349927    72.120925    72.149352    -0.002917    -0.003170    0.653249    
-1.215291    -0.380881    119.767079   119.790025   -0.002323    -0.000728    0.228978    
-0.798456    1.579036     48.913831    48.985393    -0.006851    0.013549     0.419701    
-0.428122    -1.424671    9.255540     9.578776     -0.066612    -0.221666    1.440079    
1.630687     0.093002     36.841909    36.930597    0.010541     0.000601     0.238156    
-1.050803    0.538218     23.719688    23.830493    -0.166128    0.085090     3.750003    
1.121631     -0.999625    59.938202    59.989335    0.431988     -0.384999    23.084775   
1.979917     -0.873768    22.311444    22.502423    0.212248     -0.093668    2.391798    
-1.079971    -1.635250    84.488872    84.534518    -0.130610    -0.197765    10.217967   
-0.502331    0.914679     16.665632    16.813899    -0.035669    0.064949     1.183382    
-0.263388    0.922074     37.789749    37.853133    -0.003375    0.011817     0.484292    
0.186665     1.347515     64.027177    64.071874    0.020160     0.145533     6.914994    
-0.572178    0.857377     9.802235     10.050933    -0.021757    0.032601     0.372722    
-0.223591    -0.008493    8.936163     9.153143     -0.033091    -0.001257    1.322530    
-0.283967    -0.761510    37.642934    37.703129    -0.004955    -0.013288    0.656835    
0.549202     0.236771     58.222860    58.259197    0.014117     0.006086     1.496609    
0.005572     0.025723     53.574009    53.610167    0.000494     0.002279     4.746935    
-1.221248    -0.738353    54.653469    54.707525    -0.097579    -0.058995    4.366882    
1.299825     0.654768     62.317616    62.365683    0.076689     0.038631     3.676728    
0.031105     0.681497     245.431038   245.439881   0.000472     0.010346     3.726111    
-0.078256    0.300627     9.285177     9.496629     -0.003808    0.014630     0.451850    
-1.492529    -0.777965    61.009091    61.064041    -0.017212    -0.008971    0.703548    
0.456400     -1.201685    46.626974    46.686208    0.005458     -0.014372    0.557646    
0.909912     -1.038592    76.469086    76.506880    0.128596     -0.146782    10.807238   
0.852928     -0.588862    42.354102    42.412489    0.104494     -0.072143    5.188873    
-0.105241    -1.550987    58.148269    58.202343    -0.013317    -0.196259    7.357985    
-0.336805    0.253009     10.694643    10.882453    -0.067515    0.050718     2.143824    
-0.050979    0.231703     13.817734    13.959262    -0.000127    0.000575     0.034319    
-0.287843    1.853730     16.373195    16.597459    -0.029277    0.188547     1.665351    
0.430807     -0.625172    82.558471    82.585426    0.025458     -0.036943    4.878613    
0.807155     -0.469655    37.059869    37.123860    0.041574     -0.024191    1.908849    
0.972950     -0.572624    21.613334    21.732135    0.030031     -0.017675    0.667115    
-0.333584    1.049512     16.201170    16.357433    -0.024756    0.077888     1.202343    
1.267320     0.468800     27.347863    27.451893    0.058940     0.021803     1.271888    
1.819140     0.180556     14.494167    14.741021    0.166024     0.016478     1.322814    
-0.490093    1.267398     87.598836    87.631487    -0.049352    0.127627     8.821221    
-0.540548    -0.803654    21.696363    21.806998    -0.134874    -0.200522    5.413521    
-0.895814    -0.509337    36.339862    36.407725    -0.104591    -0.059468    4.242885    
-0.866801    -1.046767    11.588229    11.832543    -0.079085    -0.095505    1.057290    
-0.087871    -0.200022    14.763766    14.896022    -0.003144    -0.007157    0.528239    
1.176542     -0.185585    109.300727   109.324940   0.007222     -0.001139    0.670890    
-0.095030    -0.830722    19.016342    19.136231    -0.014873    -0.130013    2.976161    
-1.032147    1.282500     40.962743    41.043044    -0.006367    0.007912     0.252701    
-2.001009    -0.705840    89.136371    89.183350    -0.457622    -0.161422    20.385079   
-1.079982    -0.619336    67.583730    67.623853    -0.011564    -0.006632    0.723688    
0.560016     1.342799     47.145403    47.208905    0.009140     0.021915     0.769435    
1.020470     0.765109     88.514139    88.545211    0.080677     0.060488     6.997791    
-0.444775    -0.728980    11.893136    12.085151    -0.039821    -0.065266    1.064804    
-2.001956    0.709000     87.664393    87.712207    -0.020763    0.007353     0.909214    
-0.623461    0.335557     20.842270    20.946992    -0.023990    0.012912     0.801980    
-0.269991    0.198724     89.364717    89.387023    -0.007139    0.005255     2.362981    
0.652756     -0.666412    7.844205     8.141050     0.030555     -0.031194    0.367177    
-2.958073    1.273067     81.756885    81.843962    -0.642787    0.276637     17.765713   
0.265756     -0.324956    8.803326     9.030489     0.028633     -0.035011    0.948470    
0.272831     -0.373182    8.234058     8.478700     0.020643     -0.028236    0.623013    
-0.053830    0.505064     48.115693    48.158622    -0.002561    0.024031     2.289314    
0.251232     0.659368     121.726647   121.744607   0.009066     0.023794     4.392600    
-0.983153    1.183237     32.787447    32.882492    -0.026008    0.031301     0.867347    
0.695068     -0.242134    85.939375    85.965068    0.042653     -0.014859    5.273676    
1.014600     0.521248     16.387822    16.544993    0.289613     0.148788     4.677830    
-0.897090    0.253409     105.543903   105.566375   -0.004898    0.001384     0.576244    
0.378720     -0.353112    25.171878    25.254039    0.007727     -0.007204    0.513548    
-1.204524    -0.856322    99.231905    99.262430    -0.100673    -0.071571    8.293724    
-1.894696    -0.205688    20.988669    21.166751    -0.156449    -0.016984    1.733083    
2.019855     0.782492     104.717728   104.758625   0.003620     0.001403     0.187699    
-0.831280    2.170308     80.302733    80.360470    -0.052060    0.135919     5.029095    
1.194078     -0.868453    35.417126    35.502504    0.008238     -0.005992    0.244359    
