1.536394     -0.849344    59.179782    59.238530    0.081738     -0.045186    3.148451    
-1.199889    1.539978     26.107307    26.254099    -0.066500    0.085349     1.446920    
2.242996     -0.809547    41.739374    41.853754    0.055451     -0.020014    1.031876    
1.879935     0.534210     116.555862   116.588865   0.187668     0.053329     11.635431   
-1.608792    0.630334     28.270855    28.391931    -0.276231    0.108229     4.854130    
1.657472     -2.132380    62.167233    62.257000    0.186660     -0.240143    7.001104    
0.200172     0.529099     38.025918    38.081038    0.015535     0.041063     2.951153    
-1.020985    -0.170514    41.371562    41.431300    -0.090117    -0.015050    3.651660    
1.360932     -0.184557    22.688066    22.814677    0.082320     -0.011164    1.372356    
0.172797     -0.572170    27.128454    27.206345    0.008786     -0.029093    1.379410    
0.263871     -0.924568    82.829435    82.858402    0.005079     -0.017796    1.594321    
-1.212324    1.812481     38.450186    38.562242    -0.005834    0.008722     0.185027    
1.306192     1.282666     38.123303    38.217961    0.029376     0.028847     0.857395    
1.728778     -0.201927    55.121351    55.183944    0.763792     -0.089213    24.353167   
2.082931     0.821258     58.083187    58.159648    0.184654     0.072805     5.149145    
0.367875     -0.993870    16.891803    17.039104    0.003621     -0.009782    0.166256    
-3.571284    -2.744514    73.838815    74.002243    -0.195856    -0.150515    4.049465    
-0.886853    -0.613139    41.946889    42.006891    -0.023602    -0.016317    1.116332    
0.494120     -0.131987    134.105242   134.120664   0.005735     -0.001532    1.556421    
-0.745273    0.416104     88.808437    88.834351    -0.096119    0.053666     11.453775   
0.324892     2.767237     43.757469    43.890252    0.003813     0.032474     0.513508    
-1.356839    0.064001     73.268709    73.307733    -0.103302    0.004873     5.578269    
0.407628     -1.615342    12.272407    12.540431    0.006411     -0.025407    0.193025    
-0.425505    -0.327327    58.405762    58.441391    -0.000168    -0.000129    0.022998    
-1.561376    1.425360     47.351647    47.439678    -0.225928    0.206247     6.851702    
-0.850280    -0.128191    52.366302    52.410342    -0.000724    -0.000109    0.044598    
-1.408500    -0.483197    83.992508    84.028767    -0.029361    -0.010073    1.750885    
-0.400162    -0.945909    14.637666    14.805104    -0.017359    -0.041034    0.634986    
0.062338     -1.828470    44.216914    44.298506    0.003796     -0.111330    2.692240    
0.793409     -0.581148    61.069106    61.108738    0.024372     -0.017852    1.875958    
0.155102     1.757931     44.836713    44.914587    0.019750     0.223845     5.709251    
1.175181     -0.871665    8.096094     8.459465     0.001999     -0.001483    0.013772    
1.208092     -1.282637    70.486071    70.535564    0.047302     -0.050220    2.759808    
-0.631745    -0.715687    17.263464    17.401535    -0.007464    -0.008455    0.203954    
1.888601     0.943620     79.379157    79.431623    0.256240     0.128028     10.769959   
0.816953     -2.296347    74.680069    74.745758    0.011045     -0.031047    1.009693    
-1.392249    -0.538958    36.103178    36.187611    -0.161458    -0.062502    4.186855    
-1.671637    2.469111     46.340989    46.478523    -0.001467    0.002167     0.040671    
-0.117889    -0.146415    130.146665   130.161687   -0.018611    -0.023114    20.545960   
-0.895408    -0.176104    17.483501    17.617619    -0.037405    -0.007357    0.730354    
0.596681     -0.179137    42.167840    42.218359    0.021065     -0.006324    1.488707    
-0.179085    0.631399     24.227390    24.316087    -0.002554    0.009004     0.345473    
1.049850     -0.430467    5.863496     6.288325     0.024115     -0.009888    0.134687    
-0.185380    -0.168618    88.644130    88.666338    -0.027629    -0.025131    13.211493   
0.894243     -0.301728    46.466573    46.517825    0.040657     -0.013718    2.112636    
0.127557     0.284258     109.113752   109.131951   0.003597     0.008016     3.076787    
-1.348236    1.323146     19.378289    19.569402    -0.000445    0.000437     0.006393    
-0.670430    1.644592     41.229584    41.314740    -0.027169    0.066646     1.670798    
-1.217443    -0.253996    59.888491    59.933738    -0.172113    -0.035908    8.466565    
-0.408857    -0.512160    26.480831    26.561981    -0.006221    -0.007793    0.402949    
-1.203895    -0.110002    44.195075    44.255407    -0.097637    -0.008921    3.584268    
-0.239120    -0.803990    37.707436    37.768098    -0.002803    -0.009425    0.442043    
-0.066238    0.655720     14.547929    14.695290    -0.007150    0.070777     1.570268    
0.094110     1.800734     30.599900    30.716125    0.009222     0.176453     2.998464    
-0.099324    0.322230     13.947873    14.090132    -0.002438    0.007909     0.342344    
-0.529977    -0.349876    27.989221    28.065544    -0.062390    -0.041188    3.294930    
-1.954969    0.099510     34.974578    35.084582    -0.142527    0.007255     2.549814    
0.295064     0.599460     20.063160    20.170567    0.004836     0.009825     0.328825    
1.017670     0.296696     34.799315    34.871062    0.174514     0.050879     5.967536    
1.985383     0.431975     59.341980    59.409375    0.136080     0.029608     4.067354    
-1.279096    -1.072453    158.406287   158.427311   -0.097225    -0.081518    12.040548   
0.704373     -0.213200    162.749176   162.762744   0.064909     -0.019647    14.997492   
-1.173309    -0.076654    20.605363    20.732546    -0.016254    -0.001062    0.285444    
-1.597985    -1.799829    93.440426    93.492145    -0.018296    -0.020607    1.069815    
0.762798     -1.033415    21.916527    22.042208    0.091430     -0.123867    2.626945    
-0.481965    -0.869828    11.706155    11.912091    -0.001148    -0.002072    0.027886    
0.566440     -1.107890    28.602312    28.696960    0.056076     -0.109677    2.831534    
2.592434     -2.758483    74.320186    74.442562    0.074558     -0.079334    2.137448    
-0.025119    -0.383424    21.428634    21.522289    -0.000634    -0.009674    0.540668    
-0.356050    -1.153382    24.410271    24.519244    -0.010310    -0.033398    0.706845    
-0.595569    -0.915271    51.401585    51.450853    -0.053813    -0.082699    4.644380    
-0.786821    -0.881554    46.999457    47.055501    -0.070561    -0.079056    4.214815    
0.733145     -3.422706    60.716865    60.849529    0.117812     -0.550009    9.756851    
-0.189332    0.809794     84.193151    84.220266    -0.028328    0.121162     12.597060   
-1.008279    1.260862     15.122377    15.335177    -0.046172    0.057738     0.692491    
-1.024967    1.030059     91.766608    91.799221    -0.028355    0.028496     2.538660    
0.648509     0.249799     57.688645    57.726404    0.014721     0.005670     1.309499    
1.518871     0.655868     17.835530    18.019939    0.173919     0.075101     2.042267    
0.731349     -0.119207    126.153406   126.170939   0.099263     -0.016179    17.122227   
0.658743     -1.035576    18.718357    18.861554    0.140383     -0.220689    3.989030    
-0.029055    0.448906     181.221260   181.232510   -0.003546    0.054783     22.115839   
-0.558651    1.246342     62.754029    62.799750    -0.110220    0.245900     12.381186   
0.952238     0.128358     20.139068    20.257844    0.097596     0.013156     2.064072    
0.493585     -0.439476    10.008310    10.221447    0.003125     -0.002782    0.063359    
-2.081540    -0.422033    57.561493    57.634290    -0.190581    -0.038640    5.270191    
-0.256096    0.225595     24.841538    24.921746    -0.000396    0.000349     0.038442    
0.753013     -0.888099    72.090346    72.126616    0.008173     -0.009640    0.782496    
0.066690     0.892181     91.006227    91.031910    0.001973     0.026400     2.692912    
1.695457     -0.766181    33.285588    33.395612    0.043594     -0.019700    0.855841    
0.587087     0.994652     29.359697    29.448272    0.000568     0.000963     0.028430    
0.361050     1.624491     60.276387    60.331477    0.035843     0.161272     5.983965    
1.014962     0.953945     38.022632    38.099024    0.019343     0.018180     0.724620    
0.429665     0.448648     41.286776    41.338345    0.029997     0.031323     2.882474    
-0.780925    0.171500     13.723421    13.886918    -0.008183    0.001797     0.143808    
-0.753163    1.245732     21.781250    21.918414    -0.012562    0.020778     0.363291    
-1.180622    -0.657661    40.575922    40.646117    -0.118867    -0.066214    4.085249    
0.734128     -0.176154    27.257761    27.339174    0.123167     -0.029554    4.573105    
-0.402205    -0.961133    63.968915    64.007676    -0.020144    -0.048137    3.203765    
-1.026714    -1.006023    33.390755    33.479601    -0.172385    -0.168912    5.606315    
0.172945     0.224256     4.597115     5.008854     0.043424     0.056308     1.154278    
-0.589944    -0.682699    12.498079    12.684283    -0.003148    -0.003643    0.066686    
0.243466     -0.932752    29.486567    29.567920    0.030269     -0.115965    3.665941    
-0.854182    1.935563     86.493986    86.542247    -0.020287    0.045969     2.054200    
-0.482601    -0.110889    12.278882    12.445525    -0.014494    -0.003330    0.368780    
-0.977687    -0.197612    11.469200    11.679572    -0.213130    -0.043078    2.500218    
-2.692185    0.754534     24.530179    24.767354    -0.328551    0.092082     2.993632    
0.927729     1.983767     37.271677    37.387817    0.046945     0.100383     1.886020    
0.095136     -0.012673    32.694971    32.754317    0.009562     -0.001274    3.286036    
0.301221     -0.070766    11.686678    11.855343    0.004633     -0.001088    0.179746    
2.110492     -0.376686    34.418761    34.541600    0.100130     -0.017871    1.632963    
0.309435     0.093539     20.072043    20.170928    0.017909     0.005414     1.161725    
1.439731     2.178453     160.538844   160.572146   0.318021     0.481197     35.461332   
0.048254     0.411203     92.753272    92.775082    0.005604     0.047757     10.772428   
-1.527546    0.305026     37.412362    37.496483    -0.003906    0.000780     0.095656    
-0.424522    -0.688851    51.264042    51.308203    -0.076136    -0.123542    9.193976    
-0.201399    1.290923     23.647715    23.765446    -0.000826    0.005294     0.096982    
0.350837     0.411799     7.108376     7.395716     0.011059     0.012981     0.224073    
-1.930821    -0.905352    104.173608   104.214026   -0.004577    -0.002146    0.246935    
-1.122561    -0.159479    43.800968    43.859837    -0.127532    -0.018118    4.976147    
-0.649546    -0.128510    34.562644    34.624987    -0.023725    -0.004694    1.262433    
0.133844     -1.203297    45.981012    46.039051    0.016436     -0.147765    5.646460    
-0.701177    0.180688     21.886448    21.986720    -0.083722    0.021575     2.613289    
0.722373     0.296343     36.556324    36.617611    0.161393     0.066209     8.167446    
-1.109720    0.309188     8.609992     8.906963     -0.016132    0.004495     0.125166    
0.256314     -0.861105    59.978051    60.017070    0.001967     -0.006608    0.460240    
-0.644417    0.308888     27.394485    27.474414    -0.058393    0.027989     2.482305    
-0.899638    -2.795506    49.433816    49.560078    -0.062874    -0.195372    3.454833    
-0.698674    -1.332163    53.986233    54.043048    -0.010907    -0.020796    0.842762    
1.036999     -0.868154    18.028992    18.186494    0.284781     -0.238413    4.951130    
0.794650     -0.106775    13.831028    13.993397    0.266815     -0.035851    4.643968    
-0.449351    -1.496541    36.332955    36.419777    -0.000935    -0.003114    0.075604    
-0.953698    1.529639     89.931713    89.971314    -0.013270    0.021284     1.251364    
-0.461741    0.798638     15.989531    16.136638    -0.021918    0.037911     0.759012    
-0.396806    -0.561684    40.159186    40.213283    -0.013776    -0.019500    1.394240    
-1.794718    0.441648     57.631102    57.694323    -0.098866    0.024329     3.174748    
0.048446     -1.269884    14.635871    14.822234    0.012509     -0.327902    3.779193    
0.973633     -1.006831    17.009723    17.180434    0.021824     -0.022568    0.381270    
0.690299     1.360665     61.925041    61.975104    0.054849     0.108114     4.920339    
-0.886070    0.156133     82.212498    82.240983    -0.143938    0.025363     13.355059   
-1.575115    0.530362     25.772154    25.900601    -0.020106    0.006770     0.328979    
-1.238502    1.894409     22.272708    22.473788    -0.050540    0.077306     0.908894    
0.379262     1.720536     38.937044    39.026560    0.010467     0.047484     1.074594    
0.870297     -0.807816    10.009396    10.270002    0.036006     -0.033421    0.414104    
0.008555     0.638023     63.181561    63.215439    0.000720     0.053725     5.320202    
-1.080054    0.163545     23.223367    23.332230    -0.089854    0.013606     1.932040    
1.535536     0.726321     16.637516    16.839457    0.052910     0.025027     0.573279    
-0.190524    -2.834267    43.466045    43.603227    -0.004016    -0.059741    0.916183    
-0.258978    0.777539     39.976056    40.032882    -0.015145    0.045469     2.337739    
-0.056085    0.478398     105.420459   105.439937   -0.000524    0.004471     0.985270    
0.456107     0.131296     4.938699     5.337694     0.014991     0.004315     0.162320    
0.935939     0.100676     19.429383    19.551521    0.005982     0.000643     0.124182    
1.858151     -0.106297    15.822989    16.053222    0.159287     -0.009112    1.356402    
0.483755     -0.987638    48.314756    48.367345    0.014330     -0.029256    1.431187    
1.012321     1.450711     101.004498   101.039166   0.248643     0.356319     24.808382   
-1.812721    -0.168599    73.269176    73.318221    -0.019009    -0.001768    0.768321    
-0.625550    -1.353676    33.548838    33.639608    -0.031665    -0.068523    1.698247    
-0.539172    0.688054     108.428727   108.450117   -0.049869    0.063640     10.028800   
1.052754     1.062113     8.581934     8.930897     0.010100     0.010190     0.082333    
-0.927296    0.824929     44.745080    44.805552    -0.106828    0.095035     5.154799    
1.337810     0.400530     105.410763   105.438390   0.277529     0.083090     21.867528   
-2.225540    -1.517314    215.921300   215.947072   -0.058592    -0.039947    5.684628    
1.095298     0.775285     40.319925    40.390247    0.175390     0.124146     6.456425    
-0.879950    0.795639     18.127904    18.273018    -0.072650    0.065689     1.496669    
-1.025440    0.289864     101.490330   101.515011   -0.092421    0.026125     9.147152    
-0.864998    0.726732     17.861106    18.004733    -0.017902    0.015040     0.369645    
0.767363     -0.491156    30.002302    30.080611    0.046912     -0.030026    1.834173    
0.428603     -0.936406    87.552667    87.580848    0.008100     -0.017697    1.654642    
1.687419     -0.293961    13.875750    14.118965    0.002347     -0.000409    0.019301    
1.964176     0.082284     74.397219    74.449217    0.048663     0.002039     1.843212    
-0.752425    1.050207     18.992354    19.137752    -0.003591    0.005013     0.090650    
1.082316     -0.201561    34.538506    34.612070    0.015961     -0.002972    0.509338    
-1.047518    -1.824406    41.912629    42.011536    -0.016981    -0.029575    0.679443    
-0.857785    0.904024     77.917612    77.952436    -0.035206    0.037104     3.197943    
0.592981     -0.248403    9.419743     9.644679     0.015961     -0.006686    0.253542    
1.328801     0.758143     43.502663    43.574042    0.017263     0.009850     0.565176    
-0.338050    -0.854009    114.149119   114.169785   -0.070157    -0.177237    23.689939   
0.832068     1.256230     39.727119    39.804389    0.061782     0.093277     2.949806    
1.122480     -1.811016    39.115752    39.223165    0.024106     -0.038893    0.840033    
-0.057780    0.118398     79.466152    79.490639    -0.002619    0.005368     3.602670    
-0.691571    0.714954     18.896555    19.024831    -0.016093    0.016637     0.439713    
-1.147985    0.731180     33.901700    33.986067    -0.139254    0.088694     4.112369    
-0.139217    0.577150     6.914166     7.213399     -0.032064    0.132927     1.592439    
0.150551     -0.218977    33.377214    33.436267    0.005406     -0.007863    1.198528    
0.769824     0.736643     19.172682    19.302900    0.174521     0.166998     4.346483    
-0.508603    0.599527     18.499926    18.620965    -0.000863    0.001017     0.031382    
-0.685391    0.083340     23.616155    23.708109    -0.024610    0.002992     0.847981    
0.867248     -0.521597    4.323552     4.857184     0.130805     -0.078671    0.652109    
1.556495     -0.823655    29.084793    29.204473    0.039695     -0.021006    0.741746    
0.996787     1.440437     32.805075    32.910733    0.215666     0.311655     7.097748    
0.395600     -0.399909    17.886355    18.003141    0.017363     -0.017553    0.785057    
1.640920     -0.124116    120.258449   120.285816   0.218814     -0.016551    16.036262   
1.173919     0.398034     30.894843    30.982298    0.055951     0.018971     1.472491    
-0.704694    -0.467029    13.813794    13.978933    -0.154288    -0.102252    3.024428    
0.045088     -1.297726    61.509703    61.554891    0.003438     -0.098939    4.689539    
0.460335     0.588803     47.721087    47.767517    0.031501     0.040292     3.265562    
1.037314     -0.826675    76.198978    76.235940    0.032749     -0.026099    2.405652    
-0.184170    -1.287862    20.403625    20.539605    -0.010395    -0.072687    1.151581    
1.223309     0.905884     26.329975    26.447299    0.008687     0.006433     0.186974    
0.118671     -0.731204    27.972900    28.051860    0.003036     -0.018707    0.715658    
0.124734     -1.091037    16.165066    16.321466    0.014905     -0.130373    1.931639    
-0.998997    1.169406     98.824389    98.855958    -0.027444    0.032125     2.714824    
0.253249     1.034825     12.386884    12.587487    0.012328     0.050374     0.602984    
0.156157     0.228898     11.199701    11.374755    0.016846     0.024693     1.208181    
1.062608     0.469411     13.077596    13.275841    0.012381     0.005469     0.152375    
0.923336     -0.001059    25.155008    25.248800    0.024516     -0.000028    0.667910    
-0.377861    -0.462779    62.639395    62.673166    -0.067366    -0.082506    11.167587   
-0.169003    -0.024218    11.322221    11.493336    -0.036837    -0.005279    2.467858    
-0.192424    -0.663688    11.753732    11.937449    -0.001919    -0.006619    0.117217    
0.969109     0.815171     50.293818    50.348254    0.174788     0.147024     9.070974    
0.255948     -0.394304    7.409602     7.681024     0.005098     -0.007854    0.147582    
-0.432193    -1.061043    42.432258    42.493342    -0.026107    -0.064093    2.563142    
-0.443781    -0.855252    80.094168    80.124148    -0.011143    -0.021475    2.011129    
0.118895     0.161272     8.187422     8.423122     0.007529     0.010213     0.518485    
1.542186     0.451259     12.416870    12.674210    0.072579     0.021237     0.584369    
1.240688     -2.357636    53.108482    53.211687    0.045204     -0.085900    1.934993    
-0.860030    -2.160309    32.498756    32.641242    -0.314041    -0.788839    11.866959   
-0.825101    1.010006     109.640534   109.665959   -0.069810    0.085455     9.276461    
-0.478110    -0.854050    23.572429    23.674720    -0.053687    -0.095902    2.646974    
-1.893546    -0.563927    114.631298   114.665221   -0.308210    -0.091790    18.658399   
0.031414     0.281068     22.444175    22.532109    0.001771     0.015847     1.265436    
0.874793     -0.749650    57.658526    57.703620    0.020773     -0.017801    1.369165    
1.521300     1.210982     48.600024    48.678723    0.123288     0.098140     3.938620    
-0.528134    -0.682434    28.786414    28.866542    -0.053278    -0.068844    2.903959    
0.863130     0.523777     40.544906    40.605218    0.084188     0.051088     3.954691    
0.704001     -0.261095    102.440546   102.462209   0.021178     -0.007854    3.081602    
0.897304     -0.625940    87.759106    87.787998    0.004084     -0.002849    0.399393    
0.640029     0.902507     30.195846    30.280162    0.014713     0.020747     0.694141    
0.391610     -0.453183    70.782761    70.812661    0.028479     -0.032957    5.147518    
-0.375137    -1.065892    45.198079    45.255035    -0.017526    -0.049798    2.111635    
-0.452964    -0.439475    7.100063     7.394874     -0.014415    -0.013985    0.225945    
-2.773063    -0.416683    51.554181    51.667902    -0.076887    -0.011553    1.429410    
0.391741     0.206502     52.941283    52.979718    0.036221     0.019094     4.895073    
1.937237     -0.300232    17.010096    17.235468    0.020945     -0.003246    0.183911    
-1.012666    -0.940703    58.265207    58.314833    -0.009673    -0.008985    0.556533    
-0.486864    -0.310056    9.520314     9.738814     -0.006026    -0.003838    0.117833    
0.968686     0.287726     57.525754    57.568294    0.067730     0.020118     4.022171    
0.186983     -0.378480    13.625630    13.773560    0.010491     -0.021236    0.764517    
1.001480     0.477360     84.139367    84.169703    0.183484     0.087459     15.415433   
0.126813     0.265748     9.649322     9.852465     0.010158     0.021286     0.772904    
1.182771     -1.340880    143.791033   143.815622   0.011638     -0.013193    1.414807    
-1.609553    -1.390893    56.380712    56.455158    -0.133443    -0.115314    4.674338    
-0.133324    -0.380524    119.709021   119.725883   -0.001286    -0.003670    1.154453    
0.091503     0.335387     47.069354    47.111781    0.000412     0.001510     0.211902    
-1.868314    0.592126     14.341305    14.607847    -0.240868    0.076338     1.848916    
1.008067     0.808716     14.132223    14.327069    0.128900     0.103410     1.807070    
-1.678219    -0.235962    64.611469    64.663660    -0.294414    -0.041395    11.334936   
-0.088958    -0.968618    117.538104   117.558611   -0.007929    -0.086334    10.476326   
-0.018538    -0.207207    13.879688    14.020127    -0.002535    -0.028330    1.897681    
-0.006534    -2.003479    206.692792   206.711875   -0.000643    -0.197206    20.345151   
-0.024975    -1.517929    57.799624    57.853057    -0.002039    -0.123944    4.719517    
0.239330     -0.037195    13.858349    13.999552    0.011292     -0.001755    0.653875    
-0.916601    -0.112587    94.895381    94.920289    -0.066338    -0.008148    6.867993    
-0.881196    -0.186661    48.771685    48.819705    -0.083052    -0.017593    4.596694    
-1.108685    0.391327     18.465508    18.607317    -0.084302    0.029756     1.404079    
0.656975     -0.411566    13.185231    13.353886    0.054997     -0.034453    1.103773    
1.075111     -0.482504    17.562761    17.711980    0.071740     -0.032196    1.171925    
0.224994     -1.007433    21.262870    21.378731    0.012327     -0.055196    1.164961    
-0.319808    0.727715     32.956550    33.024854    -0.012739    0.028987     1.312767    
-0.091314    1.321143     81.352283    81.386870    -0.000102    0.001473     0.090731    
0.215597     -0.145200    56.695423    56.730182    0.023752     -0.015997    6.246053    
0.072342     -0.099753    9.262778     9.470438     0.001489     -0.002053    0.190680    
0.718365     0.790495     9.845667     10.097180    0.016958     0.018661     0.232426    
-0.553591    0.337321     5.023921     5.434609     -0.008680    0.005289     0.078774    
-0.414550    0.407874     12.408907    12.577525    -0.001862    0.001832     0.055747    
1.113444     0.183945     37.237754    37.306821    0.037622     0.006215     1.258230    
-0.271324    -0.952091    83.394141    83.423245    -0.001911    -0.006706    0.587377    
1.434728     -0.448724    28.563815    28.671001    0.035522     -0.011110    0.707208    
-0.226473    -0.667980    9.378360     9.608646     -0.026835    -0.079150    1.111251    
2.195736     0.699882     90.447470    90.498237    0.063588     0.020268     2.619329    
-1.097758    0.060163     52.950824    52.998806    -0.259259    0.014209     12.505479   
-0.026919    -0.310094    82.999219    83.023143    -0.000786    -0.009056    2.423795    
0.933539     1.906906     48.761550    48.847430    0.058766     0.120039     3.069529    
0.369169     -0.639508    24.054422    24.146126    0.047751     -0.082719    3.111374    
1.543912     0.138573     26.749372    26.866461    0.009296     0.000834     0.161059    
2.117697     -0.807452    21.067719    21.280516    0.309782     -0.118116    3.081842    
-1.332592    -1.526821    16.090228    16.336382    -0.087762    -0.100553    1.059671    
-0.495171    -1.678529    8.420830     8.823150     -0.076917    -0.260733    1.308041    
0.718466     0.957042     82.345881    82.378099    0.028531     0.038005     3.270062    
0.547510     -1.430273    12.982366    13.219767    0.016358     -0.042733    0.387884    
-0.754184    -0.189381    32.335251    32.404445    -0.002343    -0.000588    0.100437    
-0.849365    0.298056     83.883049    83.910972    -0.024375    0.008554     2.407311    
1.155015     0.323389     16.087224    16.251534    0.096466     0.027009     1.343598    
0.833463     -0.284965    12.211414    12.400381    0.085894     -0.029368    1.258473    
0.540587     -1.113605    10.764420    11.012722    0.013374     -0.027551    0.266313    
-1.022282    1.514511     38.674206    38.767357    -0.063599    0.094221     2.406016    
-1.831631    0.510130     56.188556    56.255167    -0.002908    0.000810     0.089214    
-1.278435    0.797215     49.523720    49.585722    -0.067856    0.042314     2.628578    
1.394552     1.671163     79.720863    79.774862    0.157788     0.189085     9.020089    
0.481792     -0.570600    88.960127    88.985037    0.092170     -0.109160    17.018683   
0.366493     1.667408     106.549944   106.581800   0.013020     0.059238     3.785379    
2.089012     -2.316637    65.198212    65.302470    0.082330     -0.091301    2.569518    
0.445110     1.466471     54.403107    54.460276    0.060300     0.198665     7.370084    
-0.232473    -1.960913    36.033882    36.141595    -0.015752    -0.132867    2.441581    
0.623183     0.167914     9.936421     10.150072    0.039871     0.010743     0.635723    
1.117943     0.981819     8.389388     8.744744     0.028010     0.024599     0.210195    
-0.092542    -0.644231    100.434962   100.456359   -0.004743    -0.033015    5.147072    
0.934804     -0.373830    25.045446    25.142851    0.011299     -0.004518    0.302712    
0.359386     1.691068     97.853266    97.888331    0.010773     0.050690     2.933152    
0.343590     1.166690     62.211508    62.254525    0.000905     0.003073     0.163837    
0.285553     -0.458034    165.516548   165.529133   0.018856     -0.030245    10.929537   
2.276248     -0.560264    27.278733    27.449944    0.067957     -0.016726    0.814397    
0.699929     1.909838     76.234760    76.287292    0.026370     0.071953     2.872134    
-1.504487    -0.871492    24.496373    24.636765    -0.058184    -0.033704    0.947365    
-0.293006    -0.949051    97.032575    97.057622    -0.008074    -0.026152    2.673866    
1.546865     -0.619704    65.520355    65.571096    0.094629     -0.037910    4.008191    
-0.791688    -1.512834    27.725858    27.848045    -0.002635    -0.005035    0.092278    
-0.059845    -0.168010    45.019648    45.063016    -0.000106    -0.000298    0.079794    
-0.042070    0.565127     60.325723    60.360492    -0.000822    0.011036     1.178038    
-1.758394    0.444820     101.135688   101.171104   -0.080605    0.020391     4.636085    
0.053177     1.144097     35.445220    35.518311    0.012843     0.276316     8.560542    
2.107823     0.755170     114.961604   115.000255   0.010435     0.003739     0.569145    
2.112127     -0.030899    59.892457    59.962017    0.329678     -0.004823    9.348506    
-0.022254    0.743147     208.357076   208.367701   -0.000452    0.015107     4.235494    
-0.291043    -1.008619    44.170255    44.226557    -0.021222    -0.073546    3.220799    
0.007173     0.451504     10.505963    10.698323    0.000866     0.054529     1.268833    
-1.589201    0.441257     11.222778    11.512861    -0.078933    0.021917     0.557419    
-1.461439    -0.898220    78.326162    78.369670    -0.066323    -0.040763    3.554570    
0.383378     0.751378     22.197291    22.300363    0.001437     0.002817     0.083215    
-0.025875    0.119026     44.059507    44.103627    -0.002479    0.011405     4.221576    
-1.921660    -0.246932    51.551676    51.625614    -0.003968    -0.000510    0.106443    
-0.211094    -0.163481    90.719227    90.740974    -0.009719    -0.007527    4.176973    
-0.498500    -0.273913    22.587792    22.680539    -0.065339    -0.035902    2.960622    
-0.881485    -0.608440    11.070964    11.295504    -0.162716    -0.112314    2.043628    
-0.450469    -1.097655    12.510070    12.719456    -0.018692    -0.045546    0.519096    
-1.257093    0.775495     29.951811    30.052747    -0.115198    0.071065     2.744738    
0.078228     -1.568672    38.116238    38.199337    0.006404     -0.128420    3.120401    
-0.387903    -0.139324    85.970149    85.993670    -0.004426    -0.001590    0.980950    
0.516532     -2.422982    23.987818    24.195620    0.098764     -0.463287    4.586601    
0.933418     -0.817950    14.942197    15.122319    0.019988     -0.017515    0.319965    
1.159743     0.970886     7.746553     8.134596     0.038984     0.032636     0.260396    
-0.304292    -0.263061    6.221068     6.537464     -0.024136    -0.020866    0.493449    
0.521587     -0.757643    7.793878     8.091080     0.025624     -0.037221    0.382889    
0.434613     0.562636     14.098795    14.253295    0.036973     0.047864     1.199404    
-0.770520    -2.260359    37.176575    37.305169    -0.017798    -0.052212    0.858743    
0.972630     0.679236     42.023012    42.085815    0.076148     0.053178     3.290010    
0.413781     0.989480     35.119703    35.191175    0.022049     0.052725     1.871381    
0.778198     0.874764     18.722668    18.862239    0.175614     0.197406     4.225098    
-1.310287    0.126929     9.235509     9.534283     -0.093202    0.009029     0.656934    
-0.533405    0.801890     75.039117    75.071110    -0.062451    0.093885     8.785525    
-0.583847    -0.956297    21.460716    21.579913    -0.004259    -0.006976    0.156559    
0.855786     0.583006     20.412936    20.533757    0.035888     0.024449     0.856035    
-0.592916    -0.958466    62.869034    62.909941    -0.034137    -0.055183    3.619659    
-0.666264    2.328194     65.038772    65.113602    -0.040061    0.139990     3.910666    
-0.271818    1.155476     64.393587    64.434603    -0.019912    0.084646     4.717268    
-0.225678    -0.546557    28.663420    28.737019    -0.000363    -0.000879    0.046113    
-1.449375    -1.607361    44.979353    45.074399    -0.127143    -0.141002    3.945698    
-2.486553    0.419045     56.869201    56.959104    -0.088414    0.014900     2.022090    
-0.170891    0.338569     42.805696    42.852612    -0.004559    0.009033     1.142018    
-0.969674    1.323706     66.786290    66.835439    -0.074141    0.101210     5.106456    
0.071914     0.135700     44.634257    44.677907    0.004538     0.008563     2.816578    
0.522724     -0.787613    30.949081    31.026024    0.013344     -0.020106    0.790047    
-0.627990    1.834907     11.858458    12.176175    -0.068872    0.201237     1.300532    
1.792479     -0.478779    61.856993    61.916110    0.021146     -0.005648    0.729745    
1.639937     -0.340579    43.386392    43.463311    0.300200     -0.062345    7.942127    
1.265971     1.071376     83.288438    83.328203    0.011798     0.009985     0.776205    
-0.781319    0.062052     14.091605    14.250004    -0.084965    0.006748     1.532408    
1.473473     0.492300     29.774712    29.880126    0.018384     0.006142     0.371486    
0.503427     1.238685     41.475966    41.544175    0.073648     0.181212     6.067689    
-0.898773    0.562715     78.226429    78.258377    -0.029388    0.018400     2.557847    
-1.277049    -0.487000    71.444567    71.484748    -0.013693    -0.005222    0.766044    
0.932047     0.547174     12.044139    12.251708    0.010364     0.006084     0.133922    
2.730129     -0.235796    58.148971    58.246776    0.313450     -0.027072    6.676162    
1.602854     0.393135     12.048423    12.319218    0.148078     0.036319     1.113083    
-1.236931    -0.253232    116.864047   116.887444   -0.303318    -0.062097    28.657160   
-1.121763    1.419807     13.115525    13.385296    -0.026848    0.033981     0.313902    
-0.154588    1.823694     44.419331    44.500580    -0.014936    0.176205     4.291796    
1.206341     -0.641217    52.539369    52.593980    0.032836     -0.017454    1.430097    
-0.434304    1.378750     28.605227    28.709293    -0.009147    0.029040     0.602490    
-1.282349    0.427470     93.887205    93.917567    -0.233472    0.077828     17.093694   
-3.227431    0.289829     194.442987   194.479948   -0.099086    0.008898     5.969633    
-3.003980    -1.552715    108.238043   108.308742   -0.474401    -0.245211    17.093387   
0.386437     -0.382643    9.225780     9.449112     0.010763     -0.010657    0.256955    
0.216693     -1.642389    57.438305    57.495897    0.008044     -0.060966    2.132122    
1.366373     0.532459     25.049678    25.169661    0.091384     0.035611     1.675345    
1.294095     0.586172     94.256280    94.287537    0.038047     0.017233     2.771144    
0.204870     -0.490676    63.146382    63.179295    0.018214     -0.043625    5.614174    
-1.206985    -0.203522    21.951666    22.073713    -0.094782    -0.015982    1.723826    
-1.609658    1.122845     35.145095    35.254850    -0.135235    0.094336     2.952709    
-0.732633    -1.892700    24.658265    24.819831    -0.008640    -0.022320    0.290793    
0.339985     -0.666393    24.056548    24.148543    0.018995     -0.037231    1.344011    
-0.141024    1.497216     47.590079    47.654508    -0.011011    0.116900     3.715733    
-0.774078    0.013265     49.258019    49.303415    -0.208143    0.003567     13.245041   
0.793704     0.306724     43.463333    43.516207    0.145785     0.056338     7.983226    
0.153001     0.113735     3.644021     4.146105     0.033165     0.024654     0.789895    
-0.644295    -0.723581    8.487454     8.766443     -0.087966    -0.098791    1.158799    
-1.873873    -1.008477    44.966784    45.060127    -0.110639    -0.059543    2.654966    
-0.075439    -0.577066    24.836314    24.920998    -0.000564    -0.004318    0.185834    
2.183736     0.134489     21.140610    21.344487    0.078660     0.004844     0.761501    
0.419498     0.366120     13.203499    13.361039    0.059302     0.051756     1.866508    
0.443963     -0.660526    18.868740    18.987830    0.036461     -0.054246    1.549609    
0.961745     -0.155217    11.462312    11.670844    0.203231     -0.032800    2.422154    
1.626063     0.417882     64.528829    64.580674    0.074460     0.019135     2.954879    
-1.534314    -0.327610    43.128413    43.201810    -0.097680    -0.020857    2.745713    
0.375646     0.444197     22.252495    22.346966    0.023328     0.027585     1.381907    
1.842057     -0.342848    25.767718    25.910634    0.125854     -0.023424    1.760514    
-0.158438    -0.441853    9.107792     9.329907     -0.005217    -0.014550    0.299925    
2.345498     -1.387701    36.757823    36.911240    0.051137     -0.030255    0.801395    
-0.784863    0.009867     86.202062    86.228107    -0.002134    0.000027     0.234396    
0.402758     1.237844     34.234736    34.315981    0.018730     0.057565     1.592072    
1.713460     -2.174842    29.372730    29.568532    0.125447     -0.159226    2.150458    
-2.652480    -0.664300    22.715296    22.963810    -0.229097    -0.057376    1.961940    
0.484990     -0.620037    17.657534    17.784351    0.057214     -0.073145    2.083039    
-0.665317    0.549184     23.325503    23.424310    -0.008454    0.006979     0.296408    
-0.823818    0.420170     27.337324    27.423702    -0.015951    0.008135     0.529309    
0.356677     1.515598     44.745629    44.815963    0.019496     0.082843     2.445803    
-0.329069    -0.735339    7.281942     7.586214     -0.005453    -0.012186    0.120673    
0.919428     0.085920     88.677822    88.704474    0.055408     0.005178     5.344053    
-0.827269    -1.939936    56.838884    56.912050    -0.149289    -0.350081    10.257147   
-0.842193    0.310906     14.747331    14.905190    -0.047467    0.017523     0.831178    
0.138840     -0.319048    4.172398     4.626546     0.000445     -0.001021    0.013358    
0.408396     -0.158036    30.161398    30.228739    0.009034     -0.003496    0.667207    
0.695024     0.863169     25.324581    25.425135    0.017754     0.022050     0.646912    
-2.423274    -1.093016    52.902712    53.006026    -0.139881    -0.063093    3.053759    
0.019220     1.663031     126.415893   126.442156   0.002593     0.224388     17.056928   
1.180323     -1.055051    35.157101    35.247737    0.010214     -0.009130    0.304241    
0.000091     -1.561328    24.371624    24.500791    0.000002     -0.037564    0.586353    
-0.457634    -0.251013    11.656789    11.833348    -0.039970    -0.021924    1.018118    
-1.312081    -3.391899    64.307951    64.440779    -0.009257    -0.023932    0.453730    
-0.085208    -0.365423    21.139315    21.234086    -0.016618    -0.071269    4.122842    
0.901058     -1.040218    38.456890    38.531822    0.014834     -0.017125    0.633110    
-2.045699    0.454299     23.039350    23.218051    -0.036615    0.008131     0.412368    
0.295653     2.092379     26.113407    26.272617    0.053724     0.380210     4.745116    
-0.036507    -1.497272    42.163134    42.235625    -0.004292    -0.176051    4.957601    
0.582392     0.525128     12.482928    12.661493    0.054548     0.049184     1.169171    
1.505360     0.203150     73.751847    73.793749    0.054098     0.007301     2.650414    
0.740813     -2.568489    43.316961    43.443987    0.045218     -0.156775    2.643971    
-0.853724    -1.781601    55.308473    55.378742    -0.036091    -0.075318    2.338176    
-0.354676    0.248615     31.078020    31.143312    -0.014333    0.010047     1.255889    
-1.889654    -0.620966    14.393536    14.663057    -0.102649    -0.033732    0.781876    
0.504105     0.019843     13.267600    13.422321    0.027341     0.001076     0.719596    
-0.630029    0.771730     33.851835    33.923652    -0.015238    0.018665     0.818754    
-1.470699    0.523396     20.694921    20.846861    -0.052135    0.018554     0.733621    
0.160568     -0.377714    98.340129    98.360685    0.006602     -0.015530    4.043452    
-1.199130    -0.544534    50.456827    50.512383    -0.120712    -0.054816    5.079285    
0.191427     1.300227     17.849993    18.006233    0.012953     0.087981     1.207840    
0.979861     0.311112     22.011917    22.123661    0.062799     0.019939     1.410741    
-0.647964    0.586877     150.198087   150.213530   -0.002205    0.001997     0.511196    
0.618513     0.146236     13.826410    13.980290    0.030028     0.007100     0.671262    
1.404246     1.280802     19.025611    19.221373    0.113058     0.103119     1.531775    
0.246805     1.693854     53.931703    53.994756    0.004002     0.027464     0.874431    
-0.333881    1.518329     84.799450    84.836540    -0.002279    0.010363     0.578803    
-2.322216    0.298140     29.824662    29.981111    -0.101581    0.013042     1.304622    
1.839042     -0.053346    21.642249    21.809328    0.097653     -0.002833    1.149208    
-0.477854    0.511228     32.289317    32.356833    -0.038937    0.041656     2.631035    
0.037744     -1.732724    16.312710    16.522204    0.000789     -0.036224    0.341029    
-1.855319    -0.568564    114.454644   114.488016   -0.129577    -0.039709    7.993580    
-0.185051    -0.534570    54.738037    54.776342    -0.019531    -0.056422    5.777378    
-0.742809    -3.148258    50.236684    50.379189    -0.158298    -0.670916    10.705790   
-0.408427    0.015288     64.447291    64.478642    -0.022840    0.000855     3.604060    
-0.761917    -0.217843    51.148981    51.192980    -0.029848    -0.008534    2.003749    
0.330002     -0.198896    63.099755    63.131628    0.006642     -0.004003    1.269986    
0.127174     -0.661616    72.654593    72.684378    0.033943     -0.176588    19.391801   
0.738259     -0.398698    41.349052    41.404384    0.103832     -0.056075    5.815539    
0.677608     1.401210     21.738086    21.882456    0.018862     0.039003     0.605092    
-0.906842    0.330138     35.585019    35.652488    -0.004390    0.001598     0.172259    
0.121820     -0.353756    54.121059    54.158139    0.034367     -0.099801    15.268472   
0.443140     -0.417854    8.629429     8.872033     0.075151     -0.070862    1.463436    
-0.223629    -0.127402    75.284173    75.310344    -0.003217    -0.001833    1.083059    
0.788407     -0.353697    86.358121    86.384875    0.089964     -0.040360    9.854201    
-1.403189    -1.455863    52.654435    52.730000    -0.125286    -0.129989    4.701318    
0.852912     -0.538634    83.522059    83.551343    0.087704     -0.055387    8.588465    
-0.394885    -0.666166    29.999467    30.073954    -0.019437    -0.032789    1.476605    
1.721634     -1.341424    33.143364    33.273427    0.177513     -0.138311    3.417324    
-0.965144    -0.728404    73.704962    73.741158    -0.256735    -0.193760    19.606001   
0.172083     -1.150975    52.751829    52.801371    0.040182     -0.268758    12.317818   
-0.991337    0.505571     36.396031    36.466208    -0.001434    0.000731     0.052633    
1.862794     -0.009139    85.599578    85.642471    0.253669     -0.001245    11.656650   
-0.147587    0.044864     46.807445    46.849073    -0.007656    0.002327     2.428204    
1.099186     0.097132     42.512383    42.572236    0.090356     0.007985     3.494638    
-1.252009    -1.097060    61.392938    61.447041    -0.088125    -0.077218    4.321234    
-0.380986    0.961836     34.484746    34.556374    -0.066981    0.169100     6.062758    
-1.414222    1.082487     64.237167    64.291994    -0.278063    0.212838     12.630252   
-1.108547    0.672510     107.395102   107.420967   -0.284789    0.172770     27.590131   
0.017210     0.040092     12.993214    13.141555    0.001040     0.002424     0.785420    
0.032391     0.694303     30.411456    30.483024    0.000263     0.005629     0.246575    
0.191720     0.772196     138.221846   138.238152   0.052967     0.213335     38.186657   
-0.602672    2.074819     57.518372    57.592588    -0.089054    0.306587     8.499254    
-0.875740    0.256305     15.419095    15.571000    -0.048249    0.014121     0.849513    
0.617944     -0.600196    67.081606    67.116011    0.018924     -0.018381    2.054358    
0.606476     -0.129478    53.142436    53.182497    0.005827     -0.001244    0.510601    
-1.186107    -0.205609    7.796679     8.130946     -0.007626    -0.001322    0.050129    
-0.822613    0.916193     26.222859    26.325451    -0.041740    0.046488     1.330553    
0.959405     0.543671     57.269996    57.314426    0.078410     0.044433     4.680546    
-0.229030    -0.010002    19.250591    19.352332    -0.006877    -0.000300    0.578018    
1.967230     -1.648602    33.325704    33.482314    0.208622     -0.174832    3.534151    
1.863126     -1.528506    81.024149    81.083878    0.074630     -0.061226    3.245533    
0.236400     -1.445386    76.081539    76.121092    0.008543     -0.052232    2.749338    
0.540397     0.302331     19.255969    19.366226    0.065344     0.036557     2.328396    
-1.354938    -0.212313    22.353591    22.481969    -0.124468    -0.019503    2.053449    
-0.401248    1.287602     10.609598    10.874624    -0.004705    0.015100     0.124420    
-0.673691    -0.732587    7.715347     8.024467     -0.070574    -0.076744    0.808240    
0.375160     1.036054     11.770970    11.985193    0.057768     0.159533     1.812510    
-0.335048    0.242349     28.551895    28.622660    -0.016288    0.011782     1.388057    
0.654407     1.151074     19.599269    19.742328    0.050043     0.088024     1.498781    
0.563840     1.272829     136.079399   136.100756   0.071499     0.161404     17.255812   
1.184373     -1.757535    42.730768    42.828556    0.170146     -0.252485    6.138650    
2.155609     -1.330372    28.805987    28.984071    0.201757     -0.124518    2.696136    
2.043143     0.574270     48.609401    48.695514    0.062972     0.017700     1.498196    
0.223030     0.233249     34.139942    34.198169    0.002095     0.002191     0.320753    
-1.671605    -0.402038    43.552586    43.630936    -0.020297    -0.004882    0.528817    
0.169007     0.949634     97.473489    97.498136    0.010993     0.061769     6.340133    
-1.127778    0.965421     14.970198    15.171872    -0.118336    0.101300     1.570793    
-0.374076    -0.631076    19.397931    19.511353    -0.029905    -0.050451    1.550744    
1.951671     1.744777     46.127411    46.243554    0.067743     0.060561     1.601088    
-0.408480    0.274978     10.994945    11.180619    -0.010289    0.006927     0.276955    
0.170923     -0.575206    94.444463    94.466881    0.008988     -0.030249    4.966578    
0.388082     1.448680     24.422679    24.547738    0.056242     0.209946     3.539390    
2.030965     0.414624     34.224262    34.343439    0.028990     0.005918     0.488520    
1.166768     -0.718445    86.951416    86.984489    0.035796     -0.022042    2.667632    
-0.328308    -0.461103    17.569279    17.688271    -0.012160    -0.017079    0.650757    
0.313908     -0.356930    44.132836    44.179272    0.051715     -0.058803    7.270682    
-0.035347    1.394270     44.362220    44.427770    -0.002126    0.083850     2.667903    
-0.301571    -3.616739    30.824051    31.099338    -0.005211    -0.062492    0.532596    
-0.216501    -0.948364    29.667765    29.748907    -0.025598    -0.112132    3.507826    
1.389760     -0.487570    57.571273    57.623742    0.003118     -0.001094    0.129144    
1.876658     -0.115149    14.300067    14.556853    0.503939     -0.030921    3.839994    
-1.447179    1.592355     131.556605   131.588925   -0.240854    0.265016     21.894970   
-2.198072    -0.804803    36.996701    37.122905    -0.013948    -0.005107    0.234763    
0.259165     -0.029269    27.253891    27.326133    0.011188     -0.001263    1.176488    
1.336923     -0.396538    9.160283     9.472610     0.193345     -0.057347    1.324755    
0.288176     -0.131497    17.781658    17.893089    0.041143     -0.018774    2.538710    
-0.478403    -1.695695    28.395923    28.518549    -0.004430    -0.015702    0.262951    
1.424050     1.203589     29.961032    30.083466    0.022423     0.018951     0.471756    
-0.656529    1.191033     31.767460    31.857433    -0.045571    0.082673     2.205064    
-1.330949    2.057901     42.448290    42.564524    -0.408294    0.631301     13.021826   
1.054514     -0.491114    48.111968    48.166270    0.027748     -0.012923    1.265991    
-1.035247    -0.316863    25.252331    25.352067    -0.026075    -0.007981    0.636026    
-1.780547    -0.060489    42.222834    42.306225    -0.053610    -0.001821    1.271274    
-0.268065    -0.864660    104.250267   104.272779   -0.087593    -0.282538    34.065045   
1.231188     0.653746     127.562733   127.585537   0.016587     0.008807     1.718548    
-0.144454    0.595690     25.193493    25.277713    -0.000008    0.000032     0.001338    
-2.364625    1.965974     32.742666    32.945616    -0.004098    0.003408     0.056751    
-0.560813    -0.734905    8.982910     9.242415     -0.049424    -0.064767    0.791662    
-1.334372    -0.116749    34.320344    34.402837    -0.242464    -0.021214    6.236217    
0.912059     -0.866926    64.870955    64.913013    0.179575     -0.170689    12.772411   
2.448781     -1.024026    86.683809    86.746774    0.059276     -0.024788    2.098312    
-0.351344    1.383716     41.726575    41.797370    -0.000131    0.000514     0.015502    
-1.075290    -1.730967    69.710481    69.768034    -0.004363    -0.007024    0.282876    
-0.353022    -0.866604    147.822786   147.838853   -0.133896    -0.328689    56.066733   
-0.301117    -2.712385    67.382266    67.466232    -0.022047    -0.198596    4.933622    
-1.070999    -2.328464    108.317979   108.366177   -0.263387    -0.572631    26.638278   
0.820911     -0.555509    14.417706    14.585187    0.033303     -0.022536    0.584905    
1.018699     1.554799     59.238366    59.300203    0.015010     0.022910     0.872874    
-0.549127    -0.213556    16.954743    17.078801    -0.026035    -0.010125    0.803860    
-0.984132    -0.846727    13.722969    13.924090    -0.109178    -0.093934    1.522401    
1.140019     -0.539714    20.873031    21.003555    0.186214     -0.088159    3.409468    
-2.005057    -1.501569    34.080460    34.229047    -0.264539    -0.198111    4.496431    
-0.029658    -0.945409    70.197030    70.230995    -0.000023    -0.000727    0.054015    
0.212363     0.966644     21.871664    21.982359    0.011926     0.054284     1.228249    
-2.036722    1.769970     20.642619    20.911090    -0.050267    0.043684     0.509469    
-0.870626    -0.971061    53.013552    53.066115    -0.020025    -0.022335    1.219348    
-1.322015    -3.034899    55.403772    55.537476    -0.049212    -0.112974    2.062409    
-1.873770    3.047305     29.232385    29.516171    -0.042615    0.069305     0.664834    
-1.624783    -1.685716    30.547574    30.700339    -0.199935    -0.207433    3.758986    
1.437905     0.024784     30.250124    30.348199    0.000571     0.000010     0.012020    
-0.660016    0.003177     19.870150    19.978324    -0.010878    0.000052     0.327485    
-1.216850    -0.783032    7.020489     7.433443     -0.001152    -0.000741    0.006647    
-0.310589    -0.269137    16.932379    17.051372    -0.021171    -0.018346    1.154196    
0.452167     0.101338     80.438464    80.463881    0.050408     0.011297     8.967313    
-0.450143    -2.994066    69.690459    69.783968    -0.025219    -0.167744    3.904440    
0.916843     1.201147     27.946497    28.056461    0.099852     0.130815     3.043597    
-0.027256    0.176875     24.022979    24.104159    -0.000068    0.000444     0.060298    
-0.033586    -0.147162    61.399405    61.431138    -0.007004    -0.030687    12.803286   
0.288723     -0.198070    49.340673    49.381166    0.011583     -0.007946    1.979397    
0.044480     -1.997514    124.991753   125.023219   0.002330     -0.104637    6.547518    
-0.025253    0.837757     17.900510    18.027914    -0.001771    0.058743     1.255178    
-0.943713    0.425034     17.794231    17.932676    -0.000469    0.000211     0.008837    
0.526288     -1.912661    31.933427    32.055483    0.054191     -0.196944    3.288133    
-0.300884    -0.635684    19.420767    19.532940    -0.099705    -0.210649    6.435521    
0.335567     -1.334464    93.006436    93.037441    0.029566     -0.117578    8.194694    
0.215798     -0.813314    11.377252    11.576911    0.027211     -0.102556    1.434634    
-1.351981    -1.129421    76.653803    76.699309    -0.085015    -0.071020    4.820124    
-0.549372    -1.425778    52.961287    53.019878    -0.008941    -0.023203    0.861896    
0.802149     0.643815     54.827741    54.872708    0.058138     0.046662     3.973775    
0.441185     0.226230     7.858006     8.115974     0.001265     0.000649     0.022530    
-0.244745    -1.066986    29.150287    29.237177    -0.001733    -0.007553    0.206362    
-1.553717    -0.154688    75.944925    75.986476    -0.006115    -0.000609    0.298876    
2.934505     -3.595802    58.563535    58.780130    0.624158     -0.764813    12.456237   
-0.376004    -0.979754    9.553365     9.810354     -0.000663    -0.001728    0.016851    
1.535754     -0.340182    25.130672    25.256680    0.243103     -0.053849    3.978069    
-1.067181    0.752762     25.838376    25.946140    -0.013301    0.009382     0.322049    
-0.434192    -0.563221    10.507047    10.713483    -0.005341    -0.006928    0.129247    
0.939356     0.139787     21.800992    21.910275    0.010525     0.001566     0.244261    
1.002616     0.857217     24.748207    24.861391    0.063985     0.054706     1.579372    
-0.522529    -0.203234    89.317678    89.341126    -0.105688    -0.041107    18.065624   
0.615669     -0.557729    48.643933    48.690833    0.044094     -0.039944    3.483850    
0.092885     1.625892     37.663599    37.750149    0.013376     0.234146     5.423969    
-2.046302    -2.270484    39.871599    40.037006    -0.055704    -0.061807    1.085377    
-0.046278    0.148041     55.630298    55.665331    -0.000964    0.003084     1.158833    
-0.294466    -0.716754    17.647480    17.773828    -0.000885    -0.002155    0.053058    
-0.819319    0.114863     18.727751    18.849087    -0.181094    0.025388     4.139395    
-1.296095    0.058715     61.336190    61.381483    -0.183559    0.008315     8.686739    
-2.454976    -1.342700    133.507684   133.551512   -0.019170    -0.010485    1.042524    
-0.117570    -0.473598    10.853471    11.041327    -0.002879    -0.011598    0.265795    
0.932241     0.742414     71.656445    71.693384    0.067114     0.053448     5.158675    
-2.178108    1.625068     49.241360    49.355562    -0.023203    0.017312     0.524561    
1.801658     -1.070218    67.274192    67.335601    0.001090     -0.000648    0.040715    
-1.180775    0.516593     56.249468    56.298656    -0.124303    0.054383     5.921518    
-0.517016    1.107551     33.044104    33.125243    -0.015305    0.032787     0.978210    
0.362687     -0.141249    6.621912     6.919260     0.004808     -0.001872    0.087777    
-0.060507    0.051762     8.425774     8.653032     -0.000819    0.000701     0.114112    
0.658117     1.808359     15.113407    15.362073    0.022388     0.061516     0.514124    
-0.530808    -0.845781    29.320466    29.403431    -0.013223    -0.021069    0.730407    
0.492347     0.158640     20.520233    20.620924    0.027242     0.008778     1.135417    
1.534076     -0.110836    21.062074    21.209705    0.030761     -0.002222    0.422333    
-0.219160    0.780872     79.578881    79.607355    -0.011575    0.041243     4.203044    
0.521334     2.600923     17.180889    17.495556    0.100776     0.502767     3.321123    
-1.399411    -0.821414    82.589747    82.629137    -0.020934    -0.012288    1.235478    
0.026793     -0.757980    23.556520    23.650790    0.004462     -0.126220    3.922674    
0.451796     -0.683505    85.664326    85.690857    0.096571     -0.146098    18.310596   
1.117928     -1.138986    36.576758    36.664440    0.179186     -0.182561    5.862658    
0.060798     -0.792142    37.804992    37.864543    0.000719     -0.009372    0.447288    
0.673141     1.897682     74.823337    74.876305    0.004594     0.012951     0.510651    
-0.333011    1.762648     19.185435    19.369401    -0.008366    0.044284     0.482009    
1.746847     0.049118     13.906177    14.153113    0.148742     0.004182     1.184093    
-0.061771    -1.504277    65.781416    65.828081    -0.005558    -0.135344    5.918557    
1.576554     -1.554221    17.070978    17.326118    0.030127     -0.029701    0.326221    
0.326337     1.961187     85.481958    85.527731    0.008020     0.048196     2.100699    
-0.869416    0.202173     10.240956    10.466561    -0.032406    0.007536     0.381710    
-0.527924    0.044861     108.298794   108.317979   -0.048581    0.004128     9.965892    
0.765914     -0.616499    46.574476    46.626425    0.283879     -0.228500    17.262406   
0.535665     -0.236158    99.036267    99.057558    0.023564     -0.010389    4.356673    
-1.708958    -1.220746    87.801106    87.848278    -0.023978    -0.017128    1.231920    
-2.609943    0.573833     30.178759    30.360724    -0.039586    0.008704     0.457737    
-1.425634    -0.744384    74.125053    74.168625    -0.012490    -0.006522    0.649431    
0.846828     -0.232744    14.887734    15.042968    0.068933     -0.018946    1.211878    
0.450054     -1.036195    19.301291    19.434274    0.052033     -0.119800    2.231532    
-0.246257    -0.158493    39.506067    39.556163    -0.002847    -0.001832    0.456742    
1.974103     0.333528     53.894243    53.967330    0.053322     0.009009     1.455718    
0.362806     0.978785     67.925415    67.961950    0.007714     0.020811     1.444260    
-0.220575    -0.388782    34.535256    34.594200    -0.021181    -0.037333    3.316301    
-0.429982    -3.207769    54.371982    54.503781    -0.000603    -0.004495    0.076189    
-1.141255    -1.648978    23.607238    23.773899    -0.528952    -0.764273    10.941553   
-1.527987    0.520433     83.863071    83.901700    -0.198018    0.067445     10.868155   
0.793147     -1.596260    146.382157   146.406243   0.041764     -0.084052    7.707843    
-0.159092    0.189253     103.982755   104.001680   -0.004510    0.005365     2.947763    
-0.040793    1.051162     36.392991    36.461368    -0.000510    0.013132     0.454647    
1.370652     -0.594851    57.707477    57.760370    0.367723     -0.159589    15.481964   
1.898472     -0.047755    61.855848    61.916293    0.001948     -0.000049    0.063471    
-0.531753    1.169356     98.340560    98.368647    -0.037593    0.082669     6.952336    
1.214729     -0.033010    65.792715    65.833373    0.017216     -0.000468    0.932479    
0.238726     -0.022714    25.612457    25.689111    0.022779     -0.002167    2.443909    
-0.505952    0.753416     10.110116    10.339875    -0.077932    0.116049     1.557266    
1.574102     0.072203     30.387453    30.491889    0.250147     0.011474     4.828996    
0.526984     -1.599244    12.890619    13.148319    0.088625     -0.268951    2.167866    
1.095390     -0.551310    11.325876    11.560893    0.108451     -0.054583    1.121333    
0.324251     -2.003029    23.061863    23.234495    0.077642     -0.479624    5.522154    
-2.006845    1.467894     37.149596    37.284710    -0.642511    0.469960     11.893803   
-1.140336    -0.091491    86.503778    86.533735    -0.030379    -0.002437    2.304500    
1.105840     -0.658007    46.699897    46.759076    0.073405     -0.043678    3.099913    
-0.142442    1.497866     106.391445   106.420291   -0.024509    0.257731     18.306314   
-0.659865    1.045662     24.856826    24.965287    -0.021218    0.033623     0.799273    
1.687989     -0.257927    27.032423    27.157737    0.129379     -0.019769    2.071948    
1.177343     0.649138     25.435304    25.546764    0.177214     0.097708     3.828525    
-0.302838    -0.388710    13.334765    13.488280    -0.015933    -0.020451    0.701564    
-0.834225    0.363599     25.829830    25.920710    -0.085787    0.037391     2.656199    
-0.804047    -0.118689    39.931422    39.988173    -0.014424    -0.002129    0.716338    
0.373728     -1.131159    61.566992    61.609972    0.020123     -0.060907    3.315077    
-0.665488    0.747312     7.871297     8.175183     -0.031884    0.035804     0.377117    
2.169121     -0.055897    45.468739    45.563026    0.146472     -0.003774    3.070326    
-1.601816    -0.285345    13.514854    13.754035    -0.234461    -0.041767    1.978196    
1.865589     0.022552     80.288061    80.333858    0.122694     0.001483     5.280317    
-1.066825    1.541891     120.255737   120.286461   -0.355070    0.513185     40.024527   
0.188000     -0.954194    132.922424   132.940557   0.009576     -0.048603    6.770492    
-0.442796    -0.741495    64.760827    64.796493    -0.031438    -0.052645    4.597899    
2.366651     -0.884796    78.140375    78.205991    0.001981     -0.000741    0.065407    
-0.399588    0.106465     42.840742    42.887936    -0.024411    0.006504     2.617150    
0.491204     0.092014     40.472296    40.523221    0.064638     0.012108     5.325818    
-1.673625    -0.254874    88.507205    88.545278    -0.002213    -0.000337    0.117042    
-0.666922    -0.824034    9.707196     9.961347     -0.019812    -0.024479    0.288369    
-0.090419    -2.271877    73.635830    73.697219    -0.003887    -0.097659    3.165309    
-1.355739    0.058995     59.608648    59.656578    -0.134243    0.005842     5.902349    
-0.535964    -1.946524    72.595627    72.650370    -0.069561    -0.252633    9.421966    
-0.888207    1.667232     15.270264    15.512076    -0.009349    0.017549     0.160732    
-0.940771    -1.055996    97.287321    97.317511    -0.010263    -0.011520    1.061350    
-1.515574    1.888559     60.322891    60.403557    -0.009402    0.011716     0.374234    
0.449014     0.358811     16.323119    16.451429    0.123977     0.099071     4.506973    
-0.095729    0.233953     42.418752    42.465155    -0.002747    0.006713     1.217204    
1.610813     0.193663     75.565251    75.608295    0.055238     0.006641     2.591272    
-1.005388    4.592520     61.026017    61.238482    -0.052177    0.238339     3.167074    
1.384622     -0.660169    16.425605    16.614104    0.064924     -0.030955    0.770184    
0.704498     0.318464     53.567894    53.609626    0.105866     0.047856     8.049758    
-0.565675    -1.049614    21.652392    21.774359    -0.015230    -0.028260    0.582979    
0.958993     1.071611     21.001999    21.143012    0.073629     0.082275     1.612477    
0.005176     -0.682745    10.550227    10.753995    0.001413     -0.186372    2.879948    
0.521671     -1.984397    58.828986    58.897661    0.027069     -0.102969    3.052588    
-2.004202    0.037974     25.551597    25.705589    -0.013366    0.000253     0.170397    
0.280109     0.466330     9.250389     9.473151     0.016456     0.027396     0.543439    
-1.173262    1.091709     53.850578    53.910371    -0.076756    0.071421     3.522971    
-0.755096    -0.657159    25.194467    25.291069    -0.055283    -0.048113    1.844577    
1.947047     1.537249     36.767108    36.903243    0.000103     0.000081     0.001941    
0.307228     1.578840     54.904997    54.963814    0.018362     0.094363     3.281532    
-1.141157    -0.461977    26.543225    26.644576    -0.039289    -0.015905    0.913853    
-0.309704    0.251672     33.068742    33.129683    -0.035279    0.028668     3.766898    
1.049786     -0.624919    6.817526     7.200429     0.147965     -0.088081    0.960914    
-0.228430    0.451309     57.988728    58.024334    -0.020470    0.040443     5.196551    
0.563018     -2.788307    64.218056    64.311160    0.095646     -0.473682    10.909473   
0.160461     0.302290     39.438791    39.489370    0.015743     0.029658     3.869346    
0.658009     0.887707     11.018828    11.247689    0.149768     0.202049     2.507971    
-0.139329    1.176837     57.822475    57.868108    -0.004361    0.036836     1.809895    
-1.885632    -1.079416    99.593907    99.637052    -0.106970    -0.061234    5.649840    
-0.757489    0.561710     44.720182    44.773418    -0.127822    0.094785     7.546273    
-0.952155    1.334844     25.803656    25.930523    -0.000261    0.000366     0.007085    
-1.921146    -0.094462    69.368424    69.423000    -0.070051    -0.003444    2.529405    
0.560480     -0.208046    6.550882     6.866325     0.052467     -0.019475    0.613230    
0.190303     3.364246     39.745210    39.936337    0.002931     0.051818     0.612175    
-0.063281    0.213529     15.906951    16.029836    -0.000704    0.002374     0.176873    
-1.358031    2.207748     53.405370    53.504457    -0.001626    0.002643     0.063929    
0.496077     -1.513467    14.367946    14.589362    0.042631     -0.130061    1.234723    
1.282598     0.966029     41.091891    41.170338    0.091058     0.068583     2.917307    
0.331557     -0.645669    13.802730    13.961273    0.010214     -0.019890    0.425201    
-1.002720    -1.553266    49.616463    49.689903    -0.025512    -0.039520    1.262386    
-0.137321    0.982104     31.422931    31.500141    -0.017389    0.124366     3.979166    
0.326470     1.393186     46.410577    46.474339    0.020806     0.088786     2.957698    
-0.256974    -0.012347    104.923900   104.942679   -0.019084    -0.000917    7.791922    
-0.710599    1.132926     160.029096   160.046790   -0.032788    0.052275     7.383961    
-0.961685    0.298535     59.503794    59.544860    -0.048188    0.014959     2.981631    
-0.811278    -1.524703    17.466551    17.661773    -0.073039    -0.137269    1.572517    
-1.615908    -1.146615    43.226113    43.316251    -0.063228    -0.044865    1.691372    
0.061211     0.042868     92.279105    92.300128    0.000077     0.000054     0.115811    
-0.762507    0.742740     37.906604    37.972604    -0.004536    0.004419     0.225512    
-1.367620    0.629470     69.865311    69.909250    -0.034947    0.016085     1.785264    
0.736365     1.433954     51.209867    51.273032    0.013010     0.025335     0.904756    
-0.023373    -0.749932    8.214543     8.480367     -0.002435    -0.078135    0.855866    
0.330936     0.994158     107.496006   107.519133   0.000542     0.001628     0.176083    
-0.679865    0.576494     9.456113     9.699876     -0.108697    0.092170     1.511851    
-0.707822    0.970419     37.931627    38.001658    -0.004516    0.006192     0.242027    
0.001378     0.562109     27.943730    28.018618    0.000070     0.028543     1.418925    
0.476634     0.030571     12.429229    12.593204    0.007723     0.000495     0.201402    
-1.245965    0.378105     20.260469    20.397474    -0.007460    0.002264     0.121300    
0.154159     0.781388     24.893071    24.983480    0.013670     0.069289     2.207381    
1.017327     -1.658702    73.366442    73.418635    0.036293     -0.059175    2.617371    
-0.357140    0.006709     16.225558    16.348433    -0.019072    0.000358     0.866461    
0.049092     0.285813     77.240723    77.266347    0.000259     0.001508     0.407505    
-0.325489    -3.768598    28.591776    28.908008    -0.039927    -0.462289    3.507315    
-0.946216    -0.855865    37.042327    37.116530    -0.039488    -0.035717    1.545861    
0.781950     0.713710     6.997743     7.346032     0.009393     0.008573     0.084057    
-0.231229    -0.886223    58.389187    58.429538    -0.042557    -0.163106    10.746325   
1.311203     0.726153     62.659497    62.708326    0.047190     0.026134     2.255090    
1.402812     0.246357     23.323858    23.450072    0.131852     0.023155     2.192240    
-0.032813    1.088947     11.908017    12.118692    -0.000946    0.031407     0.343443    
-0.947038    1.358025     67.069609    67.118913    -0.062024    0.088941     4.392585    
-0.888873    -0.887324    92.067018    92.096624    -0.027285    -0.027237    2.826062    
0.561864     -0.144770    70.937351    70.967030    0.028632     -0.007377    3.614841    
-0.837358    -0.142717    169.378601   169.392169   -0.113925    -0.019417    23.044412   
0.083515     -0.184251    25.248375    25.325803    0.004734     -0.010445    1.431326    
0.302694     -0.382029    31.685029    31.749860    0.003548     -0.004478    0.371407    
0.866160     0.259971     19.192161    19.314031    0.072118     0.021646     1.597981    
-0.119055    1.251155     61.212623    61.257160    -0.018636    0.195843     9.581606    
-1.440471    -0.197860    30.413208    30.511510    -0.115822    -0.015909    2.445395    
0.318658     -0.043158    10.063342    10.259104    0.037676     -0.005103    1.189832    
2.110501     0.149525     119.879789   119.914616   0.069143     0.004899     3.927421    
1.709063     0.513699     75.661085    75.707724    0.144189     0.043339     6.383320    
1.862387     0.773295     62.185735    62.249555    0.154184     0.064020     5.148251    
2.048311     -0.373401    102.744398   102.784343   0.216078     -0.039390    10.838584   
-1.415600    -1.106901    23.731334    23.880542    -0.101830    -0.079624    1.707087    
0.459087     -0.524607    70.750339    70.781151    0.005559     -0.006352    0.856676    
1.073801     -0.364395    30.119429    30.204979    0.060840     -0.020646    1.706526    
-0.565058    0.746478     8.537735     8.811606     -0.028052    0.037058     0.423844    
-0.926594    0.072001     21.953607    22.061269    -0.000619    0.000048     0.014675    
-1.870502    0.412664     55.887580    55.955032    -0.093209    0.020564     2.784940    
1.449737     0.373560     34.622675    34.710889    0.305299     0.078668     7.291167    
2.229680     -0.108870    77.855295    77.912164    0.178592     -0.008720    6.236018    
0.513394     0.891156     46.744801    46.797533    0.068514     0.118927     6.238234    
-0.571002    -0.646912    16.987996    17.123420    -0.017244    -0.019537    0.513043    
0.196907     -2.281486    16.670010    16.941315    0.008773     -0.101648    0.742705    
1.503940     2.639496     28.843586    29.069850    0.051703     0.090742     0.991599    
-0.666790    -0.193408    142.149031   142.164356   -0.025089    -0.007277    5.348488    
-0.231831    -0.119512    7.425094     7.686026     -0.032291    -0.016646    1.034214    
0.081530     1.422733     83.406749    83.442145    0.003332     0.058137     3.408272    
-1.446504    -0.477226    195.921035   195.936845   -0.249796    -0.082412    33.833476   
0.713356     -1.097816    36.432973    36.509596    0.039043     -0.060086    1.994054    
1.383049     -0.860771    62.772527    62.824509    0.116331     -0.072401    5.279925    
-0.451056    0.670159     107.159721   107.180844   -0.001814    0.002696     0.431031    
-1.487616    0.466393     104.719172   104.749274   -0.206662    0.064792     14.547727   
-0.075241    1.057879     13.367603    13.553322    -0.005735    0.080629     1.018844    
0.613089     0.097148     102.461755   102.482542   0.008430     0.001336     1.408887    
-1.217533    1.403459     30.184548    30.305676    -0.008757    0.010094     0.217098    
1.110850     0.074669     29.724304    29.810212    0.141930     0.009540     3.797779    
1.851075     1.032491     41.243591    41.344906    0.053303     0.029731     1.187630    
1.078903     -1.278427    68.183912    68.232831    0.137991     -0.163510    8.720674    
-0.160056    1.680767     52.081931    52.146458    -0.009596    0.100763     3.122355    
-0.096549    1.913638     36.312429    36.416188    -0.002348    0.046533     0.882995    
0.680251     -0.024785    78.572184    78.599786    0.001030     -0.000038    0.119022    
0.678678     1.246170     30.573668    30.669817    0.078238     0.143659     3.524552    
1.114736     0.060724     45.452416    45.508718    0.086405     0.004707     3.523080    
0.052006     -1.071032    83.388749    83.418872    0.001109     -0.022848    1.778871    
-0.836100    -0.303089    51.311504    51.356950    -0.148499    -0.053831    9.113391    
1.028133     0.360804     9.508786     9.771346     0.134878     0.047333     1.247429    
0.172651     -0.536483    79.946226    79.972443    0.002557     -0.007947    1.184201    
-0.069781    0.918015     93.916646    93.941785    -0.000137    0.001800     0.184125    
0.375249     0.796063     32.374928    32.446655    0.015276     0.032407     1.317972    
0.858829     1.354312     50.942699    51.005934    0.239035     0.376940     14.178687   
0.087912     -0.770891    30.114831    30.189071    0.000279     -0.002445    0.095530    
-1.073211    -0.576783    15.743389    15.912690    -0.106239    -0.057097    1.558463    
0.626575     0.004105     39.642635    39.696424    0.084692     0.000555     5.358372    
-1.014111    1.451998     105.298175   105.331464   -0.008472    0.012130     0.879626    
0.409128     -0.959982    60.451111    60.492155    0.005874     -0.013783    0.867901    
-0.335490    -0.647180    44.728840    44.778069    -0.019298    -0.037226    2.572848    
0.541198     1.962244     40.596943    40.695577    0.031879     0.115585     2.391336    
2.469530     -0.994969    48.091891    48.205741    0.008943     -0.003603    0.174157    
-0.199835    0.330424     7.747356     8.002849     -0.026510    0.043835     1.027776    
0.463375     1.302836     37.568166    37.645108    0.001951     0.005484     0.158143    
0.431462     -1.219863    21.471463    21.600298    0.019453     -0.054998    0.968056    
-2.844211    1.737833     55.510167    55.644974    -0.075630    0.046211     1.476066    
2.749940     1.423580     49.137435    49.274245    0.499061     0.258352     8.917502    
-1.307349    0.238003     69.145060    69.185837    -0.099619    0.018136     5.268821    
-0.983220    -0.481914    72.733472    72.768344    -0.016980    -0.008322    1.256078    
0.152816     0.094495     70.198073    70.225898    0.013022     0.008052     5.981627    
1.588030     0.432262     9.766965     10.098378    0.075942     0.020671     0.467069    
1.172485     0.021396     20.236108    20.365417    0.021270     0.000388     0.367110    
-0.374230    1.340725     28.197073    28.299955    -0.052572    0.188346     3.961151    
0.339139     0.574958     10.854692    11.051917    0.000049     0.000084     0.001581    
-1.285059    1.050256     34.671433    34.766904    -0.225979    0.184689     6.097007    
-2.476935    -0.223121    70.392466    70.463886    -0.083492    -0.007521    2.372783    
-1.424192    0.753195     7.183117     7.620220     -0.014356    0.007592     0.072406    
-1.316435    -1.835136    30.697367    30.843217    -0.106436    -0.148373    2.481923    
-0.337110    -0.248912    34.419758    34.478549    -0.003149    -0.002325    0.321486    
-1.980995    2.402310     67.119223    67.220239    -0.041213    0.049978     1.396350    
0.174557     0.790666     120.936564   120.955293   0.012771     0.057848     8.848226    
0.508675     -0.298851    55.373636    55.411755    0.015826     -0.009298    1.722759    
0.214463     2.913854     34.001050    34.183080    0.005690     0.077303     0.902032    
-1.240365    0.194760     14.182185    14.373091    -0.090818    0.014260     1.038400    
-1.036538    -0.900783    85.988863    86.022354    -0.027068    -0.023523    2.245507    
-0.168836    -0.895672    12.697291    12.881261    -0.003491    -0.018521    0.262561    
-1.148936    0.078294     12.378411    12.586747    -0.078849    0.005373     0.849501    
1.700805     -1.306082    24.102153    24.277301    0.463657     -0.356051    6.570491    
-2.926271    -0.565014    44.020201    44.164865    -0.003775    -0.000729    0.056795    
-0.679723    -1.049387    26.951817    27.052516    -0.059511    -0.091875    2.359666    
-2.264350    1.037119     17.849822    18.129920    -0.242883    0.111245     1.914642    
1.847173     -1.498370    46.757201    46.859022    0.106281     -0.086212    2.690263    
1.049692     1.269407     119.914300   119.941768   0.007531     0.009108     0.860367    
1.379013     1.328426     26.032084    26.176531    0.132062     0.127217     2.492975    
2.287274     0.544360     33.450352    33.590608    0.278921     0.066382     4.079097    
1.020569     -0.044818    195.696577   195.709144   0.017185     -0.000755    3.295282    
-0.110320    -1.291286    32.069456    32.155941    -0.018292    -0.214111    5.317510    
-1.026739    -0.811122    26.975562    27.078922    -0.209807    -0.165747    5.512270    
0.230830     -1.917499    50.901670    50.976319    0.013468     -0.111880    2.969963    
0.555022     -0.876567    26.039835    26.134735    0.125483     -0.198180    5.887257    
-0.787320    -1.917792    17.128910    17.365837    -0.000320    -0.000780    0.006965    
-0.591726    0.420571     7.056425     7.361733     -0.003172    0.002255     0.037830    
-1.842070    -0.537818    204.415340   204.433825   -0.057303    -0.016730    6.358912    
-1.199869    -0.359927    17.534848    17.689406    -0.027268    -0.008180    0.398495    
0.375871     3.154724     57.368902    57.490516    0.061818     0.518842     9.435179    
-0.038526    -0.181354    29.131158    29.198180    -0.000034    -0.000159    0.025530    
-1.081678    0.356679     18.395236    18.535288    -0.055174    0.018193     0.938296    
0.543374     -3.453996    83.782700    83.878729    0.032972     -0.209589    5.083936    
-0.364753    -1.419843    40.383860    40.458375    -0.011828    -0.046041    1.309525    
0.304919     -0.762836    11.582400    11.777175    0.017096     -0.042771    0.649404    
0.301323     2.144789     106.830938   106.871021   0.062439     0.444433     22.137018   
0.339867     -1.394760    21.445868    21.583815    0.129130     -0.529927    8.148168    
-1.285090    -0.619968    15.620843    15.808906    -0.091601    -0.044191    1.113454    
-0.211724    0.044886     137.469708   137.483972   -0.015001    0.003180     9.740190    
-0.823270    0.235607     29.943967    30.020816    -0.000392    0.000112     0.014241    
-0.213550    -0.189617    78.552368    78.577548    -0.011410    -0.010132    4.197216    
0.028668     1.151264     15.752080    15.916319    0.000106     0.004270     0.058428    
0.112134     0.480051     46.755765    46.799781    0.015179     0.064983     6.329218    
-1.075707    -0.907928    25.270040    25.385652    -0.008261    -0.006972    0.194053    
0.372077     -0.243695    5.297003     5.668423     0.024867     -0.016287    0.354015    
1.725430     -1.624166    150.913133   150.944571   0.021337     -0.020085    1.866230    
-1.338039    -0.544991    9.397976     9.710009     -0.198643    -0.080908    1.395208    
0.089981     1.621134     83.720981    83.759857    0.002426     0.043701     2.256878    
-0.480497    0.141750     26.822217    26.899019    -0.086987    0.025662     4.855760    
1.171378     -2.159341    16.982168    17.271476    0.049705     -0.091627    0.720605    
-0.672609    -0.736206    143.336118   143.353103   -0.054765    -0.059943    11.670592   
0.323633     1.160230     77.298596    77.333038    0.015338     0.054987     3.663433    
1.713797     -1.292283    17.113480    17.359529    0.074883     -0.056465    0.747757    
0.715782     -1.159511    59.522415    59.570544    0.067583     -0.109479    5.620028    
0.923126     0.106195     13.999798    14.168018    0.094408     0.010860     1.431752    
0.165797     0.085763     42.411767    42.457835    0.005093     0.002634     1.302784    
-1.465847    0.797310     19.213215    19.385742    -0.260145    0.141499     3.409779    
1.406395     0.153512     15.803466    15.988309    0.018752     0.002047     0.210715    
-0.727029    2.484383     44.201440    44.320909    -0.112289    0.383710     6.826857    
0.093408     0.613708     21.682569    21.780590    0.001557     0.010229     0.361382    
-0.270688    -1.425872    17.690481    17.858736    -0.085163    -0.448603    5.565717    
-0.677558    -1.540243    26.944580    27.068742    -0.006547    -0.014882    0.260349    
1.275927     -0.012091    15.456219    15.633227    0.020861     -0.000198    0.252706    
0.376587     0.191799     23.724649    23.809925    0.041229     0.020998     2.597411    
0.121987     0.742046     18.434438    18.554487    0.001995     0.012133     0.301425    
0.592540     0.162538     31.026235    31.094690    0.003026     0.000830     0.158436    
-1.594571    1.458075     46.869366    46.960420    -0.348445    0.318618     10.241857   
-0.318643    0.419767     65.290335    65.322129    -0.023368    0.030785     4.788224    
-0.697755    0.182781     137.625263   137.641230   -0.100409    0.026303     19.804720   
0.403920     -0.539763    49.567649    49.611302    0.009001     -0.012028    1.104573    
-0.043997    -0.496776    99.929217    99.949848    -0.000167    -0.001887    0.379481    
0.367964     -0.612384    76.826829    76.855364    0.000447     -0.000744    0.093400    
1.037630     0.410933     70.273641    70.310064    0.170313     0.067449     11.534497   
-1.765173    -0.042856    35.767732    35.865349    -0.285757    -0.006938    5.790290    
0.221293     -0.732882    25.303782    25.391779    0.016244     -0.053799    1.857472    
-0.093415    0.053340     19.884582    19.982070    -0.004514    0.002577     0.960860    
2.000957     0.080470     27.111463    27.256498    0.038454     0.001546     0.521029    
1.000507     -1.195247    56.031953    56.088184    0.068284     -0.081575    3.824154    
1.818645     0.354361     62.335305    62.393896    0.099730     0.019432     3.418310    
-0.387482    -0.455792    20.629079    20.731419    -0.071603    -0.084226    3.812066    
-1.091999    0.119121     82.508167    82.538956    -0.069293    0.007559     5.235538    
-0.163548    -0.153128    16.162342    16.283318    -0.001846    -0.001728    0.182411    
-1.121923    -0.422366    69.362456    69.400737    -0.000400    -0.000150    0.024710    
1.440974     -0.211833    36.892922    36.974098    0.268814     -0.039518    6.882387    
0.269738     -0.315731    27.515415    27.588865    0.068892     -0.080639    7.027542    
-0.401928    -1.855291    24.970149    25.119454    -0.006446    -0.029755    0.400473    
-1.156534    -0.974531    77.686804    77.726455    -0.133535    -0.112521    8.969838    
-1.605624    -0.493109    20.046292    20.212619    -0.010109    -0.003105    0.126209    
1.218442     -1.788958    61.565530    61.635010    0.113007     -0.165921    5.710037    
1.191891     -0.028960    48.917768    48.971874    0.104786     -0.002546    4.300624    
0.719714     -0.118867    65.092096    65.125940    0.074468     -0.012299    6.734976    
0.023900     -0.169835    74.589012    74.615180    0.000072     -0.000513    0.225484    
0.606816     1.725313     42.932810    43.016811    0.028622     0.081378     2.025009    
0.007223     -0.041610    43.330161    43.374873    0.000147     -0.000844    0.878959    
0.373814     0.775950     12.043992    12.234154    0.003550     0.007370     0.114390    
-0.811331    -0.379374    52.703621    52.747974    -0.028878    -0.013503    1.875925    
-1.884812    -0.594169    40.118347    40.215200    -0.036929    -0.011642    0.786042    
-2.186979    -0.966109    23.166375    23.372465    -0.499844    -0.220808    5.294780    
-0.255229    0.985309     22.654001    22.762132    -0.012907    0.049826     1.145593    
-0.659570    0.011664     71.913010    71.942971    -0.035073    0.000620     3.824023    
0.995834     0.415228     41.726998    41.787336    0.001016     0.000424     0.042571    
0.847024     -1.124618    44.134205    44.200511    0.062150     -0.082519    3.238348    
2.172440     0.886717     50.265835    50.359059    0.077973     0.031826     1.804137    
1.447362     0.879725     18.835514    19.013688    0.140523     0.085412     1.828726    
0.816836     -0.465414    17.525078    17.660326    0.013542     -0.007716    0.290539    
0.586899     -0.208562    36.418512    36.476992    0.002714     -0.000964    0.168395    
0.996284     -0.442094    21.510202    21.627570    0.100988     -0.044813    2.180371    
1.329223     0.381372     33.542662    33.628818    0.059436     0.017053     1.499844    
1.640411     -0.148855    17.475315    17.662805    0.345583     -0.031359    3.681500    
-1.565434    -1.132188    9.534484     9.925410     -0.049450    -0.035764    0.301180    
0.215441     -0.075788    27.505782    27.577076    0.000844     -0.000297    0.107746    
1.307662     -0.320551    50.955277    51.011057    0.005299     -0.001299    0.206483    
0.553114     0.171503     59.042226    59.077870    0.007125     0.002209     0.760589    
-1.076575    -0.446239    81.809134    81.841111    -0.020810    -0.008626    1.581329    
-0.480630    1.096291     13.465151    13.660824    -0.030622    0.069848     0.857901    
-0.307782    -0.815748    62.609036    62.646042    -0.123514    -0.327364    25.125354   
-1.312520    -1.971102    160.055421   160.085042   -0.167120    -0.250976    20.379512   
-1.219250    -0.369637    18.498926    18.646942    -0.047300    -0.014340    0.717660    
-1.534511    -1.097556    21.112476    21.287812    -0.065886    -0.047125    0.906495    
-0.117050    0.455650     34.732382    34.791301    -0.002586    0.010068     0.767440    
0.461676     -0.934656    28.672004    28.758398    0.030184     -0.061108    1.874573    
1.091353     -0.408975    10.780472    11.020519    0.076591     -0.028702    0.756573    
1.665316     2.131104     26.899144    27.106342    0.062716     0.080257     1.013019    
-1.222521    -1.350153    98.657381    98.693826    -0.110708    -0.122266    8.934096    
0.812234     -0.243566    35.960507    36.024326    0.120470     -0.036126    5.333647    
-0.923094    -1.103980    39.587793    39.662819    -0.082548    -0.098723    3.540142    
-1.237073    -0.944596    29.472344    29.578990    -0.080475    -0.061448    1.917249    
0.153868     -0.459500    12.240995    12.407729    0.018146     -0.054190    1.443607    
0.433638     0.119268     44.410492    44.456372    0.122414     0.033669     12.536916   
1.430548     -1.396597    109.240844   109.276868   0.271081     -0.264648    20.700563   
-1.959019    0.638763     75.717682    75.771288    -0.020727    0.006758     0.801121    
1.135356     -0.041783    44.874800    44.932320    0.219088     -0.008063    8.659410    
1.075255     -2.091338    20.527886    20.755697    0.028919     -0.056246    0.552092    
0.781763     0.492281     53.591677    53.635774    0.070434     0.044353     4.828436    
-0.171758    -1.493994    44.984520    45.052675    -0.014960    -0.130123    3.918038    
0.521478     1.577104     23.289216    23.431213    0.014237     0.043056     0.635807    
-2.270122    -0.132116    38.284595    38.402553    -0.064972    -0.003781    1.095731    
0.518174     0.802320     141.842910   141.859784   0.015520     0.024031     4.248399    
-0.337430    1.094422     4.477372     5.023288     -0.005298    0.017185     0.070305    
0.139987     0.048237     6.140484     6.449993     0.010880     0.003749     0.477226    
-1.190564    -0.040606    51.212795    51.264455    -0.087161    -0.002973    3.749284    
-0.019368    0.143238     8.314972     8.546028     -0.000178    0.001313     0.076233    
-1.142848    0.941349     99.694759    99.725183    -0.080344    0.066178     7.008694    
0.785247     0.440633     52.729864    52.774277    0.258581     0.145100     17.363896   
-1.464616    0.423044     14.791851    14.999929    -0.304546    0.087966     3.075751    
-1.060491    -0.977847    60.746352    60.795354    -0.004839    -0.004462    0.277161    
-0.407041    0.157062     157.466687   157.479595   -0.030697    0.011845     11.875361   
1.495435     -0.375417    20.364534    20.517467    0.429489     -0.107820    5.848698    
1.077874     -0.215685    34.068313    34.142836    0.082580     -0.016524    2.610089    
-0.357234    0.155723     100.766295   100.786274   -0.055396    0.024148     15.625721   
-0.288609    -0.981632    7.444884     7.768407     -0.031071    -0.105679    0.801491    
-0.826467    0.572640     75.852642    75.884841    -0.014708    0.010191     1.349922    
-0.408843    -1.470308    42.378497    42.451630    -0.026801    -0.096382    2.777997    
0.482081     1.651149     77.447994    77.492099    0.014809     0.050720     2.379042    
-0.167215    -0.036484    8.528019     8.753933     -0.013441    -0.002933    0.685489    
-0.283867    -1.025694    24.413365    24.515709    -0.000730    -0.002638    0.062793    
-0.863168    -1.329186    52.515492    52.576265    -0.002748    -0.004232    0.167198    
0.425029     -0.816991    10.256224    10.483950    0.025813     -0.049618    0.622891    
1.345752     0.351406     17.963745    18.124724    0.140944     0.036804     1.881382    
1.901620     -0.085341    86.817558    86.860732    0.189395     -0.008500    8.646751    
-1.191945    1.154204     6.162041     6.678220     -0.157382    0.152399     0.813624    
0.402708     1.206565     17.525376    17.681395    0.010678     0.031992     0.464691    
2.116137     0.133831     53.625705    53.703698    0.215343     0.013619     5.457068    
0.854590     0.631576     27.448432    27.539437    0.208581     0.154150     6.699390    
0.928601     -0.884285    24.247843    24.361386    0.038293     -0.036466    0.999921    
0.588971     -0.657804    13.773951    13.941889    0.053000     -0.059195    1.239494    
-0.277529    -0.260909    52.462441    52.500741    -0.001661    -0.001561    0.313908    
0.943953     1.441303     34.900312    34.998216    0.029772     0.045458     1.100729    
0.801735     0.007422     40.650701    40.706231    0.022233     0.000206     1.127281    
0.571835     0.172060     104.799480   104.819667   0.025825     0.007771     4.732959    
-1.143183    -0.960626    104.805804   104.834924   -0.102823    -0.086403    9.426685    
0.011033     -0.062320    8.102678     8.338606     0.000395     -0.002234    0.290401    
0.269604     0.844332     18.282376    18.409394    0.016774     0.052533     1.137494    
-0.294978    0.819637     33.021365    33.091454    -0.037057    0.102967     4.148296    
1.986464     0.481821     99.297906    99.338448    0.235802     0.057194     11.787098   
-0.388757    0.557004     144.140041   144.155082   -0.019999    0.028654     7.415085    
1.692720     2.330514     39.451899    39.605857    0.070061     0.096459     1.632902    
1.845022     -0.858069    50.655106    50.734161    0.056679     -0.026360    1.556132    
-1.575592    1.587022     9.905301     10.343648    -0.094988    0.095677     0.597162    
-0.489156    0.406398     11.792142    11.972218    -0.259676    0.215743     6.260038    
0.938527     -0.252854    33.812954    33.884149    0.315945     -0.085121    11.382785   
1.810712     -0.054553    97.080189    97.117041    0.067636     -0.002038    3.626252    
0.779235     -1.354459    91.739120    91.773541    0.140036     -0.243409    16.486345   
0.207027     -0.801579    6.453354     6.797509     0.009897     -0.038320    0.308504    
-0.461823    1.373376     7.083528     7.493381     -0.031561    0.093858     0.484094    
-0.406222    0.618797     91.336724    91.360933    -0.018499    0.028179     4.159395    
