0.294321     2.110824     66.199720    66.263263    0.016750     0.120128     3.767457    
-0.185210    -0.143635    29.308499    29.375466    -0.013383    -0.010379    2.117775    
-0.946243    0.178861     23.684222    23.785389    -0.003711    0.000702     0.092894    
0.890901     -1.555907    30.324875    30.441544    0.054197     -0.094652    1.844773    
-1.302804    0.173118     51.930014    51.983926    -0.303479    0.040327     12.096747   
2.242996     -0.809547    41.739374    41.853754    0.055451     -0.020014    1.031876    
0.869701     1.505083     28.509754    28.630451    0.090317     0.156301     2.960695    
1.903196     2.335578     51.136543    51.263028    0.026538     0.032566     0.713030    
0.687576     -0.941928    16.803444    16.958498    0.025003     -0.034252    0.611044    
2.411366     -1.096676    27.088898    27.289206    0.034311     -0.015604    0.385439    
0.562740     -1.734143    11.123202    11.442224    0.012450     -0.038365    0.246085    
0.086475     0.843610     34.846651    34.912508    0.008987     0.087671     3.621401    
-0.061302    1.026104     24.228886    24.330444    -0.007969    0.133386     3.149576    
0.844562     -0.338919    8.728170     8.993557     0.008821     -0.003540    0.091158    
0.280926     -0.560208    16.892848    17.018696    0.028794     -0.057420    1.731470    
1.006945     -0.995652    27.269990    27.377593    0.146278     -0.144637    3.961472    
0.460836     1.191021     24.265693    24.378878    0.002816     0.007279     0.148295    
-1.060348    0.931033     11.541829    11.793216    -0.303576    0.266553     3.304410    
0.429323     -0.170215    19.636430    19.740254    0.001410     -0.000559    0.064488    
0.443749     -2.336571    80.675587    80.734638    0.059542     -0.313521    10.825049   
-2.605822    2.060035     52.913577    53.054271    -0.008167    0.006457     0.165842    
0.720529     2.812788     89.214544    89.283485    0.050763     0.198168     6.285395    
0.597008     -0.288858    31.928242    31.995741    0.043157     -0.020881    2.308030    
1.014711     -0.335381    125.567883   125.587859   0.091150     -0.030127    11.279596   
1.361756     -0.749021    53.413537    53.472389    0.162058     -0.089138    6.356566    
0.809062     -0.378406    6.706812     7.046563     0.152340     -0.071251    1.262839    
-0.268386    -0.214265    105.994739   106.013572   -0.067414    -0.053820    26.624164   
-2.574270    -0.786101    67.107281    67.190081    -0.506291    -0.154605    13.198240   
-0.348823    0.918886     6.010506     6.400559     -0.007438    0.019592     0.128155    
0.048330     1.748911     28.361165    28.483182    0.000494     0.017891     0.290124    
0.183881     0.812205     14.749089    14.903157    0.002894     0.012782     0.232109    
0.166316     -1.933512    76.839931    76.889636    0.002991     -0.034776    1.382022    
-0.487728    0.523485     12.026223    12.207248    -0.006483    0.006958     0.159860    
-1.256481    -2.144619    122.188820   122.229950   -0.028398    -0.048472    2.761661    
-0.861273    0.877954     37.974582    38.045452    -0.012488    0.012730     0.550620    
-2.102722    1.153532     62.987743    63.064117    -0.584019    0.320387     17.494487   
0.937808     1.142846     18.427744    18.591457    0.227647     0.277418     4.473215    
-0.580331    0.141577     38.915136    38.969470    -0.004159    0.001015     0.278921    
1.212186     -0.015113    142.087954   142.106760   0.033237     -0.000414    3.895913    
-1.469271    0.240604     85.963498    85.998922    -0.067480    0.011050     3.948071    
-0.912099    -0.118376    44.853660    44.906255    -0.023662    -0.003071    1.163608    
0.008997     0.566946     99.725389    99.746427    0.000091     0.005728     1.007515    
0.833090     0.782536     89.407689    89.436661    0.133373     0.125279     14.313641   
-0.397308    0.423240     25.384668    25.467495    -0.033917    0.036131     2.167022    
-0.336562    0.238820     46.640897    46.684243    -0.028044    0.019900     3.886341    
1.282936     1.152849     26.098376    26.229281    0.030067     0.027018     0.611641    
0.449992     -0.681473    122.454147   122.472690   0.052737     -0.079865    14.350955   
1.080913     -0.131895    35.309584    35.381173    0.097769     -0.011930    3.193763    
0.036840     0.330290     16.636750    16.756099    0.002948     0.026432     1.331361    
0.087934     -0.093710    15.697516    15.820982    0.000418     -0.000445    0.074546    
0.282667     1.028638     49.845838    49.896097    0.013415     0.048817     2.365589    
1.371042     -0.338788    34.375299    34.460566    0.070734     -0.017478    1.773463    
0.232975     -1.817353    77.145541    77.192399    0.002228     -0.017380    0.737763    
1.223206     -1.059211    32.244056    32.344587    0.025204     -0.021825    0.664379    
-0.463670    1.239798     27.030331    27.134219    -0.009751    0.026073     0.568440    
0.106806     0.040168     5.753106     6.081628     0.013837     0.005204     0.745350    
1.369069     -0.295516    42.517696    42.586278    0.250294     -0.054026    7.773109    
-0.461614    0.154541     46.770072    46.814010    -0.002557    0.000856     0.259047    
-0.559397    -0.963572    74.754939    74.789152    -0.086157    -0.148406    11.513535   
-1.173309    -0.076654    20.605363    20.732546    -0.016254    -0.001062    0.285444    
-0.566666    1.774968     47.345712    47.423233    -0.026469    0.082910     2.211551    
-1.300107    0.091319     15.632532    15.809796    -0.153799    0.010803     1.849281    
-0.275583    -0.677776    23.401659    23.495700    -0.006754    -0.016612    0.573568    
-0.932797    1.110982     133.896876   133.919203   -0.085522    0.101859     12.276182   
-1.809343    -0.794353    44.836901    44.923573    -0.131914    -0.057914    3.268931    
0.241232     1.262852     26.894772    26.997346    0.031980     0.167416     3.565432    
1.174031     1.782360     24.136936    24.310939    0.101350     0.153864     2.083651    
-1.107546    0.664860     18.809880    18.956667    -0.061528    0.036935     1.044950    
2.004262     0.072306     32.343546    32.465400    0.218005     0.007865     3.518031    
0.187129     1.397108     48.128109    48.188970    0.000693     0.005172     0.178180    
0.930538     -0.153000    10.159637    10.391462    0.072897     -0.011986    0.795893    
0.577029     0.344052     14.427555    14.576715    0.000451     0.000269     0.011285    
2.400560     -0.851630    34.146767    34.298172    0.010699     -0.003796    0.152195    
1.433074     0.223891     104.778834   104.807360   0.054046     0.008444     3.951579    
-0.184273    -0.340150    109.436466   109.454852   -0.001928    -0.003559    1.145087    
-0.399673    -1.150956    13.182492    13.384226    -0.000371    -0.001068    0.012229    
-1.582648    -0.051869    68.753967    68.800367    -0.015659    -0.000513    0.680256    
-0.468964    -0.254093    28.819656    28.891729    -0.053732    -0.029113    3.302060    
-0.134420    -0.000146    76.714988    76.740358    -0.006041    -0.000007    3.447937    
1.846284     0.959971     29.435061    29.574112    0.280217     0.145698     4.467462    
1.822696     -0.356968    43.003048    43.088127    0.130740     -0.025605    3.084567    
-0.844431    0.501873     19.933926    20.054957    -0.122056    0.072542     2.881299    
0.188973     0.213255     20.685112    20.780520    0.004469     0.005043     0.489133    
0.663356     -0.638471    79.953885    79.983413    0.024006     -0.023105    2.893427    
-0.677133    0.399725     52.969832    53.012229    -0.003389    0.002001     0.265143    
-0.051946    1.255011     145.225914   145.244686   -0.002624    0.063385     7.334759    
-0.805008    -0.433668    42.621332    42.676562    -0.079927    -0.043058    4.231770    
-1.106523    -0.230539    32.908170    32.986363    -0.030213    -0.006295    0.898550    
0.852556     0.992988     25.308008    25.418165    0.001680     0.001957     0.049875    
-1.665651    -0.328712    68.222909    68.272416    -0.039681    -0.007831    1.625291    
0.604660     0.855584     48.059196    48.110902    0.026783     0.037897     2.128726    
0.533410     -0.961450    45.846854    45.902265    0.001423     -0.002564    0.122285    
0.300942     -1.175673    106.637035   106.662107   0.015402     -0.060169    5.457487    
0.317947     1.107880     76.467970    76.501986    0.034369     0.119760     8.266030    
0.503880     0.923855     151.067012   151.083502   0.015697     0.028781     4.706189    
-0.948549    1.414528     21.981200    22.134785    -0.054292    0.080964     1.258141    
-0.026248    -0.694597    80.839180    80.866131    -0.003717    -0.098352    11.446484   
-0.952214    0.567342     13.625064    13.811080    -0.038127    0.022716     0.545548    
0.371939     0.252534     68.103111    68.133037    0.033904     0.023020     6.208004    
-2.089928    -1.046856    60.298463    60.375850    -0.053317    -0.026707    1.538296    
-0.320073    -0.747523    18.062463    18.187599    -0.017015    -0.039737    0.960179    
-0.007539    -0.369959    14.170724    14.311579    -0.000177    -0.008690    0.332842    
-0.497734    1.169025     65.903616    65.945249    -0.054358    0.127670     7.197348    
-1.011341    0.194810     30.947438    31.027079    -0.015359    0.002959     0.470006    
1.994666     -1.081448    185.342129   185.366470   0.102511     -0.055578    9.525167    
0.804949     -0.248346    13.379781    13.550022    0.011888     -0.003668    0.197601    
-1.068250    0.495821     30.631747    30.717517    -0.138974    0.064504     3.985035    
-1.410547    -0.395262    16.249785    16.433999    -0.042340    -0.011865    0.487770    
0.398239     -0.871417    81.554604    81.583984    0.035840     -0.078425    7.339666    
-0.317695    0.137863     19.677021    19.778272    -0.001667    0.000723     0.103223    
1.365767     0.210209     24.126411    24.245993    0.097405     0.014992     1.720663    
0.387322     0.557468     12.256759    12.432372    0.003539     0.005094     0.112004    
-0.262664    -0.805722    24.721635    24.814358    -0.020358    -0.062448    1.916065    
1.330914     -1.695872    39.971204    40.077667    0.008875     -0.011308    0.266535    
0.492539     -0.200165    11.970211    12.142634    0.005724     -0.002326    0.139117    
-1.199920    -0.056161    16.494694    16.655115    -0.527982    -0.024712    7.257899    
1.738679     0.535136     31.460334    31.574308    0.227880     0.070138     4.123348    
0.951487     1.739148     36.690506    36.796714    0.072027     0.131653     2.777451    
1.787837     1.033349     39.320251    39.423613    0.075961     0.043904     1.670619    
-0.191339    0.410091     89.141704    89.164585    -0.015194    0.032566     7.078822    
-0.513511    0.273001     19.677850    19.784614    -0.036923    0.019630     1.414916    
1.101159     2.657130     246.423703   246.448350   0.034411     0.083035     7.700740    
0.803419     0.359927     66.673982    66.708844    0.074874     0.033543     6.213606    
0.302593     0.442274     99.945011    99.965831    0.024459     0.035750     8.078708    
0.391974     -0.136477    24.518483    24.600879    0.009908     -0.003450    0.619748    
1.373184     -1.296015    41.892905    41.981611    0.123260     -0.116333    3.760402    
0.370433     -0.625654    43.499968    43.550555    0.052056     -0.087921    6.112893    
-0.185639    -1.920203    18.429486    18.634446    -0.012573    -0.130048    1.248160    
0.933066     -1.011420    35.683024    35.763763    0.107171     -0.116171    4.098523    
1.622673     0.637510     101.834565   101.868509   0.383151     0.150531     24.045494   
-1.382141    -2.231545    32.829553    32.993099    -0.050672    -0.081813    1.203594    
-2.479050    -1.366361    37.446126    37.604520    -0.025763    -0.014200    0.389158    
0.530059     0.617315     10.540091    10.753163    0.000550     0.000640     0.010929    
-1.349349    0.129565     21.965304    22.094955    -0.067017    0.006435     1.090935    
-1.901877    0.977949     20.859256    21.060794    -0.162439    0.083527     1.781587    
0.011281     0.435854     25.238097    25.318503    0.000730     0.028214     1.633710    
2.366285     -0.883170    60.696162    60.780575    0.004575     -0.001707    0.117341    
0.572279     0.141882     36.627982    36.685578    0.057185     0.014178     3.660076    
0.177523     0.065716     20.068413    20.165614    0.005588     0.002068     0.631654    
-1.228501    -1.428144    34.189332    34.297729    -0.204420    -0.237640    5.689035    
1.278173     0.785729     53.805806    53.862704    0.046509     0.028590     1.957836    
-0.423897    0.998883     38.356628    38.422433    -0.012879    0.030348     1.165338    
-1.181647    -0.411605    32.022378    32.107216    -0.061403    -0.021389    1.664018    
-0.390552    -0.412496    45.896251    45.941958    -0.058699    -0.061997    6.898042    
-0.254503    -0.189300    26.151633    26.227533    -0.007858    -0.005845    0.807440    
1.116554     0.576813     113.849698   113.873650   0.086055     0.044456     8.774603    
0.344921     0.338282     78.576796    78.602934    0.070133     0.068783     15.977149   
-0.709257    -0.402349    12.893536    13.068403    -0.036842    -0.020900    0.669756    
0.117999     0.143695     19.736404    19.835201    0.000390     0.000475     0.065304    
0.256552     -1.080012    18.122480    18.262844    0.029321     -0.123434    2.071202    
-0.902039    -2.726569    30.106676    30.307338    -0.003989    -0.012057    0.133137    
-0.794129    -0.118132    9.022014     9.269104     -0.016161    -0.002404    0.183603    
-0.184560    -0.778227    26.827732    26.911742    -0.005063    -0.021350    0.735979    
0.288768     1.409596     28.068269    28.173978    0.026665     0.130164     2.591870    
-0.884878    -1.054764    66.647791    66.691068    -0.062594    -0.074611    4.714506    
-1.966528    0.340298     65.022992    65.083389    -0.308198    0.053332     10.190512   
0.436506     0.299758     5.593738     5.953591     0.049469     0.033971     0.633932    
0.762545     -0.284073    87.269157    87.295149    0.025099     -0.009350    2.872485    
1.151636     -0.472681    64.913187    64.954957    0.186715     -0.076636    10.524406   
1.155854     0.894542     23.529312    23.656705    0.028877     0.022349     0.587847    
-0.295238    -1.073796    17.605384    17.750062    -0.018867    -0.068621    1.125078    
1.947649     0.775295     60.207869    60.276503    0.124547     0.049578     3.850146    
1.187393     0.257861     128.351321   128.372166   0.301117     0.065392     32.549224   
-0.668372    -1.641568    26.320571    26.453523    -0.142788    -0.350699    5.623031    
0.936085     -1.144362    30.120091    30.220534    0.026607     -0.032527    0.856124    
-1.176623    -0.715055    45.480908    45.544304    -0.179425    -0.109040    6.935435    
2.592191     -1.993745    95.767648    95.843685    0.111887     -0.086056    4.133638    
-0.169995    0.305259     40.799175    40.848130    -0.014463    0.025970     3.471034    
1.388539     0.181159     51.796740    51.853043    0.073449     0.009583     2.739879    
0.158179     0.533042     12.354062    12.522258    0.028445     0.095856     2.221615    
0.465951     -0.567033    14.569951    14.720634    0.100498     -0.122300    3.142514    
-0.862006    0.763315     41.236048    41.299059    -0.018419    0.016310     0.881116    
0.192002     -0.902720    90.286752    90.312925    0.011020     -0.051813    5.182126    
0.205595     -0.638364    33.564546    33.628909    0.002822     -0.008762    0.460688    
-1.793962    -1.803268    68.635063    68.710384    -0.010020    -0.010072    0.383352    
-0.231244    0.482577     10.527319    10.723141    -0.016486    0.034403     0.750501    
0.505019     -1.407677    188.942066   188.958238   0.066986     -0.186715    25.061325   
1.124937     -0.784205    14.960396    15.151530    0.023607     -0.016457    0.313945    
0.526590     -0.357105    22.089328    22.185991    0.027949     -0.018953    1.172387    
0.039913     1.252013     48.657581    48.713492    0.011830     0.371096     14.422086   
-1.382150    0.371420     181.193968   181.210312   -0.123426    0.033168     16.180663   
1.445270     -0.390791    53.967976    54.024614    0.079019     -0.021366    2.950666    
0.660542     0.790325     13.686532    13.865679    0.148114     0.177216     3.068956    
-0.119096    -0.480473    30.457625    30.525184    -0.003302    -0.013320    0.844387    
1.227716     -0.773508    63.047468    63.094879    0.107485     -0.067720    5.519746    
-0.990016    -0.364708    75.584272    75.617262    -0.028208    -0.010391    2.153566    
0.726827     -0.865521    57.686897    57.731537    0.138873     -0.165373    11.022075   
-1.035629    0.900868     52.644362    52.699031    -0.096469    0.083916     4.903849    
-0.526546    -0.800575    25.795513    25.888253    -0.065510    -0.099603    3.209326    
-0.042690    1.645463     57.446515    57.503795    -0.010070    0.388140     13.550771   
-0.411281    -0.381109    7.548835     7.821398     -0.034304    -0.031787    0.629623    
-1.149992    0.523578     21.061878    21.191373    -0.004517    0.002057     0.082729    
0.832821     1.240846     39.647763    39.724719    0.061838     0.092135     2.943913    
0.228963     -0.617480    11.672908    11.856030    0.003990     -0.010761    0.203431    
-0.485640    -1.402936    15.768619    15.960212    -0.021309    -0.061557    0.691883    
-0.781320    0.644788     27.108289    27.198538    -0.015275    0.012605     0.529958    
-0.992367    -0.389828    70.565901    70.601403    -0.033237    -0.013057    2.363470    
1.699178     0.604611     19.904994    20.083239    0.116989     0.041628     1.370469    
0.468655     -1.276888    26.568204    26.675729    0.012490     -0.034029    0.708035    
-0.313055    -1.243843    32.772041    32.856153    -0.057480    -0.228382    6.017284    
0.619711     0.643305     19.649904    19.768449    0.031622     0.032826     1.002666    
0.983604     -0.152233    49.536817    49.585904    0.040530     -0.006273    2.041196    
-2.541303    0.032420     33.325271    33.479962    -0.112812    0.001439     1.479359    
0.177282     1.466000     96.316314    96.347744    0.010348     0.085569     5.621895    
-0.084679    0.594989     26.520846    26.600591    -0.008299    0.058310     2.599072    
0.621630     -0.152708    24.534206    24.621372    0.164074     -0.040306    6.475617    
0.587455     -0.205274    80.077224    80.103832    0.044061     -0.015396    6.006112    
1.260327     0.968772     31.254348    31.356597    0.172057     0.132254     4.266765    
-0.424379    -0.016536    28.054989    28.127170    -0.023992    -0.000935    1.586039    
0.083270     -2.553766    90.867558    90.924786    0.002116     -0.064898    2.309196    
-1.713841    -0.903311    28.771866    28.904125    -0.096687    -0.050961    1.623177    
-2.115056    -1.056568    43.002478    43.112386    -0.066461    -0.033200    1.351257    
0.425576     -0.012200    12.861000    13.017739    0.070784     -0.002029    2.139109    
0.670729     0.112489     97.707693    97.729887    0.057681     0.009674     8.402643    
0.258643     0.804619     66.769778    66.804136    0.003964     0.012332     1.023307    
-0.506804    -0.602503    51.153865    51.197780    -0.063543    -0.075542    6.413658    
0.453128     0.972974     45.634389    45.689435    0.014942     0.032085     1.504842    
-0.704694    -0.467029    13.813794    13.978933    -0.154288    -0.102252    3.024428    
-1.137602    -0.031199    40.144029    40.208371    -0.052011    -0.001426    1.835368    
0.272065     0.158658     15.227947    15.357881    0.028641     0.016703     1.603103    
0.633483     -0.905614    20.041304    20.168050    0.025547     -0.036521    0.808211    
0.526348     1.003795     33.085004    33.162887    0.017930     0.034194     1.127044    
0.735413     0.029650     40.712104    40.766311    0.016403     0.000661     0.908052    
-0.668570    -0.706355    112.495435   112.516860   -0.024088    -0.025449    4.053032    
-1.644537    0.193498     87.970886    88.008487    -0.045118    0.005309     2.413490    
-0.433386    -0.537761    31.983256    32.051219    -0.005072    -0.006294    0.374339    
-1.438920    -0.092506    19.232121    19.386296    -0.151977    -0.009770    2.031271    
0.672191     -0.729612    29.364890    29.447511    0.002440     -0.002649    0.106607    
-1.051295    -0.358846    9.598820     9.861354     -0.117209    -0.040008    1.070171    
0.068745     0.378173     98.134820    98.155314    0.002161     0.011885     3.084233    
-0.117786    0.379214     10.859965    11.044070    -0.007608    0.024494     0.701472    
1.039263     -0.085097    14.250952    14.424005    0.001091     -0.000089    0.014961    
1.130753     -1.396153    64.331334    64.386515    0.078158     -0.096503    4.446626    
1.564365     0.407010     14.782176    15.000020    0.297348     0.077363     2.809733    
-1.116405    -1.321505    27.464390    27.589135    -0.288188    -0.341132    7.089625    
-0.017410    -0.775331    54.953573    54.994287    -0.001305    -0.058117    4.119211    
-0.313652    -1.637554    30.294745    30.404382    -0.017748    -0.092661    1.714234    
-0.946872    -0.333656    32.665233    32.739888    -0.130549    -0.046002    4.503668    
0.809474     -0.030302    8.217569     8.488791     0.057126     -0.002138    0.579925    
-0.269355    0.814511     10.191900    10.415650    -0.019531    0.059060     0.739015    
0.381636     0.017543     20.870926    20.967033    0.043631     0.002006     2.386100    
-0.049499    -2.447694    13.835065    14.187235    -0.008737    -0.432017    2.441885    
1.969952     1.632379     26.307866    26.505172    0.074275     0.061547     0.991908    
-0.198662    1.299597     54.287088    54.338672    -0.016938    0.110805     4.628591    
1.285413     -0.186608    81.032254    81.066567    0.023644     -0.003432    1.490505    
-0.009138    -0.139324    30.620221    30.683747    -0.000079    -0.001197    0.263108    
0.039253     0.861527     76.178032    76.208341    0.001028     0.022557     1.994537    
-1.380973    0.016909     41.401658    41.471431    -0.062380    0.000764     1.870165    
0.235059     1.862858     30.469008    30.590209    0.011406     0.090390     1.478428    
0.489955     -0.849324    29.184466    29.267208    0.007700     -0.013348    0.458672    
-0.389884    1.207837     32.496156    32.580454    -0.009113    0.028232     0.759562    
0.192783     1.077614     119.180975   119.202257   0.007277     0.040677     4.498705    
-0.713598    -0.628893    20.197122    20.315103    -0.000118    -0.000104    0.003350    
-0.596610    -0.722855    53.392542    53.437038    -0.081870    -0.099194    7.326843    
-0.961399    0.407952     54.858633    54.903873    -0.053114    0.022538     3.030771    
-0.863412    -0.799172    34.922618    34.997834    -0.038101    -0.035266    1.541063    
0.116299     -0.269178    30.399344    30.464423    0.012010     -0.027798    3.139344    
1.466827     -0.520016    74.704983    74.747116    0.036835     -0.013059    1.875982    
0.289106     -0.378768    24.798786    24.881354    0.004660     -0.006106    0.399747    
-0.283752    0.251931     104.382115   104.401365   -0.038042    0.033776     13.994180   
0.428261     -1.519473    20.520953    20.675509    0.084739     -0.300653    4.060408    
-1.517562    0.320605     16.235440    16.427728    -0.038763    0.008189     0.414704    
-1.970299    0.920735     42.497169    42.598288    -0.666890    0.311643     14.384087   
0.923411     -0.985983    39.515101    39.587157    0.041031     -0.043811    1.755812    
1.063377     0.265632     95.052275    95.078974    0.028984     0.007240     2.590762    
0.298623     0.506555     5.284049     5.669383     0.003810     0.006463     0.067420    
-0.432504    0.257983     8.557271     8.795195     -0.000487    0.000290     0.009634    
-0.067977    0.657026     7.433547     7.718088     -0.002407    0.023266     0.263234    
-1.612437    1.222716     77.754372    77.805606    -0.023346    0.017703     1.125780    
0.148712     0.637975     44.830691    44.878669    0.021503     0.092246     6.482183    
1.065606     1.096564     38.738309    38.818417    0.031480     0.032394     1.144385    
-0.246701    0.828133     36.217901    36.281648    -0.007106    0.023854     1.043250    
-1.401444    -0.090629    33.740703    33.827241    -0.190109    -0.012294    4.576997    
-0.556369    -1.020739    65.899991    65.939634    -0.028481    -0.052253    3.373511    
-0.550095    -1.093685    16.750553    16.910196    -0.058597    -0.116500    1.784284    
-0.775002    0.846014     12.068568    12.281761    -0.070965    0.077467     1.105088    
2.865291     0.393600     40.903422    41.052768    0.025709     0.003532     0.367002    
0.689364     -1.629463    97.780597    97.816412    0.295034     -0.697377    41.848091   
1.140211     0.922610     7.429196     7.824270     0.080164     0.064866     0.522321    
0.287199     2.658666     39.661288    39.800047    0.007209     0.066740     0.995605    
0.084158     -0.250015    27.096693    27.169382    0.002491     -0.007401    0.802126    
1.282691     0.940679     69.466920    69.513007    0.199832     0.146549     10.822318   
-0.542391    0.633716     19.288959    19.407078    -0.003722    0.004349     0.132378    
-0.903158    0.219091     34.170276    34.239545    -0.197932    0.048015     7.488613    
-1.537094    -0.516623    50.140294    50.205115    -0.161617    -0.054320    5.271992    
1.242129     -2.830458    72.883467    72.975538    0.047228     -0.107620    2.771183    
0.247405     -0.502530    15.679172    15.812183    0.023729     -0.048198    1.503786    
-1.013187    -0.905597    17.696375    17.857303    -0.080877    -0.072289    1.412604    
-1.217475    0.196817     62.728473    62.771469    -0.129470    0.020930     6.670752    
-0.490667    -1.148386    22.054451    22.177315    -0.035403    -0.082860    1.591299    
1.214539     -0.731248    54.464734    54.518731    0.124919     -0.075211    5.601853    
-1.776617    -0.084851    94.843789    94.880888    -0.069392    -0.003314    3.704453    
1.413482     1.464228     38.561207    38.665017    0.097209     0.100699     2.651970    
1.062291     -0.448643    52.612171    52.661610    0.122039     -0.051542    6.044257    
-0.183427    -1.374018    82.277723    82.312941    -0.013653    -0.102274    6.124294    
-1.140574    -0.587496    51.855891    51.909098    -0.044892    -0.023123    2.041018    
-0.286110    -0.886085    37.864305    37.926871    -0.004662    -0.014439    0.617005    
0.858893     1.194413     16.291082    16.475394    0.072131     0.100308     1.368142    
0.005322     0.366339     23.008487    23.095447    0.000222     0.015274     0.959324    
-0.353603    0.120621     82.701147    82.725415    -0.025545    0.008714     5.974398    
0.718256     -0.808256    77.484909    77.517451    0.000412     -0.000463    0.044405    
-0.291998    0.767970     10.859335    11.066850    -0.005693    0.014974     0.211733    
0.118292     1.936303     8.279897     8.728969     0.016159     0.264496     1.131021    
-0.943096    -0.395842    10.992354    11.213961    -0.005847    -0.002454    0.068155    
0.613727     0.176912     15.156343    15.296982    0.004221     0.001217     0.104238    
-0.494863    -1.129612    31.902361    31.986818    -0.197885    -0.451707    12.757041   
1.952084     1.796863     42.837493    42.964696    0.121905     0.112212     2.675154    
-0.312242    1.206405     27.715216    27.812966    -0.051910    0.200565     4.607661    
1.967687     0.751706     32.046261    32.175685    0.058923     0.022510     0.959630    
1.259002     -0.708067    11.097855    11.363265    0.055556     -0.031245    0.489718    
-0.628926    0.282037     116.999986   117.018574   -0.088443    0.039662     16.453230   
0.135971     -1.288634    91.929539    91.959742    0.000001     -0.000009    0.000626    
-1.939339    -0.249280    21.648265    21.825341    -0.075100    -0.009653    0.838323    
0.577873     0.552715     19.486250    19.601743    0.053229     0.050912     1.794929    
0.397003     -0.422298    86.695891    86.720173    0.008510     -0.009052    1.858328    
1.012006     0.518684     71.569177    71.605274    0.108954     0.055842     7.705271    
0.779527     1.035251     72.443738    72.482064    0.067218     0.089269     6.246799    
-0.744678    0.492635     56.915994    56.957024    -0.045913    0.030373     3.509147    
-1.117600    -0.486191    13.709107    13.903236    -0.034057    -0.014816    0.417760    
-1.102959    -0.692330    55.392905    55.443166    -0.079059    -0.049626    3.970532    
-0.346463    1.603944     79.023952    79.065496    -0.002743    0.012701     0.625740    
-0.699242    0.178621     25.300868    25.387590    -0.160645    0.041037     5.812650    
-0.391293    -0.999445    23.802233    23.907598    -0.149010    -0.380603    9.064228    
2.377644     0.677325     17.667926    17.948329    0.009274     0.002642     0.068912    
-0.999610    -1.262321    20.637679    20.793783    -0.086774    -0.109579    1.791502    
0.365922     -1.440490    21.927052    22.065345    0.032025     -0.126068    1.918999    
-1.196017    0.903869     16.483372    16.668052    -0.062578    0.047292     0.862439    
-0.344754    -0.846441    66.217159    66.252716    -0.063032    -0.154756    12.106542   
1.906565     0.445762     82.638259    82.684886    0.010694     0.002500     0.463530    
0.332162     1.186758     32.379412    32.462593    0.061715     0.220498     6.016048    
-1.070864    0.577450     69.809671    69.848016    -0.003620    0.001952     0.235957    
0.726841     -0.647966    69.095848    69.130740    0.043328     -0.038626    4.118925    
0.649582     0.683859     22.034275    22.142128    0.036658     0.038592     1.243451    
0.420308     1.244807     11.413641    11.656430    0.129575     0.383755     3.518652    
-1.171289    0.741842     66.906192    66.949501    -0.137099    0.086832     7.831346    
0.525844     0.271115     17.498655    17.618964    0.025372     0.013082     0.844325    
-0.892090    1.374874     26.124517    26.249790    -0.056514    0.087099     1.655000    
2.826847     0.370046     45.023036    45.156137    0.839014     0.109830     13.362937   
0.985818     1.439075     65.982701    66.035101    0.123274     0.179953     8.250960    
-0.058744    -1.038840    24.782015    24.881838    -0.009838    -0.173978    4.150327    
0.806591     1.532413     81.261407    81.303691    0.018337     0.034838     1.847393    
-0.040275    -0.393324    19.070839    19.176240    -0.005181    -0.050598    2.453322    
1.794832     -0.902297    41.183476    41.279405    0.016034     -0.008061    0.367914    
-0.156381    0.407189     10.186272    10.383898    -0.002041    0.005313     0.132921    
0.780343     -1.246491    21.308682    21.449885    0.017389     -0.027776    0.474830    
-0.715262    -0.095351    40.447615    40.501916    -0.014574    -0.001943    0.824179    
0.439377     0.552088     125.387619   125.405055   0.064738     0.081345     18.474746   
-0.785344    0.245967     103.919290   103.941191   -0.039564    0.012391     5.235213    
-1.233074    -0.862459    50.984601    51.044773    -0.091807    -0.064213    3.795977    
-0.124397    -1.272473    23.019881    23.139242    -0.000583    -0.005960    0.107829    
0.697313     1.959676     116.272176   116.307439   0.045681     0.128377     7.616926    
-2.561673    1.783327     15.584140    16.015080    -0.352944    0.245705     2.147162    
-2.121992    -1.640306    24.576669    24.800828    -0.003950    -0.003054    0.045751    
-0.100670    -0.081092    8.280189     8.511944     -0.003511    -0.002828    0.288798    
-0.575736    1.349915     55.201935    55.256514    -0.079304    0.185942     7.603699    
-0.544123    -0.640207    20.766031    20.876037    -0.007320    -0.008613    0.279366    
1.560414     -0.436911    127.429629   127.455134   0.033645     -0.009420    2.747583    
0.885207     -0.458234    88.898490    88.925869    0.038409     -0.019883    3.857256    
0.871314     -0.669814    15.591113    15.753273    0.066483     -0.051108    1.189626    
-0.436487    0.158073     11.643638    11.817985    -0.028939    0.010480     0.771959    
-1.300953    0.233333     43.925884    43.989830    -0.203923    0.036575     6.885342    
0.672923     0.122495     101.720099   101.741443   0.042584     0.007752     6.437029    
-0.912947    -0.237970    24.824701    24.920490    -0.011703    -0.003050    0.318215    
-0.633925    -1.295013    31.470154    31.564607    -0.032546    -0.066487    1.615691    
-0.109527    -1.240291    72.136724    72.174318    -0.003284    -0.037193    2.163177    
0.488141     2.261266     82.934580    82.990187    0.003687     0.017081     0.626482    
-0.757199    -0.247974    10.254504    10.472089    -0.002946    -0.000965    0.039898    
0.087849     -0.593438    7.327425     7.610913     0.005695     -0.038469    0.474995    
-0.078289    -0.955771    11.129731    11.343082    -0.009986    -0.121913    1.419646    
1.173510     -0.453127    30.287895    30.377854    0.113501     -0.043826    2.929427    
-0.592916    -0.958466    62.869034    62.909941    -0.034137    -0.055183    3.619659    
-0.504991    0.857865     64.191589    64.229479    -0.034424    0.058479     4.375833    
-1.294216    1.256017     19.391912    19.574825    -0.180714    0.175380     2.707733    
0.235818     1.208278     60.544991    60.589491    0.000345     0.001766     0.088500    
0.681133     1.681026     49.310400    49.382996    0.023778     0.058685     1.721424    
-1.132159    -1.395456    36.912825    37.008927    -0.000274    -0.000338    0.008935    
-1.967814    1.361009     36.554104    36.685176    -0.030640    0.021192     0.569168    
-0.006485    -1.349348    19.797122    19.940455    -0.000278    -0.057755    0.847364    
0.178631     -0.898111    23.596078    23.695746    0.000540     -0.002717    0.071394    
0.304412     -1.497563    44.234258    44.304401    0.000662     -0.003259    0.096261    
-1.136552    2.051082     87.986417    88.039668    -0.070758    0.127693     5.477713    
-0.227507    0.983568     15.517776    15.674677    -0.031728    0.137169     2.164114    
-0.883330    0.490767     23.543889    23.647638    -0.045690    0.025385     1.217813    
1.221257     -0.756409    23.597677    23.723173    0.347274     -0.215091    6.710187    
-0.749948    -0.542259    53.951333    53.995164    -0.107495    -0.077726    7.733200    
0.321348     -1.513253    26.152444    26.272009    0.067226     -0.316571    5.471060    
1.546598     0.626777     32.160254    32.263628    0.160766     0.065152     3.342992    
-0.533575    0.186691     13.211775    13.369574    -0.019091    0.006680     0.472709    
1.399303     0.090160     68.208394    68.251199    0.094138     0.006065     4.588703    
-0.860044    -0.405872    32.521599    32.594996    -0.012290    -0.005800    0.464740    
0.036966     -1.747510    41.008209    41.092619    0.000817     -0.038603    0.905877    
1.316061     -2.613504    101.484776   101.546035   0.005893     -0.011702    0.454411    
-1.018910    -1.399667    36.221043    36.315784    -0.072136    -0.099093    2.564356    
2.203140     1.880439     63.655303    63.751568    0.378171     0.322779     10.926480   
0.050826     -1.461055    57.603896    57.656058    0.000942     -0.027069    1.067215    
0.208770     1.818297     15.975435    16.199977    0.007621     0.066379     0.583199    
0.368023     0.961404     78.600094    78.631479    0.004589     0.011988     0.980105    
-1.202353    0.379854     53.449379    53.500477    -0.005753    0.001818     0.255752    
-0.133618    -0.435827    12.022407    12.191022    -0.001269    -0.004139    0.114170    
0.199283     -0.343709    22.314359    22.404541    0.016454     -0.028378    1.842393    
-0.526367    1.154502     91.410022    91.440018    -0.002902    0.006365     0.503931    
0.454399     -1.438615    35.878315    35.963934    0.003719     -0.011774    0.293638    
-0.810727    -0.228832    62.770824    62.807332    -0.037463    -0.010574    2.900580    
-1.359238    0.710824     66.662745    66.709440    -0.059098    0.030906     2.898412    
0.559129     2.813084     70.562363    70.648058    0.012861     0.064704     1.623012    
-0.209492    0.906663     88.658223    88.684956    -0.064970    0.281182     27.495476   
0.907142     -0.248815    18.578551    18.706211    0.154486     -0.042373    3.163915    
-0.075540    0.414184     13.491706    13.641054    -0.007170    0.039312     1.280561    
-1.862256    0.843525     83.347961    83.396265    -0.149242    0.067601     6.679545    
0.737418     -0.024478    12.968992    13.138268    0.078520     -0.002606    1.380930    
-0.362487    1.273720     44.319430    44.382886    -0.024882    0.087433     3.042239    
-0.374372    -1.885183    109.215141   109.249788   -0.027179    -0.136865    7.929033    
0.767215     0.130373     57.322360    57.361429    0.035908     0.006102     2.682857    
-0.714486    1.411030     36.481495    36.568783    -0.006133    0.012112     0.313148    
1.835581     0.545114     48.722607    48.799938    0.021759     0.006462     0.577550    
0.818895     -0.795674    41.545750    41.608028    0.015749     -0.015303    0.799025    
1.272290     0.070788     71.147189    71.185822    0.019669     0.001094     1.099914    
-1.469337    -0.345134    64.516296    64.563965    -0.011654    -0.002737    0.511689    
1.312037     0.323678     27.162511    27.267255    0.025101     0.006192     0.519659    
-1.446724    0.187659     53.860478    53.916178    -0.034209    0.004437     1.273582    
-1.164562    0.459692     22.617578    22.737575    -0.129957    0.051298     2.523967    
-0.596741    0.925566     85.378732    85.408522    -0.113722    0.176386     16.270734   
0.031617     -0.545403    60.459726    60.494230    0.002454     -0.042325    4.691920    
-1.192013    -0.330645    21.014803    21.143016    -0.171300    -0.047516    3.019955    
0.339693     1.676355     50.671532    50.738592    0.002994     0.014774     0.446584    
0.501598     0.892288     93.730696    93.756952    0.006421     0.011423     1.199928    
-0.842449    0.762800     33.482007    33.559072    -0.043286    0.039193     1.720331    
-1.663045    -0.882103    85.400773    85.444197    -0.042705    -0.022651    2.192976    
-1.295217    -0.541463    58.916154    58.965744    -0.066980    -0.028001    3.046772    
0.725016     0.613546     70.000758    70.034871    0.102999     0.087163     9.944642    
0.129442     -0.440665    19.219081    19.325087    0.001076     -0.003663    0.159773    
1.129289     1.917780     44.136078    44.235975    0.102421     0.173934     4.002937    
-0.126992    0.015645     103.359833   103.378655   -0.001034    0.000127     0.841939    
2.015153     -0.102660    81.050827    81.099833    0.372359     -0.018969    14.976516   
-0.182498    -1.637370    163.369330   163.389496   -0.000872    -0.007824    0.780628    
-1.003543    -0.449158    159.917050   159.932944   -0.044315    -0.019834    7.061680    
-1.015993    2.190677     38.907299    39.031836    -0.008652    0.018656     0.331341    
0.508814     1.720050     37.662693    37.756732    0.098806     0.334014     7.313671    
0.662506     -0.773000    15.818154    15.972645    0.201352     -0.234934    4.807535    
1.712620     -1.264700    38.010962    38.121394    0.046493     -0.034333    1.031894    
-1.770402    0.302599     16.374481    16.589890    -0.049894    0.008528     0.461474    
-0.220017    0.004121     44.788705    44.832482    -0.001275    0.000024     0.259579    
1.032133     -0.512197    64.328664    64.369089    0.056559     -0.028067    3.525071    
-1.681350    -0.483153    27.754537    27.879198    -0.010988    -0.003157    0.181380    
1.062130     -0.866526    105.416480   105.443768   0.079506     -0.064864    7.890996    
2.010858     1.025837     41.618979    41.726613    0.204850     0.104504     4.239803    
-1.131698    0.873275     45.588434    45.653298    -0.036940    0.028504     1.488047    
-0.653433    0.054927     12.060260    12.237436    -0.013149    0.001105     0.242689    
-1.847213    1.202385     109.336416   109.376344   -0.007805    0.005080     0.461977    
-0.681773    -0.428535    10.539811    10.752257    -0.016886    -0.010614    0.261050    
0.963932     -0.186232    26.690805    26.781297    0.049797     -0.009621    1.378861    
-0.351608    0.962379     68.071932    68.108095    -0.004159    0.011382     0.805116    
0.499881     -0.661122    24.835421    24.927095    0.011287     -0.014928    0.560779    
-0.384910    -0.756421    17.099706    17.233549    -0.001385    -0.002722    0.061536    
0.340772     -0.003986    7.947021     8.194281     0.021431     -0.000251    0.499774    
0.334702     0.692378     7.818036     8.098645     0.020050     0.041476     0.468324    
1.331514     0.083700     25.736413    25.846041    0.063858     0.004014     1.234300    
-0.634034    -1.507273    34.011124    34.107263    -0.005407    -0.012854    0.290055    
2.030678     1.089806     14.758207    15.066219    0.172436     0.092541     1.253199    
0.329091     -0.583574    25.543329    25.627826    0.052658     -0.093378    4.087181    
-0.763450    0.215104     36.841517    36.902594    -0.199007    0.056071     9.603433    
0.593260     1.166303     56.054304    56.104119    0.003439     0.006760     0.324913    
-0.146156    -2.606015    34.541776    34.696137    -0.016281    -0.290304    3.847868    
0.682923     -1.160408    13.798527    14.003115    0.083698     -0.142218    1.691124    
1.915235     -1.656946    23.049685    23.271797    0.186622     -0.161454    2.245978    
-0.717821    -0.683650    40.263079    40.323357    -0.018966    -0.018063    1.063791    
1.025688     -1.356466    20.343622    20.509265    0.010792     -0.014272    0.214049    
-0.865596    0.029367     38.354537    38.414784    -0.050547    0.001715     2.239739    
0.843397     0.234361     54.097949    54.140829    0.008467     0.002353     0.543115    
-0.827456    -0.698944    37.941705    38.008172    -0.039984    -0.033774    1.833397    
2.566791     1.711913     57.514606    57.630928    0.163785     0.109236     3.669966    
1.017976     -1.950336    20.593296    20.803819    0.310981     -0.595807    6.291035    
-0.251601    -1.787163    77.593660    77.639605    -0.010361    -0.073596    3.195342    
-0.065714    0.326308     31.396148    31.459559    -0.001287    0.006393     0.615096    
-0.085816    -0.562276    7.114028     7.403234     -0.002397    -0.015703    0.198682    
0.618513     0.146236     13.826410    13.980290    0.030028     0.007100     0.671262    
0.787130     -1.327158    91.180628    91.214926    0.028702     -0.048394    3.324859    
0.093844     0.446688     13.929969    14.075771    0.001161     0.005527     0.172353    
-1.133602    -2.571862    43.815843    43.950001    -0.051214    -0.116192    1.979513    
-0.162920    1.392289     61.597950    61.645335    -0.023825    0.203607     9.008016    
1.294830     0.036078     18.437696    18.587670    0.037578     0.001047     0.535091    
-1.488463    -2.558713    56.423073    56.534951    -0.024756    -0.042556    0.938409    
-0.634007    1.286029     43.100854    43.169601    -0.077773    0.157756     5.287144    
-1.555037    -1.273500    30.556843    30.686080    -0.072537    -0.059404    1.425374    
1.901737     0.941751     34.716632    34.837092    0.044860     0.022215     0.818933    
0.275377     1.154724     94.040516    94.068607    0.030795     0.129130     10.516326   
-1.060832    -1.143693    22.425858    22.566069    -0.052717    -0.056835    1.114435    
0.293110     1.158575     15.993687    16.158626    0.009134     0.036104     0.498404    
-0.692520    -0.084792    22.592081    22.688408    -0.035009    -0.004286    1.142090    
-0.044484    -0.084511    43.943050    43.987222    -0.002040    -0.003875    2.014692    
-1.014664    0.203670     74.026903    74.060302    -0.250631    0.050308     18.285307   
-0.290685    -0.042741    60.678254    60.710886    -0.017990    -0.002645    3.755343    
-0.226827    -1.822675    39.229492    39.321770    -0.033711    -0.270883    5.830224    
-1.678387    -1.031291    42.241556    42.333256    -0.081707    -0.050205    2.056401    
-0.911142    1.382760     28.477519    28.593465    -0.028837    0.043764     0.901297    
0.288361     -0.414044    10.848237    11.036928    0.000420     -0.000603    0.015806    
-0.208327    -1.430311    51.086286    51.144626    -0.011936    -0.081947    2.926907    
-0.512224    0.769896     194.389030   194.401196   -0.004661    0.007005     1.768713    
0.356981     -0.041180    17.693570    17.806362    0.007906     -0.000912    0.391864    
0.561228     0.666313     14.397472    14.557510    0.026313     0.031239     0.675010    
-0.079951    -1.336045    31.391214    31.481339    -0.000181    -0.003019    0.070926    
1.143897     0.683983     51.692303    51.746937    0.005955     0.003561     0.269103    
-1.367331    -1.411470    52.333003    52.406870    -0.122084    -0.126025    4.672619    
1.207554     -1.762963    55.782920    55.858530    0.006140     -0.008964    0.283624    
0.934819     -0.333992    69.296070    69.331131    0.059445     -0.021238    4.406498    
0.043272     -0.093993    8.822342     9.039877     0.003101     -0.006735    0.632156    
0.245011     -1.452052    14.836391    15.038682    0.036514     -0.216401    2.211087    
1.197120     0.833492     20.412073    20.558587    0.068264     0.047529     1.163973    
1.109662     0.632691     32.944703    33.028171    0.054175     0.030889     1.608410    
-2.403800    -1.214779    67.839537    67.921511    -0.098055    -0.049553    2.767301    
-0.684959    1.781190     51.781188    51.853719    -0.117760    0.306226     8.902335    
0.774007     -1.222959    21.536218    21.674371    0.053628     -0.084733    1.492150    
0.074673     0.092106     31.972469    32.033230    0.002367     0.002920     1.013449    
-1.472084    1.239546     68.882405    68.937393    -0.078956    0.066484     3.694563    
-0.834257    0.112615     19.376640    19.494558    -0.019112    0.002580     0.443908    
-0.164098    -1.122523    22.651880    22.765535    -0.003107    -0.021256    0.428924    
0.518083     -0.449745    32.355133    32.422219    0.023577     -0.020467    1.472429    
0.599535     -0.338530    25.553274    25.638229    0.119442     -0.067443    5.090833    
0.705516     -0.103968    26.387236    26.470167    0.064996     -0.009578    2.430951    
1.132621     -0.274669    56.559158    56.605402    0.065651     -0.015921    3.278388    
0.000120     1.732086     14.362266    14.599649    0.000010     0.149646     1.240848    
0.663715     -0.492411    36.199040    36.261942    0.035482     -0.026324    1.935207    
1.045310     -1.052070    54.022742    54.078934    0.105441     -0.106123    5.449320    
-0.582557    0.750457     50.382055    50.429445    -0.039391    0.050744     3.406713    
0.051316     0.903450     43.224152    43.278414    0.003093     0.054461     2.605586    
1.237848     -0.321582    11.961178    12.189357    0.170944     -0.044410    1.651811    
-0.335048    0.242349     28.551895    28.622660    -0.016288    0.011782     1.388057    
-0.003940    0.286378     10.219204    10.411009    -0.000210    0.015247     0.544068    
-0.640425    1.978435     99.302428    99.343704    -0.050143    0.154906     7.775100    
0.749457     0.573954     81.035134    81.064536    0.001010     0.000774     0.109256    
-1.483505    1.554328     59.694138    59.765222    -0.110011    0.115263     4.426706    
0.327519     0.562976     78.915769    78.943003    0.019007     0.032671     4.579743    
-0.431547    -0.165377    81.873034    81.897999    -0.041712    -0.015985    7.913525    
-0.158607    1.012003     22.570441    22.679265    -0.000003    0.000017     0.000371    
-0.038250    -1.473300    50.526216    50.586021    -0.002703    -0.104102    3.570133    
-0.093884    0.974246     35.220026    35.288570    -0.002263    0.023481     0.848849    
0.863238     -1.177331    81.992725    82.029344    0.011084     -0.015116    1.052744    
-0.676885    -0.522833    43.717846    43.770498    -0.109757    -0.084778    7.088878    
-1.245294    2.627874     167.511908   167.548711   -0.008440    0.017811     1.135338    
-0.194187    -0.748726    71.412962    71.444275    -0.029129    -0.112312    10.712217   
-0.898787    0.778170     40.143444    40.209257    -0.028087    0.024318     1.254498    
-0.380474    -0.465668    39.045425    39.099639    -0.022470    -0.027501    2.305898    
-1.297827    -1.240605    60.074209    60.133260    -0.062458    -0.059704    2.891053    
0.622523     -0.088290    43.228050    43.277414    0.057555     -0.008163    3.996654    
0.513433     1.008028     31.833613    31.914473    0.063921     0.125497     3.963199    
0.964512     1.074458     58.902830    58.953398    0.123501     0.137579     7.542200    
-1.533315    -0.157930    78.115312    78.155313    -0.260770    -0.026859    13.285001   
0.262702     0.211733     45.128799    45.172971    0.008217     0.006623     1.411529    
-0.125933    1.028051     6.575848     6.941864     -0.008857    0.072300     0.462461    
-0.859178    -0.138940    58.972544    59.011807    -0.048737    -0.007881    3.345201    
-0.336824    0.057721     58.841791    58.875701    -0.011255    0.001929     1.966238    
-0.407381    -1.643722    26.072504    26.201492    -0.013527    -0.054581    0.865750    
-0.562603    -0.535277    35.645951    35.708708    -0.003177    -0.003023    0.201288    
0.835494     1.148629     68.816808    68.859607    0.069898     0.096095     5.757261    
-0.374799    1.621624     37.826712    37.914446    -0.041479    0.179466     4.186313    
-0.901193    0.277844     19.645817    19.766700    -0.026325    0.008116     0.573881    
0.024719     -0.178192    50.023522    50.062561    0.001735     -0.012509    3.511663    
0.951442     -0.454905    7.102526     7.445335     0.007761     -0.003710    0.057933    
-0.090320    1.489477     18.043003    18.211304    -0.005245    0.086495     1.047775    
-0.516668    0.876411     22.000080    22.111389    -0.048266    0.081872     2.055186    
-0.577322    -0.698692    24.207613    24.304422    -0.028450    -0.034431    1.192945    
-0.675636    0.843624     11.704763    11.918248    -0.024100    0.030092     0.417509    
0.396282     -1.615340    31.193710    31.299982    0.010829     -0.044142    0.852430    
0.891713     0.676793     23.705630    23.813548    0.018433     0.013990     0.490023    
-0.740474    1.575843     19.655591    19.830502    -0.197954    0.421277     5.254610    
0.250751     -0.254341    89.522116    89.544468    0.020952     -0.021252    7.480329    
-0.719482    -1.223373    52.167215    52.223631    -0.094909    -0.161380    6.881566    
1.306597     0.871069     36.982040    37.067670    0.107079     0.071386     3.030774    
1.224283     1.321094     43.850336    43.931436    0.001397     0.001508     0.050052    
2.282103     1.139158     110.036413   110.083572   0.003873     0.001933     0.186736    
-1.131100    -0.765609    32.215283    32.304256    -0.067031    -0.045371    1.909127    
0.508421     0.722468     38.684203    38.744329    0.030228     0.042954     2.299948    
-0.350800    0.889313     68.236015    68.271096    -0.020837    0.052824     4.053142    
-0.441075    -0.395928    9.000968     9.232751     -0.153466    -0.137758    3.131772    
0.745460     -0.124021    17.782839    17.907412    0.027525     -0.004579    0.656610    
0.627899     1.097487     53.697626    53.748570    0.082332     0.143905     7.040967    
0.292246     -0.069420    32.068034    32.129799    0.037600     -0.008932    4.125869    
1.674457     0.003381     22.870750    23.016298    0.077252     0.000156     1.055153    
1.578516     1.958186     114.703794   114.748252   0.010075     0.012499     0.732142    
-0.349423    -1.577624    72.134709    72.179652    -0.033975    -0.153394    7.013723    
-1.071944    0.396203     36.646758    36.717378    -0.037930    0.014019     1.296721    
0.239719     0.750305     17.186132    17.316423    0.021870     0.068453     1.567953    
-0.918678    0.773482     77.110787    77.145257    -0.336836    0.283599     28.272900   
-0.842608    0.119281     87.615352    87.641595    -0.213586    0.030236     22.208942   
2.475499     0.734114     68.778383    68.854977    0.022095     0.006552     0.613885    
0.562922     0.410928     54.090028    54.130323    0.011653     0.008507     1.119744    
-1.260332    -0.575608    16.151664    16.330063    -0.002470    -0.001128    0.031652    
-1.252483    -0.150925    8.849092     9.152752     -0.150340    -0.018116    1.062192    
-1.005020    -0.279087    18.952489    19.082970    -0.116573    -0.032371    2.198308    
-1.797262    0.118764     79.113907    79.158887    -0.418542    0.027657     18.423861   
-2.343362    -1.343511    49.905709    50.017508    -0.117940    -0.067618    2.511723    
-0.186821    0.538001     53.572861    53.612039    -0.006453    0.018584     1.850597    
0.009592     -1.826471    65.719563    65.774403    0.000396     -0.075412    2.713465    
-0.380026    -0.077531    36.032261    36.088076    -0.126097    -0.025726    11.955930   
-1.177344    -0.069959    55.532982    55.580375    -0.008405    -0.000499    0.396446    
-0.037052    -1.618651    21.409084    21.560269    -0.004138    -0.180782    2.391109    
-1.577838    0.769194     56.562306    56.623764    -0.046635    0.022735     1.671772    
-0.342826    -1.792851    32.295473    32.406857    -0.029683    -0.155231    2.796251    
-0.378225    1.185892     45.890689    45.949752    -0.016568    0.051947     2.010203    
-1.740120    0.778065     41.860463    41.950050    -0.038627    0.017271     0.929209    
0.515520     0.958559     36.410083    36.479497    0.039625     0.073678     2.798602    
0.361859     0.042189     7.407403     7.673154     0.015085     0.001759     0.308789    
-1.312679    0.435855     27.367685    27.473228    -0.152335    0.050580     3.175988    
1.839311     -0.120779    45.346991    45.427108    0.070505     -0.004630    1.738245    
1.015885     0.486511     27.037804    27.132758    0.055075     0.026375     1.465810    
0.142555     1.578276     16.664413    16.854937    0.022216     0.245961     2.597004    
-0.377294    -0.591519    49.878121    49.921881    -0.017202    -0.026969    2.274051    
-0.546449    -0.604521    13.640559    13.805935    -0.009392    -0.010390    0.234446    
-0.154070    1.731707     47.595191    47.667596    -0.003938    0.044267     1.216657    
-1.401945    2.346442     108.283651   108.336029   -0.002964    0.004960     0.228915    
1.251659     0.594765     21.328915    21.464342    0.056584     0.026887     0.964212    
-0.045730    0.875168     31.387838    31.461712    -0.001091    0.020871     0.748520    
0.673180     -0.034921    40.815268    40.868269    0.459083     -0.023815    27.834438   
-0.829698    0.448705     9.889338     10.127374    -0.061534    0.033278     0.733434    
0.677055     -1.692543    35.933672    36.033690    0.015351     -0.038377    0.814757    
0.078437     -0.736872    10.777515    10.980843    0.000208     -0.001953    0.028566    
-0.749613    -0.643331    14.561085    14.726708    -0.009710    -0.008334    0.188624    
0.955072     -0.411418    51.239001    51.287343    0.097903     -0.042174    5.252433    
1.422867     0.231700     45.913000    45.977786    0.009912     0.001614     0.319837    
0.315302     1.965709     22.967443    23.137455    0.010950     0.068265     0.797615    
0.829109     -1.346643    16.241492    16.436602    0.031043     -0.050421    0.608109    
1.319392     0.396709     12.195590    12.430026    0.058500     0.017590     0.540740    
-0.016943    -0.320902    12.908340    13.061526    -0.001390    -0.026321    1.058768    
-0.575339    -0.917667    45.420664    45.476200    -0.005820    -0.009283    0.459452    
-0.140004    0.327992     9.161516     9.377393     -0.005425    0.012710     0.355009    
-0.521992    2.046733     17.979135    18.209499    -0.005728    0.022461     0.197304    
0.558329     0.693654     12.932488    13.111716    0.079079     0.098246     1.831702    
-2.209558    0.538184     22.497082    22.697256    -0.075681    0.018434     0.770561    
1.004063     1.826708     17.637974    17.869473    0.074235     0.135057     1.304060    
0.927659     -0.282332    36.536610    36.602446    0.047554     -0.014473    1.872973    
0.147204     0.964142     38.927473    38.989413    0.003373     0.022090     0.891897    
0.427382     0.575147     42.057836    42.109975    0.007864     0.010583     0.773871    
-0.055899    0.048732     6.062824     6.374817     -0.004663    0.004065     0.505754    
-0.011190    -0.971626    49.100061    49.149112    -0.001703    -0.147853    7.471613    
-0.566821    0.361905     177.908242   177.920403   -0.047553    0.030362     14.925600   
0.416939     -0.934246    42.792074    42.849541    0.012471     -0.027945    1.279995    
-0.771748    -0.341182    51.046999    51.091908    -0.106366    -0.047024    7.035571    
-0.544856    -0.600720    39.588119    39.645325    -0.017033    -0.018780    1.237601    
-1.881313    0.812625     24.923627    25.085092    -0.096126    0.041521     1.273475    
-0.301793    -0.190510    16.907004    17.024956    -0.032464    -0.020493    1.818689    
2.093610     0.629222     53.312209    53.393311    0.002052     0.000617     0.052245    
1.609577     -0.135438    95.798817    95.832653    0.036615     -0.003081    2.179232    
-0.933501    -0.619344    76.411181    76.444742    -0.002147    -0.001425    0.175766    
0.076012     -0.648821    10.405926    10.610607    0.000729     -0.006227    0.099862    
0.951643     0.388784     71.513347    71.547820    0.074695     0.030516     5.613096    
-1.325226    0.038450     15.457946    15.639077    -0.070029    0.002032     0.816842    
-1.621495    -0.874137    29.340057    29.463660    -0.047135    -0.025410    0.852876    
0.205424     -0.021285    26.075497    26.150510    0.009032     -0.000936    1.146426    
2.170572     -0.280343    41.288033    41.392832    0.024482     -0.003162    0.465698    
1.462211     -0.614953    70.523024    70.568322    0.150359     -0.063235    7.251856    
-0.714578    -1.543495    20.961748    21.122567    -0.065809    -0.142148    1.930467    
1.227114     3.041631     33.826381    34.041979    0.046725     0.115816     1.288006    
-2.120145    0.684761     15.470966    15.754036    -0.630122    0.203516     4.598083    
-0.633741    -1.135465    45.470828    45.531989    -0.038989    -0.069855    2.797430    
-0.083843    -0.851950    97.089629    97.113355    -0.003079    -0.031282    3.565003    
-0.651652    -1.939250    13.500702    13.795987    -0.000343    -0.001022    0.007112    
0.312890     0.795420     39.654536    39.712564    0.028413     0.072230     3.600924    
1.409637     0.102423     118.059855   118.084723   0.040189     0.002920     3.365943    
0.065383     -0.906154    73.566052    73.597991    0.000269     -0.003728    0.302661    
0.051949     1.603525     25.464984    25.591295    0.006439     0.198745     3.156197    
0.238094     0.975651     33.183705    33.257207    0.005981     0.024508     0.833553    
-1.494274    0.969228     31.360174    31.472332    -0.179195    0.116231     3.760756    
0.491960     -2.049930    38.545214    38.652978    0.152954     -0.637338    11.983978   
1.411218     2.332798     15.643465    16.000826    0.097692     0.161488     1.082920    
2.573589     -0.110066    15.274024    15.614296    0.142790     -0.006107    0.847447    
-1.704474    0.126530     50.902716    50.969429    -0.004050    0.000301     0.120937    
-0.630963    -1.715988    89.650038    89.690283    -0.023059    -0.062712    3.276348    
0.004814     1.349675     29.963210    30.058120    0.000578     0.161940     3.595126    
0.424429     -0.512795    54.862568    54.901907    0.000749     -0.000905    0.096808    
-0.792807    -0.351002    48.659089    48.706608    -0.005910    -0.002616    0.362722    
1.071035     -0.064994    21.949023    22.063225    0.061082     -0.003707    1.251775    
-0.203796    -0.531603    47.029258    47.073880    -0.035291    -0.092056    8.143946    
0.665428     -0.416285    4.578753     5.045396     0.105510     -0.066006    0.726004    
-0.695084    -0.505662    8.184859     8.462015     -0.015977    -0.011623    0.188139    
-0.134370    0.346981     60.252431    60.285727    -0.001574    0.004064     0.705626    
0.769317     -1.155900    28.599204    28.700477    0.016759     -0.025181    0.623030    
-2.732630    1.661274     33.229123    33.440644    -0.057745    0.035106     0.702192    
0.011854     -1.124742    70.208228    70.244825    0.000293     -0.027761    1.732856    
-1.123089    0.529665     16.036210    16.204223    -0.031092    0.014664     0.443957    
-3.967796    -0.817249    42.401481    42.640026    -0.214850    -0.044253    2.295978    
0.626837     -1.703503    24.371750    24.518402    0.000751     -0.002041    0.029201    
-0.326842    1.615896     24.002105    24.139055    -0.004074    0.020139     0.299146    
-0.190681    0.876091     60.258631    60.297441    -0.009420    0.043283     2.977039    
-0.971051    0.751293     11.607219    11.836802    -0.309965    0.239817     3.705096    
0.004563     0.138653     133.805791   133.820342   0.000365     0.011077     10.689301   
-0.494764    0.022327     34.755863    34.815087    -0.097785    0.004413     6.869107    
1.867603     -0.561541    32.992787    33.108945    0.154297     -0.046393    2.725786    
-1.688249    -0.523207    49.188722    49.259813    -0.025035    -0.007759    0.729419    
0.748475     -1.306588    163.411718   163.430511   0.032894     -0.057421    7.181563    
-0.308069    1.472124     75.956781    75.997168    -0.050046    0.239146     12.339155   
-0.319634    -0.969546    65.757836    65.795214    -0.017236    -0.052281    3.545901    
2.216675     -1.213258    20.283122    20.534498    0.008857     -0.004848    0.081043    
0.107199     -0.171735    12.453865    12.610102    0.002621     -0.004200    0.304550    
0.273924     1.332011     91.834179    91.865340    0.013852     0.067358     4.643903    
0.964205     -0.603096    64.807700    64.847563    0.051327     -0.032104    3.449889    
1.462099     1.387362     33.853949    33.970978    0.138324     0.131254     3.202811    
-0.622254    1.664279     34.661162    34.762453    -0.017356    0.046421     0.966797    
-2.465307    1.685077     31.838516    32.038777    -0.027898    0.019069     0.360292    
1.123220     -0.359012    22.941801    23.056273    0.188038     -0.060102    3.840685    
-0.037960    1.695223     33.902261    34.001669    -0.004478    0.199998     3.999692    
1.053052     3.177714     42.615765    42.792349    0.025266     0.076242     1.022474    
0.003984     2.285615     19.899690    20.127013    0.000048     0.027449     0.238982    
-1.179389    -0.947588    23.664548    23.794425    -0.020999    -0.016872    0.421342    
-0.353915    -0.694545    49.146334    49.191917    -0.001961    -0.003848    0.272299    
0.487955     0.435669     6.307766     6.640088     0.000929     0.000829     0.012003    
0.161334     -0.103306    14.875625    15.006527    0.003004     -0.001923    0.276959    
-2.341968    -0.156163    62.481927    62.556977    -0.020950    -0.001397    0.558929    
-0.340074    -1.690052    64.735925    64.788787    -0.018599    -0.092431    3.540491    
1.185297     -0.945131    67.129083    67.175047    0.009939     -0.007925    0.562909    
-1.094826    -0.168683    67.101364    67.139370    -0.109136    -0.016815    6.688868    
0.217849     -0.494810    67.756810    67.787555    0.006907     -0.015688    2.148278    
0.694479     1.005648     11.096512    11.335835    0.024508     0.035489     0.391598    
-0.027014    2.273931     30.023440    30.173721    -0.000875    0.073665     0.972617    
-1.001121    0.126044     15.174340    15.334721    -0.089724    0.011296     1.359972    
-0.435795    1.330416     28.191874    28.295170    -0.027617    0.084310     1.786542    
2.325028     0.472170     110.845791   110.888652   0.060411     0.012268     2.880106    
0.180918     -2.088256    72.359126    72.416239    0.019085     -0.220288    7.633103    
0.293090     1.011748     17.400591    17.543234    0.029463     0.101707     1.749214    
0.941459     2.141369     42.519277    42.629048    0.037594     0.085508     1.697850    
0.396651     -1.087374    34.031832    34.108361    0.060045     -0.164605    5.151703    
-0.019467    -1.184097    12.665588    12.872239    -0.000939    -0.057125    0.611034    
-0.609336    -1.868176    91.723075    91.765237    -0.038153    -0.116975    5.743204    
-0.735348    0.283808     7.581193     7.872149     -0.034294    0.013236     0.353561    
-1.014653    0.424682     21.655060    21.772149    -0.015118    0.006328     0.322655    
-0.722757    -0.299526    48.909549    48.955399    -0.068034    -0.028195    4.603933    
-1.294200    0.304866     33.357612    33.442086    -0.190012    0.044760     4.897489    
0.049221     -0.880417    52.581880    52.626102    0.005291     -0.094632    5.651771    
-1.244566    -0.538921    10.589689    10.856143    -0.076402    -0.033084    0.650086    
0.838762     0.324455     8.642786     8.909629     0.018348     0.007097     0.189061    
-0.188092    -1.137825    28.279878    28.371755    -0.001523    -0.009212    0.228953    
-0.039994    -0.348543    57.694897    57.729535    -0.005594    -0.048748    8.069244    
-0.333942    -0.104709    3.605573     4.122813     -0.085598    -0.026840    0.924200    
-0.527961    -0.087729    49.622133    49.664046    -0.018605    -0.003092    1.748670    
-0.883458    -0.362332    21.020242    21.133796    -0.103040    -0.042260    2.451648    
0.556719     -0.710283    8.268889     8.547743     0.016182     -0.020646    0.240350    
0.239786     0.779604     28.623402    28.702602    0.015486     0.050348     1.848551    
2.295150     0.919290     88.473469    88.529896    0.059850     0.023972     2.307113    
0.437842     0.393718     42.106387    42.156488    0.026795     0.024095     2.576803    
-0.699296    -1.874430    34.790731    34.903760    -0.015847    -0.042477    0.788401    
-0.010416    -1.638975    19.986250    20.149727    -0.000492    -0.077337    0.943076    
-1.022578    0.329594     52.543035    52.590872    -0.236100    0.076099     12.131515   
-1.159603    0.005453     92.358729    92.386983    -0.100122    0.000471     7.974367    
0.001448     0.923235     87.213931    87.241029    0.000008     0.004863     0.459380    
-0.521379    -0.186078    16.140822    16.269836    -0.025850    -0.009226    0.800265    
-0.570575    0.714306     16.401117    16.544104    -0.026152    0.032740     0.751734    
-0.795014    0.233040     80.283580    80.311983    -0.045776    0.013418     4.622591    
-1.641597    0.194124     18.028087    18.210420    -0.203018    0.024008     2.229552    
0.686942     1.052655     29.473325    29.565720    0.016911     0.025915     0.725587    
-0.496908    1.970975     17.904276    18.126492    -0.093097    0.369269     3.354429    
1.303489     0.418782     42.707510    42.774769    0.050419     0.016199     1.651930    
-1.621808    0.472426     104.773195   104.805299   -0.295097    0.085960     19.064048   
0.001901     -0.341369    11.141531    11.319240    0.000040     -0.007235    0.236124    
-0.060863    0.588549     15.484716    15.620547    -0.000376    0.003636     0.095654    
0.713567     -1.060914    64.694111    64.736679    0.043464     -0.064621    3.940580    
-0.535587    0.766285     37.664404    37.727395    -0.003930    0.005622     0.276356    
-0.347000    0.365729     20.463917    20.564557    -0.005230    0.005513     0.308449    
0.781422     -2.364377    170.508708   170.538252   0.023066     -0.069790    5.032980    
2.210221     -1.632584    98.067489    98.125724    0.041911     -0.030957    1.859570    
0.086332     -0.132221    36.622695    36.675901    0.002270     -0.003477    0.963067    
-0.163493    0.404763     77.757861    77.783999    -0.010252    0.025380     4.875660    
-1.495094    1.278108     52.012693    52.087081    -0.109820    0.093881     3.820504    
0.371766     1.232464     94.668434    94.697648    0.003433     0.011382     0.874265    
0.001534     -1.144709    20.605774    20.731214    0.000524     -0.390688    7.032737    
0.135965     -0.679142    12.006376    12.186375    0.008911     -0.044512    0.786909    
0.522464     -1.284003    61.545622    61.592696    0.015517     -0.038134    1.827848    
-0.207745    0.604772     124.182092   124.199339   -0.035999    0.104799     21.519052   
-0.457997    1.178759     52.486773    52.538896    -0.117155    0.301524     13.426003   
-1.826933    -1.429353    35.439695    35.570039    -0.103813    -0.081221    2.013817    
0.220460     1.995612     127.297440   127.328489   0.004520     0.040918     2.610076    
-0.425406    2.326945     134.395773   134.431002   -0.008825    0.048275     2.788174    
1.115611     -0.264959    13.039639    13.237142    0.006249     -0.001484    0.073036    
-0.359244    -0.518966    7.021610     7.319586     -0.002600    -0.003757    0.050827    
-1.443632    -1.731703    37.716146    37.834713    -0.233614    -0.280231    6.103371    
0.701173     -2.070683    109.616188   109.655657   0.036632     -0.108179    5.726705    
-0.538267    0.972355     8.424399     8.722423     -0.085846    0.155077     1.343573    
1.972309     -1.366542    37.799058    37.926260    0.005137     -0.003559    0.098454    
0.373578     -0.382751    24.465906    24.550796    0.050613     -0.051856    3.314674    
0.481152     -0.260496    16.474164    16.600373    0.007054     -0.003819    0.241514    
-1.347079    -0.308150    10.204788    10.484380    -0.046472    -0.010631    0.352048    
-0.582623    0.837732     76.121507    76.153792    -0.226673    0.325925     29.615579   
-2.930011    -1.193890    25.565289    25.835428    -0.370278    -0.150877    3.230797    
0.007075     0.537919     29.809596    29.879363    0.000094     0.007149     0.396160    
0.008947     -0.579006    42.137355    42.187284    0.000439     -0.028417    2.068082    
0.513759     1.453693     29.206126    29.312965    0.017016     0.048146     0.967301    
1.081667     1.330695     71.548159    71.595773    0.244424     0.300696     16.167682   
1.158883     1.502267     57.665726    57.730501    0.073929     0.095835     3.678705    
-1.116713    -1.419267    24.211703    24.358630    -0.069023    -0.087724    1.496513    
1.145136     -0.651613    45.154860    45.216947    0.081451     -0.046348    3.211785    
1.501244     -0.537640    73.424768    73.468457    0.007776     -0.002785    0.380334    
0.038079     0.866002     93.046188    93.071046    0.004611     0.104874     11.268057   
1.104649     -1.142482    21.201985    21.352392    0.033791     -0.034948    0.648555    
-0.827158    0.838274     45.891602    45.948895    -0.177811    0.180201     9.865142    
1.014480     -0.567493    62.031326    62.073437    0.025950     -0.014516    1.586724    
0.390851     1.277340     52.847872    52.901388    0.058923     0.192567     7.967143    
0.042030     -1.092982    43.608938    43.667045    0.002036     -0.052937    2.112148    
-1.005535    -1.432028    36.585896    36.680575    -0.202276    -0.288070    7.359711    
-0.647329    -0.082969    15.608247    15.745420    -0.015419    -0.001976    0.371772    
-1.388634    -0.983675    29.884763    29.997832    -0.031994    -0.022663    0.688532    
0.630206     -0.156946    12.023740    12.201109    0.107175     -0.026691    2.044805    
-0.610446    0.133089     42.042476    42.093172    -0.104603    0.022805     7.204178    
-0.325410    -0.508389    33.438207    33.501537    -0.023224    -0.036283    2.386434    
-1.222154    1.011452     19.673514    19.835292    -0.040453    0.033479     0.651188    
-0.384072    -1.316479    87.589273    87.622122    -0.005768    -0.019771    1.315407    
1.312806     -0.160391    62.113777    62.159033    0.002684     -0.000328    0.126996    
-1.166288    -0.218712    68.933444    68.971753    -0.105955    -0.019870    6.262474    
-2.134586    -0.835992    17.106615    17.371430    -0.159229    -0.062361    1.276067    
-1.380563    -1.528940    28.139747    28.283633    -0.244834    -0.271148    4.990408    
-0.950486    0.533219     14.862578    15.031930    -0.065939    0.036992     1.031077    
-0.535844    0.639003     7.883783     8.168503     -0.088935    0.106057     1.308492    
1.219203     2.079495     139.175881   139.210673   0.225082     0.383904     25.693832   
0.340894     0.549970     10.193015    10.401499    0.012175     0.019643     0.364050    
0.777045     0.149218     17.557194    17.684911    0.015822     0.003038     0.357484    
1.080321     0.256947     27.795222    27.886958    0.008508     0.002023     0.218890    
0.272231     1.501838     33.682143    33.774122    0.111240     0.613690     13.763392   
0.144520     -0.779889    17.841426    17.967207    0.021403     -0.115497    2.642220    
-0.690964    0.805429     95.502136    95.528316    -0.005489    0.006399     0.758709    
-0.927997    0.552516     12.290582    12.493991    -0.211010    0.125632     2.794658    
0.172797     -0.027745    6.790888     7.072605     0.015050     -0.002417    0.591475    
-0.353393    0.177418     23.159705    23.246575    -0.049085    0.024643     3.216792    
1.219225     -0.855444    150.030762   150.051067   0.006925     -0.004859    0.852125    
1.115677     -0.623798    44.389809    44.451816    0.043148     -0.024125    1.716727    
-0.069912    0.862891     65.939706    65.974762    -0.005820    0.071831     5.489140    
-0.721163    -0.293657    55.647354    55.687604    -0.053764    -0.021892    4.148583    
-0.082787    1.696427     30.206291    30.317977    -0.009775    0.200294     3.566405    
-3.234574    0.806394     65.732104    65.846011    -0.129278    0.032230     2.627150    
0.737378     -0.188862    17.483064    17.609994    0.001903     -0.000487    0.045118    
-0.093603    0.222433     15.175074    15.304120    -0.003105    0.007379     0.503449    
-0.222047    1.167104     24.339772    24.448127    -0.033012    0.173515     3.618628    
1.423714     -0.249126    23.416804    23.543803    0.020391     -0.003568    0.335388    
-0.239278    -0.303834    6.368504     6.677002     -0.035650    -0.045268    0.948828    
1.086750     -0.187630    74.396286    74.430495    0.028890     -0.004988    1.977755    
-1.027262    -0.201419    17.367910    17.510428    -0.143986    -0.028232    2.434366    
0.472293     0.338588     45.878479    45.924367    0.068861     0.049367     6.689141    
-1.030035    0.908344     176.166896   176.183247   -0.003721    0.003281     0.636378    
0.947389     1.107059     88.028383    88.062445    0.036986     0.043220     3.436652    
-1.409023    -1.397775    31.791400    31.914059    -0.154025    -0.152795    3.475216    
-0.158912    -3.818430    88.129744    88.234530    -0.001033    -0.024820    0.572852    
0.561834     1.127646     10.273674    10.536156    0.021696     0.043546     0.396731    
1.166197     1.407669     64.492585    64.548509    0.049789     0.060098     2.753414    
0.422288     -0.460073    8.497026     8.744392     0.088192     -0.096083    1.774547    
0.260759     1.800604     40.173179    40.262507    0.002263     0.015630     0.348711    
1.257423     -1.337531    21.890415    22.055279    0.157077     -0.167084    2.734549    
-1.068862    -0.376047    15.244151    15.412429    -0.036326    -0.012780    0.518080    
1.164875     -0.377708    35.238445    35.314623    0.009831     -0.003188    0.297407    
2.083434     -1.047926    40.909501    41.023178    0.033326     -0.016762    0.654371    
-0.636467    -0.865479    63.548094    63.587651    -0.104770    -0.142468    10.460785   
1.003309     0.999262     100.796855   100.826019   0.172567     0.171871     17.336826   
-1.450891    -0.804108    27.291108    27.412246    -0.064570    -0.035786    1.214556    
-0.732811    1.156306     77.642140    77.679153    -0.006041    0.009532     0.640056    
0.330166     -0.458618    66.823656    66.855032    0.037254     -0.051748    7.540047    
0.757713     -1.381429    34.554480    34.646349    0.058660     -0.106946    2.675113    
-0.154714    1.801966     41.236300    41.322855    -0.003375    0.039313     0.899650    
0.184817     0.280157     36.987169    37.041035    0.027925     0.042331     5.588650    
-1.752633    -0.453042    15.210733    15.444039    -0.010158    -0.002626    0.088158    
-0.478803    -1.650145    31.452494    31.560839    -0.064153    -0.221096    4.214181    
-1.357198    -0.464950    12.472651    12.708271    -0.341579    -0.117018    3.139114    
-0.678299    -1.666707    49.758592    49.830015    -0.028524    -0.070090    2.092485    
0.068696     -0.087750    156.218036   156.230478   0.010373     -0.013250    23.587894   
0.213756     -0.611849    40.488241    40.541247    0.005635     -0.016129    1.067316    
1.605942     0.919057     26.452312    26.589913    0.105630     0.060450     1.739884    
1.060480     -1.941112    35.045301    35.170167    0.200170     -0.366392    6.614932    
0.664890     0.070814     9.598236     9.820803     0.033499     0.003568     0.483585    
-0.112222    -1.491046    17.958012    18.127354    -0.012559    -0.166864    2.009698    
-0.168661    -0.203635    37.933698    37.985659    -0.032072    -0.038722    7.213283    
-0.281107    -0.485584    30.083969    30.153524    -0.035017    -0.060488    3.747468    
-0.420350    0.061092     16.556786    16.678805    -0.003200    0.000465     0.126061    
-1.120763    0.801729     111.865762   111.891566   -0.061359    0.043892     6.124342    
0.837141     1.281786     17.783639    17.957632    0.045139     0.069114     0.958899    
2.008827     -0.779357    21.239957    21.439531    0.070513     -0.027357    0.745560    
0.233140     -1.020937    13.172863    13.360238    0.000022     -0.000095    0.001220    
-0.775476    -1.302467    50.879148    50.939773    -0.028064    -0.047135    1.841255    
1.725430     -1.624166    150.913133   150.944571   0.021337     -0.020085    1.866230    
1.025976     1.914823     16.434633    16.694050    0.166366     0.310497     2.664945    
1.728589     -0.129424    18.205568    18.393544    0.095385     -0.007142    1.004598    
0.489045     -0.152171    134.966464   134.981790   0.006165     -0.001918    1.701389    
1.242089     -0.182402    48.291282    48.347688    0.099604     -0.014627    3.872525    
-0.513328    0.639186     12.781661    12.958313    -0.009159    0.011404     0.228051    
-0.189297    -0.194456    11.146467    11.322205    -0.003550    -0.003647    0.209054    
0.310333     0.326039     10.490727    10.683301    0.014813     0.015563     0.500754    
-1.284257    0.614341     16.827842    17.002293    -0.002375    0.001136     0.031115    
0.640424     0.115730     20.679490    20.783161    0.007842     0.001417     0.253226    
2.016197     0.685540     12.483493    12.815911    0.070366     0.023926     0.435680    
0.353449     1.029452     35.617187    35.688145    0.018898     0.055043     1.904373    
0.431809     0.625648     10.881782    11.084495    0.036550     0.052957     0.921074    
0.885844     0.157473     46.746426    46.796505    0.012638     0.002247     0.666893    
-0.961704    -1.315231    26.876876    26.998077    -0.045205    -0.061823    1.263350    
0.426368     1.497810     137.078818   137.101797   0.009775     0.034339     3.142662    
-0.362048    -0.598069    9.964077     10.180695    -0.004733    -0.007818    0.130248    
2.313110     0.579460     41.651904    41.766522    0.045140     0.011308     0.812823    
-1.335896    -0.356360    56.703644    56.754645    -0.100086    -0.026699    4.248269    
-1.615092    -1.158685    29.940775    30.071183    -0.148267    -0.106368    2.748590    
0.139012     -0.633946    21.134999    21.236392    0.001618     -0.007378    0.245965    
-0.804444    -2.446303    84.997575    85.059357    -0.008303    -0.025248    0.877264    
-0.826658    -1.500148    14.385993    14.620723    -0.037055    -0.067245    0.644859    
0.929768     0.833108     38.658064    38.728277    0.023310     0.020887     0.969200    
-0.384848    0.434062     218.144585   218.154237   -0.050882    0.057389     28.841731   
-0.115334    -1.829132    18.813521    19.004803    -0.012873    -0.204160    2.099891    
-0.572450    -1.543096    113.593362   113.622338   -0.008923    -0.024052    1.770568    
-0.865090    -1.177889    75.337450    75.377331    -0.029646    -0.040365    2.581729    
1.610087     1.727931     32.609159    32.753784    0.038340     0.041146     0.776505    
-0.843361    0.213261     32.935842    33.006081    -0.103957    0.026288     4.059831    
0.400902     -0.301684    79.746211    79.772080    0.009622     -0.007241    1.914048    
0.213247     -1.462946    49.180432    49.242010    0.008094     -0.055527    1.866660    
-1.328791    -0.474256    29.813367    29.911576    -0.248219    -0.088591    5.569143    
-0.265021    -0.430866    11.497598    11.675855    -0.001075    -0.001748    0.046633    
-0.959583    0.106119     42.312509    42.369274    -0.028075    0.003105     1.237950    
1.558295     1.449487     34.956969    35.076972    0.039978     0.037186     0.896816    
-0.949724    -0.150338    33.102024    33.174441    -0.012616    -0.001997    0.439706    
-0.113140    -0.095603    19.901497    19.999162    -0.023120    -0.019536    4.066842    
0.082945     -0.118759    9.064699     9.277107     0.000987     -0.001414    0.107916    
-0.224420    -1.597025    27.986904    28.102359    -0.058294    -0.414836    7.269743    
0.117734     -1.273944    33.106851    33.189988    0.041733     -0.451572    11.735302   
-1.471543    0.212644     30.129227    30.230050    -0.195115    0.028195     3.994906    
-0.929700    -0.320387    8.634626     8.910596     -0.015757    -0.005430    0.146346    
2.058193     2.334075     56.260453    56.380826    0.033012     0.037437     0.902377    
0.655197     0.213940     31.440641    31.509743    0.007799     0.002547     0.374259    
0.096173     -0.003115    50.157298    50.196004    0.001347     -0.000044    0.702375    
0.345061     -1.361199    70.412738    70.454244    0.013298     -0.052459    2.713646    
-1.344383    0.640948     47.228721    47.293184    -0.051537    0.024571     1.810530    
-0.090977    1.377388     51.235544    51.291924    -0.003562    0.053928     2.005988    
-0.362058    2.258351     10.590437    11.011973    -0.006602    0.041178     0.193101    
-1.876941    0.073736     13.912915    14.176477    -0.002399    0.000094     0.017779    
-0.572291    1.293090     99.301444    99.331019    -0.023817    0.053815     4.132657    
-1.095162    -0.285691    16.156072    16.314858    -0.074972    -0.019558    1.105996    
-1.565434    -1.132188    9.534484     9.925410     -0.049450    -0.035764    0.301180    
0.310251     -0.426694    36.781344    36.837760    0.004315     -0.005934    0.511544    
-1.014799    0.167555     152.329099   152.345289   -0.033252    0.005490     4.991366    
-0.389871    -0.642687    15.993011    16.131225    -0.018067    -0.029783    0.741141    
1.221597     -1.605101    34.380245    34.495577    0.260856     -0.342748    7.341454    
0.002327     -0.719359    17.116674    17.244505    0.000075     -0.023264    0.553550    
1.630189     0.779728     24.631694    24.776215    0.118935     0.056887     1.797081    
-1.702564    0.989640     23.468532    23.633135    -0.053838    0.031294     0.742112    
-0.026387    0.546256     20.745643    20.846001    -0.001166    0.024148     0.917076    
-1.870082    0.740132     41.098894    41.195133    -0.290160    0.114838     6.376858    
-0.356887    -1.200885    30.199280    30.289288    -0.057656    -0.194005    4.878732    
0.535918     -1.212652    23.087419    23.209084    0.061916     -0.140102    2.667365    
0.367652     -0.994603    26.736923    26.830252    0.011416     -0.030883    0.830193    
-0.280687    0.086829     145.981204   145.994771   -0.004074    0.001260     2.118680    
0.892274     -0.377960    21.903528    22.013144    0.045023     -0.019071    1.105221    
-1.230176    -1.500865    13.385251    13.667692    -0.034931    -0.042617    0.380071    
0.816442     1.158888     46.708899    46.771848    0.026194     0.037180     1.498542    
1.607645     -1.236218    29.446853    29.582172    0.038316     -0.029464    0.701825    
0.288858     1.378767     51.015791    51.073186    0.020364     0.097200     3.596483    
-0.117050    0.455650     34.732382    34.791301    -0.002586    0.010068     0.767440    
-0.148022    1.914085     95.879849    95.919268    -0.001127    0.014573     0.730011    
-1.140210    0.454770     7.175090     7.540807     -0.135984    0.054237     0.855719    
-0.558008    0.265875     42.593277    42.643221    -0.099024    0.047182     7.558557    
-0.462077    -0.897252    6.214176     6.596174     -0.027234    -0.052883    0.366253    
0.960999     0.216333     105.640099   105.663029   0.004413     0.000993     0.485074    
1.888885     0.339432     143.072161   143.098572   0.010968     0.001971     0.830745    
-0.095800    -1.045055    25.535386    25.632640    -0.008591    -0.093712    2.289815    
-1.618431    -0.330063    27.684726    27.803728    -0.100344    -0.020464    1.716472    
1.613078     -0.677767    40.100061    40.186456    0.082797     -0.034789    2.058274    
-0.071805    -0.655419    20.456840    20.561907    -0.014032    -0.128081    3.997659    
-0.392287    1.155001     68.747413    68.786406    -0.034285    0.100946     6.008445    
2.429970     -0.561444    147.474826   147.509048   0.018296     -0.004227    1.110361    
-0.697354    1.300670     15.547274    15.740735    -0.054522    0.101692     1.215550    
-0.611826    -0.697283    19.504151    19.625173    -0.058105    -0.066221    1.852313    
0.731365     -1.922063    17.952172    18.176487    0.113612     -0.298578    2.788732    
-1.083336    -1.171815    12.388048    12.644582    -0.126243    -0.136554    1.443604    
-1.474687    0.365389     49.165744    49.228585    -0.055480    0.013746     1.849683    
2.171526     0.604160     8.292571     8.816021     0.268620     0.074735     1.025800    
-0.354941    -1.885424    24.433804    24.587935    -0.076439    -0.406040    5.261994    
-0.600354    1.356208     42.700309    42.771381    -0.014319    0.032347     1.018449    
-2.218451    -0.638343    16.947261    17.216667    -0.004268    -0.001228    0.032604    
0.146077     -1.918474    51.397971    51.471626    0.008242     -0.108247    2.900040    
0.214504     0.668638     7.534670     7.819161     0.012256     0.038203     0.430494    
0.504402     1.071653     16.559600    16.718198    0.007785     0.016539     0.255570    
-0.275475    -0.007141    56.151685    56.186855    -0.071789    -0.001861    14.633204   
0.896757     2.624359     41.451726    41.591008    0.034718     0.101603     1.604818    
0.034446     -1.211848    18.068354    18.215656    0.000428     -0.015069    0.224677    
0.129307     -1.795408    37.698551    37.792802    0.017895     -0.248473    5.217237    
1.075094     0.580824     25.815239    25.919003    0.138555     0.074855     3.327004    
-0.845969    0.774584     71.663147    71.699354    -0.014725    0.013483     1.247396    
0.184313     -1.491146    70.252384    70.296016    0.013282     -0.107457    5.062610    
0.425762     0.330660     17.506231    17.624803    0.056831     0.044137     2.336757    
1.075738     -0.078018    9.169761     9.440485     0.175776     -0.012748    1.498345    
0.038398     0.274072     41.678496    41.725874    0.012864     0.091821     13.963382   
0.179857     1.462573     113.372577   113.399240   0.010634     0.086478     6.703415    
0.207708     0.788689     14.264942    14.423200    0.009269     0.035196     0.636585    
0.661200     -0.458416    24.825723    24.916637    0.016950     -0.011752    0.636422    
-0.588550    -0.995832    128.872612   128.892836   -0.008934    -0.015116    1.956208    
-0.389855    1.810170     47.326270    47.403370    -0.018834    0.087449     2.286335    
0.421020     2.006593     23.692312    23.862193    0.028887     0.137676     1.625569    
0.760506     1.448435     11.530361    11.811033    0.059625     0.113561     0.904007    
-0.822374    0.643668     44.326545    44.382521    -0.104278    0.081618     5.620676    
2.390831     -0.683881    34.964224    35.107773    0.495032     -0.141600    7.239490    
-0.701086    -1.460974    37.601162    37.687509    -0.071377    -0.148741    3.828143    
-0.468051    1.082882     55.415445    55.462945    -0.015068    0.034861     1.783992    
-1.105438    -0.839611    92.354719    92.386125    -0.036100    -0.027419    3.016022    
0.574320     -0.001979    14.038675    14.187642    0.032302     -0.000111    0.789589    
1.878461     0.003155     19.473045    19.662224    0.092489     0.000155     0.958783    
0.600692     -1.816784    28.292973    28.425847    0.015224     -0.046044    0.717048    
-0.238312    2.093463     44.079279    44.173489    -0.018427    0.161873     3.408350    
0.678327     -1.090824    67.136654    67.177788    0.153680     -0.247134    15.210268   
2.072464     -0.617924    86.593036    86.642402    0.134930     -0.040231    5.637728    
0.728298     -0.023945    37.635280    37.693770    0.024777     -0.000815    1.280365    
0.078920     0.371208     26.956211    27.030654    0.004484     0.021090     1.531504    
2.116137     0.133831     53.625705    53.703698    0.215343     0.013619     5.457068    
0.759236     -0.293639    36.741430    36.803129    0.107726     -0.041664    5.213129    
