-2.030303    -0.671328    100.062285   100.104488   -0.081931    -0.027091    4.037935    
-1.986463    0.713495     73.625195    73.681744    -0.006490    0.002331     0.240548    
0.485927     0.048474     16.303343    16.429011    0.034597     0.003451     1.160758    
-0.082462    -1.010143    18.548464    18.680141    -0.006309    -0.077289    1.419206    
0.945608     -0.258278    62.992701    63.031073    0.011413     -0.003117    0.760264    
-1.403158    0.646355     107.670191   107.699265   -0.039712    0.018293     3.047238    
0.071721     -1.171217    10.316285    10.567761    0.003354     -0.054767    0.482397    
-0.668094    -0.198790    42.925213    42.975979    -0.026428    -0.007864    1.697991    
-1.285773    -1.402212    103.121029   103.157360   -0.093384    -0.101841    7.489537    
1.510525     0.384673     15.699342    15.898867    0.006894     0.001756     0.071652    
-0.189782    0.995539     8.281381     8.572243     -0.013050    0.068458     0.569469    
-0.415037    -1.608561    70.696574    70.743482    -0.027750    -0.107549    4.726815    
-0.197354    1.212159     44.824967    44.884974    -0.032908    0.202126     7.474512    
-0.482388    0.466521     15.786560    15.922964    -0.055794    0.053958     1.825896    
-0.780840    -0.178829    47.644302    47.691678    -0.008583    -0.001966    0.523678    
0.550052     -0.886576    22.452509    22.562772    0.053438     -0.086132    2.181288    
-0.346308    -0.080566    7.591571     7.850689     -0.001285    -0.000299    0.028179    
-0.532007    -0.026905    15.495854    15.629465    -0.013343    -0.000675    0.388634    
-1.349574    1.106459     10.248376    10.580631    -0.033411    0.027392     0.253716    
1.722554     0.317531     53.313509    53.378584    0.098518     0.018161     3.049170    
0.091688     -0.381192    46.997717    47.040558    0.062124     -0.258281    31.843857   
-0.099005    0.520568     13.364684    13.519265    -0.009791    0.051482     1.321708    
-0.434852    -0.037047    56.420631    56.456647    -0.004097    -0.000349    0.531615    
1.870643     1.400112     31.120452    31.270068    0.140075     0.104841     2.330315    
0.006309     0.390356     39.012612    39.064194    0.000028     0.001748     0.174669    
1.137375     0.226735     13.176887    13.373494    0.089346     0.017811     1.035108    
0.772684     -0.865778    50.724613    50.776057    0.030123     -0.033752    1.977464    
-0.535192    -0.148106    152.705097   152.718793   -0.037963    -0.010506    10.831821   
0.608835     1.028164     30.096049    30.184018    0.001597     0.002698     0.078962    
-1.052464    -0.131145    60.025092    60.066725    -0.067516    -0.008413    3.850612    
-0.350861    0.062891     33.442332    33.502113    -0.045784    0.008207     4.363909    
-0.412234    0.399479     24.998076    25.082031    -0.014580    0.014129     0.884151    
-0.216320    -0.555630    37.263754    37.320475    -0.011753    -0.030190    2.024688    
-0.823871    0.784410     62.042876    62.084519    -0.009681    0.009217     0.729025    
-0.176435    0.229810     90.167141    90.189091    -0.004052    0.005278     2.071016    
0.252825     -0.336949    77.670656    77.696739    0.020854     -0.027793    6.406525    
0.475062     -1.614064    63.662108    63.714754    0.091065     -0.309402    12.203484   
0.219536     0.762289     116.165446   116.184832   0.012462     0.043270     6.593944    
1.321302     -0.184224    61.845879    61.891579    0.034585     -0.004822    1.618801    
-1.129007    0.375901     21.986221    22.106217    -0.191320    0.063700     3.725754    
-0.875538    -0.003339    10.087119    10.314625    -0.033395    -0.000127    0.384750    
-1.020997    0.241804     34.136620    34.209424    -0.131571    0.031160     4.399025    
0.323231     -0.514101    49.032877    49.076132    0.021525     -0.034236    3.265334    
-0.022675    -0.983973    14.098898    14.269639    -0.000704    -0.030553    0.437776    
-0.532960    -0.389842    21.473259    21.573405    -0.015728    -0.011504    0.633685    
-0.063200    1.003750     15.861051    16.014350    -0.002698    0.042850     0.677113    
-0.536776    -0.475696    73.695239    73.725013    -0.029341    -0.026002    4.028243    
1.112736     -0.146219    18.268812    18.408802    0.056969     -0.007486    0.935312    
0.137356     1.694852     29.151489    29.267314    0.008344     0.102959     1.770899    
-0.665511    -0.410563    23.938529    24.032054    -0.000268    -0.000166    0.009654    
0.232975     -1.817353    77.145541    77.192399    0.002228     -0.017380    0.737763    
0.870885     -0.880170    67.051935    67.092250    0.026966     -0.027253    2.076172    
0.566166     0.331279     61.988056    62.022772    0.015863     0.009282     1.736815    
-0.899102    1.518628     23.551569    23.699493    -0.102816    0.173661     2.693214    
-0.247977    0.361940     8.043426     8.292415     -0.017157    0.025042     0.556506    
-0.047574    1.177597     33.160772    33.240048    -0.003682    0.091136     2.566358    
0.721618     1.292320     39.611363    39.687856    0.009440     0.016905     0.518168    
0.096011     -1.177316    12.310419    12.522646    0.006046     -0.074135    0.775185    
-0.253646    -0.087091    45.612168    45.655413    -0.004309    -0.001480    0.774905    
-0.996395    -1.146529    12.127097    12.379368    -0.031804    -0.036596    0.387086    
0.222238     0.085711     15.830550    15.954247    0.030576     0.011792     2.178000    
0.505117     1.211437     34.877797    34.957951    0.104797     0.251338     7.236141    
-0.407173    0.103764     50.135351    50.175740    -0.070834    0.018051     8.721783    
2.343724     0.804778     15.361339    15.683954    0.358803     0.123204     2.351679    
-0.566666    1.774968     47.345712    47.423233    -0.026469    0.082910     2.211551    
-0.162451    0.423609     6.814951     7.108048     -0.012265    0.031982     0.514520    
0.473508     -0.692038    9.860595     10.090065    0.013455     -0.019665    0.280196    
-0.265354    -0.977990    33.593484    33.666363    -0.006105    -0.022499    0.772844    
0.561175     -0.372613    22.273421    22.370382    0.164644     -0.109322    6.534830    
0.300596     -0.240295    36.651065    36.705907    0.006316     -0.005049    0.770055    
0.568277     -0.823981    28.690137    28.775003    0.109159     -0.158277    5.511025    
0.122694     0.749025     51.018343    51.061946    0.008640     0.052744     3.592543    
1.021840     0.362625     22.425216    22.537545    0.071401     0.025338     1.566968    
0.058214     -1.886370    19.835385    20.021969    0.001430     -0.046345    0.487327    
-0.784357    1.458532     57.706729    57.764037    -0.032662    0.060737     2.403039    
-0.571101    -0.242590    43.460223    43.509205    -0.046325    -0.019678    3.525264    
0.367414     -0.162428    31.576759    31.640608    0.011066     -0.004892    0.951078    
0.328784     -1.239869    26.274858    26.379699    0.001606     -0.006057    0.128354    
2.554237     1.422207     53.061398    53.178320    0.042301     0.023553     0.878752    
-0.396205    1.663670     35.810127    35.904943    -0.070454    0.295838     6.367848    
-0.687520    1.103315     34.386092    34.466915    -0.004145    0.006652     0.207311    
0.367769     -0.115303    44.460840    44.506065    0.111682     -0.035015    13.501653   
-0.129563    0.774494     13.265410    13.433640    -0.000857    0.005120     0.087694    
-0.468964    -0.254093    28.819656    28.891729    -0.053732    -0.029113    3.302060    
1.734091     0.301229     29.087018    29.206632    0.039703     0.006897     0.665967    
0.574759     0.368976     15.090792    15.233957    0.010810     0.006940     0.283832    
1.240564     0.343929     29.073551    29.168538    0.075835     0.021024     1.777258    
0.163034     -1.059716    13.811994    13.992702    0.068337     -0.444188    5.789399    
0.562221     0.152213     20.333096    20.436462    0.047917     0.012973     1.732955    
2.942484     -2.271518    38.992533    39.218753    0.254283     -0.196300    3.369653    
1.248694     -0.060556    51.909651    51.962003    0.383187     -0.018583    15.929526   
-0.535423    0.217052     25.638650    25.720597    -0.003533    0.001432     0.169192    
-1.518278    -1.895463    50.586073    50.682577    -0.007168    -0.008949    0.238835    
-0.631761    -0.174177    34.082125    34.145214    -0.019122    -0.005272    1.031574    
0.477992     -1.426218    29.442392    29.546437    0.024238     -0.072321    1.492962    
0.403651     -1.020822    22.600666    22.712773    0.008039     -0.020331    0.450115    
0.117583     0.463758     11.317013    11.496897    0.004978     0.019632     0.479088    
0.762209     -0.922598    32.353364    32.435278    0.020579     -0.024910    0.873530    
0.517283     0.074545     12.195261    12.364161    0.001197     0.000173     0.028222    
1.379542     -0.973885    34.798563    34.895079    0.039333     -0.027767    0.992153    
-0.160497    -1.065729    104.995833   105.019815   -0.005425    -0.036025    3.549175    
-0.258437    -1.091020    59.490010    59.533128    -0.035989    -0.151933    8.284467    
1.728656     -1.035008    63.859471    63.921565    0.007226     -0.004327    0.266944    
0.103888     -0.537560    71.569154    71.598313    0.022671     -0.117310    15.618363   
-1.240702    -0.530969    14.457838    14.653509    -0.121957    -0.052193    1.421161    
0.373381     0.071756     29.536682    29.604646    0.013680     0.002629     1.082134    
-0.379175    0.789328     90.753656    90.779226    -0.083951    0.174762     20.093368   
-0.601419    0.894099     9.222567     9.491671     -0.048421    0.071985     0.742518    
1.037882     -0.316538    12.835214    13.030544    0.112310     -0.034253    1.388904    
0.871230     -0.212405    9.221491     9.471801     0.068931     -0.016805    0.729601    
-0.749161    -1.348872    91.837134    91.871186    -0.063954    -0.115149    7.839848    
-0.311400    -0.017360    49.216649    49.256987    -0.011748    -0.000655    1.856753    
1.168389     -0.465663    32.343256    32.427506    0.128954     -0.051395    3.569682    
0.784479     1.476780     8.607922     8.987077     0.030381     0.057193     0.333368    
1.064410     1.223611     89.633440    89.669720    0.121311     0.139455     10.215498   
1.165741     -0.040080    49.027418    49.080783    0.163649     -0.005627    6.882545    
-0.551618    0.477014     77.818118    77.846428    -0.006074    0.005252     0.856864    
0.249159     -1.267528    23.949671    24.065128    0.066196     -0.336753    6.362872    
-0.225398    0.152739     42.248962    42.295672    -0.016563    0.011224     3.104513    
1.492282     -0.391022    86.901477    86.937458    0.006644     -0.001741    0.386895    
0.753619     0.608961     15.734033    15.886268    0.135659     0.109619     2.832286    
-2.353434    0.386303     14.027237    14.364060    -0.029102    0.004777     0.173459    
0.806058     -0.953824    29.887321    29.978099    0.039471     -0.046707    1.463531    
0.351568     0.620656     6.507521     6.836052     0.008532     0.015063     0.157931    
-0.440211    0.598276     14.832444    14.980923    -0.015804    0.021479     0.532499    
0.393383     0.135050     25.376541    25.456174    0.016224     0.005570     1.046584    
-1.174034    0.236268     19.814185    19.947708    -0.415106    0.083538     7.005755    
1.307766     0.064087     45.446533    45.507984    0.037880     0.001856     1.316391    
-1.634065    -1.112970    23.665343    23.829231    -0.071938    -0.048997    1.041835    
1.692815     1.448948     45.626135    45.722907    0.000573     0.000490     0.015444    
0.135509     0.591667     23.713548    23.802852    0.000678     0.002958     0.118566    
0.443914     1.549196     86.901018    86.938248    0.030788     0.107445     6.027039    
0.923798     -0.429007    110.637522   110.659720   0.000395     -0.000184    0.047354    
-0.371258    -1.371658    41.427927    41.499004    -0.048513    -0.179237    5.413468    
0.963116     -0.772416    61.470916    61.514816    0.013571     -0.010884    0.866180    
-0.197537    1.438610     16.109332    16.293991    -0.018554    0.135120     1.513058    
-0.661091    0.179439     21.874110    21.973185    -0.088331    0.023976     2.922698    
-1.640384    -1.420703    95.723396    95.768224    -0.002805    -0.002429    0.163668    
1.014207     -0.381929    54.181127    54.227704    0.282429     -0.106357    15.087954   
-0.212396    -0.580652    17.751731    17.871239    -0.001636    -0.004474    0.136770    
-0.321468    -0.233080    89.839038    89.861479    -0.021353    -0.015482    5.967343    
-0.356703    -2.350441    53.968338    54.056528    -0.008409    -0.055409    1.272232    
-0.260556    0.559319     45.715126    45.761648    -0.014720    0.031598     2.582585    
0.608977     0.772213     109.664489   109.686564   0.062865     0.079715     11.320646   
-0.077852    0.157624     6.590049     6.880015     -0.005829    0.011803     0.493448    
0.449370     0.496713     89.468211    89.492371    0.004420     0.004885     0.879976    
-2.062636    0.714987     26.774198    26.935076    -0.024385    0.008453     0.316527    
-1.262641    1.781429     71.540605    71.600984    -0.088512    0.124880     5.015060    
1.852342     -0.502576    25.050302    25.200721    0.013427     -0.003643    0.181583    
0.700659     1.029319     12.564880    12.778950    0.003042     0.004468     0.054543    
-0.204007    -0.884535    30.426902    30.504022    -0.006879    -0.029825    1.025939    
-1.903735    -2.151462    48.961364    49.085060    -0.019467    -0.022001    0.500673    
0.969285     0.432523     57.077107    57.120905    0.001552     0.000693     0.091409    
-0.618161    -1.102963    55.210890    55.260437    -0.012699    -0.022658    1.134188    
0.614146     -0.344961    23.338173    23.431634    0.002561     -0.001439    0.097337    
-0.902064    -2.727679    30.103274    30.304059    -0.003989    -0.012062    0.133121    
0.351722     -1.378488    132.871797   132.893993   0.010741     -0.042097    4.057672    
-0.879475    0.006623     9.668126     9.905611     -0.027626    0.000208     0.303689    
-0.003409    0.939462     16.143016    16.289706    -0.000370    0.101925     1.751397    
2.048049     0.772007     11.654588    12.020602    0.500307     0.188590     2.847039    
1.218508     -0.758288    47.384415    47.446996    0.110475     -0.068749    4.296055    
0.762545     -0.284073    87.269157    87.295149    0.025099     -0.009350    2.872485    
-0.940903    -0.407515    37.499147    37.564776    -0.055868    -0.024197    2.226602    
0.928139     -0.308122    35.981468    36.048542    0.009711     -0.003224    0.376472    
0.007795     -0.821554    143.818528   143.834346   0.000324     -0.034159    5.979802    
-0.825846    2.131717     167.575574   167.602728   -0.038745    0.100011     7.861955    
-0.735475    1.769244     74.292748    74.343517    -0.062445    0.150216     6.307748    
-1.918130    -0.766499    67.895077    67.955009    -0.028963    -0.011574    1.025184    
-1.827648    -0.814686    46.140385    46.225687    -0.184768    -0.082362    4.664619    
-0.224135    1.861991     30.651847    30.772194    -0.013283    0.110351     1.816579    
0.504659     -0.313354    24.588812    24.674632    0.031809     -0.019751    1.549845    
-0.210528    0.415286     14.304195    14.446512    -0.021553    0.042516     1.464437    
-0.610715    0.795311     13.121958    13.306623    -0.009124    0.011882     0.196046    
-0.756128    -1.330438    25.495633    25.617261    -0.041520    -0.073056    1.400006    
1.124937     -0.784205    14.960396    15.151530    0.023607     -0.016457    0.313945    
0.319432     0.805311     54.105286    54.148014    0.002210     0.005572     0.374352    
0.478885     -0.440108    14.441147    14.589198    0.201077     -0.184795    6.063634    
0.526590     -0.357105    22.089328    22.185991    0.052907     -0.035879    2.219355    
-0.614131    -1.390811    25.452729    25.573969    -0.085911    -0.194561    3.560587    
0.907020     -0.034056    42.810718    42.865562    0.015990     -0.000600    0.754704    
0.295967     -0.132448    7.515295     7.775587     0.018821     -0.008423    0.477914    
-0.614746    -1.171237    32.771728    32.857431    -0.106376    -0.202672    5.670862    
0.375337     -0.251965    115.661063   115.678696   0.035790     -0.024026    11.028888   
-0.334800    1.321390     18.450054    18.604774    -0.088351    0.348706     4.868845    
0.547353     1.924713     64.769202    64.829998    0.066730     0.234649     7.896262    
-0.302795    1.575941     60.922479    60.975394    -0.042001    0.218601     8.450643    
0.077205     0.152151     27.924366    27.994183    0.018351     0.036165     6.637433    
0.474538     0.479271     24.796749    24.883902    0.002540     0.002565     0.132701    
1.191423     0.447709     11.650293    11.883779    0.009880     0.003713     0.096608    
-0.741354    1.148431     62.185400    62.231563    -0.064819    0.100411     5.437081    
0.633309     2.479484     128.658490   128.698993   0.131658     0.515456     26.746628   
1.060293     0.142453     23.587291    23.693454    0.004749     0.000638     0.105650    
-0.496080    1.017184     104.970398   104.994953   -0.004829    0.009901     1.021727    
-0.242073    1.895914     41.648698    41.738976    -0.005677    0.044465     0.976787    
-0.793462    1.280344     43.769916    43.840043    -0.042402    0.068420     2.339009    
-0.462386    1.273456     74.417430    74.455787    -0.019108    0.052625     3.075262    
-1.339258    -0.148242    87.629461    87.661925    -0.067850    -0.007510    4.439512    
-0.530969    -0.646450    15.297040    15.445848    -0.004548    -0.005537    0.131016    
1.973658     -1.085735    59.601007    59.676035    0.373668     -0.205560    11.284112   
0.877253     -1.184732    107.622296   107.650391   0.062913     -0.084964    7.718216    
-0.689585    -1.139429    16.305365    16.477673    -0.008376    -0.013840    0.198051    
0.501509     -1.043210    38.579020    38.646546    0.000503     -0.001046    0.038669    
-0.009050    -1.215162    47.443980    47.500347    -0.000129    -0.017384    0.678734    
0.060904     1.061206     75.875436    75.908410    0.001905     0.033197     2.373570    
-1.051723    0.259509     16.205459    16.360481    -0.133221    0.032872     2.052737    
-1.434185    0.459215     82.715676    82.752799    -0.051465    0.016479     2.968186    
-0.653014    0.556407     13.068045    13.243291    -0.026519    0.022595     0.530687    
-0.468772    1.019511     32.135950    32.215732    -0.010739    0.023356     0.736202    
2.174192     -0.477620    35.859685    35.982596    0.068347     -0.015014    1.127269    
-0.315416    -0.277744    71.694494    71.722745    -0.046543    -0.040984    10.579169   
-0.762023    0.166515     27.894921    27.975167    -0.076201    0.016651     2.789451    
0.336557     0.466455     116.130830   116.148937   0.010531     0.014596     3.633924    
-0.300236    -0.562216    11.493163    11.677927    -0.005571    -0.010432    0.213253    
-0.075714    -0.143052    5.845844     6.170497     -0.003750    -0.007085    0.289537    
0.068745     0.378173     98.134820    98.155314    0.002161     0.011885     3.084233    
-0.112384    -0.846176    84.727335    84.754497    -0.001940    -0.014609    1.462840    
-0.443319    -0.688250    34.783374    34.848648    -0.068894    -0.106957    5.405507    
0.343830     -0.002240    6.744314     7.034127     0.023050     -0.000150    0.452127    
0.734576     0.978449     38.857952    38.927014    0.038773     0.051645     2.051006    
-0.534275    0.651124     25.102441    25.193588    -0.058162    0.070883     2.732705    
-0.303128    1.694907     35.966617    36.061574    -0.005555    0.031059     0.659080    
-1.143970    0.494065     14.747379    14.930268    -0.028163    0.012163     0.363064    
-0.432956    0.683785     89.217875    89.243259    -0.028847    0.045558     5.944313    
-0.119297    1.181409     42.990477    43.051899    -0.005952    0.058940     2.144781    
-0.124291    0.787368     43.404661    43.456587    -0.011112    0.070390     3.880331    
0.220794     -1.909142    75.476706    75.526827    0.026726     -0.231090    9.135978    
0.955306     1.594390     40.537558    40.627863    0.166693     0.278208     7.073465    
1.285413     -0.186608    81.032254    81.066567    0.023644     -0.003432    1.490505    
-0.930669    0.235449     65.371867    65.408543    -0.189768    0.048009     13.329618   
-0.143431    -0.031337    129.354798   129.369858   -0.006382    -0.001394    5.755289    
1.859070     1.103114     87.325291    87.374221    0.232515     0.137967     10.921832   
0.096272     -0.083226    14.189992    14.326445    0.009733     -0.008414    1.434570    
-1.915194    0.714775     47.027894    47.113444    -0.234123    0.087378     5.748937    
-0.372718    0.866739     8.920824     9.184019     -0.042572    0.098999     1.018933    
-0.273387    0.755207     17.422152    17.551394    -0.023408    0.064661     1.491694    
-1.980304    -3.200183    99.176313    99.267209    -0.169356    -0.273681    8.481591    
0.417327     -0.070947    31.846311    31.909899    0.009804     -0.001667    0.748135    
-0.234635    -1.866482    81.187036    81.232682    -0.052953    -0.421230    18.322395   
-0.645028    1.194021     38.682786    38.756608    -0.049958    0.092477     2.995994    
-0.224373    -0.787251    23.373746    23.470771    -0.025220    -0.088489    2.627259    
-0.051396    -2.144405    43.799978    43.896630    -0.002386    -0.099567    2.033687    
-0.189832    -1.182709    16.442387    16.603068    -0.005625    -0.035046    0.487220    
-1.387157    1.038706     25.043220    25.180170    -0.169579    0.126981     3.061521    
1.888882     -1.262561    53.184803    53.269693    0.105141     -0.070278    2.960428    
-0.501982    1.102739     26.814774    26.914217    -0.023159    0.050875     1.237101    
-0.859524    -0.026404    17.713217    17.842995    -0.017998    -0.000553    0.370913    
-0.912079    -1.113745    76.632283    76.671077    -0.172288    -0.210381    14.475497   
2.094143     0.615389     32.891501    33.022567    0.220596     0.064825     3.464781    
0.963704     -0.306762    41.774362    41.832943    0.006302     -0.002006    0.273190    
0.664517     -1.183469    44.849405    44.913097    0.013241     -0.023582    0.893686    
-0.281994    1.017230     9.137132     9.406190     -0.028193    0.101698     0.913492    
1.685238     0.308921     52.272069    52.337172    0.054695     0.010026     1.696524    
1.005091     -0.429522    16.916435    17.065621    0.044075     -0.018836    0.741823    
1.451883     0.560111     37.017650    37.102602    0.028399     0.010956     0.724077    
-1.784278    -0.050788    27.413274    27.541764    -0.489170    -0.013924    7.515511    
1.137640     0.637972     31.841777    31.929218    0.013230     0.007419     0.370306    
0.281308     0.138896     11.220530    11.396213    0.036829     0.018184     1.468988    
-1.539268    0.590360     68.376446    68.424639    -0.028180    0.010808     1.251777    
2.790435     0.370644     106.151533   106.207094   0.188741     0.025070     7.179932    
-1.023166    0.241606     50.992267    51.041077    -0.153906    0.036343     7.670312    
-0.308411    1.656833     39.487380    39.572318    -0.042172    0.226552     5.399434    
0.751890     0.987954     15.136787    15.314656    0.013723     0.018031     0.276261    
0.426112     -1.682414    147.330549   147.353919   0.012241     -0.048329    4.232231    
-0.792326    0.081800     57.292668    57.332009    -0.034436    0.003555     2.490053    
0.161316     -0.143629    28.956819    29.024455    0.001217     -0.001084    0.218457    
1.025670     1.040533     69.529039    69.572242    0.022089     0.022409     1.497361    
-1.537094    -0.516623    50.140294    50.205115    -0.140416    -0.047194    4.580402    
1.133082     -0.397393    23.403627    23.516941    0.043639     -0.015305    0.901348    
-0.568174    -1.211927    21.901015    22.030003    -0.038026    -0.081110    1.465760    
0.765186     -0.619543    49.332976    49.382049    0.084770     -0.068635    5.465253    
-0.091314    1.321143     81.352283    81.386870    -0.000102    0.001473     0.090731    
-1.155938    -0.914881    63.748948    63.796368    -0.002795    -0.002212    0.154132    
-0.227303    -1.015676    16.866536    17.012885    -0.093615    -0.418307    6.946503    
1.339502     -0.956939    29.877730    29.987726    0.051136     -0.036532    1.140603    
-1.129891    1.012803     60.804066    60.854842    -0.143790    0.128890     7.737945    
1.087761     0.420270     20.589645    20.716378    0.013429     0.005189     0.254193    
1.208092     -0.252131    36.021196    36.096046    0.066669     -0.013914    1.987853    
1.454824     -2.140588    24.540612    24.755105    0.149695     -0.220256    2.525114    
1.707210     0.174413     37.664603    37.755029    0.000188     0.000019     0.004153    
-0.575243    -2.520005    20.506068    20.761867    -0.017663    -0.077378    0.629650    
0.810734     0.416716     52.498546    52.543347    0.017202     0.008842     1.113932    
-2.876278    -0.891582    36.136017    36.314661    -0.000920    -0.000285    0.011564    
-1.782643    1.275191     41.420063    41.524698    -0.180455    0.129086     4.192915    
-1.075381    0.155501     20.221606    20.346227    -0.082676    0.011955     1.554658    
1.516668     -1.683654    70.478714    70.542605    0.142426     -0.158107    6.618461    
-0.105995    0.888248     33.683224    33.752551    -0.003283    0.027510     1.043213    
0.420323     0.435429     32.952207    33.016498    0.004490     0.004651     0.352003    
-1.298700    0.743431     30.585358    30.685149    -0.085938    0.049195     2.023910    
1.030646     -1.685443    11.704859    12.032524    0.002627     -0.004296    0.029837    
0.290562     -0.354228    17.865148    17.979110    0.007791     -0.009498    0.479037    
0.029259     -0.133628    40.345659    40.393884    0.001894     -0.008650    2.611672    
0.755215     -1.412768    25.125755    25.253609    0.019864     -0.037159    0.660861    
-0.900627    0.762940     6.665042     7.049180     -0.087901    0.074463     0.650505    
0.084811     -1.344477    73.515741    73.554428    0.008658     -0.137257    7.505177    
-0.543299    1.715128     75.880442    75.927289    -0.001571    0.004961     0.219472    
-0.629392    1.650934     21.381550    21.544543    -0.103443    0.271338     3.514142    
1.463203     0.861955     37.247647    37.338265    0.033645     0.019820     0.856485    
0.459671     -1.136144    37.200502    37.272704    0.036629     -0.090534    2.964331    
-0.208909    1.210095     23.076702    23.193040    -0.021353    0.123688     2.358757    
-1.942681    -2.021300    49.498188    49.616582    -0.037832    -0.039363    0.963922    
0.309652     -0.084110    19.997382    20.096597    0.006108     -0.001659    0.394443    
-0.717844    1.085620     58.489544    58.537130    -0.022314    0.033747     1.818153    
-0.469972    -0.476487    46.316740    46.363383    -0.005153    -0.005225    0.507882    
-0.215124    0.525151     12.285695    12.455333    -0.019462    0.047511     1.111493    
-0.400462    1.468622     30.745941    30.846476    -0.016931    0.062091     1.299893    
-1.153298    1.924031     28.580139    28.735541    -0.008852    0.014768     0.219364    
-0.247415    0.712051     12.467141    12.644081    -0.012060    0.034709     0.607703    
1.941898     1.228875     51.159743    51.249150    0.090855     0.057495     2.393606    
0.367774     -0.997344    12.145049    12.349378    0.016319     -0.044254    0.538898    
1.296341     -0.241823    30.510048    30.601911    0.561766     -0.104793    13.221451   
-0.827456    0.870889     18.992991    19.132480    -0.680702    0.716431     15.624469   
1.522304     -0.984157    19.419679    19.603185    0.239826     -0.155045    3.059404    
0.651137     1.145850     25.134104    25.245496    0.015784     0.027777     0.609285    
-0.791989    0.479708     33.130315    33.201658    -0.066318    0.040169     2.774213    
-0.811190    -0.100060    10.819955    11.027893    -0.069198    -0.008536    0.922987    
0.840495     -0.374900    20.070461    20.187752    0.485875     -0.216723    11.602367   
-0.540494    -0.198759    62.333792    62.367525    -0.095156    -0.034992    10.974066   
0.697313     1.959676     116.272176   116.307439   0.045681     0.128377     7.616926    
-0.038796    0.727177     6.331756     6.670561     -0.002587    0.048494     0.422255    
0.324480     -1.258808    27.151234    27.253520    0.018743     -0.072712    1.568318    
-1.216421    0.280345     60.407350    60.452305    -0.007285    0.001679     0.361791    
1.150040     0.034092     75.751254    75.785561    0.018151     0.000538     1.195554    
1.580749     1.740948     70.255649    70.322548    0.035530     0.039130     1.579101    
-1.425586    -0.081922    28.617117    28.720260    -0.012594    -0.000724    0.252804    
0.186872     0.537236     11.249858    11.434937    0.001333     0.003833     0.080255    
0.778198     0.874764     18.722668    18.862239    0.175614     0.197406     4.225098    
-1.195167    -1.201109    41.992443    42.072690    -0.000266    -0.000268    0.009360    
1.244632     0.570411     31.075304    31.167675    0.003020     0.001384     0.075413    
1.707613     -0.422599    40.317299    40.403640    0.241049     -0.059655    5.691250    
0.728324     -0.555837    28.811118    28.892818    0.041205     -0.031447    1.630010    
0.593775     -0.021946    7.698262     7.968139     0.149856     -0.005539    1.942872    
-1.281436    1.614620     12.646713    12.963926    -0.000032    0.000040     0.000312    
0.674585     1.027992     55.233168    55.281910    0.008141     0.012406     0.666538    
0.290258     -0.193693    12.268378    12.430198    0.005546     -0.003701    0.234427    
0.428190     -0.247541    26.629555    26.706792    0.005649     -0.003266    0.351309    
-0.972770    -0.367511    51.976056    52.023712    -0.022084    -0.008343    1.179969    
0.487359     0.509236     26.479235    26.561658    0.006103     0.006377     0.331580    
-0.227507    0.983568     15.517776    15.674677    -0.031728    0.137169     2.164114    
0.251308     0.157500     10.748647    10.931437    0.016316     0.010226     0.697861    
0.358313     -0.803605    53.108603    53.152355    0.003427     -0.007685    0.507879    
-1.795368    0.426599     57.325011    57.388476    -0.113196    0.026897     3.614280    
-1.863218    -1.493357    45.826092    45.930463    -0.267829    -0.214663    6.587285    
-0.249604    -1.693169    53.112548    53.176563    -0.030795    -0.208897    6.552838    
0.132467     0.150638     72.085878    72.113029    0.007011     0.007973     3.815506    
-0.254973    -0.270079    55.627031    55.663089    -0.005806    -0.006150    1.266696    
0.121908     -1.041907    10.203959    10.444911    0.034950     -0.298705    2.925382    
-0.714974    1.695054     46.475688    46.553721    -0.263722    0.625230     17.142809   
-1.575393    -1.143618    26.038026    26.184795    -0.446681    -0.324257    7.382727    
-1.118160    -0.546969    19.847472    19.983657    -0.030171    -0.014759    0.535537    
1.308693     -2.229362    124.317663   124.360118   0.138185     -0.235399    13.126744   
3.190794     1.298807     20.988045    21.359800    0.091358     0.037187     0.600925    
0.610305     -1.058419    42.530144    42.593202    0.010656     -0.018480    0.742592    
-0.646255    -0.751566    50.808118    50.855898    -0.007479    -0.008698    0.587985    
0.549425     -0.793193    14.905446    15.065799    0.002923     -0.004220    0.079300    
-0.488148    1.449186     22.231385    22.370692    -0.015463    0.045907     0.704240    
-0.468537    2.382423     20.422878    20.660696    -0.020364    0.103548     0.887650    
-1.147649    -0.050861    11.537896    11.760854    -0.134772    -0.005973    1.354927    
-0.740668    -0.365505    61.989420    62.026167    -0.017210    -0.008493    1.440376    
-0.390515    -2.285786    28.154253    28.318090    -0.008581    -0.050229    0.618676    
1.279231     -0.485865    31.337129    31.428698    0.066748     -0.025351    1.635103    
0.740242     -0.807852    49.534715    49.585921    0.007838     -0.008554    0.524505    
0.249048     -0.293380    6.450903     6.755531     0.024662     -0.029052    0.638794    
1.395291     1.038991     29.606331    29.722653    0.037503     0.027926     0.795763    
-0.612817    -0.331185    36.709173    36.768513    -0.191288    -0.103378    11.458604   
1.259738     -1.114163    30.807725    30.916326    0.012619     -0.011161    0.308606    
0.195228     -0.860831    74.005979    74.037416    0.022147     -0.097652    8.395216    
-0.788908    -0.022154    12.490496    12.669266    -0.049038    -0.001377    0.776404    
0.697558     -0.422574    84.564698    84.591538    0.007369     -0.004464    0.893365    
-1.164562    0.459692     22.617578    22.737575    -0.129957    0.051298     2.523967    
0.205961     -0.553398    45.862169    45.908193    0.007682     -0.020641    1.710581    
-0.964851    0.889706     50.861956    50.916953    -0.137220    0.126533     7.233515    
-0.887616    0.098252     15.590888    15.740021    -0.177568    0.019655     3.118962    
1.247953     -1.020711    38.632725    38.716426    0.103292     -0.084483    3.197599    
1.152788     -1.371693    34.866811    34.968270    0.065012     -0.077357    1.966323    
0.680819     -0.324582    20.358030    20.466881    0.172548     -0.082262    5.159568    
-0.030315    -0.227860    179.740142   179.751068   -0.002901    -0.021804    17.199572   
1.027978     -1.492822    15.361108    15.592429    0.062895     -0.091336    0.939846    
-1.307212    3.422710     50.221041    50.392972    -0.030459    0.079751     1.170171    
0.743867     -0.079976    7.856295     8.133638     0.058306     -0.006269    0.615795    
-0.410182    1.939093     78.668880    78.718460    -0.022994    0.108702     4.410034    
0.157764     -1.825590    119.147283   119.177630   0.012812     -0.148259    9.676134    
-1.215455    0.501028     32.027752    32.115109    -0.027778    0.011450     0.731961    
0.472220     -0.068086    56.549160    56.585423    0.001898     -0.000274    0.227279    
1.774017     -0.317633    32.077063    32.187900    0.157267     -0.028158    2.843630    
-1.262558    0.513812     21.814016    21.945029    -0.082935    0.033751     1.432918    
-0.146338    -0.399703    9.002663     9.225186     -0.000242    -0.000662    0.014909    
-2.406187    -0.233886    29.566858    29.730766    -0.134757    -0.013099    1.655875    
-0.290373    -0.394273    74.644502    74.672059    -0.037862    -0.051410    9.732964    
-1.382631    1.524749     13.564369    13.860144    -0.274074    0.302245     2.688814    
0.590427     -1.174558    18.774878    18.923509    0.013673     -0.027200    0.434780    
0.316530     -0.477595    11.970219    12.144520    0.036340     -0.054832    1.374272    
0.303886     -0.320520    11.980138    12.148816    0.004635     -0.004888    0.182715    
-0.596508    -0.651228    73.353457    73.385180    -0.088150    -0.096236    10.839914   
1.712620     -1.264700    38.010962    38.121394    0.046493     -0.034333    1.031894    
-1.770402    0.302599     16.374481    16.589890    -0.049894    0.008528     0.461474    
-0.910859    1.156993     67.829899    67.874431    -0.008102    0.010292     0.603363    
-0.212644    -0.762344    17.107280    17.238340    -0.006258    -0.022436    0.503473    
1.903824     -0.985508    26.929999    27.086815    0.111643     -0.057792    1.579219    
0.249424     -0.025741    41.817936    41.864993    0.023729     -0.002449    3.978397    
1.098058     -0.083351    10.768811    11.002497    0.329615     -0.025020    3.232580    
0.552074     -0.917428    16.877269    17.025382    0.001464     -0.002433    0.044750    
-0.602929    0.220465     25.045673    25.131112    -0.072610    0.026550     3.016223    
0.672959     -0.116261    80.766611    80.793483    0.001763     -0.000305    0.211643    
0.156293     0.427824     19.141895    19.248235    0.028812     0.078867     3.528725    
-0.288087    -1.019034    80.339325    80.370414    -0.036149    -0.127868    10.080979   
-0.460245    0.331021     15.622553    15.756285    -0.003748    0.002695     0.127206    
-0.766052    -0.063299    13.487106    13.651660    -0.000997    -0.000082    0.017548    
-0.683308    0.688580     11.286888    11.498254    -0.039158    0.039460     0.646818    
0.760622     -0.473529    33.154860    33.225329    0.038627     -0.024048    1.683728    
0.386630     -0.110699    20.432338    20.530882    0.076929     -0.022026    4.065485    
0.568802     0.371139     32.097237    32.164715    0.040946     0.026717     2.310558    
-0.664169    1.419561     88.859101    88.894719    -0.077829    0.166347     10.412694   
1.727739     1.012421     13.628598    13.914874    0.098100     0.057485     0.773824    
-0.232773    -1.229025    7.972908     8.307039     -0.020111    -0.106187    0.688854    
0.927921     -0.675073    35.372274    35.445584    0.022494     -0.016365    0.857487    
-1.546143    0.345694     90.769849    90.805013    -0.007695    0.001720     0.451734    
0.075010     0.803959     6.173041     6.529423     0.026776     0.286982     2.203534    
-0.625830    1.841895     19.647058    19.841021    -0.015772    0.046418     0.495133    
1.399918     1.768587     35.529710    35.655615    0.070618     0.089215     1.792273    
1.399217     -0.188533    23.767255    23.890389    0.213589     -0.028779    3.628044    
1.547197     0.379308     21.797266    21.943870    0.036611     0.008975     0.515785    
-0.133669    2.254823     41.107807    41.216851    -0.014130    0.238351     4.345399    
0.326837     -1.410965    17.641944    17.810412    0.008826     -0.038102    0.476406    
-0.022872    0.097745     72.623844    72.650586    -0.001484    0.006343     4.713067    
0.936534     2.023507     54.900171    54.980682    0.145736     0.314882     8.543131    
-0.380715    -0.459567    67.232534    67.263993    -0.004254    -0.005135    0.751227    
0.501019     -0.735557    130.505342   130.523221   0.000264     -0.000388    0.068852    
0.933231     0.504830     29.005000    29.091077    0.005646     0.003054     0.175489    
-1.763023    0.832263     17.710286    17.925683    -0.008893    0.004198     0.089332    
0.835551     1.822146     17.717560    17.938931    0.009645     0.021034     0.204522    
-0.566410    -0.448738    20.627461    20.733771    -0.040625    -0.032185    1.479469    
-0.735981    -0.367128    23.780607    23.876111    -0.017512    -0.008736    0.565846    
-1.200509    -0.615700    167.152225   167.169261   -0.053895    -0.027641    7.504078    
0.416972     -0.151027    115.396640   115.414280   0.014618     -0.005295    4.045608    
-0.457481    0.349163     50.272372    50.314189    -0.049555    0.037822     5.445607    
2.456642     2.418920     53.721219    53.867713    0.197257     0.194228     4.313570    
-1.555037    -1.273500    30.556843    30.686080    -0.072537    -0.059404    1.425374    
-0.872507    1.642241     70.639464    70.691351    -0.025649    0.048277     2.076581    
-0.804024    -0.653558    33.225045    33.299432    -0.044542    -0.036206    1.840614    
0.275377     1.154724     94.040516    94.068607    0.030795     0.129130     10.516326   
-0.362660    -2.412625    27.650753    27.827889    -0.013286    -0.088385    1.012971    
-0.650157    -0.143163    64.140848    64.174500    -0.096698    -0.021293    9.539662    
1.079908     0.688399     56.568025    56.616751    0.352816     0.224906     18.481306   
-0.755420    0.206245     22.886294    22.984138    -0.024148    0.006593     0.731585    
-2.167046    -1.984503    37.888424    38.053147    -0.378319    -0.346451    6.614496    
0.549876     -1.142522    31.581854    31.668536    0.137843     -0.286407    7.916922    
-0.709418    0.539284     42.107821    42.163226    -0.018789    0.014283     1.115244    
-0.312613    -1.257180    101.848659   101.875918   -0.041478    -0.166805    13.513495   
0.487054     0.367767     33.055938    33.120122    0.005949     0.004492     0.403779    
-0.768214    1.339178     20.974941    21.123604    -0.047992    0.083662     1.310363    
0.428611     0.799005     20.189354    20.305346    0.022295     0.041563     1.050207    
-0.836376    1.503985     27.592623    27.716228    -0.067688    0.121717     2.233060    
0.956867     1.150383     70.845537    70.888673    0.059351     0.071354     4.394288    
0.948743     -0.099023    12.370246    12.562160    0.117069     -0.012219    1.526414    
1.559285     -0.089290    62.610790    62.661194    0.129230     -0.007400    5.189032    
-0.141398    -0.304658    77.986844    78.012407    -0.008327    -0.017942    4.592936    
-0.269507    -1.001800    20.933843    21.051769    -0.009657    -0.035896    0.750087    
0.364230     -1.778720    34.767100    34.870083    0.027143     -0.132554    2.590926    
-1.890528    0.834075     45.934989    46.023558    -0.169878    0.074948     4.127607    
-1.195344    -1.676164    49.869687    49.950966    -0.098987    -0.138804    4.129727    
-0.149520    -1.187121    31.336826    31.421381    -0.009420    -0.074791    1.974295    
0.146389     1.189987     143.385444   143.403968   0.012916     0.104992     12.650850   
0.216387     1.825413     39.387811    39.479787    0.017714     0.149437     3.224474    
1.247642     0.446310     26.830844    26.935571    0.018798     0.006724     0.404256    
-1.565286    -2.145004    61.620992    61.709584    -0.037703    -0.051666    1.484251    
0.769267     1.560031     26.539280    26.668967    0.074182     0.150436     2.559228    
0.562038     0.441711     68.263736    68.295854    0.059299     0.046603     7.202269    
0.502407     0.221126     72.795462    72.824142    0.006178     0.002719     0.895149    
0.423299     -1.561894    37.626393    37.712586    0.049925     -0.184214    4.437753    
1.257622     0.795501     16.927965    17.106881    0.014770     0.009342     0.198804    
2.027677     -0.112152    55.979226    56.050626    0.114458     -0.006331    3.159906    
-0.513732    -0.185809    56.321365    56.358402    -0.023513    -0.008504    2.577749    
-0.162151    -1.343240    128.950419   128.972540   -0.000183    -0.001518    0.145731    
-1.792662    0.610461     33.976950    34.086572    -0.115545    0.039347     2.189961    
1.275343     -0.542285    63.811949    63.857344    0.019029     -0.008091    0.952111    
-1.426691    -1.469412    17.490963    17.720140    -0.136281    -0.140362    1.670780    
-0.650800    0.348218     7.782656     8.061606     -0.046338    0.024794     0.554138    
0.028091     0.714282     8.650190     8.900097     0.001738     0.044204     0.535328    
-0.583310    -0.413296    30.534188    30.605925    -0.038492    -0.027273    2.014929    
-2.403819    1.423379     38.372897    38.524779    -0.268108    0.158755     4.279889    
-0.040898    -1.006870    9.971474     10.213751    -0.000165    -0.004070    0.040305    
0.783555     0.970917     39.210548    39.279749    0.085288     0.105682     4.267975    
-0.390913    -0.890525    49.904767    49.953044    -0.019910    -0.045355    2.541697    
0.602464     -0.900174    52.372138    52.420312    0.112805     -0.168549    9.806169    
0.958826     -0.526862    149.679765   149.696706   0.007570     -0.004159    1.181698    
0.280291     0.712083     31.400699    31.471645    0.009764     0.024805     1.093817    
-1.134637    -1.429874    31.237223    31.352369    -0.058262    -0.073423    1.604000    
1.766904     0.458874     17.636777    17.839937    0.050069     0.013003     0.499776    
-0.158607    1.012003     22.570441    22.679265    -0.000003    0.000017     0.000371    
0.780187     -0.167241    60.861954    60.899007    0.035076     -0.007519    2.736271    
2.005645     0.644361     16.923452    17.167295    0.012294     0.003950     0.103739    
0.772775     0.132151     18.157654    18.280865    0.084504     0.014451     1.985575    
0.501748     0.310617     61.802296    61.836454    0.018370     0.011373     2.262754    
0.836179     -1.664292    18.872579    19.066154    0.010711     -0.021319    0.241748    
0.646308     -0.164519    14.056348    14.209175    0.030452     -0.007752    0.662294    
-0.292530    -0.033361    10.570384    10.756145    -0.006432    -0.000734    0.232426    
-2.732521    -0.682353    35.864561    36.028794    -0.040663    -0.010154    0.533708    
-2.658469    0.416591     30.508610    30.690247    -0.022988    0.003602     0.263812    
-1.243409    0.717905     74.656678    74.696425    -0.577109    0.333205     34.650756   
0.941519     0.616343     25.785072    25.884575    0.012983     0.008499     0.355571    
0.156299     -1.317809    7.455449     7.824304     0.005165     -0.043548    0.246369    
-0.225108    1.111377     24.900263    25.003678    -0.027548    0.136008     3.047249    
0.650169     -0.401981    47.000806    47.048221    0.080090     -0.049517    5.789686    
-0.166977    0.639552     14.479436    14.627574    -0.003596    0.013775     0.311871    
-1.399445    1.282104     41.490969    41.580977    -0.115993    0.106267     3.438969    
-0.380662    -0.973686    37.234437    37.301088    -0.035228    -0.090109    3.445822    
0.013886     -0.573824    28.498838    28.572508    0.001564     -0.064650    3.210809    
0.208211     2.078327     75.265632    75.320337    0.011082     0.110623     4.006165    
0.137581     1.304603     28.021545    28.121217    0.002514     0.023841     0.512084    
-0.843897    -1.417445    56.174293    56.232975    -0.029162    -0.048981    1.941154    
0.466588     0.203382     19.523081    19.628671    0.033888     0.014771     1.417946    
-0.194435    0.733373     25.951351    26.036959    -0.012415    0.046829     1.657086    
-0.077772    -0.312817    71.410370    71.438223    -0.014411    -0.057962    13.231735   
1.355843     -0.403461    50.374829    50.433118    0.157271     -0.046799    5.843210    
-0.872970    2.579480     21.078136    21.344287    -0.246187    0.727441     5.944261    
0.513846     -0.340553    62.705078    62.738997    0.083261     -0.055181    10.160380   
0.905585     -0.319220    58.012370    58.053699    0.001126     -0.000397    0.072112    
2.451293     -0.211621    61.180883    61.261971    0.393799     -0.033997    9.828666    
0.166789     0.808991     6.931685     7.252965     0.017756     0.086122     0.737916    
0.024832     -0.000192    195.292864   195.302786   0.001068     -0.000008    8.400261    
0.185887     -1.258598    36.149872    36.225776    0.027695     -0.187516    5.385900    
2.076862     -1.066245    29.163556    29.322998    0.137940     -0.070817    1.936973    
-0.731402    0.243123     48.670288    48.716177    -0.007953    0.002644     0.529208    
0.450391     -0.037173    79.293492    79.319210    0.020413     -0.001685    3.593857    
0.585582     -0.754457    29.376516    29.457881    0.047675     -0.061423    2.391658    
-1.025767    -0.482872    12.908941    13.107291    -0.027123    -0.012768    0.341335    
-1.491440    1.433131     60.041522    60.109380    -0.150045    0.144179     6.040417    
-0.481323    0.625376     8.879687     9.129434     -0.009550    0.012408     0.176178    
0.568266     0.627494     10.826320    11.036342    0.069952     0.077243     1.332691    
-0.096341    0.491080     26.091547    26.170484    -0.007971    0.040632     2.158805    
-0.775362    -0.066198    7.513131     7.805617     -0.014480    -0.001236    0.140305    
0.974501     0.734245     99.020023    99.047103    0.068008     0.051241     6.910385    
-0.051114    1.139028     43.520850    43.580264    -0.001399    0.031167     1.190835    
1.654947     -0.202089    8.942673     9.307312     0.268703     -0.032812    1.451964    
-0.961096    0.200007     12.969751    13.154965    -0.144487    0.030068     1.949818    
-0.202875    0.330141     3.214150     3.788913     -0.007591    0.012353     0.120263    
0.346266     -0.936822    43.138001    43.194439    0.000376     -0.001018    0.046894    
0.203376     -0.534857    26.367103    26.446673    0.006756     -0.017768    0.875893    
-1.245721    1.211424     17.682906    17.876786    -0.063257    0.061515     0.897922    
-0.190271    0.941447     17.183926    17.322956    -0.000547    0.002705     0.049378    
-0.600074    -0.334020    9.386521     9.615268     -0.015839    -0.008816    0.247754    
0.945979     -0.442712    44.940893    44.996107    0.074495     -0.034863    3.539031    
-0.449618    1.109562     28.242422    28.336243    -0.043866    0.108251     2.755388    
0.415583     -1.395490    65.748092    65.793667    0.017095     -0.057403    2.704504    
-0.662938    0.767332     10.485206    10.716472    -0.007897    0.009141     0.124903    
0.746141     -0.520379    66.345427    66.380857    0.021029     -0.014666    1.869860    
-1.934686    0.597013     38.999333    39.101437    -0.072155    0.022266     1.454500    
-0.925444    0.134615     25.228782    25.322736    -0.020614    0.002999     0.561963    
0.433803     -0.191421    35.452909    35.510682    0.031317     -0.013819    2.559382    
1.030976     1.706386     20.364342    20.556168    0.110983     0.183690     2.192187    
-1.243867    -1.092404    84.063893    84.103232    -0.000073    -0.000064    0.004907    
1.295220     -0.993933    46.792988    46.862823    0.021804     -0.016732    0.787727    
0.678025     -0.035910    81.643114    81.669664    0.065691     -0.003479    7.910100    
-0.465364    -1.391418    45.160850    45.227535    -0.103044    -0.308098    9.999851    
0.364652     -0.088867    139.420724   139.435125   0.031950     -0.007786    12.215591   
-0.460026    -1.374297    19.567653    19.719744    -0.021306    -0.063652    0.906290    
-1.543848    0.230259     29.262278    29.369923    -0.091270    0.013613     1.729952    
0.902855     0.519125     35.483956    35.553772    0.019261     0.011075     0.756992    
-0.640653    0.977344     11.675606    11.897915    -0.020412    0.031139     0.371991    
0.750116     -0.526154    9.663058     9.903997     0.018464     -0.012951    0.237851    
-0.238450    0.814359     40.765015    40.821335    -0.002476    0.008455     0.423262    
-0.817593    -1.316271    20.913994    21.063502    -0.023741    -0.038221    0.607294    
-1.103135    -0.110385    75.059536    75.093528    -0.069958    -0.007000    4.760110    
-0.702745    -0.581869    78.112309    78.142435    -0.024695    -0.020447    2.744935    
0.088227     -0.196126    116.295886   116.312743   0.007401     -0.016451    9.754910    
1.093468     0.800532     58.169310    58.218383    0.047433     0.034726     2.523289    
0.259825     -0.168241    15.160123    15.290523    0.007497     -0.004854    0.437416    
0.726493     1.067216     16.602844    16.768904    0.004682     0.006878     0.106995    
-1.604193    -0.479916    21.783552    21.936313    -0.087593    -0.026204    1.189430    
-0.563271    -1.889501    82.390404    82.437498    -0.022897    -0.076808    3.349144    
-1.889553    -0.062599    24.475695    24.627402    -0.186856    -0.006190    2.420372    
0.547765     2.535828     141.000086   141.037689   0.026648     0.123367     6.859581    
1.331741     -0.390304    9.603794     9.901196     0.570632     -0.167240    4.115089    
1.453352     0.449220     31.539816    31.637778    0.046436     0.014353     1.007720    
0.325587     0.509330     31.180709    31.248632    0.089033     0.139278     8.526491    
0.607149     -1.091986    73.363702    73.400741    0.057714     -0.103801    6.973732    
-1.280359    0.850057     38.968070    39.048013    -0.079442    0.052743     2.417839    
0.123242     -1.276197    48.264753    48.321891    0.004220     -0.043695    1.652518    
-0.583863    -1.441828    124.119851   124.145206   -0.049830    -0.123053    10.593023   
0.775160     1.435055     197.853903   197.870417   0.132610     0.245502     33.847820   
1.531285     -0.953032    63.410923    63.467103    0.042974     -0.026746    1.779582    
-1.592303    0.914594     82.874515    82.918226    -0.079651    0.045750     4.145571    
1.199197     1.567768     34.268859    34.382054    0.029813     0.038977     0.851964    
0.231576     -1.111103    13.235498    13.429130    0.022150     -0.106275    1.265948    
-0.204718    -0.722742    39.051466    39.108262    -0.008177    -0.028869    1.559847    
-0.055713    0.389693     18.399035    18.508225    -0.003178    0.022230     1.049553    
0.917652     0.059245     39.919283    39.978365    0.003945     0.000255     0.171609    
1.710806     0.217701     37.308412    37.400091    0.258164     0.032852     5.629921    
0.563671     -0.253863    27.600353    27.677366    0.026263     -0.011828    1.285978    
0.721095     0.472346     19.869420    19.985291    0.222891     0.146002     6.141648    
1.949200     1.570424     26.773457    26.962170    0.123931     0.099848     1.702269    
-0.408123    1.263838     17.854967    18.012180    -0.007935    0.024573     0.347162    
-0.484955    -2.089856    86.227749    86.276893    -0.021100    -0.090927    3.751657    
1.227114     3.041631     33.826381    34.041979    0.046725     0.115816     1.288006    
-0.272903    0.336755     4.971946     5.364986     -0.035559    0.043879     0.647837    
1.788339     -0.636634    50.942661    51.016008    0.011912     -0.004241    0.339325    
0.379534     0.844462     58.166788    58.207451    0.023064     0.051318     3.534782    
-0.249151    -1.516536    25.399530    25.522011    -0.007628    -0.046433    0.777680    
1.063923     -0.305685    27.160463    27.254194    0.001665     -0.000478    0.042509    
-0.084425    0.986528     21.614154    21.726182    -0.017231    0.201345     4.411342    
1.182840     -0.284144    29.079241    29.171169    0.020557     -0.004938    0.505390    
1.220650     -0.159271    28.724399    28.818074    0.033089     -0.004318    0.778660    
-0.339698    -0.066313    8.726865     8.952816     -0.203878    -0.039799    5.237634    
0.305871     2.121170     30.813644    30.950744    0.002126     0.014741     0.214131    
-1.315468    0.971510     20.746661    20.903904    -0.003158    0.002332     0.049799    
-0.736059    -2.170792    40.954864    41.066166    -0.023608    -0.069624    1.313558    
-0.277938    -0.906790    32.429861    32.503390    -0.007872    -0.025684    0.918544    
0.665428     -0.416285    4.578753     5.045396     0.105510     -0.066006    0.726004    
-0.501776    -0.408473    7.991146     8.255422     -0.028252    -0.022998    0.449927    
-0.449850    1.364796     19.302182    19.455442    -0.028713    0.087112     1.232022    
-0.230258    -0.703762    18.331624    18.451875    -0.035085    -0.107235    2.793260    
-0.140500    0.896433     19.016584    19.139717    -0.006641    0.042370     0.898819    
0.083611     -1.708931    50.417176    50.484592    0.003705     -0.075736    2.234385    
0.007970     -0.472367    35.048704    35.107119    0.001444     -0.085559    6.348335    
-0.327625    -0.501869    11.397296    11.581560    -0.047722    -0.073102    1.660132    
-0.573909    0.208943     75.229711    75.257939    -0.052932    0.019271     6.938467    
-2.320957    0.704439     12.139504    12.534974    -0.027446    0.008330     0.143552    
1.478282     0.764039     45.500394    45.573346    0.023312     0.012049     0.717528    
-0.129412    0.236641     16.885131    17.001628    -0.000295    0.000539     0.038430    
1.792379     -0.288602    141.202214   141.227604   0.003910     -0.000630    0.308064    
-1.736418    -1.891288    36.297833    36.441731    -0.002516    -0.002740    0.052592    
2.092487     0.160097     82.157669    82.208039    0.255108     0.019518     10.016333   
0.846381     -0.770425    59.723318    59.766710    0.014230     -0.012953    1.004095    
2.216675     -1.213258    20.283122    20.534498    0.008857     -0.004848    0.081043    
-0.900156    -1.154743    62.449941    62.498111    -0.001458    -0.001870    0.101118    
-0.205951    -0.488493    76.364343    76.391550    -0.025378    -0.060194    9.409886    
-0.737699    -0.198339    43.707978    43.758952    -0.160141    -0.043056    9.488186    
-1.210584    1.484526     77.364368    77.413110    -0.228998    0.280818     14.634503   
-3.383804    1.363208     53.555014    53.715202    -0.076062    0.030643     1.203831    
-2.210480    -0.997103    30.903494    31.060930    -0.049511    -0.022333    0.692184    
1.669430     -0.045520    54.307026    54.368346    0.180011     -0.004908    5.855796    
-0.350944    -0.086494    30.568913    30.634361    -0.014635    -0.003607    1.274817    
-0.965795    0.294555     37.142103    37.207934    -0.022483    0.006857     0.864657    
0.118404     1.646535     25.213713    25.344257    0.005028     0.069920     1.070695    
-0.246782    0.994510     19.545108    19.670692    -0.011773    0.047445     0.932441    
-2.449537    1.558311     32.168213    32.358886    -0.109938    0.069939     1.443748    
-0.036763    0.080317     49.013632    49.053225    -0.000089    0.000195     0.118842    
-0.838966    -1.185093    54.944814    54.999235    -0.008198    -0.011580    0.536903    
-1.179389    -0.947588    23.664548    23.794425    -0.020999    -0.016872    0.421342    
-0.383378    1.224475     17.909625    18.063110    -0.014466    0.046205     0.675805    
-0.592640    0.991005     15.688023    15.853149    -0.028334    0.047380     0.750045    
0.209046     -0.590599    62.878666    62.912591    0.026122     -0.073799    7.857096    
-1.798904    -1.603136    35.050623    35.188453    -0.022298    -0.019872    0.434468    
-0.415648    -0.374955    39.289431    39.342696    -0.005433    -0.004901    0.513557    
-0.032834    0.268777     30.196527    30.261833    -0.001277    0.010452     1.174239    
0.971057     0.311215     45.857466    45.911022    0.077985     0.024994     3.682805    
-0.613984    -0.250973    99.478926    99.500611    -0.031468    -0.012863    5.098427    
0.044250     0.562724     18.159409    18.274509    0.002239     0.028473     0.918826    
-0.209646    -1.704302    54.748464    54.810745    -0.004719    -0.038364    1.232403    
0.363575     0.108121     31.663019    31.726419    0.028136     0.008367     2.450351    
0.421199     1.404188     37.005569    37.086874    0.133275     0.444312     11.709264   
-0.255450    -1.675850    52.144668    52.209339    -0.006218    -0.040791    1.269237    
-0.865456    -2.327333    82.483355    82.544196    -0.036111    -0.097107    3.441592    
-1.420305    -0.898935    52.229209    52.293313    -0.125604    -0.079497    4.618849    
0.128349     0.187932     10.896088    11.074813    0.002193     0.003211     0.186189    
0.476131     0.259535     40.412547    40.464095    0.051037     0.027820     4.331862    
0.862464     0.436344     60.270778    60.310661    0.025150     0.012724     1.757560    
-0.891303    1.092644     119.599157   119.623667   -0.060435    0.074087     8.109477    
0.806544     0.641479     20.156395    20.278491    0.033444     0.026599     0.835794    
0.943076     -0.940089    67.762254    67.803917    0.040449     -0.040321    2.906376    
-0.019467    -1.184097    12.665588    12.872239    -0.000939    -0.057125    0.611034    
1.228556     0.815129     49.233391    49.294782    0.008083     0.005363     0.323938    
-0.002482    1.291453     11.960077    12.189596    -0.000330    0.171465     1.587924    
0.632318     0.303079     65.788153    65.821331    0.020221     0.009692     2.103882    
-0.140168    0.126374     115.331513   115.348466   -0.006069    0.005472     4.993897    
-0.119429    0.407384     16.775481    16.895915    -0.000054    0.000183     0.007538    
-0.800535    0.750405     12.425035    12.627764    -0.039664    0.037180     0.615622    
0.021297     0.912889     49.107368    49.155288    0.001639     0.070272     3.780153    
-0.689913    -1.238053    52.907820    52.963394    -0.003791    -0.006804    0.290758    
-0.559832    0.506422     44.504169    44.554078    -0.035978    0.032545     2.860077    
0.912995     -0.849123    16.865695    17.025898    0.009548     -0.008880    0.176388    
-0.456811    -0.874391    55.152936    55.196871    -0.005179    -0.009914    0.625340    
-0.337645    1.136953     41.875775    41.938790    -0.013642    0.045935     1.691870    
0.840996     0.033954     24.953837    25.045506    0.068743     0.002775     2.039738    
0.073287     -1.247842    30.212036    30.301890    0.000224     -0.003816    0.092388    
-1.064140    2.013530     58.390179    58.467724    -0.063009    0.119224     3.457379    
0.106025     2.044162     42.312284    42.407478    0.005154     0.099375     2.056963    
0.460002     -1.621075    114.016601   114.046043   0.034485     -0.121527    8.547449    
-0.883458    -0.362332    21.020242    21.133796    -0.103040    -0.042260    2.451648    
0.723351     1.710576     56.744910    56.809410    0.021756     0.051448     1.706682    
0.499798     -0.935714    54.227180    54.273266    0.040775     -0.076337    4.423967    
0.711001     1.702987     47.271923    47.348868    0.052924     0.126762     3.518703    
0.438160     -0.065065    56.133537    56.169789    0.047423     -0.007042    6.075392    
0.239786     0.779604     28.623402    28.702602    0.015486     0.050348     1.848551    
0.671174     -0.099616    10.188600    10.399178    0.025642     -0.003806    0.389250    
-1.688826    0.633138     44.538088    44.618037    -0.412457    0.154630     10.877415   
0.476598     -1.159866    46.762106    46.820316    0.012113     -0.029479    1.188498    
-0.949147    0.603196     10.381637    10.626291    -0.001812    0.001152     0.019823    
-0.498406    -0.137674    8.899632     9.129390     -0.002600    -0.000718    0.046430    
-0.018383    0.800258     9.669475     9.900224     -0.002972    0.129400     1.563531    
-1.402877    0.147778     16.662969    16.838034    -0.028523    0.003005     0.338786    
-0.909037    -0.649570    35.326467    35.398905    -0.073903    -0.052809    2.871984    
-0.934773    -0.293582    61.653065    61.692264    -0.095249    -0.029915    6.282156    
0.001448     0.923235     87.213931    87.241029    0.000008     0.004863     0.459380    
-0.799455    -1.475306    24.145219    24.283373    -0.028198    -0.052036    0.851627    
0.323731     -0.214905    20.965261    21.061057    0.023165     -0.015378    1.500215    
0.001378     0.562109     27.943730    28.018618    0.000070     0.028543     1.418925    
-0.987100    0.663261     60.463749    60.507472    -0.018442    0.012391     1.129622    
-0.900211    -0.298598    60.578811    60.618206    -0.192524    -0.063860    12.955717   
0.876131     -0.347059    16.271077    16.416789    0.059439     -0.023545    1.103864    
-1.206656    -0.953360    20.337776    20.490607    -0.036572    -0.028895    0.616402    
0.380983     -0.684641    41.794382    41.848049    0.000196     -0.000353    0.021543    
1.112676     -0.951695    57.286861    57.339368    0.016542     -0.014149    0.851671    
1.828967     1.501266     42.918238    43.028467    0.036417     0.029892     0.854553    
-0.617496    -1.253366    23.082469    23.208351    -0.083310    -0.169100    3.114205    
1.074768     -1.087634    170.902352   170.920528   0.089000     -0.090066    14.152198   
2.360670     -0.537636    90.374107    90.427960    0.045061     -0.010263    1.725082    
-0.728084    -0.953925    24.068233    24.178397    -0.030244    -0.039625    0.999772    
0.658591     0.145570     120.820593   120.838510   0.052815     0.011674     9.689000    
-0.028253    -0.354187    45.527462    45.571384    -0.000364    -0.004567    0.587068    
1.210780     -1.308882    98.214201    98.250106    0.048036     -0.051928    3.896475    
2.886235     -0.136072    48.441005    48.567013    0.224308     -0.010575    3.764666    
-0.922149    -0.355543    112.769439   112.790948   -0.035772    -0.013792    4.374534    
0.099566     1.326769     24.151654    24.268242    0.000754     0.010043     0.182825    
2.276165     -0.048704    45.120622    45.220889    0.254897     -0.005454    5.052852    
1.076678     0.868877     12.241584    12.475797    0.176623     0.142535     2.008166    
-1.019113    0.481972     26.296726    26.394386    -0.091198    0.043131     2.353232    
-1.507258    0.218809     41.186663    41.261796    -0.084880    0.012322     2.319405    
0.350443     -1.126823    97.649614    97.676582    0.005645     -0.018150    1.572856    
-0.244237    -0.602985    40.113794    40.167333    -0.013568    -0.033497    2.228388    
-0.699052    0.734369     77.025917    77.057737    -0.001341    0.001409     0.147793    
1.489895     -0.382453    15.403070    15.604345    0.141106     -0.036222    1.458804    
-3.036462    0.887542     47.103038    47.250174    -0.012697    0.003711     0.196963    
-0.346891    0.343774     10.545409    10.738674    -0.012232    0.012122     0.371843    
0.460517     0.345862     10.467906    10.666945    0.091090     0.068411     2.070537    
-2.328745    0.909865     48.321688    48.426350    -0.080480    0.031444     1.669973    
-0.738533    0.662142     38.474390    38.537481    -0.078635    0.070501     4.096538    
0.585994     -0.186802    35.589832    35.649536    0.011853     -0.003778    0.719881    
-0.908102    -0.370140    38.421621    38.484510    -0.016057    -0.006545    0.679349    
0.985975     0.135682     73.533038    73.566114    0.018705     0.002574     1.395009    
-0.058586    -0.856712    168.756944   168.770609   -0.002478    -0.036231    7.136761    
-0.863762    0.324957     27.426545    27.512579    -0.002584    0.000972     0.082038    
1.625714     1.388245     70.209017    70.269134    0.097283     0.083073     4.201321    
-0.691177    1.277729     14.587665    14.791390    -0.052205    0.096508     1.101823    
0.693452     -0.495685    10.339037    10.559224    0.029645     -0.021190    0.441985    
0.042030     -1.092982    43.608938    43.667045    0.002036     -0.052937    2.112148    
-0.240833    -0.588191    42.106868    42.157648    -0.007762    -0.018958    1.357139    
0.999516     0.991891     18.477716    18.635553    0.111061     0.110214     2.053146    
-1.987162    -0.105960    99.774496    99.813751    -0.009028    -0.000481    0.453290    
0.222148     0.392233     38.768705    38.821265    0.001573     0.002778     0.274574    
0.224712     0.324751     22.656744    22.745526    0.011738     0.016964     1.183513    
-0.760623    -0.317564    32.143778    32.214543    -0.059098    -0.024674    2.497484    
0.040151     -0.711203    17.656363    17.780032    0.000011     -0.000202    0.005007    
-0.312164    0.016063     171.212957   171.224559   -0.021639    0.001113     11.868410   
-1.939144    1.067124     63.781269    63.850014    -0.217498    0.119691     7.153827    
-1.499850    -0.481444    49.092524    49.157219    -0.009909    -0.003181    0.324342    
-1.309541    0.225219     81.599340    81.633895    -0.023148    0.003981     1.442383    
1.121909     -0.773854    31.374314    31.465538    0.209868     -0.144759    5.868969    
3.646256     0.920798     86.740455    86.844254    0.593775     0.149947     14.125253   
1.488686     -0.184547    40.347592    40.423426    0.120941     -0.014993    3.277841    
0.760338     -0.983061    22.613508    22.733021    0.117209     -0.151543    3.485967    
-0.056347    -0.871055    17.077653    17.212876    -0.000473    -0.007313    0.143384    
1.080321     0.256947     27.795222    27.886958    0.008508     0.002023     0.218890    
-0.722910    -0.958003    46.600931    46.657926    -0.024260    -0.032149    1.563868    
-0.728587    -0.369327    19.599497    19.715032    -0.018007    -0.009128    0.484409    
0.406920     -0.436399    10.054603    10.262847    0.058317     -0.062542    1.440967    
-0.636574    -0.746526    17.608559    17.745389    -0.160388    -0.188091    4.436568    
-0.353572    -1.075235    123.643187   123.664036   -0.017992    -0.054715    6.291803    
-0.953960    0.554006     110.887819   110.910777   -0.155858    0.090513     18.116849   
-0.451799    0.194676     19.063526    19.171202    -0.023854    0.010278     1.006514    
0.053897     0.888593     69.444221    69.477818    0.000208     0.003435     0.268437    
0.045889     0.370390     57.893725    57.928383    0.000294     0.002376     0.371436    
-0.987858    -1.125208    212.444643   212.459039   -0.066750    -0.076031    14.355082   
-1.561643    -1.334538    61.710668    61.776219    -0.028324    -0.024205    1.119272    
-0.320967    -0.733768    52.580693    52.623623    -0.011112    -0.025403    1.820372    
-0.549674    0.496481     18.446949    18.566462    -0.000078    0.000071     0.002633    
-0.707866    0.904331     20.577217    20.703036    -0.213617    0.272906     6.209721    
-2.645979    -2.482567    101.024749   101.109046   -0.253633    -0.237969    9.683824    
-0.567398    -1.700163    44.816150    44.895152    -0.004354    -0.013045    0.343878    
2.226461     -1.825802    35.606355    35.776783    0.319921     -0.262350    5.116290    
0.286616     -0.352963    39.681849    39.733246    0.022669     -0.027916    3.138484    
-1.674756    -0.391399    42.510474    42.590766    -0.043457    -0.010156    1.103065    
0.913764     -0.989946    31.171817    31.262951    0.035735     -0.038714    1.219049    
0.734847     0.469348     46.760088    46.809626    0.009693     0.006191     0.616813    
-1.258715    1.166409     22.718940    22.868539    -0.215989    0.200150     3.898450    
0.374206     -2.564544    76.293943    76.363326    0.039204     -0.268677    7.993025    
2.111111     0.479942     77.793752    77.848763    0.002820     0.000641     0.103916    
-0.623088    -0.064682    26.883004    26.962257    -0.069237    -0.007187    2.987196    
1.848426     0.317290     52.328674    52.399260    0.102365     0.017571     2.897931    
0.632634     0.946113     70.208326    70.245137    0.004584     0.006855     0.508678    
-0.791246    -1.645112    66.867200    66.921071    -0.001453    -0.003021    0.122774    
-0.694206    -2.253814    23.699360    23.897620    -0.007095    -0.023034    0.242206    
1.979566     -1.157142    36.241437    36.367215    0.083117     -0.048586    1.521690    
-0.141842    -0.752277    13.380803    13.546471    -0.004153    -0.022025    0.391758    
-1.452148    -2.141519    60.489299    60.576605    -0.132727    -0.195736    5.528753    
-0.449726    -0.067713    75.551284    75.578293    -0.017209    -0.002591    2.890937    
1.380910     1.343877     22.974988    23.139532    0.039261     0.038208     0.653201    
0.362895     2.361410     41.577123    41.692206    0.051844     0.337359     5.939853    
-1.246450    0.701553     11.631286    11.883079    -0.003018    0.001699     0.028160    
0.740273     -1.716330    45.906743    45.986931    0.022922     -0.053144    1.421453    
0.285503     1.490167     38.030809    38.111934    0.020126     0.105047     2.680935    
-1.232663    0.487294     16.363546    16.534736    -0.068037    0.026896     0.903188    
0.431175     0.666342     87.670460    87.696148    0.016746     0.025879     3.404947    
0.202022     0.095562     64.106935    64.137540    0.040111     0.018974     12.728416   
0.367174     2.358532     115.174939   115.216487   0.026285     0.168842     8.245097    
0.987898     0.366981     5.432098     5.873096     0.141016     0.052384     0.775397    
-0.002104    -1.414535    57.727806    57.778676    -0.000226    -0.152150    6.209310    
1.337040     2.893486     60.028019    60.144808    0.053055     0.114816     2.381966    
2.474724     0.693755     92.766651    92.823123    0.420912     0.117997     15.778145   
-0.519243    -1.756552    105.339078   105.373390   -0.027553    -0.093210    5.589732    
0.481607     -1.254019    13.944751    14.146927    0.015417     -0.040142    0.446386    
0.059130     -1.662553    20.143971    20.308178    0.005413     -0.152206    1.844178    
0.203006     -0.059268    22.805700    22.891475    0.014896     -0.004349    1.673365    
2.208568     -0.197388    37.447794    37.564996    0.131245     -0.011730    2.225349    
-0.374090    0.455225     53.547843    53.587252    -0.041032    0.049932     5.873445    
-0.539236    -0.852605    65.893531    65.930646    -0.087616    -0.138532    10.706463   
-1.338039    -0.544991    9.397976     9.710009     -0.198643    -0.080908    1.395208    
-1.133873    1.734751     25.647946    25.806726    -0.060990    0.093310     1.379575    
-1.247273    0.780762     102.405969   102.435456   -0.151832    0.095043     12.466020   
-0.385555    -0.321222    14.693740    14.833502    -0.029685    -0.024732    1.131301    
-1.078393    0.898344     35.747886    35.829545    -0.013775    0.011475     0.456625    
0.915376     0.149116     27.396719    27.483000    0.025233     0.004110     0.755199    
-0.095683    0.114634     25.293206    25.370130    -0.000307    0.000368     0.081230    
1.211426     -0.759016    24.638213    24.758032    0.144403     -0.090475    2.936894    
0.165797     0.085763     42.411767    42.457835    0.005093     0.002634     1.302784    
-0.624873    0.750686     6.418397     6.784155     -0.022399    0.026909     0.230073    
-1.075099    0.381039     8.510278     8.809132     -0.172745    0.061224     1.367413    
-1.114147    1.075082     15.727949    15.926094    -0.025052    0.024174     0.353649    
0.204740     -0.753922    39.926715    39.982845    0.016439     -0.060533    3.205752    
1.058812     -0.290180    37.322922    37.390918    0.020545     -0.005631    0.724208    
-0.253501    1.832443     136.195321   136.222107   -0.039760    0.287409     21.361524   
-0.150407    0.979196     31.953717    32.029618    -0.004273    0.027820     0.907843    
-0.118460    -0.003517    25.082443    25.159848    -0.017982    -0.000534    3.807495    
0.566144     0.301081     67.632130    67.663810    0.046951     0.024969     5.608873    
1.065632     -1.219796    22.866551    23.008207    0.195333     -0.223591    4.191491    
0.301840     1.655872     33.479845    33.579875    0.023883     0.131020     2.649072    
-0.819161    -1.473349    56.912699    56.971677    -0.074974    -0.134848    5.208930    
-0.015303    0.145268     36.304658    36.358280    -0.003110    0.029522     7.378073    
-0.889077    1.570560     13.402372    13.665857    -0.336393    0.594240     5.070947    
-1.021105    -1.121464    20.067366    20.220645    -0.076641    -0.084173    1.506186    
-0.743249    -0.994980    24.503284    24.613579    -0.275276    -0.368509    9.075237    
-1.047999    -1.995861    28.314259    28.471986    -0.045676    -0.086987    1.234037    
0.037150     0.726266     38.894453    38.951024    0.003427     0.066992     3.587717    
-0.548071    -0.383963    220.159393   220.169210   -0.050789    -0.035582    20.402052   
0.524630     0.954915     16.814248    16.964109    0.069636     0.126750     2.231820    
0.194684     0.711351     8.690702     8.941319     0.004975     0.018177     0.222066    
-0.578437    2.018477     37.745464    37.855037    -0.076114    0.265604     4.966783    
-0.496522    -0.839179    46.025979    46.078373    -0.081050    -0.136984    7.513092    
-0.381680    0.908394     11.807746    12.011190    -0.038274    0.091092     1.184061    
-0.675213    -0.095740    47.485150    47.530827    -0.014056    -0.001993    0.988488    
1.177209     -1.349680    37.664065    37.757969    0.041595     -0.047689    1.330819    
-0.353012    -0.747715    126.063472   126.081552   -0.000305    -0.000646    0.108862    
0.803831     1.419488     17.706601    17.890214    0.076033     0.134266     1.674830    
-0.343821    -0.813804    9.531177     9.772348     -0.002916    -0.006901    0.080825    
0.096897     0.007320     56.339701    56.374163    0.001697     0.000128     0.986663    
-0.381779    -0.309109    37.469870    37.524757    -0.003809    -0.003084    0.373852    
1.385768     -0.913265    27.428944    27.549525    0.002216     -0.001460    0.043858    
-1.168019    0.486746     14.099288    14.292168    -0.082098    0.034213     0.991018    
1.184400     0.647522     31.905335    31.994490    0.059418     0.032484     1.600591    
1.175717     0.051615     85.899226    85.929837    0.093076     0.004086     6.800215    
-1.639818    -2.992777    44.871107    45.043722    -0.232774    -0.424828    6.369504    
0.591889     -1.077894    12.568226    12.780746    0.001699     -0.003095    0.036086    
-0.168599    -1.020283    81.430913    81.461267    -0.005572    -0.033719    2.691179    
0.781374     0.641890     38.849428    38.912409    0.009475     0.007783     0.471079    
-0.166029    1.328686     18.669800    18.820982    -0.002066    0.016532     0.232302    
1.517828     -1.742709    171.357333   171.384222   0.022772     -0.026146    2.570898    
-1.206714    -0.571677    9.504188     9.797321     -0.114903    -0.054435    0.904984    
2.485145     -0.132436    43.012545    43.129427    0.065617     -0.003497    1.135697    
-1.135278    0.340995     21.855807    21.976269    -0.019675    0.005910     0.378767    
-0.381835    0.781597     45.494674    45.545549    -0.003000    0.006141     0.357464    
1.093996     -0.319139    32.900840    32.979371    0.228394     -0.066627    6.868708    
-0.223972    -0.784312    18.843084    18.963177    -0.025046    -0.087709    2.107198    
-0.347847    0.318058     21.294694    21.390678    -0.018843    0.017229     1.153546    
0.554234     -0.166255    24.441975    24.527942    0.002348     -0.000704    0.103535    
-0.389091    0.494399     12.755930    12.922249    -0.027234    0.034605     0.892832    
-0.269342    -0.782526    54.072566    54.114713    -0.065522    -0.190361    13.153986   
-2.026197    0.448336     44.393474    44.485525    -0.086811    0.019209     1.902004    
-0.026051    -0.049117    10.049089    10.240226    -0.006967    -0.013137    2.687677    
0.701776     -0.667117    9.505259     9.755124     0.020607     -0.019589    0.279113    
1.367686     -0.236000    92.369744    92.401141    0.008201     -0.001415    0.553845    
-1.427649    -1.766892    36.703471    36.826347    -0.017588    -0.021767    0.452158    
1.393334     2.347226     57.277717    57.376499    0.125692     0.211742     5.166981    
0.245418     0.687778     31.734201    31.803581    0.000804     0.002254     0.103999    
-2.710722    -0.656219    64.864391    64.954159    -0.084341    -0.020417    2.018176    
-0.262108    -1.118158    14.888288    15.061708    -0.052645    -0.224585    2.990347    
-0.713123    0.289478     39.668615    39.724883    -0.002347    0.000953     0.130579    
-0.219957    -0.436160    7.779125     8.039176     -0.003402    -0.006746    0.120322    
-0.036057    0.128506     3.703786     4.196522     -0.000110    0.000392     0.011287    
-0.846750    -1.082395    62.788891    62.834770    -0.027122    -0.034669    2.011151    
2.035703     1.122190     17.382925    17.647788    0.000789     0.000435     0.006737    
0.812951     0.232310     7.427075     7.729893     0.012838     0.003669     0.117285    
1.755335     -0.617734    65.722029    65.777829    0.100556     -0.035387    3.764933    
0.676888     -1.875113    52.407796    52.482628    0.005345     -0.014806    0.413805    
-1.375281    1.585616     19.400075    19.612329    -0.029145    0.033602     0.411122    
1.677032     1.152467     119.976997   120.010397   0.171205     0.117653     12.248205   
2.972157     -0.175924    123.273691   123.325352   0.199623     -0.011816    8.279618    
0.516449     0.722632     124.932861   124.951525   0.002034     0.002846     0.492080    
-0.423669    -0.441559    74.360741    74.389309    -0.093217    -0.097153    16.360992   
-0.193936    1.258117     93.641553    93.670891    -0.016793    0.108939     8.108321    
-0.793945    0.110727     10.984341    11.188088    -0.053539    0.007467     0.740713    
-0.455138    1.280132     14.916397    15.106944    -0.017625    0.049574     0.577647    
0.524639     0.957285     33.282447    33.358475    0.018842     0.034380     1.195306    
0.449435     2.331160     35.224387    35.359139    0.000576     0.002990     0.045183    
-0.096103    0.492840     18.446555    18.558084    -0.014963    0.076737     2.872179    
-0.860975    -0.262299    43.135540    43.189812    -0.074641    -0.022740    3.739575    
-0.981271    0.418770     8.556186     8.844294     -0.016362    0.006983     0.142669    
2.003601     1.228466     18.227566    18.483578    0.459759     0.281891     4.182611    
-0.150177    -0.527059    58.520813    58.556476    -0.010922    -0.038333    4.256251    
0.428838     0.601239     13.002237    13.171124    0.013276     0.018614     0.402535    
-0.515990    0.869826     18.780151    18.910100    -0.040180    0.067733     1.462406    
1.242761     0.047221     88.659515    88.690086    0.157620     0.005989     11.244693   
-0.357003    0.314229     188.330260   188.341147   -0.004446    0.003914     2.345553    
0.126652     0.165161     17.687916    17.798333    0.023510     0.030658     3.283275    
2.357495     -0.745923    116.360432   116.403348   0.024662     -0.007803    1.217251    
0.918732     -0.169879    48.568321    48.617175    0.042166     -0.007797    2.229083    
-0.769287    -0.091795    33.941259    34.007121    -0.047276    -0.005641    2.085841    
-0.771179    -0.287614    21.833695    21.937698    -0.082282    -0.030688    2.329589    
1.200058     -2.943468    49.727300    49.867659    0.128327     -0.314758    5.317552    
-0.884214    2.528442     63.202836    63.290191    -0.009906    0.028328     0.708107    
-1.618431    -0.330063    27.684726    27.803728    -0.100344    -0.020464    1.716472    
0.554071     -0.122201    54.192738    54.231446    0.009993     -0.002204    0.977428    
-0.123559    1.369165     27.528188    27.632698    -0.025389    0.281340     5.656563    
-1.055952    -1.052566    23.042841    23.174779    -0.005077    -0.005061    0.110793    
0.902234     0.589984     55.757496    55.802647    0.231910     0.151650     14.331919   
-1.400120    0.322089     28.706538    28.809796    -0.211579    0.048672     4.337989    
-0.396075    -1.576003    27.948004    28.064328    -0.003271    -0.013017    0.230844    
-1.101557    0.027813     102.360602   102.385457   -0.012514    0.000316     1.162800    
1.573238     1.151872     29.617598    29.746915    0.040480     0.029638     0.762066    
-1.418814    1.172620     62.391939    62.450116    -0.053056    0.043850     2.333140    
0.061611     -1.022106    8.621075     8.902044     0.001200     -0.019907    0.167908    
1.135334     -1.191280    59.224572    59.280123    0.123065     -0.129129    6.419674    
0.394503     -1.126919    30.245361    30.332860    0.020427     -0.058352    1.566107    
0.068617     0.126109     95.616809    95.637177    0.001075     0.001977     1.498673    
0.347742     -0.077855    138.505846   138.520292   0.005197     -0.001164    2.070026    
0.750385     -2.181494    51.327277    51.416791    0.060727     -0.176542    4.153773    
0.161937     0.839564     153.505593   153.520596   0.009158     0.047477     8.680755    
-0.406976    1.275565     33.635742    33.719887    -0.007068    0.022152     0.584122    
1.291137     0.523541     27.254445    27.360936    0.075913     0.030782     1.602438    
-1.507383    0.294416     76.515771    76.556496    -0.171723    0.033540     8.716772    
0.382107     1.128682     52.778289    52.828427    0.101339     0.299340     13.997414   
2.291952     0.375063     23.947598    24.140342    0.676955     0.110779     7.073204    
-0.303270    -0.171965    123.877949   123.894079   -0.021123    -0.011977    8.628167    
-1.195662    0.237090     16.626505    16.786943    -0.204008    0.040453     2.836875    
2.018750     0.193424     15.021122    15.284692    0.271222     0.025987     2.018111    
-0.370217    -0.926895    15.394218    15.551626    -0.056842    -0.142312    2.363568    
1.473720     1.077039     62.547469    62.605053    0.093592     0.068400     3.972232    
-0.913195    -0.080586    39.912887    39.971915    -0.039238    -0.003463    1.714976    
0.337813     -0.643047    69.679074    69.710658    0.011166     -0.021255    2.303172    
-0.882208    1.003582     26.226847    26.334538    -0.003880    0.004414     0.115356    
0.393809     -2.175841    52.401359    52.484919    0.017811     -0.098409    2.370004    
-0.812898    -0.436951    169.807185   169.821103   -0.005094    -0.002738    1.064173    
-2.181322    -2.954666    38.622669    38.846798    -0.119260    -0.161542    2.111633    
-1.187108    -0.413532    120.155191   120.177889   -0.069944    -0.024365    7.079474    
-0.229594    -0.252677    14.353080    14.491460    -0.000337    -0.000371    0.021048    
-0.663656    -0.361440    26.635897    26.719226    -0.146381    -0.079722    5.875017    
0.249979     -0.262337    137.442180   137.456753   0.017260     -0.018113    9.489729    
1.590944     0.230905     11.982352    12.248923    0.167724     0.024343     1.263227    
0.543346     -2.785292    50.469567    50.587600    0.008620     -0.044186    0.800659    
-1.316119    0.289239     37.331280    37.407422    -0.018886    0.004150     0.535684    
-0.932411    0.575034     13.843673    14.025773    -0.171002    0.105460     2.538899    
0.069573     0.394945     25.014734    25.095273    0.012469     0.070784     4.483238    
0.232759     0.395993     6.500503     6.807531     0.008954     0.015234     0.250079    
0.840522     0.531908     15.390823    15.548048    0.044909     0.028420     0.822329    
-1.308081    1.474240     124.337450   124.368649   -0.016175    0.018229     1.537453    
0.072537     0.972562     14.104418    14.274478    0.002981     0.039968     0.579627    
0.364385     -0.488321    69.105190    69.135906    0.043328     -0.058064    8.217034    
1.419580     -1.213142    19.815163    20.000063    0.106032     -0.090613    1.480042    
0.409116     0.582463     11.453050    11.642764    0.009775     0.013916     0.273634    
0.206234     0.518660     19.037466    19.147105    0.007233     0.018190     0.667659    
-0.227666    -0.655978    8.480575     8.733684     -0.007402    -0.021326    0.275708    
0.806890     1.603028     65.308682    65.362984    0.121281     0.240946     9.816358    
-0.583437    -2.321986    9.498791     9.991696     -0.038256    -0.152253    0.622839    
-1.094446    -1.369056    76.756063    76.801304    -0.001509    -0.001888    0.105831    
1.322626     1.277163     42.000376    42.086660    0.083442     0.080574     2.649733    
-1.162945    -1.543326    18.409075    18.614599    -0.163293    -0.216704    2.584883    
0.054761     0.500695     12.386994    12.552540    0.000755     0.006902     0.170759    
2.899249     -0.761358    52.994943    53.116139    0.008999     -0.002363    0.164491    
0.095977     -0.147965    15.611576    15.736180    0.004863     -0.007497    0.790951    
-0.121604    -0.454590    7.194073     7.473358     -0.005122    -0.019149    0.303038    
-0.906807    0.694231     23.684050    23.793138    -0.116907    0.089501     3.053375    
0.466430     -0.690647    80.607148    80.635487    0.094973     -0.140628    16.413042   
-1.541521    1.564673     146.781935   146.811566   -0.067855    0.068874     6.461076    
-0.125215    -0.692209    30.114443    30.186909    -0.008677    -0.047970    2.086945    
-0.037596    -0.536131    19.336147    19.443518    -0.011630    -0.165850    5.981576    
-0.377500    -0.055248    84.536654    84.560430    -0.013653    -0.001998    3.057337    
-1.357501    -0.200138    56.761351    56.812048    -0.009528    -0.001405    0.398389    
0.320368     0.419233     97.623172    97.644442    0.017537     0.022948     5.343786    
0.014708     -0.020655    11.024004    11.198404    0.000647     -0.000909    0.484943    
1.507585     0.365970     23.897453    24.028524    0.061320     0.014886     0.972016    
-1.100310    -0.932613    29.327408    29.428766    -0.040226    -0.034096    1.072185    
-0.705045    -0.732567    21.346351    21.461021    -0.024923    -0.025896    0.754593    
-0.094161    -0.109597    9.506345     9.709090     -0.009976    -0.011612    1.007174    
0.031250     -0.157966    12.135237    12.294912    0.001360     -0.006874    0.528066    
0.190867     -0.644343    11.329931    11.519283    0.038642     -0.130451    2.293807    
-0.285641    0.403732     14.857471    14.995465    -0.061519    0.086952     3.199867    
-0.835184    -0.493222    19.550586    19.673362    -0.110470    -0.065239    2.585969    
-1.321503    -3.191077    69.224068    69.338127    -0.311787    -0.752884    16.332312   
0.269880     -0.288565    51.297921    51.337196    0.016075     -0.017188    3.055430    
-0.268968    -0.950397    40.320865    40.380970    -0.018445    -0.065176    2.765100    
-1.319681    -2.052702    89.495608    89.550511    -0.104570    -0.162653    7.091501    
-0.054317    0.462745     28.192820    28.265299    -0.004953    0.042197     2.570857    
0.886832     1.046646     67.801234    67.843675    0.044461     0.052473     3.399169    
-0.335641    0.812369     91.035549    91.061071    -0.001890    0.004575     0.512713    
0.370958     -0.559857    61.347208    61.382456    0.008009     -0.012088    1.324552    
0.442112     -0.722857    21.805420    21.910483    0.021003     -0.034340    1.035881    
-1.465115    0.619463     13.037879    13.281247    -0.074827    0.031638     0.665879    
-2.306655    -0.183678    17.189464    17.455859    -0.191989    -0.015288    1.430727    
-0.125853    0.595779     145.868256   145.882809   -0.002772    0.013121     3.212434    
0.714217     -0.697138    19.205420    19.331819    0.003665     -0.003577    0.098550    
-0.929464    0.001871     26.495513    26.584790    -0.127530    0.000257     3.635405    
