1.013991     -0.873359    45.506870    45.569080    0.036756     -0.031658    1.649568    
-0.946243    0.178861     23.684222    23.785389    -0.003711    0.000702     0.092894    
0.703579     0.224139     9.290711     9.525625     0.050107     0.015963     0.661665    
-1.904559    0.787006     18.715025    18.930764    -0.025285    0.010448     0.248460    
0.776351     1.189903     126.686021   126.709279   0.059943     0.091874     9.781632    
-1.432709    -1.176359    83.625840    83.669544    -0.025537    -0.020967    1.490551    
0.097310     -0.643149    18.590012    18.705256    0.020713     -0.136896    3.956937    
0.695180     0.133544     17.507043    17.631580    0.159324     0.030606     4.012344    
1.647148     0.861759     71.534811    71.586032    0.641690     0.335721     27.868266   
1.015478     -1.464549    10.726239    11.050034    0.182934     -0.263832    1.932284    
0.971836     0.206007     46.477799    46.530072    0.071604     0.015179     3.424463    
0.143997     0.626757     8.414746     8.665822     0.016577     0.072151     0.968689    
0.438895     -0.674062    30.497131    30.571178    0.001144     -0.001758    0.079519    
0.861639     -0.442822    14.758588    14.920770    0.106520     -0.054744    1.824523    
-0.320361    1.191125     45.082715    45.142525    -0.009632    0.035811     1.355409    
0.318973     -2.795451    24.891010    25.126751    0.037407     -0.327833    2.919061    
-2.259546    2.046698     21.378336    21.684158    -0.234132    0.212077     2.215205    
0.176499     -0.703744    132.534583   132.551187   0.024594     -0.098061    18.467682   
1.034408     0.857773     29.770508    29.865765    0.077655     0.064394     2.234921    
0.217750     0.946204     81.214907    81.244561    0.008468     0.036795     3.158236    
-0.319583    -0.582703    8.938541     9.176827     -0.034761    -0.063380    0.972237    
-0.968285    -0.262178    61.610442    61.650043    -0.182597    -0.049441    11.618381   
0.723734     -1.501436    133.546356   133.571263   0.023997     -0.049782    4.427933    
1.003461     0.550023     19.131857    19.266872    0.083958     0.046020     1.600740    
-0.818499    0.844599     25.226369    25.330376    -0.001406    0.001451     0.043329    
0.783330     -0.299638    16.869097    17.004258    0.024658     -0.009432    0.531021    
1.060039     0.620967     76.945341    76.980320    0.011612     0.006802     0.842889    
0.421100     -2.100532    17.895608    18.130563    0.001428     -0.007122    0.060675    
-1.177372    1.216449     75.889774    75.934174    -0.232305    0.240015     14.973647   
-0.917948    0.125686     26.636527    26.725230    -0.008791    0.001204     0.255107    
-1.071427    0.524049     53.703433    53.752733    -0.051979    0.025424     2.605365    
0.330904     -0.054665    9.736322     9.938984     0.009252     -0.001528    0.272225    
0.904349     0.869460     13.513011    13.713140    0.027441     0.026382     0.410032    
0.698157     -0.452175    19.077866    19.197182    0.011385     -0.007374    0.311102    
-0.329208    -0.171863    41.590008    41.638223    -0.043002    -0.022449    5.432550    
0.244724     -0.434799    19.792953    19.896856    0.011552     -0.020524    0.934292    
-0.359608    -0.574257    39.498051    39.552877    -0.067473    -0.107747    7.410982    
-0.038452    -1.576957    12.078078    12.338686    -0.000509    -0.020890    0.159996    
-0.363817    0.010886     54.508748    54.545495    -0.064738    0.001937     9.699319    
-0.028350    -0.663220    67.840235    67.872035    -0.000375    -0.008784    0.898527    
0.231499     -0.818327    98.514612    98.537947    0.000339     -0.001197    0.144128    
1.198141     1.155974     26.612846    26.737433    0.070377     0.067900     1.563203    
-0.563092    0.164773     38.926645    38.980801    -0.026353    0.007711     1.821792    
1.617680     -1.393630    24.145874    24.319895    0.015132     -0.013036    0.225858    
1.049850     -0.430467    5.863496     6.288325     0.024115     -0.009888    0.134687    
-0.641075    -0.885386    13.742733    13.925967    -0.004535    -0.006263    0.097213    
1.230688     -0.629778    17.209438    17.376735    0.461206     -0.236012    6.449320    
-0.106142    -0.604955    12.499023    12.667982    -0.018450    -0.105157    2.172667    
1.186987     -1.115867    40.579285    40.659654    0.157155     -0.147739    5.372629    
-1.664872    -0.407902    16.444836    16.650699    -0.135852    -0.033285    1.341887    
1.680006     -0.882743    64.612808    64.670639    0.023564     -0.012382    0.906279    
-0.922159    -0.321247    20.732981    20.849101    -0.054655    -0.019040    1.228822    
0.650049     -0.116892    38.945228    39.000538    0.001594     -0.000287    0.095513    
-0.645253    0.761787     13.599539    13.777485    -0.015688    0.018521     0.330641    
1.467572     0.081875     17.395665    17.568284    0.012853     0.000717     0.152353    
-0.175853    1.096386     18.827349    18.962516    -0.008129    0.050680     0.870279    
0.788159     0.591522     30.650418    30.729370    0.113565     0.085231     4.416366    
-1.726831    1.343407     52.081730    52.164818    -0.460349    0.358133     13.884248   
-1.705705    -0.381288    37.403439    37.495960    -0.013536    -0.003026    0.296818    
0.373785     -0.503410    98.572487    98.594134    0.014903     -0.020072    3.930236    
1.029529     0.522885     135.837082   135.856252   0.025814     0.013111     3.405953    
0.196099     -1.304291    46.162573    46.223346    0.006771     -0.045037    1.593976    
-0.814917    1.386621     33.580925    33.676999    -0.022036    0.037496     0.908070    
0.142846     1.255536     31.676512    31.762763    0.024466     0.215045     5.425478    
0.960834     -0.914649    51.198853    51.253851    0.105000     -0.099952    5.594991    
-1.224933    -0.882560    49.199198    49.261703    -0.017297    -0.012463    0.694743    
0.195149     -1.273483    60.326121    60.371978    0.004701     -0.030675    1.453114    
-0.422150    0.482339     11.539336    11.723569    -0.005710    0.006524     0.156068    
0.305026     0.230730     52.517067    52.555338    0.061617     0.046609     10.608813   
0.380666     -0.139681    49.415899    49.456753    0.053199     -0.019521    6.906009    
-0.827976    0.222487     30.050521    30.127128    -0.000031    0.000008     0.001117    
-2.395699    -0.067778    29.939352    30.099563    -0.203281    -0.005751    2.540425    
-0.294196    0.152210     8.066270     8.309596     -0.024520    0.012686     0.672300    
1.221705     -0.403393    18.243932    18.394871    0.006189     -0.002044    0.092426    
-0.957895    1.174609     33.882120    33.973081    -0.203631    0.249700     7.202703    
0.929846     1.088573     54.503586    54.557909    0.071501     0.083707     4.191091    
-0.130597    -0.343985    99.854906    99.874985    -0.001189    -0.003132    0.909057    
0.390658     -1.039184    23.638257    23.746045    0.103117     -0.274301    6.239517    
-2.038986    -0.297307    18.634258    18.850899    -0.001116    -0.000163    0.010198    
0.782439     1.550013     45.511684    45.587313    0.006738     0.013347     0.391902    
1.103686     0.244309     30.236092    30.321181    0.015669     0.003468     0.429250    
-2.306847    -0.233522    14.020676    14.346790    -0.074462    -0.007538    0.452568    
0.767091     -0.208356    27.869655    27.950393    0.017121     -0.004650    0.622017    
-0.876008    -0.178681    17.559196    17.691796    -0.029420    -0.006001    0.589702    
-0.537777    -0.173653    41.290433    41.341192    -0.014140    -0.004566    1.085703    
0.389898     -1.245939    16.951459    17.115236    0.002272     -0.007261    0.098789    
-2.404149    -1.801969    35.858485    36.037938    -0.139847    -0.104819    2.085859    
-1.535445    -1.295066    53.294000    53.368157    -0.107432    -0.090613    3.728886    
-1.044501    -0.276959    9.423243     9.687113     -0.168071    -0.044566    1.516298    
-0.754156    -0.449501    89.291336    89.317347    -0.113513    -0.067658    13.439857   
-0.933533    -0.451654    13.142865    13.329866    -0.019044    -0.009214    0.268109    
2.049217     -2.198483    78.439410    78.521645    0.975491     -1.046547    37.339610   
0.216979     0.796459     11.955691    12.144749    0.017825     0.065431     0.982190    
2.009418     -0.403053    105.684144   105.722341   0.015689     -0.003147    0.825148    
-0.249240    -0.812442    12.235573    12.422012    -0.026026    -0.084835    1.277638    
-0.810655    -2.092304    116.163000   116.201344   -0.210380    -0.542992    30.146475   
1.910309     0.138406     28.649239    28.780588    0.053714     0.003892     0.805553    
-1.085643    2.467580     53.978469    54.081583    -0.172253    0.391518     8.564484    
-0.977212    1.409064     50.114547    50.182499    -0.015560    0.022436     0.797945    
-0.275407    -0.324229    8.006777     8.256173     -0.039547    -0.046557    1.149718    
0.390440     -0.045759    86.724084    86.747312    0.025818     -0.003026    5.734716    
-1.551440    1.381525     61.896106    61.962235    -0.026563    0.023653     1.059737    
0.172945     0.224256     4.597115     5.008854     0.043424     0.056308     1.154278    
0.212418     0.705411     15.081305    15.227063    0.034975     0.116148     2.483180    
-0.336541    1.500575     24.445957    24.573253    -0.010438    0.046543     0.758239    
0.467760     0.427247     54.514513    54.553720    0.070311     0.064221     8.194307    
-0.576923    -0.513807    51.230444    51.274069    -0.004202    -0.003742    0.373103    
0.772012     -0.100488    13.539946    13.704423    0.017161     -0.002234    0.300984    
-0.040576    0.677735     38.823044    38.878846    -0.000036    0.000598     0.034252    
0.580996     -0.200771    18.487198    18.601864    0.006450     -0.002229    0.205240    
-0.659969    -1.443092    19.197325    19.363117    -0.045513    -0.099520    1.323903    
0.327559     1.254046     22.012160    22.137978    0.109342     0.418610     7.347817    
0.298195     0.691610     48.445944    48.491769    0.050810     0.117844     8.254733    
0.540541     -0.737270    43.460668    43.514829    0.019319     -0.026350    1.553310    
-0.688708    -2.237566    138.967524   139.001183   -0.002573    -0.008358    0.519099    
-0.601746    1.858652     55.336624    55.406079    -0.049080    0.151597     4.513414    
-0.253854    0.039292     7.817400     8.065524     -0.005028    0.000778     0.154836    
-1.258125    0.413510     19.059538    19.206635    -0.058819    0.019332     0.891062    
-0.267525    0.270531     35.159339    35.216457    -0.015345    0.015518     2.016745    
0.748752     -0.374217    133.072636   133.089827   0.016911     -0.008452    3.005562    
-2.844927    -1.843237    68.099369    68.212097    -0.138076    -0.089460    3.305139    
-0.905120    -1.151510    42.144340    42.215703    -0.007925    -0.010082    0.369004    
1.079256     2.262496     22.612664    22.836182    0.004316     0.009048     0.090430    
0.075947     -0.184641    5.810300     6.137948     0.000024     -0.000059    0.001858    
-0.695147    0.244089     86.404829    86.430389    -0.155149    0.054478     19.284621   
-0.405866    1.203145     43.224301    43.287729    -0.038304    0.113549     4.079361    
-0.419200    0.609772     136.069907   136.086157   -0.067464    0.098133     21.898374   
1.102498     1.191997     47.274015    47.342833    0.190958     0.206459     8.188077    
-0.225668    0.411221     7.525229     7.792564     -0.003577    0.006518     0.119284    
-0.457361    0.808239     22.662352    22.766633    -0.005777    0.010209     0.286241    
0.535793     -1.091395    19.320660    19.458701    0.086271     -0.175732    3.110938    
-0.862609    0.727560     12.129886    12.340281    -0.045757    0.038593     0.643422    
0.226018     0.741565     58.254715    58.293119    0.010193     0.033444     2.627248    
1.045047     1.174815     100.530345   100.561909   0.092138     0.103579     8.863414    
-0.434663    0.760553     68.638739    68.672548    -0.007590    0.013281     1.198600    
-0.711942    3.010822     39.718091    39.887010    -0.113422    0.479667     6.327654    
0.620404     -1.151329    51.981290    52.034987    0.034435     -0.063903    2.885167    
-0.678787    0.390939     18.608563    18.728779    -0.027812    0.016018     0.762461    
0.335946     1.476286     42.267093    42.339986    0.104805     0.460554     13.185991   
-0.763077    -0.715314    15.041956    15.206227    -0.155814    -0.146061    3.071443    
0.524324     0.404538     23.524191    23.615696    0.001740     0.001342     0.078059    
-1.997859    0.433984     21.926119    22.109035    -0.221971    0.048218     2.436092    
-0.513364    -1.050937    36.555800    36.627441    -0.015047    -0.030803    1.071454    
0.012048     0.113175     41.978765    42.025048    0.002050     0.019252     7.140870    
1.662240     0.694937     44.731450    44.810976    0.057394     0.023995     1.544491    
-0.969122    0.228997     83.171544    83.200796    -0.061841    0.014613     5.307267    
-0.729828    -0.640632    32.685248    32.758868    -0.059043    -0.051827    2.644238    
0.190616     -0.283212    94.936875    94.957894    0.030302     -0.045022    15.091932   
2.147736     2.208754     71.385178    71.478738    0.046256     0.047570     1.537431    
-1.986829    1.228226     97.820210    97.867893    -0.083285    0.051486     4.100490    
1.956760     -0.329658    9.105208     9.524566     0.373484     -0.062921    1.737899    
0.775508     -0.976898    17.591607    17.745290    0.082771     -0.104265    1.877567    
-0.309184    -1.725602    66.127938    66.180453    -0.007517    -0.041953    1.607723    
-1.613717    -1.170991    128.865507   128.895963   -0.243270    -0.176528    19.426647   
-0.169207    0.143696     20.702592    20.797152    -0.005229    0.004440     0.639724    
-1.428685    -0.192774    36.676487    36.757556    -0.024079    -0.003249    0.618132    
0.908945     1.255985     90.185743    90.220545    0.042100     0.058173     4.177128    
0.223381     1.351979     22.694311    22.820703    0.023561     0.142597     2.393632    
0.626200     -0.279646    20.987681    21.090947    0.055769     -0.024905    1.869138    
0.474762     -0.278028    9.230523     9.454111     0.023073     -0.013512    0.448596    
0.958411     -0.961285    16.621204    16.792320    0.058551     -0.058727    1.015426    
1.024250     -0.767508    48.851543    48.907937    0.008924     -0.006687    0.425621    
-0.521238    -1.138919    27.260220    27.359886    -0.024981    -0.054583    1.306463    
-1.676178    0.379649     34.793877    34.891869    -0.071694    0.016238     1.488205    
-0.714538    -1.178070    126.797423   126.820187   -0.082830    -0.136563    14.698504   
-0.864998    0.726732     17.861106    18.004733    -0.017902    0.015040     0.369645    
-0.641647    1.212125     33.605897    33.691426    -0.044916    0.084850     2.352443    
-0.597506    0.460789     7.313096     7.610891     -0.113985    0.087904     1.395109    
-0.748464    0.596961     49.197529    49.246202    -0.013778    0.010989     0.905629    
-0.235803    0.883819     20.031882    20.149144    -0.003154    0.011823     0.267978    
0.164479     0.045244     22.299329    22.386695    0.006886     0.001894     0.933601    
-0.119096    -0.480473    30.457625    30.525184    -0.005396    -0.021769    1.379937    
-1.111346    0.443969     71.311308    71.348510    -0.106411    0.042510     6.828028    
-0.535634    -1.834983    48.730679    48.807869    -0.069970    -0.239703    6.365674    
-2.193185    0.463282     48.403917    48.495761    -0.005116    0.001081     0.112911    
0.919567     -0.290778    18.221394    18.352774    0.043862     -0.013870    0.869132    
-1.133721    -1.870449    53.787542    53.867973    -0.101415    -0.167318    4.811488    
-0.502541    -1.076302    34.675334    34.751470    -0.040098    -0.085879    2.766766    
-0.057780    0.118398     79.466152    79.490639    -0.002619    0.005368     3.602670    
-1.321735    -0.563254    41.620378    41.691666    -0.072617    -0.030945    2.286644    
0.769824     0.736643     19.172682    19.302900    0.174521     0.166998     4.346483    
0.818604     -0.149973    30.143952    30.219619    0.036269     -0.006645    1.335544    
-0.243124    0.700905     97.716713    97.739354    -0.005216    0.015037     2.096420    
-0.732142    0.202162     8.702210     8.954346     -0.059621    0.016463     0.708656    
-0.685199    -0.321749    109.866432   109.886672   -0.018582    -0.008725    2.979410    
0.854236     -0.921729    13.781219    13.977705    0.006319     -0.006818    0.101938    
0.156751     -1.133567    105.125816   105.150472   0.016013     -0.115800    10.739128   
2.941199     0.516412     78.086164    78.168033    0.602004     0.105699     15.982671   
1.703580     1.007800     29.261436    29.394292    0.005042     0.002983     0.086606    
-0.919097    -0.061059    41.336244    41.393339    -0.118476    -0.007871    5.328430    
-0.837652    0.846878     12.288980    12.502513    -0.036715    0.037120     0.538640    
1.025077     -0.175216    41.840864    41.900052    0.068133     -0.011646    2.781021    
-1.453032    0.202606     31.799638    31.894267    -0.278226    0.038795     6.088981    
0.224897     -0.486276    15.871502    16.002080    0.022008     -0.047586    1.553146    
0.053222     -1.070003    32.442592    32.519909    0.000141     -0.002834    0.085934    
1.218401     1.588610     28.700400    28.837408    0.040411     0.052690     0.951922    
1.824768     -0.656568    46.921712    47.003009    0.008014     -0.002883    0.206063    
-0.616815    0.546795     48.618187    48.665003    -0.002464    0.002185     0.194242    
1.195529     0.419993     98.989904    99.017583    0.126812     0.044549     10.500048   
-0.612221    -0.351816    123.513368   123.531072   -0.081128    -0.046621    16.367362   
0.180282     0.380898     72.761435    72.789278    0.029453     0.062228     11.887091   
0.600723     0.790278     37.699610    37.764017    0.125213     0.164723     7.857987    
-1.514984    1.854296     36.524797    36.656095    -0.242454    0.296756     5.845327    
-1.042708    -1.100831    72.288831    72.331523    -0.275857    -0.291234    19.124626   
-0.295015    -0.181010    18.092544    18.202607    -0.004512    -0.002769    0.276729    
-0.294849    -2.926693    24.775389    25.026932    -0.008907    -0.088408    0.748401    
-0.717412    0.392189     41.300610    41.355578    -0.050554    0.027637     2.910348    
0.334275     -0.082377    31.427050    31.490522    0.021878     -0.005392    2.056893    
0.235059     1.862858     30.469008    30.590209    0.011406     0.090390     1.478428    
-0.283805    -0.277080    78.793922    78.819505    -0.040246    -0.039293    11.173705   
-0.069113    0.288593     27.317478    27.389918    -0.001334    0.005569     0.527112    
0.031414     0.281068     22.444175    22.532109    0.001771     0.015847     1.265436    
0.154017     -0.801410    11.654574    11.847786    0.009204     -0.047891    0.696456    
-0.123899    2.174218     18.581141    18.811601    -0.052594    0.922941     7.887566    
0.391610     -0.453183    70.782761    70.812661    0.028479     -0.032957    5.147518    
-0.296288    -0.618527    31.342271    31.411515    -0.032440    -0.067721    3.431600    
-1.329934    -1.459399    114.419356   114.453320   -0.039492    -0.043336    3.397630    
0.541347     0.151594     62.020895    62.054672    0.099177     0.027773     11.362421   
1.124050     -0.218151    44.184583    44.243230    0.101238     -0.019648    3.979504    
-1.158215    -0.581172    66.924035    66.965518    -0.023661    -0.011872    1.367158    
-0.486864    -0.310056    9.520314     9.738814     -0.006026    -0.003838    0.117833    
-1.048055    1.486924     29.759997    29.880457    -0.103835    0.147315     2.948428    
0.432833     -2.379712    106.917896   106.963366   0.015928     -0.087574    3.934590    
-0.268955    0.251690     7.509567     7.772016     -0.004093    0.003830     0.114272    
0.327766     -0.596122    20.278972    20.385644    0.006090     -0.011075    0.376766    
-0.868556    1.601142     15.622948    15.851483    -0.481622    0.887847     8.663054    
-1.933118    -0.211056    59.068182    59.132957    -0.133250    -0.014548    4.071569    
-0.344815    -0.856862    18.058901    18.189336    -0.024235    -0.060223    1.269241    
-0.980471    1.099772     92.431100    92.463798    -0.013290    0.014907     1.252850    
1.845022     1.051866     9.892394     10.307519    0.248383     0.141606     1.331747    
0.901164     2.537165     118.149356   118.196424   0.009993     0.028135     1.310163    
0.360184     2.185849     48.057948    48.149237    0.009803     0.059494     1.308025    
-1.128302    0.754128     53.693801    53.747009    -0.119716    0.080015     5.697043    
1.159407     1.009620     77.521862    77.562089    0.025719     0.022397     1.719681    
1.113030     1.098594     24.213112    24.343285    0.217698     0.214875     4.735861    
-0.258610    -1.640428    28.609603    28.725289    -0.020282    -0.128654    2.243768    
-0.812847    -0.464107    54.351080    54.394769    -0.030674    -0.017514    2.051018    
0.145078     -1.381779    28.431795    28.533704    0.007667     -0.073023    1.502540    
1.974895     0.271521     43.659455    43.749250    0.014986     0.002060     0.331309    
-0.945026    -0.398642    31.586588    31.664483    -0.097475    -0.041118    3.258010    
-0.490667    -1.148386    22.054451    22.177315    -0.080338    -0.188027    3.611016    
0.958259     0.100222     25.898728    25.991294    0.010388     0.001086     0.280761    
1.391415     -1.441996    34.134696    34.250077    0.083418     -0.086450    2.046437    
-0.457612    2.056943     53.362900    53.440756    -0.016677    0.074962     1.944722    
0.751941     -2.391315    79.991428    80.054902    0.014157     -0.045022    1.506030    
-1.977755    2.054960     31.025368    31.218308    -0.027910    0.029000     0.437833    
-0.097956    2.136192     42.491310    42.590601    -0.000918    0.020012     0.398052    
0.464367     1.080469     28.041783    28.135380    0.007447     0.017326     0.449674    
-0.477407    0.209107     11.777306    11.952051    -0.052122    0.022830     1.285816    
1.479649     -0.730986    36.601131    36.691163    0.005946     -0.002938    0.147094    
-1.417010    0.631500     59.145896    59.198976    -0.163180    0.072722     6.811138    
1.351830     0.404794     104.621832   104.649863   0.147543     0.044180     11.418739   
0.096243     1.695237     49.017953    49.086839    0.000674     0.011863     0.343029    
-0.739146    -0.633294    11.807163    12.009640    -0.071495    -0.061256    1.142064    
1.514570     -2.181888    44.801816    44.923626    0.142649     -0.205499    4.219623    
0.156433     0.921085     12.856297    13.039640    0.020674     0.121728     1.699049    
-1.412811    1.262726     56.999860    57.065309    -0.187898    0.167937     7.580742    
-0.128828    -0.892946    53.655761    53.699437    -0.000707    -0.004898    0.294293    
1.105763     -0.042528    65.954949    65.993596    0.067493     -0.002596    4.025750    
-0.495171    -1.678529    8.420830     8.823150     -0.076917    -0.260733    1.308041    
0.718466     0.957042     82.345881    82.378099    0.028531     0.038005     3.270062    
-0.339390    -1.620581    45.902311    45.974325    -0.016717    -0.079825    2.261006    
-0.346895    -3.132454    46.923684    47.070582    -0.047082    -0.425150    6.368690    
-0.138669    -1.280021    53.704857    53.756342    -0.009718    -0.089709    3.763851    
-0.167699    -1.819598    38.757432    38.850387    -0.037857    -0.410759    8.749173    
-0.112740    -0.148362    7.030295     7.303062     -0.014544    -0.019139    0.906930    
-0.489284    -0.722497    25.969497    26.058609    -0.078515    -0.115939    4.167308    
-0.007271    -1.389236    34.784477    34.867819    -0.000737    -0.140795    3.525307    
0.672782     -0.168562    39.586237    39.641218    0.022251     -0.005575    1.309245    
-1.184902    1.564750     165.836018   165.859315   -0.057006    0.075281     7.978421    
-1.259650    0.158454     19.024888    19.168546    -0.190844    0.024007     2.882375    
-1.391592    -1.787310    14.547196    14.853514    -0.012216    -0.015690    0.127704    
-0.604020    -0.484876    64.358332    64.393088    -0.006237    -0.005007    0.664584    
1.701081     -0.499381    16.630726    16.840399    0.017365     -0.005098    0.169770    
-0.276147    0.225546     10.582526    10.769956    -0.023459    0.019161     0.899006    
0.904481     -0.853087    14.142230    14.332602    0.032962     -0.031089    0.515388    
1.121624     0.600250     54.643684    54.693926    0.008418     0.004505     0.410098    
1.960544     -0.175774    47.721742    47.802869    0.111050     -0.009956    2.703081    
-1.326583    -1.355985    33.442164    33.553715    -0.022648    -0.023150    0.570950    
-1.633302    0.747087     51.986335    52.054585    -0.002972    0.001360     0.094605    
-1.739155    0.333762     20.576290    20.745957    -0.053771    0.010319     0.636177    
1.271043     -0.437064    39.378119    39.450194    0.021383     -0.007353    0.662462    
-0.967483    -1.379273    108.472238   108.503179   -0.020524    -0.029260    2.301157    
0.106438     -0.619031    30.412410    30.482522    0.029932     -0.174083    8.552515    
0.528401     0.860405     68.740600    68.776191    0.022964     0.037393     2.987451    
0.507174     0.910916     16.117801    16.271001    0.003076     0.005525     0.097766    
-0.474170    0.819760     25.192048    25.286579    -0.030375    0.052513     1.613778    
-0.459805    0.770473     19.403308    19.523533    -0.099195    0.166217     4.185938    
-0.367741    -0.200427    17.449107    17.564785    -0.055239    -0.030106    2.621065    
-1.875086    2.323244     92.566184    92.635235    -0.053970    0.066869     2.664293    
-0.881485    -0.608440    11.070964    11.295504    -0.162716    -0.112314    2.043628    
-1.000053    0.781965     12.612378    12.828040    -0.072524    0.056708     0.914647    
0.717065     0.003137     91.403115    91.427122    0.255485     0.001118     32.566242   
0.016431     -0.227572    17.506483    17.618284    0.001061     -0.014695    1.130470    
-0.785595    1.523217     30.872480    30.982613    -0.004132    0.008012     0.162387    
1.306588     -0.569221    14.907845    15.104634    0.097953     -0.042674    1.117620    
0.411697     -0.321358    28.065542    28.139339    0.004091     -0.003193    0.278889    
-1.375702    -0.688747    56.580559    56.635692    -0.165572    -0.082894    6.809743    
1.799111     0.640709     62.126448    62.186958    0.169564     0.060386     5.855338    
-0.586481    0.446599     47.243111    47.289850    -0.139762    0.106427     11.258301   
-0.465478    1.236689     37.171756    37.247288    -0.004922    0.013077     0.393063    
0.331015     -1.255939    10.888385    11.140863    0.021172     -0.080333    0.696445    
0.087849     -0.593438    7.327425     7.610913     0.005695     -0.038469    0.474995    
-1.250198    -0.168019    14.927311    15.109295    -0.099267    -0.013341    1.185238    
0.513763     -2.916195    60.521388    60.625750    0.056776     -0.322270    6.688249    
-1.821953    0.864307     62.514954    62.578439    -0.067021    0.031794     2.299621    
-0.678499    -1.555059    39.723171    39.808088    -0.163875    -0.375588    9.594187    
-0.410000    -1.465388    32.072817    32.169178    -0.018138    -0.064827    1.418871    
-1.332357    -0.199362    18.383719    18.537826    -0.111186    -0.016637    1.534131    
-0.964334    0.748480     12.645788    12.856169    -0.025529    0.019815     0.334775    
-0.428439    -1.112247    29.858278    29.946825    -0.010192    -0.026458    0.710260    
0.812592     -1.194448    11.222814    11.485361    0.011263     -0.016555    0.155551    
0.734672     -0.323189    55.235143    55.276036    0.276073     -0.121447    20.756122   
0.874156     -1.669014    27.977473    28.109851    0.078335     -0.149565    2.507139    
-0.658765    -2.206566    61.606736    61.681179    -0.003969    -0.013294    0.371173    
-0.475026    0.239838     9.213682     9.436634     -0.040351    0.020373     0.782650    
-0.178288    -2.105400    104.386456   104.426393   -0.009708    -0.114636    5.683697    
2.150764     -1.043079    54.759649    54.847132    0.055572     -0.026951    1.414881    
0.932674     -0.909925    50.342959    50.398277    0.044137     -0.043061    2.382408    
1.281230     -0.672126    51.871221    51.928718    0.002488     -0.001305    0.100735    
-0.242788    1.230975     14.639969    14.824908    -0.006307    0.031977     0.380302    
-0.123999    -0.286780    14.877398    15.010315    -0.027637    -0.063917    3.315832    
-0.958067    -0.207782    6.076277     6.461978     -0.051922    -0.011261    0.329304    
0.701886     -0.322370    14.154074    14.311161    0.022564     -0.010363    0.455016    
1.426835     1.571594     54.085843    54.163264    0.075225     0.082856     2.851474    
0.037330     0.803158     60.145144    60.182720    0.000241     0.005181     0.388016    
-2.623610    0.954717     33.103272    33.279068    -0.095090    0.034603     1.199790    
-0.792252    -1.167893    21.565873    21.701462    -0.033364    -0.049183    0.908193    
1.126307     -0.775438    41.130977    41.200754    0.000391     -0.000269    0.014293    
2.878786     0.934177     69.706240    69.799677    0.130342     0.042297     3.156076    
-0.343607    -0.094351    21.962945    22.053863    -0.001640    -0.000450    0.104799    
0.386437     -0.382643    9.225780     9.449112     0.010763     -0.010657    0.256955    
1.439150     -0.769712    29.426028    29.536921    0.022393     -0.011977    0.457863    
-0.249604    -1.693169    53.112548    53.176563    -0.030795    -0.208897    6.552838    
0.856022     1.081547     107.477196   107.504070   0.017086     0.021587     2.145214    
-0.002176    -0.624651    114.693922   114.712514   -0.000038    -0.011007    2.021094    
-0.180509    0.139269     103.154004   103.173037   -0.039030    0.030113     22.304251   
0.711312     -0.284805    20.311122    20.420668    0.014025     -0.005616    0.400487    
0.927861     -0.153836    140.417786   140.434733   0.019780     -0.003279    2.993392    
-0.268408    0.496575     12.967050    13.127755    -0.009993    0.018487     0.482751    
0.651226     -1.043024    40.225387    40.292291    0.028652     -0.045890    1.769791    
0.835551     -0.927523    125.622876   125.644500   0.134536     -0.149345    20.227133   
-0.545669    0.080599     42.774073    42.822898    -0.005698    0.000842     0.446675    
-0.133240    1.788250     59.571943    59.631425    -0.014838    0.199149     6.634252    
0.932301     1.538177     18.383886    18.576258    0.107656     0.177619     2.122853    
1.232322     2.688308     25.887433    26.130055    0.194789     0.424933     4.091947    
-0.413419    -0.692839    71.800895    71.832405    -0.031519    -0.052822    5.474134    
-1.136682    -0.786177    11.678703    11.923807    -0.101347    -0.070096    1.041273    
0.303904     0.154879     95.963710    95.984504    0.011300     0.005759     3.568210    
0.359976     -0.993038    72.744070    72.778364    0.028397     -0.078336    5.738452    
-0.008375    0.356164     32.019321    32.081752    -0.000371    0.015761     1.416964    
0.249495     -0.198625    24.474190    24.555298    0.046460     -0.036987    4.557520    
-0.346061    -0.421813    77.675200    77.702055    -0.057995    -0.070690    13.017372   
-0.438407    1.599742     24.429787    24.565033    -0.008475    0.030925     0.472258    
2.041702     -0.107227    50.049343    50.129749    0.450131     -0.023640    11.034297   
-1.352098    0.720847     73.767575    73.809741    -0.052974    0.028242     2.890126    
0.122828     0.138624     127.395169   127.410511   0.004099     0.004626     4.251379    
0.114789     -0.607556    146.205937   146.220495   0.005271     -0.027896    6.713108    
-0.340651    -1.385665    70.481983    70.523904    -0.020301    -0.082577    4.200289    
-1.457633    -0.319035    14.112672    14.327210    -0.118860    -0.026015    1.150789    
-0.002498    -0.645966    66.215533    66.247936    -0.000058    -0.015068    1.544560    
-0.941718    -0.264006    17.004635    17.146110    -0.040945    -0.011479    0.739342    
0.566945     -0.980400    100.893995   100.919551   0.032900     -0.056892    5.854833    
-2.561203    1.604430     53.620772    53.741940    -0.989983    0.620161     20.726053   
-0.584681    -0.250730    19.062544    19.174469    -0.043239    -0.018542    1.409740    
1.177265     0.638502     61.444541    61.490651    0.118230     0.064123     6.170729    
-1.584944    0.658863     95.407660    95.443400    -0.065953    0.027417     3.970108    
0.856793     0.523292     100.232026   100.256381   0.011395     0.006959     1.333022    
-1.162484    1.942387     21.481533    21.689985    -0.035521    0.059351     0.656386    
-1.817265    -0.539033    11.093241    11.424883    -0.004037    -0.001197    0.024642    
-0.468407    0.417512     10.293081    10.498390    -0.003125    0.002786     0.068672    
0.926105     1.367942     29.710296    29.821227    0.008880     0.013117     0.284882    
-0.613301    -1.736751    108.837152   108.870534   -0.073209    -0.207314    12.991782   
-0.856284    0.544944     27.667886    27.756387    -0.028912    0.018399     0.934178    
1.386281     -2.908617    74.594294    74.689795    0.057301     -0.120227    3.083331    
0.267511     -0.411523    12.958506    13.116355    0.001449     -0.002230    0.070213    
-1.812920    1.206233     28.563555    28.713991    -0.000709    0.000471     0.011165    
0.011504     0.233585     33.806500    33.864570    0.000325     0.006591     0.953939    
0.569857     1.636510     25.719765    25.853127    0.038391     0.110250     1.732707    
-0.350728    -0.229261    39.126301    39.178029    -0.020053    -0.013108    2.237030    
1.014268     0.632987     50.565698    50.618121    0.007423     0.004633     0.370073    
-0.024393    -1.659964    54.333978    54.394965    -0.000126    -0.008567    0.280422    
-1.094718    0.116666     28.629390    28.718094    -0.033848    0.003607     0.885209    
-0.069576    0.612125     26.354808    26.435401    -0.004597    0.040446     1.741373    
-0.142261    -0.025764    69.018852    69.047069    -0.013688    -0.002479    6.640849    
-1.504254    -0.647573    18.531931    18.708008    -0.157950    -0.067997    1.945896    
0.641862     0.967593     96.567972    96.595013    0.027204     0.041010     4.092846    
1.256690     0.755788     49.281801    49.342896    0.049253     0.029621     1.931486    
0.048003     2.130682     12.199894    12.540115    0.002504     0.111131     0.636314    
-1.731342    -0.950407    44.993794    45.080121    -0.009542    -0.005238    0.247986    
-0.367884    2.015048     26.149287    26.303154    -0.009267    0.050757     0.658676    
-0.149210    0.844682     70.954920    70.987403    -0.001493    0.008452     0.710007    
0.272366     -0.854979    13.437380    13.610412    0.004002     -0.012564    0.197456    
1.884453     0.498507     37.666465    37.768204    0.174865     0.046258     3.495211    
-1.729815    -0.535942    46.868421    46.944684    -0.392785    -0.121695    10.642302   
0.482996     -0.175502    17.604123    17.721292    0.023175     -0.008421    0.844663    
0.972470     -1.261076    12.221329    12.480859    0.008782     -0.011389    0.110369    
1.438866     -1.554361    56.841353    56.914855    0.034461     -0.037228    1.361373    
0.181790     0.032582     8.306485     8.538546     0.001978     0.000355     0.090399    
0.710894     1.881255     40.709267    40.806419    0.017264     0.045686     0.988623    
0.550662     -0.064873    115.669011   115.687089   0.011251     -0.001326    2.363425    
-0.531546    0.545008     10.960949    11.162300    -0.015084    0.015466     0.311042    
-1.165804    0.368765     47.274521    47.331283    -0.001149    0.000363     0.046579    
-0.892172    -0.423563    37.494583    37.559207    -0.005443    -0.002584    0.228735    
-0.702584    -1.393945    71.180788    71.225110    -0.026619    -0.052812    2.696813    
-1.821953    -1.361748    80.310932    80.367249    -0.054011    -0.040369    2.380792    
0.289938     2.603883     33.161162    33.322693    0.072044     0.647010     8.239853    
-1.028699    0.593537     120.203136   120.225119   -0.006236    0.003598     0.728695    
0.954045     -0.510796    50.497082    50.547021    0.127581     -0.068307    6.752797    
-0.227215    1.784029     42.476657    42.560260    -0.017667    0.138718     3.302803    
-1.751495    0.582477     81.650120    81.694701    -0.105958    0.035237     4.939483    
0.667482     -0.386226    17.384487    17.512569    0.084277     -0.048766    2.194996    
0.197347     -0.390153    42.939054    42.986375    0.005510     -0.010894    1.198963    
0.655534     0.133801     13.086950    13.251069    0.041848     0.008542     0.835437    
0.278109     -1.478936    34.903997    34.991835    0.009795     -0.052091    1.229379    
0.143697     -1.514981    236.623884   236.636966   0.006981     -0.073602    11.495789   
-1.205189    1.103516     11.044336    11.336778    -0.100310    0.091848     0.919241    
1.082651     0.768190     102.482264   102.509764   0.003840     0.002725     0.363492    
-0.052061    -0.224490    34.171695    34.229122    -0.000598    -0.002580    0.392785    
1.244657     1.590040     15.513796    15.768013    0.386521     0.493777     4.817714    
0.365657     0.390953     42.282088    42.331270    0.013875     0.014835     1.604410    
1.302672     1.577502     110.187841   110.224410   0.095696     0.115885     8.094534    
0.067839     -1.363625    30.572308    30.666024    0.000865     -0.017386    0.389783    
0.150678     -0.268505    7.642222     7.897677     0.004491     -0.008002    0.227754    
-1.093230    -0.794964    24.549002    24.664865    -0.070409    -0.051200    1.581077    
0.078048     -0.166737    7.848914     8.094090     0.001951     -0.004167    0.196177    
-1.684677    -0.407425    42.261993    42.343301    -0.000265    -0.000064    0.006652    
0.236375     0.172130     10.834353    11.015609    0.001728     0.001258     0.079198    
0.412417     2.633771     54.451838    54.552585    0.029711     0.189741     3.922805    
0.172083     -1.150975    52.751829    52.801371    0.040182     -0.268758    12.317818   
0.119637     -0.917542    9.647296     9.889463     0.003097     -0.023749    0.249708    
0.341799     0.283727     8.151843     8.397906     0.012111     0.010053     0.288836    
2.916617     -2.192381    153.731385   153.787278   0.307069     -0.230819    16.185210   
0.918470     -0.431234    7.632604     7.947399     0.118705     -0.055733    0.986451    
2.706619     1.764452     47.775448    47.925020    0.196301     0.127969     3.464969    
-0.069807    -1.765267    112.567654   112.598725   -0.000311    -0.007857    0.501016    
-0.354458    0.657253     42.278361    42.330750    -0.014784    0.027413     1.763343    
-0.468578    2.518974     29.031875    29.211120    -0.115742    0.622203     7.171061    
0.479979     -0.387260    27.622485    27.699404    0.045201     -0.036469    2.601288    
-2.004719    0.589048     15.310214    15.577018    -0.063622    0.018694     0.485883    
-1.125260    1.846448     17.629838    17.870695    -0.048935    0.080299     0.766689    
-0.352125    0.110341     6.316593     6.626497     -0.003180    0.000996     0.057043    
-0.721658    -0.602990    34.279605    34.348955    -0.010183    -0.008509    0.483704    
0.204990     -0.876846    9.065379     9.320243     0.008779     -0.037551    0.388224    
-0.621163    1.378983     27.072329    27.185904    -0.025576    0.056778     1.114674    
-0.361379    -1.032018    61.646748    61.687861    -0.011513    -0.032879    1.964010    
-0.178892    -0.634667    10.213863    10.422704    -0.047980    -0.170221    2.739411    
-0.561526    0.485223     11.575285    11.764902    -0.138853    0.119985     2.862317    
1.180415     -0.366614    23.889418    24.002230    0.044858     -0.013932    0.907839    
0.128050     0.921844     75.836128    75.867381    0.027717     0.199538     16.415105   
0.227041     -0.839311    11.375249    11.577013    0.020771     -0.076786    1.040693    
1.522151     -0.260167    48.215477    48.280346    0.022926     -0.003919    0.726208    
-0.678534    0.667917     17.364319    17.501459    -0.106286    0.104623     2.719966    
-0.728676    -1.105114    117.681903   117.705809   -0.042844    -0.064978    6.919358    
0.043519     1.114650     75.166947    75.200992    0.001203     0.030819     2.078264    
-2.287283    -0.134883    42.915124    43.021305    -0.454158    -0.026782    8.521135    
1.135301     1.185261     127.212109   127.237925   0.001856     0.001938     0.207980    
-0.571886    0.305872     28.295981    28.371784    -0.062252    0.033296     3.080146    
0.697398     -0.379715    17.028809    17.160589    0.091698     -0.049927    2.239052    
0.041254     -1.278400    52.873442    52.925531    0.000929     -0.028781    1.190361    
-0.530096    -1.002441    27.986983    28.079033    -0.095132    -0.179901    5.022615    
-0.081086    -0.735979    59.691400    59.728439    -0.009626    -0.087368    7.085935    
0.558543     -1.358473    12.052405    12.300115    0.021710     -0.052803    0.468466    
-1.283234    -1.119030    49.334974    49.403578    -0.017196    -0.014995    0.661103    
-0.157159    0.885102     21.864084    21.970918    -0.000602    0.003391     0.083768    
-0.028794    -1.470268    10.643340    10.923285    -0.000417    -0.021286    0.154089    
0.836179     -1.664292    18.872579    19.066154    0.010711     -0.021319    0.241748    
1.191382     -0.896132    87.186248    87.221208    0.121410     -0.091322    8.884891    
-0.612258    1.077951     123.908706   123.930542   -0.112489    0.198051     22.765626   
-0.598298    1.088504     99.415204    99.442449    -0.028352    0.051581     4.711011    
-0.118964    -1.341593    71.538203    71.577954    -0.001531    -0.017262    0.920461    
2.191625     0.541158     17.906093    18.154867    0.173384     0.042812     1.416591    
-0.300184    0.147248     78.164673    78.190171    -0.005465    0.002681     1.422941    
0.188064     -0.331843    10.369964    10.562035    0.006403     -0.011299    0.353076    
-1.751923    0.136766     20.265230    20.436302    -0.100670    0.007859     1.164497    
-2.408427    -0.662857    55.067227    55.158992    -0.037369    -0.010285    0.854417    
0.573291     1.264896     106.039691   106.067052   0.032757     0.072274     6.058927    
1.522156     0.366248     54.146770    54.205155    0.020337     0.004893     0.723448    
1.571548     -1.624031    42.463082    42.568715    0.314091     -0.324581    8.486720    
1.690926     -0.210331    63.980668    64.033618    0.031868     -0.003964    1.205805    
-0.339014    0.562795     88.965102    88.989302    -0.006128    0.010173     1.608115    
0.607272     -0.824812    47.608194    47.659880    0.000969     -0.001316    0.075974    
0.006705     -1.315118    28.483683    28.581895    0.000373     -0.073156    1.584457    
0.945256     -0.449185    31.622347    31.700837    0.016366     -0.007777    0.547520    
0.416237     0.332850     40.787662    40.838614    0.001856     0.001484     0.181908    
-1.299811    -0.457892    35.530248    35.611411    -0.015740    -0.005545    0.430248    
-0.188519    -0.890711    36.918489    36.982140    -0.041405    -0.195632    8.108605    
-0.535362    1.906739     150.690655   150.716524   -0.019183    0.068324     5.399651    
0.654206     1.301592     21.023358    21.165506    0.013500     0.026860     0.433843    
-0.007947    -1.544897    53.526193    53.584653    -0.000015    -0.002889    0.100087    
-0.012439    -0.509990    75.648300    75.675627    -0.000482    -0.019757    2.930689    
-2.158790    -0.075471    76.468399    76.524226    -0.697580    -0.024387    24.709606   
0.228427     0.636439     77.480675    77.508626    0.001177     0.003280     0.399345    
-0.735192    -0.410080    35.197532    35.262585    -0.006058    -0.003379    0.290023    
-0.979739    -0.209689    44.809876    44.864282    -0.023862    -0.005107    1.091353    
-1.886606    1.124472     43.896059    43.995030    -0.041074    0.024481     0.955675    
-1.948387    -1.234412    30.076490    30.228963    -0.077261    -0.048949    1.192645    
0.601623     -0.168686    51.805152    51.846303    0.070584     -0.019791    6.077881    
-1.969567    1.628511     23.178916    23.402315    -0.013356    0.011044     0.157185    
-1.440182    0.764070     194.905073   194.921831   -0.022035    0.011691     2.982110    
-0.762827    -0.845519    38.216445    38.284050    -0.019904    -0.022061    0.997135    
-0.237890    -0.244833    116.382870   116.400017   -0.015183    -0.015626    7.428154    
0.431580     0.090419     23.450960    23.537564    0.009155     0.001918     0.497447    
1.534972     0.019991     22.450988    22.589342    0.379030     0.004936     5.543816    
-0.043998    0.842069     52.341977    52.385766    -0.002867    0.054876     3.411037    
-1.859740    1.620990     28.237506    28.413341    -0.035818    0.031219     0.543840    
0.865979     -0.356102    55.816022    55.858571    0.208161     -0.085599    13.416856   
-0.200290    0.831586     95.083397    95.107618    -0.033670    0.139794     15.983972   
0.761805     -0.949272    53.040267    53.090737    0.049911     -0.062193    3.474999    
-1.200027    -0.145779    73.440019    73.476341    -0.147854    -0.017961    9.048439    
-1.619225    3.181460     53.371961    53.527420    -0.109592    0.215328     3.612324    
2.127663     -0.204368    28.368245    28.516679    0.559214     -0.053714    7.456035    
2.293147     -1.002794    117.101490   117.144773   0.101639     -0.044447    5.190300    
-2.291269    0.943945     20.445750    20.689239    -0.254061    0.104666     2.267066    
0.025579     -0.982249    29.075441    29.158561    0.001499     -0.057574    1.704252    
0.591977     0.587796     7.369174     7.673045     0.003439     0.003414     0.042805    
2.628797     -0.711487    20.417411    20.692086    0.013337     -0.003610    0.103586    
-1.614312    -0.916137    82.061751    82.106341    -0.182899    -0.103797    9.297479    
-1.283017    1.470380     55.232458    55.301967    -0.009768    0.011195     0.420509    
0.255820     1.098105     12.617889    12.820193    0.011107     0.047675     0.547816    
0.906261     -0.626773    120.688708   120.709789   0.023929     -0.016550    3.186734    
-0.450143    -2.994066    69.690459    69.783968    -0.025219    -0.167744    3.904440    
1.058238     -0.648188    74.645353    74.681615    0.011694     -0.007163    0.824877    
0.547540     0.450268     11.633059    11.819711    0.001981     0.001629     0.042091    
-0.332484    -1.833775    82.178825    82.223522    -0.000398    -0.002194    0.098310    
1.063251     0.798033     43.989222    44.053308    0.156124     0.117180     6.459206    
0.738235     1.097110     91.963564    91.994134    0.012666     0.018823     1.577833    
-0.841590    0.561237     8.094113     8.391239     -0.141446    0.094327     1.360379    
-1.059784    0.020089     23.884077    23.988490    -0.078359    0.001485     1.765963    
-0.150380    0.572782     60.297968    60.332998    -0.001173    0.004468     0.470307    
-1.052036    0.763243     11.204446    11.450060    -0.048409    0.035120     0.515567    
0.088670     0.729155     12.246845    12.425768    0.001598     0.013138     0.220668    
-0.010235    -1.787672    71.201161    71.250797    -0.000798    -0.139325    5.549161    
0.536758     2.272779     15.155932    15.460623    0.014190     0.060083     0.400664    
-1.419929    1.576723     52.662933    52.742409    -0.221796    0.246287     8.226058    
-0.639414    0.831917     21.067715    21.185479    -0.006307    0.008206     0.207816    
-1.385871    1.114768     14.805950    15.041758    -0.001964    0.001580     0.020988    
0.554956     0.850727     36.911896    36.978301    0.064419     0.098752     4.284721    
2.439648     0.410115     28.995909    29.167752    0.045385     0.007629     0.539416    
0.906084     -0.378862    30.970987    31.049018    0.023741     -0.009927    0.811489    
0.746145     1.927778     25.751734    25.909455    0.088218     0.227924     3.044669    
-0.545259    0.693460     65.318923    65.354531    -0.039546    0.050295     4.737427    
-2.332708    -0.351244    43.883710    43.991134    -0.111739    -0.016825    2.102082    
-0.194513    1.041453     27.205298    27.296990    -0.000440    0.002357     0.061570    
0.442848     1.560351     163.801400   163.821257   0.011023     0.038839     4.077215    
-1.408432    -0.821352    72.566747    72.611748    -0.077523    -0.045209    3.994211    
0.222305     -1.351486    28.399823    28.500892    0.012781     -0.077700    1.632773    
0.242443     -0.512831    11.428165    11.610326    0.095203     -0.201380    4.487646    
-0.753110    -0.727682    25.780427    25.876670    -0.110889    -0.107145    3.795962    
0.420473     0.222631     33.631389    33.692309    0.045752     0.024225     3.659466    
-0.398053    0.535909     108.399630   108.419557   -0.010370    0.013961     2.823932    
-0.298261    1.829446     25.120119    25.265216    -0.003973    0.024370     0.334622    
-2.454976    -1.342700    133.507684   133.551512   -0.019170    -0.010485    1.042524    
-1.456831    0.353608     15.226812    15.426541    -0.002279    0.000553     0.023820    
0.492217     1.448800     28.586871    28.695390    0.031090     0.091510     1.805615    
-0.875369    -0.222102    92.293230    92.318638    -0.067741    -0.017187    7.142131    
1.300144     0.900148     138.061419   138.084507   0.303255     0.209957     32.202437   
0.850638     -0.516666    9.758345     10.004538    0.026727     -0.016234    0.306610    
-0.332923    2.287585     59.616911    59.694178    -0.014019    0.096325     2.510321    
1.614977     -0.545981    52.563483    52.627948    0.024432     -0.008260    0.795208    
-0.060507    0.051762     8.425774     8.653032     -0.000819    0.000701     0.114112    
-1.061190    0.331253     16.873943    17.024710    -0.060563    0.018905     0.963010    
-1.151426    0.059158     21.974665    22.092762    -0.015971    0.000821     0.304807    
-0.298646    0.898942     81.425607    81.454906    -0.022593    0.068007     6.160055    
1.710061     -0.774947    32.276847    32.391274    0.198028     -0.089740    3.737714    
-0.208612    -1.231790    108.145463   108.170592   -0.012936    -0.076381    6.705923    
-0.583939    1.674010     9.156199     9.531748     -0.007799    0.022357     0.122287    
0.329452     -0.479878    54.968505    55.006821    0.002441     -0.003555    0.407255    
0.791890     -0.907045    29.342109    29.432706    0.071297     -0.081665    2.641785    
1.612273     0.507979     48.131995    48.201882    0.181144     0.057073     5.407789    
-1.384528    -0.475474    21.352356    21.492814    -0.016252    -0.005581    0.250633    
-1.404122    0.884692     39.661142    39.744627    -0.092085    0.058020     2.601057    
0.920551     0.018830     26.742211    26.830367    0.000078     0.000002     0.002263    
-0.047367    0.515754     68.030657    68.061101    -0.006121    0.066648     8.791212    
0.231421     0.603203     13.968148    14.120961    0.020899     0.054474     1.261426    
0.516983     0.138559     22.642420    22.734129    0.012699     0.003403     0.556175    
1.104038     -0.154869    94.877260    94.904227    0.110755     -0.015536    9.517947    
-0.158117    0.411850     27.563275    27.636998    -0.000225    0.000587     0.039275    
0.663643     0.841819     129.752386   129.771745   0.003901     0.004948     0.762661    
-1.171023    0.348231     55.685701    55.733875    -0.140608    0.041813     6.686334    
-0.830420    -0.448467    98.776678    98.800799    -0.003170    -0.001712    0.377026    
-0.006007    0.266884     22.256361    22.344839    -0.000178    0.007893     0.658213    
0.466203     -0.933680    11.310766    11.528117    0.009944     -0.019915    0.241257    
-0.235952    0.456665     11.176738    11.360398    -0.021530    0.041670     1.019866    
-1.608453    -0.400967    38.494541    38.580468    -0.024677    -0.006152    0.590588    
-2.242735    -0.257984    50.856977    50.945103    -0.094343    -0.010852    2.139348    
-0.361997    -1.265959    21.399508    21.530155    -0.061533    -0.215191    3.637541    
0.483655     0.280226     49.425124    49.467467    0.039603     0.022946     4.047084    
-0.318866    -0.468309    76.685026    76.712379    -0.017334    -0.025458    4.168697    
0.330372     0.151708     35.947843    36.003535    0.033845     0.015542     3.682689    
0.586131     0.594530     20.691414    20.801600    0.055603     0.056400     1.962896    
0.813632     1.337872     16.422353    16.613866    0.011865     0.019510     0.239489    
0.318890     1.543757     23.519571    23.654387    0.025625     0.124053     1.889987    
-0.316099    -1.263910    16.130244    16.302058    -0.004452    -0.017802    0.227195    
0.560394     -1.413400    37.337427    37.420184    0.125265     -0.315939    8.346075    
2.249072     0.663658     31.119399    31.269646    0.348573     0.102857     4.823049    
1.107885     1.129485     19.330627    19.494903    0.148025     0.150912     2.582783    
-0.568952    -0.191566    35.117240    35.177491    -0.024280    -0.008175    1.498600    
1.989336     -0.142088    38.324590    38.426902    0.235945     -0.016852    4.545488    
-0.617627    -0.854886    54.670054    54.715648    -0.008978    -0.012427    0.794712    
-0.244886    0.308504     19.104347    19.209533    -0.006583    0.008293     0.513525    
0.768226     -0.492718    27.490441    27.575936    0.016477     -0.010568    0.589616    
-0.430689    0.589930     28.052670    28.131135    -0.045215    0.061933     2.945069    
1.944345     1.092833     36.397820    36.519187    0.419355     0.235701     7.850259    
1.569195     0.368935     69.292870    69.339565    0.023188     0.005452     1.023962    
-0.504054    -1.519088    15.126612    15.337896    -0.071499    -0.215480    2.145686    
-0.159092    0.189253     103.982755   104.001680   -0.004510    0.005365     2.947763    
1.011567     2.576330     59.408081    59.505091    0.039877     0.101561     2.341920    
0.270558     1.378829     25.690056    25.803649    0.057069     0.290838     5.418827    
-1.439075    -1.330835    53.977454    54.048891    -0.464719    -0.429765    17.430887   
-0.653227    0.036557     149.980813   149.995157   -0.028988    0.001622     6.655575    
0.335917     -2.069515    20.173830    20.377785    0.005318     -0.032762    0.319366    
1.158447     -0.371135    20.006083    20.139465    0.039131     -0.012536    0.675780    
0.997471     1.076819     34.248175    34.336088    0.059564     0.064302     2.045130    
0.263948     -1.911735    36.377563    36.481864    0.006842     -0.049555    0.942961    
0.306115     1.059715     14.615092    14.788257    0.024304     0.084135     1.160353    
-1.542217    -2.114573    60.803936    60.892064    -0.018550    -0.025434    0.731355    
0.621042     0.487760     25.308155    25.396875    0.031178     0.024487     1.270553    
-1.154560    -0.756953    91.111740    91.143459    -0.196824    -0.129042    15.532310   
0.177312     1.393104     94.995107    95.025878    0.004883     0.038368     2.616288    
1.164993     0.449863     34.533072    34.611668    0.105634     0.040791     3.131240    
2.196358     1.347078     26.596736    26.793654    0.166281     0.101984     2.013574    
0.329048     0.798196     47.490102    47.538723    0.040522     0.098296     5.848306    
1.382653     0.364680     21.193542    21.332742    0.065066     0.017161     0.997342    
-1.792040    -1.018771    47.775039    47.859989    -0.024363    -0.013850    0.649514    
-1.367026    -0.143479    93.826202    93.856914    -0.039644    -0.004161    2.720999    
1.105840     -0.658007    46.699897    46.759076    0.073405     -0.043678    3.099913    
-1.170417    0.360538     9.381367     9.663584     -0.064371    0.019829     0.515959    
0.395718     0.437111     101.350256   101.371086   0.090082     0.099505     23.071524   
1.693509     -0.112846    58.759971    58.817428    0.377863     -0.025179    13.110763   
-1.261788    0.386819     13.043785    13.257338    -0.145078    0.044476     1.499754    
-2.139472    -1.439074    68.716100    68.792628    -0.012619    -0.008488    0.405309    
-0.365247    -0.826444    76.189863    76.220645    -0.019635    -0.044429    4.095882    
-0.241968    -0.539701    14.306382    14.453282    -0.016483    -0.036765    0.974571    
0.324990     -0.679084    55.036982    55.077319    0.010545     -0.022035    1.785833    
-0.774379    0.937115     6.570434     6.965874     -0.004131    0.004999     0.035051    
-0.218071    2.048066     117.821874   117.856315   -0.037111    0.348538     20.050831   
-0.665488    0.747312     7.871297     8.175183     -0.031884    0.035804     0.377117    
-0.623531    1.171191     38.695485    38.768234    -0.010958    0.020583     0.680058    
0.182612     -1.219662    20.865556    20.994459    0.009753     -0.065137    1.114343    
-0.897369    0.309902     92.165212    92.191120    -0.310147    0.107108     31.853980   
-0.435119    0.200830     131.732741   131.748320   -0.004040    0.001865     1.223177    
-0.064839    0.451294     16.272175    16.397149    -0.008559    0.059572     2.147980    
0.188000     -0.954194    132.922424   132.940557   0.009576     -0.048603    6.770492    
-0.998250    0.081966     6.418198     6.787595     -0.102232    0.008394     0.657295    
-1.614202    1.933105     25.629278    25.827842    -0.288646    0.345671     4.582937    
-0.116951    -1.484376    26.779583    26.893086    -0.000249    -0.003164    0.057076    
1.258146     -1.758611    36.939699    37.055256    0.035037     -0.048974    1.028702    
-0.072285    0.389731     53.173285    53.211186    -0.000697    0.003758     0.512685    
0.060365     0.238568     30.129561    30.194801    0.005353     0.021156     2.671837    
0.505609     -1.927350    32.136593    32.258423    0.013281     -0.050625    0.844128    
-0.284983    -0.698119    4.248506     4.742715     -0.001385    -0.003392    0.020642    
-1.113986    1.523899     51.453853    51.526083    -0.056642    0.077485     2.616249    
-0.003357    0.615864     108.226846   108.246498   -0.000104    0.019130     3.361780    
-0.482558    -0.447275    29.873048    29.945064    -0.159338    -0.147688    9.863937    
-2.133947    2.374461     61.354981    61.469508    -0.105317    0.117187     3.028048    
0.168610     -0.149517    12.387292    12.544749    0.012250     -0.010863    0.899983    
-1.120226    2.185496     19.394532    19.648260    -0.109352    0.213339     1.893214    
-0.107384    1.703340     40.606091    40.689587    -0.013837    0.219490     5.232436    
-2.379971    1.002487     62.878634    62.962424    -0.049924    0.021029     1.318979    
-0.438746    0.008989     11.358175    11.535843    -0.022308    0.000457     0.577503    
1.203740     -0.352731    29.096011    29.189488    0.208900     -0.061214    5.049385    
-0.638008    -1.889042    59.589595    59.655430    -0.052902    -0.156634    4.941010    
2.175762     -1.159613    17.682466    17.961715    0.339847     -0.181128    2.761943    
1.318800     -2.495670    47.965422    48.088713    0.079592     -0.150617    2.894785    
0.725079     -0.664981    12.951780    13.137408    0.155825     -0.142909    2.783432    
-1.451086    -0.009435    28.048580    28.154992    -0.425159    -0.002764    8.218059    
1.222897     1.637511     26.409774    26.561778    0.058488     0.078318     1.263118    
0.550435     -0.450855    41.723436    41.775906    0.049920     -0.040889    3.783958    
-0.762288    0.069807     12.579636    12.755710    -0.037561    0.003440     0.619844    
0.092093     -0.352930    7.766887     8.020756     0.020038     -0.076790    1.689920    
-0.002884    0.705347     105.717286   105.737964   -0.000235    0.057525     8.621827    
1.904277     0.067739     33.880755    33.991343    0.246949     0.008785     4.393699    
-0.583563    1.836855     16.213806    16.446187    -0.016933    0.053299     0.470465    
1.164214     0.198249     12.996293    13.197473    0.058150     0.009902     0.649142    
1.095683     0.921052     24.355855    24.477163    0.025984     0.021842     0.577587    
-1.356258    0.543624     17.922512    18.089399    -0.011766    0.004716     0.155484    
-1.368057    0.245051     27.154601    27.261308    -0.168579    0.030196     3.346135    
1.457840     1.568493     49.909260    49.993946    0.068140     0.073312     2.332773    
2.670840     0.245960     38.840232    38.982463    0.260760     0.024014     3.792050    
0.995071     -0.176476    48.783457    48.833615    0.028585     -0.005070    1.401387    
-1.247278    0.494065     13.529138    13.737261    -0.173527    0.068737     1.882236    
1.743209     -1.620185    27.325916    27.499898    0.421953     -0.392174    6.614381    
-0.949773    -1.360119    44.476184    44.550621    -0.050354    -0.072110    2.357996    
1.006742     -0.577450    46.816021    46.871759    0.198021     -0.113581    9.208471    
1.416733     0.696717     120.355525   120.381975   0.186009     0.091475     15.801977   
0.432335     0.588619     23.016305    23.111872    0.007053     0.009602     0.375478    
1.164647     -0.272837    39.541050    39.608086    0.260698     -0.061073    8.850978    
-0.380962    1.274882     88.860178    88.891938    -0.042381    0.141826     9.885375    
0.104660     -0.634326    93.002190    93.025242    0.006938     -0.042050    6.165131    
-1.246909    -0.565613    12.790488    13.013310    -0.107750    -0.048877    1.105276    
-0.605892    0.144830     36.985423    37.043010    -0.016377    0.003915     0.999689    
0.009016     -1.174011    12.102206    12.317335    0.000490     -0.063779    0.657458    
-0.650539    1.067327     9.699762     9.976108     -0.045175    0.074118     0.673572    
-0.984679    0.312322     28.062063    28.149981    -0.084220    0.026713     2.400150    
0.656958     -0.404155    9.554065     9.785195     0.083364     -0.051285    1.212348    
-1.120567    1.636474     12.461660    12.771125    -0.026372    0.038513     0.293274    
1.493690     -0.785390    18.781877    18.960006    0.063323     -0.033296    0.796237    
-1.614132    1.664328     29.740268    29.895382    -0.119165    0.122870     2.195600    
0.453397     -1.918412    16.955437    17.182772    0.013654     -0.057773    0.510612    
-0.773191    -0.178254    22.891167    22.989347    -0.201943    -0.046557    5.978750    
0.463856     0.517733     21.965261    22.064244    0.009085     0.010140     0.430194    
-0.695282    0.621426     35.408224    35.475159    -0.009771    0.008733     0.497599    
-0.323115    -0.464115    12.343853    12.512612    -0.001990    -0.002859    0.076039    
-0.946216    -0.855865    37.042327    37.116530    -0.039488    -0.035717    1.545861    
-0.658622    -1.423177    31.330997    31.431919    -0.039977    -0.086384    1.901734    
0.301697     -0.085138    74.722129    74.748711    0.022895     -0.006461    5.670584    
-0.547216    -1.035421    24.850911    24.956247    -0.111881    -0.211697    5.080900    
0.156395     -0.728131    12.430954    12.607863    0.004527     -0.021076    0.359820    
-0.467129    -0.166627    67.910489    67.940823    -0.055577    -0.019825    8.079709    
-1.259704    1.040913     42.901756    42.977971    -0.057129    0.047207     1.945658    
0.071672     0.279767     12.744786    12.899144    0.019069     0.074435     3.390895    
0.022174     -0.304773    12.545837    12.703006    0.000298     -0.004092    0.168430    
0.996779     -0.498215    25.625106    25.724751    0.023456     -0.011724    0.603001    
-0.426204    -0.635345    14.472695    14.625976    -0.048890    -0.072880    1.660164    
0.814517     -1.600239    51.164357    51.233686    0.049533     -0.097315    3.111459    
1.339848     -1.579266    35.184553    35.300382    0.007543     -0.008891    0.198083    
-1.023188    2.025884     104.859660   104.902690   -0.058559    0.115945     6.001292    
-1.973671    0.885587     17.687647    17.927840    -0.124029    0.055652     1.111522    
-0.646789    1.426899     58.773071    58.826892    -0.109220    0.240954     9.924731    
0.321009     0.352787     41.005334    41.055327    0.027328     0.030033     3.490845    
-1.008963    0.711382     46.197715    46.256112    -0.026451    0.018650     1.211140    
1.565459     -0.472442    61.432772    61.486049    0.155294     -0.046866    6.094129    
-0.687336    -1.458280    102.202170   102.233838   -0.006559    -0.013916    0.975313    
0.111390     -0.449465    5.022037     5.413893     0.000456     -0.001839    0.020550    
-0.822281    -0.703485    28.078523    28.168234    -0.074284    -0.063552    2.536579    
0.405167     -0.544154    40.583339    40.636715    0.120240     -0.161487    12.043777   
-1.469711    -0.529517    67.514198    67.560953    -0.007632    -0.002750    0.350576    
1.020704     0.778194     13.546404    13.748725    0.005433     0.004143     0.072111    
-1.511316    2.266836     89.727124    89.790057    -0.072704    0.109050     4.316466    
-0.056632    -0.362033    13.283317    13.433381    -0.015187    -0.097086    3.562175    
0.240797     -0.606571    42.560490    42.610986    0.001807     -0.004551    0.319299    
-0.241776    1.104376     80.156409    80.188546    -0.013329    0.060886     4.419127    
0.548348     0.198308     75.234333    75.262340    0.014530     0.005255     1.993517    
0.820947     -0.093915    77.921164    77.950404    0.003136     -0.000359    0.297646    
-2.930011    -1.193890    25.565289    25.835428    -0.370278    -0.150877    3.230797    
0.625378     -0.876776    24.986921    25.087468    0.032439     -0.045479    1.296090    
1.891553     -0.047076    84.509874    84.553970    0.424779     -0.010572    18.978070   
1.560564     0.927408     18.445336    18.638691    0.082912     0.049273     0.979993    
0.316473     1.889428     46.476154    46.557254    0.009214     0.055013     1.353209    
-0.706224    0.212975     52.699558    52.741469    -0.032149    0.009695     2.399044    
-1.005698    0.712013     75.531998    75.567691    -0.067601    0.047860     5.077105    
-0.138962    -1.581490    34.391080    34.483935    -0.021162    -0.240837    5.237237    
-1.260194    0.852983     32.664714    32.759337    -0.009173    0.006209     0.237774    
-0.008760    0.151403     183.754483   183.765089   -0.001015    0.017550     21.299699   
1.763164     1.661510     20.478580    20.715129    0.316810     0.298544     3.679643    
-0.137602    -0.272942    7.080351     7.355253     -0.002491    -0.004941    0.128178    
-1.288113    1.427167     84.269712    84.314621    -0.112906    0.125094     7.386420    
-1.302617    0.672761     23.217909    23.347284    -0.045387    0.023441     0.808978    
-0.299363    -1.395738    43.914540    43.981809    -0.008902    -0.041503    1.305834    
-1.567630    1.149917     35.699802    35.806851    -0.005599    0.004107     0.127500    
-1.017499    -0.889515    44.288813    44.353133    -0.015251    -0.013332    0.663811    
0.149617     -1.132254    133.026721   133.046187   0.006670     -0.050475    5.930239    
0.549424     -0.353774    114.179688   114.198525   0.009790     -0.006304    2.034617    
1.016446     -0.622706    11.442445    11.671565    0.075566     -0.046294    0.850673    
-1.073211    -0.576783    15.743389    15.912690    -0.106239    -0.057097    1.558463    
-0.448268    0.611865     9.790220     10.014923    -0.027689    0.037795     0.604738    
1.226211     0.022874     7.940951     8.272712     0.297436     0.005548     1.926200    
0.699756     0.214644     30.721861    30.793561    0.006408     0.001966     0.281343    
1.092073     -0.344704    26.712355    26.809258    0.056271     -0.017762    1.376406    
0.043710     2.216029     103.122528   103.165127   0.002076     0.105255     4.898017    
0.664604     0.720767     18.155102    18.287808    0.095334     0.103391     2.604266    
-0.061356    -0.821394    24.180844    24.274814    -0.001506    -0.020161    0.593529    
0.554378     -0.198259    38.735788    38.790242    0.041698     -0.014912    2.913567    
0.899580     -1.626621    18.433502    18.631267    0.064904     -0.117359    1.329959    
0.317214     0.392135     21.027245    21.125208    0.068698     0.084923     4.553783    
-1.704776    1.631074     22.941548    23.146408    -0.125513    0.120086     1.689052    
-2.476935    -0.223121    70.392466    70.463886    -0.083492    -0.007521    2.372783    
-1.430334    -0.895306    56.727209    56.786430    -0.018778    -0.011754    0.744725    
1.013115     -0.118256    100.094318   100.118869   0.010059     -0.001174    0.993785    
0.023716     -2.141207    90.788309    90.834890    0.000358     -0.032296    1.369359    
0.852909     0.230843     49.734596    49.781379    0.035796     0.009688     2.087314    
1.879894     -2.447726    121.717233   121.772267   0.035835     -0.046659    2.320199    
0.508675     -0.298851    55.373636    55.411755    0.015826     -0.009298    1.722759    
0.290840     -0.613788    63.941758    63.975657    0.006431     -0.013572    1.413895    
-1.342738    -0.705725    73.438955    73.480991    -0.035941    -0.018890    1.965747    
-0.635679    0.929523     60.130362    60.173113    -0.017998    0.026318     1.702465    
-0.347936    -2.566245    86.191571    86.252933    -0.018315    -0.135087    4.537106    
0.779820     -2.471276    50.488083    50.592853    0.043091     -0.136557    2.789862    
-1.169810    1.125763     115.530610   115.558784   -0.002484    0.002390     0.245288    
-1.194925    -0.162001    92.436989    92.465810    -0.161338    -0.021873    12.480816   
-1.524149    -0.954983    11.791229    12.088964    -0.091719    -0.057468    0.709562    
0.612422     1.325940     52.742957    52.799883    0.057711     0.124949     4.970196    
-0.353902    -1.050386    39.483119    39.547695    -0.016281    -0.048322    1.816386    
0.219642     -1.085984    7.751727     8.074146     0.005675     -0.028058    0.200275    
0.647681     -0.738427    19.607871    19.730898    0.043953     -0.050112    1.330640    
0.248141     -1.904470    155.843852   155.868116   0.047251     -0.362647    29.675625   
-1.980161    -1.436179    58.663296    58.747263    -0.019631    -0.014238    0.581569    
0.528679     -1.855337    24.362857    24.518269    0.047773     -0.167655    2.201517    
1.096281     -0.025995    38.878964    38.944207    0.140733     -0.003337    4.991015    
0.283847     0.520414     13.677347    13.830986    0.022296     0.040878     1.074349    
-1.103921    0.163222     27.486044    27.579029    -0.051831    0.007664     1.290515    
0.776860     -1.262001    15.820802    16.011523    0.164008     -0.266429    3.340036    
0.177522     0.850749     75.586174    75.616797    0.001794     0.008598     0.763919    
0.925937     -1.015671    28.815364    28.915205    0.222977     -0.244586    6.939104    
1.045560     -1.683437    19.816339    20.012231    0.114897     -0.184994    2.177628    
0.061216     -0.992794    20.384647    20.503614    0.000231     -0.003739    0.076763    
-0.494788    -1.394037    93.639357    93.671726    -0.039644    -0.111695    7.502679    
-1.192311    -1.552723    24.311150    24.469155    -0.337048    -0.438931    6.872392    
0.607067     0.387530     62.539287    62.574404    0.016538     0.010558     1.703775    
0.049245     0.293107     36.133449    36.188250    0.009367     0.055751     6.872804    
0.268167     0.312482     71.267019    71.295389    0.007424     0.008651     1.972941    
-1.623551    -0.014652    8.839533     9.200458     -0.108083    -0.000975    0.588463    
0.367174     2.358532     115.174939   115.216487   0.026285     0.168842     8.245097    
-0.833922    -0.800780    72.244639    72.280699    -0.061691    -0.059239    5.344418    
-1.000231    -0.927768    67.037217    67.079987    -0.022873    -0.021216    1.533004    
0.435986     -2.273515    90.037981    90.089244    0.010437     -0.054424    2.155344    
-0.753657    -0.071819    42.668655    42.720747    -0.043862    -0.004180    2.483251    
1.177946     0.330846     16.657332    16.817809    0.017953     0.005042     0.253874    
-0.758157    -0.999275    29.037721    29.131384    -0.012769    -0.016830    0.489061    
-0.252338    0.396483     130.057601   130.073346   -0.062212    0.097749     32.064484   
-0.343114    -0.668649    4.669949     5.123300     -0.020577    -0.040101    0.280069    
0.408889     1.461721     40.554517    40.630625    0.070647     0.252553     7.006929    
1.461264     1.552573     34.595187    34.716677    0.421837     0.448196     9.986928    
-0.288419    1.529697     138.823505   138.846187   -0.009162    0.048592     4.409824    
-0.100728    1.456918     9.337522     9.653861     -0.002972    0.042989     0.275521    
0.697662     -0.120414    8.330930     8.589562     0.006974     -0.001204    0.083274    
0.189513     1.480316     75.931467    75.971638    0.013229     0.103335     5.300472    
0.388435     0.452259     7.573222     7.847551     0.029968     0.034892     0.584279    
-0.732256    -0.755473    28.704806    28.791453    -0.075034    -0.077413    2.941359    
-1.078393    0.898344     35.747886    35.829545    -0.013775    0.011475     0.456625    
0.525830     -0.198634    139.648554   139.663558   0.020428     -0.007717    5.425310    
-0.655092    2.278750     29.973657    30.131660    -0.054525    0.189667     2.494790    
-0.705914    0.344092     24.477291    24.568871    -0.055731    0.027166     1.932460    
-1.245061    0.681489     16.215136    16.395737    -0.078898    0.043185     1.027530    
-0.778252    1.244796     54.888455    54.943359    -0.015882    0.025404     1.120158    
-0.532968    -0.189328    102.919971   102.940348   -0.026665    -0.009472    5.149266    
0.389017     1.810725     99.291982    99.328761    0.089341     0.415848     22.803221   
0.369344     0.692264     11.443811    11.638360    0.057669     0.108090     1.786835    
1.215784     -0.723349    60.337909    60.386585    0.004790     -0.002850    0.237745    
1.261770     1.059574     29.984199    30.093884    0.099389     0.083462     2.361829    
0.248007     0.093705     5.863846     6.191117     0.018456     0.006973     0.436363    
0.208234     -0.376919    5.173976     5.552514     0.043298     -0.078372    1.075818    
0.634157     2.611358     72.841302    72.917430    0.088481     0.364350     10.163186   
0.750588     1.954569     53.371979    53.449292    0.036661     0.095467     2.606838    
-0.503648    -0.453995    14.437075    14.586427    -0.032619    -0.029403    0.935029    
-1.307500    1.366340     47.164551    47.243478    -0.053277    0.055675     1.921830    
0.867326     0.054877     40.524102    40.581191    0.010216     0.000646     0.477324    
-0.985030    -1.027955    22.597538    22.727751    -0.048309    -0.050414    1.108260    
1.818645     0.354361     62.335305    62.393896    0.099730     0.019432     3.418310    
1.052774     0.285228     100.709627   100.734768   0.110695     0.029991     10.589217   
-0.593258    -0.743385    9.497467     9.745840     -0.029928    -0.037502    0.479121    
-1.924339    0.726724     43.644139    43.736907    -0.090457    0.034161     2.051577    
-0.093266    2.029239     34.821784    34.936487    -0.011379    0.247583     4.248530    
-0.820495    0.504815     30.779918    30.857841    -0.013968    0.008594     0.523985    
-0.910911    -0.402897    62.360336    62.399348    -0.000612    -0.000271    0.041912    
-0.639337    0.715652     50.566125    50.613525    -0.185420    0.207553     14.665162   
-0.816695    -0.489043    32.714059    32.787052    -0.034183    -0.020469    1.369263    
0.113850     0.085319     13.456337    13.600302    0.024562     0.018407     2.903117    
0.299941     -0.807865    15.573522    15.721074    0.020178     -0.054347    1.047670    
0.516025     0.611801     7.995083     8.272659     0.045052     0.053414     0.698018    
0.241461     -0.072949    70.270115    70.298134    0.016481     -0.004979    4.796428    
-0.056103    -0.012077    23.568288    23.650422    -0.001654    -0.000356    0.694916    
0.944140     0.907767     7.601175     7.960418     0.021611     0.020778     0.173988    
0.639351     1.282095     97.997713    98.027951    0.029059     0.058272     4.454064    
0.084447     1.279776     113.858356   113.882594   0.001039     0.015742     1.400559    
0.023900     -0.169835    74.589012    74.615180    0.000072     -0.000513    0.225484    
-0.915558    -1.573545    91.458582    91.497877    -0.063819    -0.109684    6.375124    
1.320608     0.917646     38.208381    38.292838    0.059488     0.041336     1.721123    
0.191963     2.065020     94.628976    94.672167    0.000851     0.009158     0.419653    
-0.460432    0.132353     25.075957    25.157665    -0.132740    0.038157     7.229272    
0.055624     -0.922438    11.235061    11.443580    0.007825     -0.129766    1.580517    
2.072538     1.573991     83.366531    83.430368    0.070296     0.053386     2.827609    
1.016392     2.226101     46.748659    46.854036    0.021443     0.046965     0.986278    
0.325629     0.244642     69.090769    69.120006    0.002314     0.001739     0.491033    
0.346944     0.599568     6.311818     6.647845     0.026105     0.045113     0.474914    
-2.105541    1.243044     24.504105    24.704344    -0.268448    0.158483     3.124173    
-1.034497    1.253288     65.466341    65.516087    -0.088540    0.107266     5.603092    
0.843123     -0.689062    84.002805    84.032921    0.068619     -0.056081    6.836740    
0.270472     -2.007519    68.592484    68.650617    0.040217     -0.298504    10.199218   
-0.795042    0.031046     59.276723    59.314736    -0.085934    0.003356     6.407078    
-1.330215    0.681587     34.283708    34.372688    -0.061818    0.031675     1.593249    
0.768941     0.102850     73.305668    73.336197    0.023900     0.003197     2.278463    
-0.643404    -0.150653    26.586724    26.667687    -0.063421    -0.014850    2.620665    
0.438935     0.308931     13.908029    14.056896    0.033922     0.023875     1.074834    
0.451449     0.763925     53.650909    53.694342    0.007948     0.013448     0.944493    
-0.301848    0.073314     86.037125    86.060202    -0.003271    0.000794     0.932211    
-1.812012    0.585383     24.908895    25.059012    -0.177114    0.057218     2.434710    
-0.673364    0.787664     9.416026     9.675244     -0.061551    0.071999     0.860702    
-0.866498    -1.130910    82.417821    82.453635    -0.045059    -0.058809    4.285869    
1.706399     -0.433469    36.383830    36.479552    0.004122     -0.001047    0.087880    
-0.706910    1.084694     30.928250    31.017864    -0.053214    0.081652     2.328171    
-0.545519    -1.246309    23.904604    24.024070    -0.083899    -0.191679    3.676470    
0.577217     -0.029098    20.954338    21.054531    0.065209     -0.003287    2.367226    
-0.080869    -1.238839    19.482173    19.620685    -0.028486    -0.436376    6.862515    
1.691342     -1.407709    68.265254    68.329072    0.099115     -0.082494    4.000441    
-0.460637    -1.077730    16.887422    17.042114    -0.019476    -0.045566    0.713999    
0.909810     1.738894     57.320523    57.387880    0.023986     0.045845     1.511214    
0.851654     0.417621     12.344815    12.536712    0.001972     0.000967     0.028579    
0.305837     -0.180538    134.086143   134.101062   0.065721     -0.038796    28.813719   
-0.828621    -1.352008    45.140303    45.211021    -0.055236    -0.090126    3.009079    
0.094831     0.376711     91.033015    91.055124    0.008239     0.032730     7.909166    
-1.515782    0.054866     9.835508     10.144593    -0.103404    0.003743     0.670959    
-0.211390    1.092289     58.833345    58.876780    -0.023290    0.120341     6.481877    
0.163062     0.117101     9.569572     9.771999     0.004794     0.003443     0.281337    
0.315652     0.933230     94.868758    94.894293    0.030814     0.091102     9.261066    
0.759425     -0.634999    174.268018   174.281946   0.133450     -0.111586    30.623365   
0.431889     0.402465     53.608574    53.647951    0.091044     0.084842     11.300954   
1.283415     -0.862380    28.133928    28.245065    0.024728     -0.016616    0.542058    
0.547811     -0.313835    19.914960    20.021967    0.055751     -0.031939    2.026742    
0.565487     -0.821998    82.114670    82.144320    0.024845     -0.036115    3.607770    
-0.084790    2.836270     31.239599    31.429908    -0.003001    0.100375     1.105559    
-0.052983    1.207668     17.850704    17.999552    -0.002549    0.058091     0.858646    
0.315174     -0.305375    18.995613    19.102378    0.059292     -0.057449    3.573545    
0.763679     1.329210     12.974150    13.211871    0.066313     0.115420     1.126596    
0.689351     -1.957261    76.004890    76.058690    0.051524     -0.146292    5.680837    
0.491348     0.768524     7.903179     8.195562     0.023641     0.036978     0.380266    
0.841135     -0.624417    10.323153    10.561242    0.059757     -0.044361    0.733395    
0.056218     0.458370     8.366006     8.606874     0.002371     0.019330     0.352813    
-0.589275    1.254410     70.200035    70.241303    -0.054422    0.115850     6.483282    
0.511641     -1.860477    24.073907    24.231201    0.048147     -0.175075    2.265410    
-0.491054    -1.593285    28.771553    28.886967    -0.009221    -0.029919    0.540272    
0.299624     -0.422790    7.631489     7.898298     0.046975     -0.066285    1.196466    
0.155537     0.234024     117.667752   117.684552   0.000314     0.000473     0.237728    
0.734515     -0.238587    17.397469    17.525505    0.000829     -0.000269    0.019647    
-1.010487    1.691031     38.982029    39.081379    -0.023827    0.039875     0.919204    
-0.483138    -0.285998    34.916719    34.976670    -0.057985    -0.034325    4.190602    
0.900060     -0.951392    45.944562    46.005358    0.008978     -0.009490    0.458297    
1.875232     1.513929     48.104349    48.204894    0.000173     0.000140     0.004433    
-0.461992    0.291926     35.190790    35.250040    -0.087866    0.055521     6.692943    
-1.394265    -0.490603    63.985000    64.032334    -0.023608    -0.008307    1.083422    
0.077457     0.619024     73.390114    73.419159    0.000796     0.006363     0.754393    
0.658814     1.176906     62.150377    62.196169    0.000200     0.000357     0.018835    
-1.142848    0.941349     99.694759    99.725183    -0.080344    0.066178     7.008694    
0.795096     0.652833     117.260816   117.281850   0.018462     0.015159     2.722843    
0.707817     -0.532346    11.774268    11.970495    0.033107     -0.024900    0.550721    
-1.895760    1.022513     160.426928   160.453463   -0.051178    0.027604     4.330868    
1.569735     -0.652906    23.812601    23.954233    0.088692     -0.036890    1.345443    
-0.593828    2.848754     70.272890    70.360657    -0.011607    0.055684     1.373613    
0.725750     0.710258     13.227051    13.411227    0.048268     0.047238     0.879706    
-1.252956    -1.031609    27.614273    27.731880    -0.028979    -0.023859    0.638675    
0.214025     -1.408431    30.913467    31.008819    0.015856     -0.104346    2.290271    
0.167351     0.973683     17.961910    18.096443    0.004419     0.025709     0.474270    
-0.982851    -1.757681    47.158600    47.242607    -0.053326    -0.095365    2.558646    
-0.769790    1.615599     57.943281    58.004323    -0.014410    0.030243     1.084661    
0.207708     0.788689     14.264942    14.423200    0.009269     0.035196     0.636585    
-0.028759    -1.140788    18.886507    19.023074    -0.001513    -0.060010    0.993499    
-1.212102    0.321370     27.654287    27.752604    -0.048846    0.012951     1.114439    
-0.705165    -1.560238    14.639353    14.870011    -0.082313    -0.182124    1.708831    
-0.913483    -0.537986    53.647667    53.694236    -0.071983    -0.042394    4.227483    
1.525182     -0.078630    12.218345    12.469775    0.023593     -0.001216    0.189009    
0.397283     0.440341     77.483841    77.511111    0.033826     0.037492     6.597197    
-0.674821    1.390102     55.537273    55.593628    -0.066404    0.136790     5.465027    
1.633752     -0.886155    25.484202    25.627601    0.178041     -0.096570    2.777187    
0.310343     0.458081     138.896158   138.911208   0.014641     0.021611     6.552736    
-1.191945    1.154204     6.162041     6.678220     -0.157382    0.152399     0.813624    
0.402708     1.206565     17.525376    17.681395    0.010678     0.031992     0.464691    
-1.178809    -0.938267    29.499225    29.603195    -0.073436    -0.058451    1.837706    
-2.240287    -1.068178    39.853384    39.979083    -0.041694    -0.019880    0.741712    
-0.932176    0.722685     19.179321    19.316122    -0.006101    0.004730     0.125521    
0.180757     -2.158313    47.205628    47.296271    0.001707     -0.020379    0.445714    
0.302109     -0.837598    25.030793    25.123861    0.018041     -0.050020    1.494795    
-1.261431    -1.444049    71.106258    71.159338    -0.050358    -0.057648    2.838653    
-0.059558    0.903898     15.746098    15.894500    -0.008681    0.131746     2.295038    
0.117833     0.987078     33.950006    34.021553    0.005329     0.044640     1.535363    
0.186665     1.347515     64.027177    64.071874    0.020160     0.145533     6.914994    
2.177300     -0.793832    12.739917    13.097757    0.071828     -0.026188    0.420285    
-1.190190    1.218062     26.639351    26.766214    -0.008259    0.008453     0.184864    
1.074849     -0.343400    21.409581    21.529476    0.126864     -0.040531    2.526967    
1.527015     1.327770     45.604440    45.691735    0.148470     0.129098     4.434079    
1.242197     -0.145999    167.084137   167.100413   0.025579     -0.003006    3.440579    
0.835185     -1.939794    45.465923    45.557496    0.040380     -0.093785    2.198193    
-1.173397    -0.391891    27.705737    27.803116    -0.050490    -0.016863    1.192148    
0.311400     0.289379     4.851494     5.252871     0.012223     0.011358     0.190425    
-0.894833    0.391646     9.371265     9.625470     -0.010888    0.004765     0.114027    
-0.425916    0.026352     41.635636    41.684329    -0.043151    0.002670     4.218266    
-2.049067    1.929275     12.591933    13.051915    -0.088152    0.082999     0.541713    
-1.558382    0.043694     24.813931    24.940662    -0.119360    0.003347     1.900558    
0.545848     2.507822     43.851771    43.970898    0.009656     0.044363     0.775738    
-0.149770    -0.658785    8.215595     8.475103     -0.010412    -0.045799    0.571158    
-1.771572    -0.863622    76.875295    76.925745    -0.247654    -0.120729    10.746670   
-0.462714    -0.891119    31.300491    31.378399    -0.037562    -0.072339    2.540907    
-0.082251    0.340756     13.549195    13.695931    -0.000001    0.000005     0.000212    
1.686927     -1.010012    95.579012    95.619497    0.164904     -0.098733    9.343244    
-1.068641    0.270897     30.923434    31.005630    -0.079079    0.020046     2.288335    
0.450696     -0.381695    16.312235    16.441191    0.047413     -0.040154    1.716056    
1.411517     0.267495     22.939475    23.068559    0.191223     0.036239     3.107690    
-0.412427    -1.542880    80.024584    80.064721    -0.028740    -0.107517    5.576595    
-3.177592    1.619999     142.495568   142.553791   -0.179917    0.091725     8.068189    
0.588704     0.344963     35.177820    35.239461    0.002363     0.001385     0.141205    
0.883625     -0.848661    24.644144    24.752976    0.022091     -0.021217    0.616106    
-0.090151    -0.396479    19.979972    20.080825    -0.007867    -0.034597    1.743467    
0.635920     -0.627967    17.184645    17.320096    0.007594     -0.007499    0.205207    
0.566357     -0.125783    97.596502    97.618076    0.031252     -0.006941    5.385458    
1.386166     -0.919116    38.354316    38.440795    0.114402     -0.075856    3.165423    
0.047019     -0.198242    78.600162    78.625072    0.014363     -0.060558    24.010559   
1.749280     -0.783327    31.364825    31.484929    0.212885     -0.095330    3.817055    
0.168633     0.191130     9.137350     9.350459     0.007932     0.008990     0.429801    
-1.400687    -1.167695    62.932543    62.989725    -0.086423    -0.072047    3.882958    
-0.652744    0.542962     25.060946    25.152472    -0.042036    0.034966     1.613902    
-0.193943    -0.531705    27.717642    27.793218    -0.004497    -0.012328    0.642653    
-0.087629    0.441588     55.643189    55.679818    -0.003258    0.016420     2.069007    
0.365275     0.494842     5.776818     6.133911     0.105753     0.143265     1.672483    
-0.527121    0.068676     99.954831    99.975626    -0.035419    0.004615     6.716298    
0.835697     -0.424824    82.255990    82.284882    0.025562     -0.012994    2.515983    
1.136727     0.407205     20.624768    20.753650    0.098969     0.035453     1.795686    
1.329218     0.626045     15.050150    15.249286    0.047292     0.022274     0.535468    
-1.062538    0.217935     20.965399    21.085526    -0.027834    0.005709     0.549214    
-0.058485    0.527850     35.139290    35.198391    -0.000496    0.004473     0.297762    
0.418402     0.223543     13.083257    13.239018    0.013347     0.007131     0.417360    
