-0.906681    0.175694     23.242709    23.344194    -0.020098    0.003895     0.515215    
-0.922310    0.870899     58.630849    58.677598    -0.069950    0.066051     4.446710    
-1.408796    2.717346     43.213520    43.366484    -0.053626    0.103436     1.644933    
-1.677473    -0.613811    32.987147    33.094070    -0.126115    -0.046147    2.480016    
-0.317199    0.486494     99.590515    99.611661    -0.004232    0.006490     1.328660    
0.978711     -1.666409    54.313869    54.383877    0.159115     -0.270919    8.830161    
0.971836     0.206007     46.477799    46.530072    0.017631     0.003737     0.843215    
0.917608     -0.204923    56.546092    56.588157    0.049767     -0.011114    3.066815    
0.537983     -2.229108    59.318025    59.394961    0.009924     -0.041121    1.094258    
-2.294182    -0.309360    15.870297    16.158597    -0.057982    -0.007819    0.401095    
0.171112     1.299733     21.023367    21.155980    0.023902     0.181553     2.936650    
-1.865207    -0.886869    80.992026    81.042265    -0.077020    -0.036622    3.344420    
2.266463     -1.559446    71.177621    71.257964    0.058167     -0.040022    1.826733    
2.256006     -0.017999    40.426610    40.537337    0.325513     -0.002597    5.833044    
1.510525     0.384673     15.699342    15.898867    0.006894     0.001756     0.071652    
-0.189782    0.995539     8.281381     8.572243     -0.013050    0.068458     0.569469    
0.446673     1.056928     29.013987    29.103316    0.017649     0.041760     1.146372    
0.258999     0.573655     64.319136    64.352330    0.015252     0.033782     3.787655    
0.722112     -1.529983    110.179293   110.209863   0.182995     -0.387722    27.921213   
1.038685     -0.296218    8.542954     8.833099     0.372291     -0.106172    3.062014    
0.833140     0.364231     23.910666    24.008784    0.005826     0.002547     0.167217    
-0.995890    -1.555870    16.775922    16.991734    -0.040428    -0.063161    0.681021    
-0.836847    1.144327     28.526763    28.629721    -0.200869    0.274674     6.847308    
2.756208     -1.253560    31.874023    32.077974    0.538778     -0.245043    6.230675    
-1.022579    -1.531360    38.298131    38.392871    -0.093258    -0.139659    3.492758    
0.364827     -1.248895    13.118631    13.329151    0.003154     -0.010797    0.113412    
-0.319477    -0.644841    42.541230    42.592829    -0.035780    -0.072219    4.764385    
0.666908     2.687104     161.422264   161.458005   0.028573     0.115125     6.915896    
-0.383282    -2.626213    37.117283    37.264079    -0.000846    -0.005798    0.081942    
0.520178     -0.213116    32.151761    32.216870    0.003431     -0.001406    0.212071    
0.081819     -0.806598    19.356605    19.473325    0.002349     -0.023154    0.555644    
-0.598657    0.009951     45.054329    45.101286    -0.035448    0.000589     2.667818    
0.070563     1.047560     21.204374    21.321416    0.000635     0.009424     0.190763    
-0.867349    -1.686703    26.529105    26.669564    -0.051380    -0.099917    1.571535    
-0.463988    2.060580     44.498487    44.592058    -0.021514    0.095544     2.063284    
-1.156293    -2.998393    47.111312    47.261803    -0.107622    -0.279076    4.384893    
-0.493366    0.647877     28.085859    28.166533    -0.054756    0.071904     3.117096    
0.377814     -0.743367    53.677666    53.720221    0.019914     -0.039181    2.829220    
-0.362737    -0.647467    14.542067    14.693450    -0.048318    -0.086245    1.937049    
0.927024     -0.464826    47.675036    47.726926    0.056890     -0.028526    2.925732    
-2.198826    -0.031966    105.204973   105.246364   -0.181914    -0.002645    8.703836    
0.846471     0.850447     71.851880    71.888855    0.111264     0.111787     9.444531    
1.554573     -1.760614    15.102424    15.410212    0.128046     -0.145017    1.243946    
-3.857194    0.388633     98.254525    98.350677    -0.126482    0.012744     3.221887    
-1.829464    -1.799007    68.392983    68.469398    -0.317628    -0.312340    11.874266   
-1.663477    -0.401700    74.550863    74.596479    -0.072056    -0.017400    3.229300    
-1.299774    -0.796666    91.386996    91.420906    -0.230745    -0.141430    16.223690   
-0.443550    1.302780     26.596079    26.704313    -0.005462    0.016044     0.327530    
0.192540     0.085147     6.561887     6.854024     0.026061     0.011525     0.888180    
0.395188     -0.249760    18.997377    19.104812    0.117220     -0.074084    5.634987    
1.260103     0.418088     80.280572    80.315676    0.039455     0.013091     2.513674    
-1.203577    -1.221673    78.214243    78.257804    -0.171799    -0.174382    11.164324   
0.894387     -1.935861    95.583242    95.627290    0.036511     -0.079025    3.901886    
-0.508121    -2.466643    21.064491    21.305639    -0.118311    -0.574336    4.904680    
2.297677     -0.100394    34.734443    34.866113    0.024351     -0.001064    0.368112    
-0.273753    1.457701     48.875667    48.937773    -0.000682    0.003632     0.121772    
0.750285     -1.125268    68.451870    68.493523    0.058263     -0.087383    5.315628    
-1.974862    -1.472262    32.904566    33.055303    -0.011269    -0.008401    0.187768    
0.804806     0.685751     19.968004    20.092638    0.054817     0.046708     1.360071    
-1.483414    -1.306099    14.657746    14.920821    -0.057830    -0.050917    0.571422    
-0.244219    -0.284445    66.913148    66.943147    -0.005730    -0.006674    1.570049    
-1.260531    1.102449     25.538166    25.668604    -0.072732    0.063611     1.473545    
0.570789     1.265826     26.276626    26.386817    0.055554     0.123202     2.557485    
0.347580     -1.006190    33.837900    33.911822    0.014419     -0.041742    1.403757    
-1.129839    1.276391     36.884668    36.976470    -0.058655    0.066263     1.914841    
0.281499     0.591582     16.889175    17.016122    0.046354     0.097415     2.781109    
2.059835     -2.586539    37.297147    37.495136    0.138298     -0.173661    2.504143    
0.835400     0.526215     9.794103     10.038636    0.016657     0.010492     0.195282    
-2.363135    -0.011342    18.518706    18.772372    -0.265890    -0.001276    2.083646    
-0.009504    2.967199     39.925422    40.083895    -0.000637    0.198892     2.676213    
0.324793     0.160799     10.772660    10.957029    0.074038     0.036655     2.455670    
1.100094     0.361246     31.514369    31.597011    0.073027     0.023981     2.092011    
-0.844819    0.456822     60.003016    60.042979    -0.108935    0.058905     7.737062    
0.139929     3.256827     81.688868    81.777580    0.000122     0.002835     0.071109    
0.326724     -1.359412    25.378984    25.493579    0.005491     -0.022845    0.426487    
0.176756     -0.201861    11.565974    11.735361    0.006784     -0.007747    0.443883    
-0.836715    -1.711082    14.707553    14.960447    -0.001176    -0.002404    0.020667    
-2.134542    0.908978     13.071660    13.421094    -0.194211    0.082703     1.189326    
1.099548     0.857163     12.110778    12.348669    0.057484     0.044812     0.633142    
-0.911059    -0.660574    83.615751    83.646490    -0.016860    -0.012224    1.547369    
-0.559126    -1.359653    45.123932    45.190767    -0.058555    -0.142392    4.725673    
0.316360     -1.134641    18.938458    19.076887    0.077402     -0.277607    4.633577    
-3.932074    1.653726     43.160328    43.415261    -0.831627    0.349760     9.128335    
-0.195126    0.527573     47.473303    47.517427    -0.023792    0.064327     5.788388    
-1.059500    0.130178     13.916287    14.095300    -0.060445    0.007427     0.793934    
-1.265759    1.699512     61.776176    61.843846    -0.044612    0.059900     2.177319    
0.083902     0.707327     72.437653    72.467895    0.000946     0.007978     0.817066    
0.195373     1.028803     32.390417    32.467070    0.001643     0.008650     0.272334    
-2.282343    1.091342     28.843036    29.020610    -0.023060    0.011027     0.291420    
0.409501     0.157795     5.893931     6.229444     0.038525     0.014845     0.554485    
0.293904     0.823380     19.604800    19.722765    0.013797     0.038654     0.920352    
-0.785505    -0.830179    16.389535    16.546843    -0.019175    -0.020265    0.400077    
1.053769     -1.231376    34.638734    34.732457    0.248027     -0.289831    8.152975    
0.562627     1.499418     34.956455    35.048445    0.025265     0.067332     1.569724    
0.526676     -0.217900    7.303617     7.585686     0.080534     -0.033319    1.116790    
-1.309597    -0.203487    64.704093    64.747595    -0.067470    -0.010484    3.333544    
0.293817     1.312746     22.163981    22.291852    0.041163     0.183911     3.105091    
0.301223     1.195395     80.305227    80.338809    0.041819     0.165956     11.148743   
-0.874265    -1.077583    15.390436    15.577741    -0.031252    -0.038520    0.550161    
-3.747858    -1.053738    44.720428    44.932710    -0.084417    -0.023735    1.007288    
0.074251     -0.131544    8.118133     8.354750     0.006721     -0.011907    0.734815    
-1.081623    1.637330     21.668310    21.845855    -0.024964    0.037790     0.500111    
-0.994942    0.143582     54.607906    54.652620    -0.036796    0.005310     2.019589    
-0.920187    -1.171265    33.744284    33.834454    -0.106575    -0.135654    3.908213    
1.206829     -0.132925    70.125127    70.163256    0.066269     -0.007299    3.850679    
1.109472     -0.617269    27.953178    28.051151    0.116289     -0.064699    2.929909    
-0.101099    -1.811659    34.481006    34.584780    -0.002165    -0.038792    0.738313    
0.387549     -0.415971    46.775946    46.820800    0.020189     -0.021670    2.436778    
-0.511980    -1.776545    96.083877    96.121822    -0.002219    -0.007700    0.416477    
-0.721923    0.538145     37.193929    37.256867    -0.051879    0.038672     2.672831    
0.363633     -1.661410    120.048899   120.077082   0.007513     -0.034328    2.480441    
0.623556     -0.120312    10.639354    10.838547    0.018621     -0.003593    0.317722    
1.446002     0.564545     18.237502    18.408994    0.117618     0.045920     1.483443    
1.804998     -2.047890    69.564568    69.645933    0.175196     -0.198772    6.752053    
-1.280869    -0.652975    32.870837    32.961097    -0.018859    -0.009614    0.483964    
0.306224     0.230898     32.774493    32.835795    0.044344     0.033436     4.746084    
0.633635     0.898848     111.872357   111.895079   0.060221     0.085427     10.632459   
-0.837592    1.107140     57.156289    57.207024    -0.074417    0.098366     5.078161    
1.158458     -0.253445    34.390937    34.467634    0.048740     -0.010663    1.446946    
-2.005570    -0.505452    143.252350   143.280803   -0.111806    -0.028178    7.986003    
0.893154     -0.480760    41.773821    41.832474    0.023449     -0.012622    1.096742    
1.605116     -1.191615    36.898961    37.005468    0.299944     -0.222674    6.895221    
2.031842     1.469135     63.667665    63.747418    0.105576     0.076337     3.308213    
-0.769983    0.195855     17.007270    17.139237    -0.086343    0.021962     1.907135    
0.549294     -0.067818    20.659548    20.760496    0.086274     -0.010652    3.244860    
1.398128     -1.546924    52.059534    52.138448    0.134731     -0.149069    5.016722    
1.012994     -1.662969    53.169528    53.241575    0.143547     -0.235652    7.534408    
-1.670216    -2.570095    89.636569    89.710559    -0.014039    -0.021602    0.753417    
-0.038845    -0.656609    14.275535    14.425620    -0.000210    -0.003545    0.077073    
1.188683     -1.185433    11.876898    12.155405    0.001340     -0.001336    0.013387    
0.250252     -1.273142    24.452365    24.565761    0.093694     -0.476663    9.154930    
1.224366     -0.699484    76.242128    76.280570    0.203276     -0.116132    12.658138   
2.755964     0.819380     119.808336   119.858997   0.017860     0.005310     0.776425    
-1.468648    0.224065     57.002017    57.055342    -0.009781    0.001492     0.379624    
0.135509     0.591667     23.713548    23.802852    0.018979     0.082866     3.321220    
0.699935     -0.989895    37.303224    37.374795    0.115819     -0.163799    6.172608    
-0.457027    -0.438101    38.453376    38.508932    -0.007506    -0.007195    0.631500    
0.729830     0.210836     19.484003    19.597919    0.005696     0.001645     0.152052    
0.007755     0.425230     14.750696    14.887540    0.000256     0.014036     0.486899    
-1.225801    -0.375598    41.472124    41.538605    -0.199678    -0.061184    6.755656    
-0.890288    -0.545073    17.929401    18.067321    -0.042575    -0.026066    0.857412    
0.021369     -0.066553    51.342822    51.380592    0.000782     -0.002435    1.878850    
-0.512679    0.800457     21.103959    21.216871    -0.004937    0.007708     0.203221    
1.392570     -0.100555    80.776352    80.812396    0.050675     -0.003659    2.939423    
-0.783428    0.314316     9.146427     9.393861     -0.006146    0.002466     0.071753    
0.287927     -1.041122    165.560814   165.576040   0.009015     -0.032596    5.183426    
0.110444     0.688427     74.270192    74.299546    0.011383     0.070952     7.654623    
-1.148338    -1.378849    32.568678    32.677417    -0.100358    -0.120504    2.846317    
-0.501575    1.638789     44.123559    44.200686    -0.074909    0.244748     6.589710    
1.530425     0.671716     22.912191    23.057251    0.066823     0.029329     1.000422    
-3.194759    -1.795085    68.594971    68.720986    -0.085697    -0.048152    1.840009    
-0.357845    0.927286     24.227040    24.327194    -0.102542    0.265717     6.942336    
1.080336     0.206484     15.318951    15.484024    0.061447     0.011744     0.871302    
0.425144     -1.088747    20.997472    21.121906    0.056683     -0.145158    2.799501    
-0.112013    -0.770246    27.666228    27.747089    -0.009967    -0.068537    2.461759    
-0.206529    0.544356     28.438110    28.512103    -0.034198    0.090138     4.708966    
-0.762883    -0.105946    65.234460    65.268698    -0.032629    -0.004531    2.790099    
-0.405990    1.144706     16.358462    16.521180    -0.096056    0.270834     3.870369    
-0.938777    0.136079     112.840995   112.862150   -0.015891    0.002303     1.910068    
-1.521382    -0.123509    25.669978    25.790552    -0.061651    -0.005005    1.040217    
1.406362     -2.681868    43.148991    43.299892    0.006989     -0.013327    0.214417    
0.181201     1.347876     61.116878    61.163693    0.010748     0.079947     3.625061    
2.035827     -0.538332    101.855495   101.896277   0.037785     -0.009991    1.890431    
0.914366     -0.902688    36.233671    36.309844    0.046332     -0.045740    1.835998    
0.152506     2.415808     70.556623    70.625572    0.003131     0.049590     1.448346    
-1.197271    -0.855398    14.525420    14.731869    -0.092921    -0.066388    1.127332    
-1.090256    -0.128851    9.150138     9.423653     -0.033897    -0.004006    0.284489    
0.170338     -0.160663    24.456129    24.536341    0.003901     -0.003679    0.560022    
-0.666823    0.916249     52.664930    52.713887    -0.134955    0.185436     10.658633   
-0.285521    -1.400975    34.329960    34.416062    -0.048812    -0.239509    5.869016    
-0.322343    -0.494592    75.696533    75.724426    -0.001777    -0.002726    0.417206    
1.472459     0.843847     118.646235   118.674700   0.273911     0.156975     22.070877   
-0.611446    0.602260     20.016259    20.131124    -0.053938    0.053128     1.765711    
-0.224792    -1.197101    11.583363    11.812401    -0.024633    -0.131180    1.269320    
-0.404067    0.336937     37.587338    37.642525    -0.005914    0.004931     0.550094    
-0.235803    0.883819     20.031882    20.149144    -0.003154    0.011823     0.267978    
-0.435401    -3.377566    59.254524    59.384940    -0.058920    -0.457062    8.018502    
-0.381441    0.337147     58.991616    59.026646    -0.021390    0.018906     3.308124    
1.842300     -0.681967    15.224507    15.476424    0.066840     -0.024742    0.552357    
-0.345015    -0.446711    43.526583    43.574729    -0.033338    -0.043165    4.205878    
-2.024107    -0.986012    51.721757    51.808149    -0.067809    -0.033032    1.732723    
-1.007092    0.897922     81.627514    81.662393    -0.176643    0.157495     14.317434   
-0.940160    -0.529806    56.438841    56.483470    -0.061563    -0.034692    3.695675    
-0.648060    -1.695967    100.490170   100.525845   -0.013863    -0.036280    2.149671    
-2.445356    -0.509422    50.280827    50.381304    -0.132301    -0.027561    2.720337    
0.163375     1.339463     71.428326    71.468186    0.003435     0.028160     1.501667    
1.618635     0.960004     47.440436    47.518539    0.195731     0.116087     5.736655    
0.453099     1.283194     62.278287    62.324248    0.056993     0.161406     7.833666    
1.217914     -0.332660    16.416922    16.582649    0.055604     -0.015188    0.749512    
0.124703     1.338295     171.800221   171.816755   0.000065     0.000698     0.089628    
0.160960     -0.247773    12.580611    12.737112    0.005975     -0.009197    0.466984    
1.192565     1.322953     76.754799    76.800694    0.003368     0.003737     0.216792    
1.061295     0.718747     19.478304    19.619435    0.019701     0.013342     0.361571    
-1.650178    -0.818758    7.920908     8.367149     -0.055309    -0.027442    0.265485    
0.018550     -0.897455    38.650143    38.710648    0.000414     -0.020050    0.863479    
0.712519     -1.692508    30.791237    30.908696    0.037872     -0.089961    1.636631    
1.304004     0.235126     12.437086    12.661429    0.024013     0.004330     0.229025    
-0.744185    -0.634445    39.050890    39.112700    -0.020111    -0.017145    1.055293    
0.994736     -0.637845    44.830058    44.888812    0.197844     -0.126862    8.916294    
-1.446892    -0.716904    63.062390    63.113766    -0.253931    -0.125817    11.067493   
1.431533     0.012776     73.012117    73.052677    0.237931     0.002123     12.135129   
0.554131     0.797637     11.180596    11.394032    0.014394     0.020720     0.290434    
1.193392     -2.304975    59.419980    59.509210    0.114609     -0.221361    5.706473    
2.054153     -0.909509    56.514373    56.593251    0.305236     -0.135148    8.397731    
-0.039239    -0.712551    51.469128    51.511701    -0.006393    -0.116089    8.385362    
-0.286275    -0.000322    100.634947   100.654605   -0.000948    -0.000001    0.333399    
-0.628987    1.134704     47.928013    47.985962    -0.022017    0.039720     1.677699    
-0.465111    -1.732386    43.641476    43.722658    -0.024119    -0.089834    2.263048    
0.319893     1.983229     50.681606    50.759587    0.030500     0.189088     4.832173    
-1.095240    -0.638782    101.551726   101.578717   -0.018870    -0.011006    1.749659    
-0.583261    -0.163318    53.662657    53.702166    -0.025522    -0.007146    2.348114    
-0.381333    0.359013     16.110135    16.238402    -0.055754    0.052491     2.355443    
1.319926     0.511315     22.186335    22.318424    0.151663     0.058752     2.549273    
0.281981     -0.570821    10.663919    10.862756    0.022724     -0.046000    0.859356    
-0.010545    -0.545812    5.587833     5.949525     -0.001969    -0.101888    1.043097    
2.490164     -1.621671    64.324107    64.422795    0.025793     -0.016797    0.666263    
1.803453     -2.491291    84.676103    84.754801    0.293511     -0.405456    13.780976   
0.020395     -1.512261    20.013870    20.167233    0.001557     -0.115456    1.527990    
-2.130014    0.152714     51.440383    51.522308    -0.472345    0.033865     11.407245   
0.619013     1.787190     39.142984    39.238060    0.010196     0.029437     0.644731    
1.072805     -0.597139    21.077294    21.204593    0.004150     -0.002310    0.081528    
0.301176     -0.305948    63.850483    63.882263    0.017153     -0.017425    3.636509    
-0.509497    -0.471885    66.725323    66.757966    -0.076207    -0.070581    9.980266    
0.922565     0.174756     46.339381    46.390677    0.245622     0.046527     12.337316   
-1.939617    1.271468     35.869841    35.998600    -0.300296    0.196852     5.553449    
-1.114251    0.037013     22.187577    22.302610    -0.050311    0.001671     1.001812    
0.274383     0.963431     22.558675    22.666544    0.001347     0.004728     0.110705    
-0.698924    0.615849     19.397954    19.519819    -0.058131    0.051221     1.613359    
1.622347     0.088727     34.915669    35.008838    0.174994     0.009571     3.766177    
1.050803     -0.887828    36.951278    37.029236    0.094756     -0.080060    3.332088    
-1.154640    -0.993265    72.103314    72.146258    -0.097446    -0.083827    6.085172    
0.089160     -0.415772    12.680599    12.839523    0.004758     -0.022187    0.676667    
1.114374     -0.627121    63.258490    63.302027    0.067215     -0.037825    3.815503    
0.732582     0.276417     15.558554    15.702122    0.058312     0.022002     1.238434    
-1.050820    -0.463180    26.633865    26.731189    -0.035606    -0.015694    0.902452    
1.396664     0.506965     13.081358    13.311821    0.015333     0.005566     0.143611    
2.142964     -1.254103    27.371993    27.554782    0.057810     -0.033832    0.738405    
0.086264     0.881989     9.261025     9.509305     0.000595     0.006088     0.063922    
-0.717832    0.181569     30.339534    30.412342    -0.061496    0.015555     2.599156    
1.514914     -0.255971    27.295847    27.409829    0.034709     -0.005865    0.625386    
0.222160     0.139389     111.219235   111.236963   0.031266     0.019617     15.652786   
-0.382201    -0.267972    10.198482    10.397205    -0.013282    -0.009312    0.354403    
-0.898108    -1.567888    70.251492    70.302289    -0.037988    -0.066318    2.971466    
-1.362136    -0.299228    92.669121    92.700517    -0.119446    -0.026239    8.126170    
0.624028     -2.632683    33.309953    33.477580    0.053137     -0.224179    2.836419    
0.695512     -0.229558    26.034578    26.119162    0.037892     -0.012507    1.418385    
-0.607836    0.081734     8.502485     8.748906     -0.006842    0.000920     0.095702    
-0.506830    1.340421     15.173162    15.367284    -0.008643    0.022859     0.258755    
-1.826340    -0.012977    9.302731     9.682533     -0.046868    -0.000333    0.238728    
-0.333378    -0.646272    54.396835    54.437298    -0.007374    -0.014295    1.203178    
0.874793     -0.749650    57.658526    57.703620    0.020773     -0.017801    1.369165    
0.197460     2.267237     39.918165    40.031415    0.013167     0.151183     2.661803    
-0.435831    -1.765629    76.789604    76.836356    -0.007473    -0.030274    1.316654    
0.853896     -0.225293    93.377338    93.402259    0.148962     -0.039302    16.289685   
-0.123899    2.174218     18.581141    18.811601    -0.052594    0.922941     7.887566    
0.981626     0.694847     56.940520    56.987229    0.083278     0.058949     4.830662    
0.470446     0.922194     16.097854    16.250773    0.013362     0.026193     0.457220    
0.005429     0.511141     5.866172     6.208722     0.000155     0.014634     0.167953    
0.574891     1.832340     87.015394    87.058840    0.011236     0.035813     1.700699    
0.753556     1.210098     79.885065    79.922029    0.035838     0.057551     3.799245    
0.430440     1.040906     106.968350   106.992390   0.003096     0.007488     0.769460    
0.968686     0.287726     57.525754    57.568294    0.067730     0.020118     4.022171    
-0.170673    1.208421     15.826098    15.994679    -0.014684    0.103968     1.361611    
0.977021     0.296277     24.435794    24.536204    0.047181     0.014308     1.180030    
-0.881952    -3.245440    112.746630   112.813954   -0.001082    -0.003982    0.138330    
-0.391079    -0.095928    26.862040    26.937080    -0.078022    -0.019138    5.359081    
-0.552996    -0.214505    41.958644    42.008982    -0.009296    -0.003606    0.705336    
0.098191     -1.329607    69.576743    69.617351    0.008687     -0.117634    6.155664    
-0.671100    -0.517278    17.284237    17.416595    -0.003071    -0.002367    0.079082    
-3.925846    -1.251056    50.320897    50.527666    -0.511204    -0.162906    6.552530    
-0.484126    0.148828     38.113189    38.167351    -0.015708    0.004829     1.236589    
-0.237438    1.537002     30.796937    30.898949    -0.016900    0.109396     2.191968    
0.263711     -1.826353    14.816886    15.060551    0.008367     -0.057947    0.470111    
0.474104     -1.059014    125.452108   125.472916   0.148389     -0.331460    39.265141   
-1.294457    -1.004293    19.645959    19.812190    -0.084824    -0.065810    1.287365    
0.168983     0.923588     22.570670    22.675795    0.012999     0.071046     1.736217    
-1.347229    1.116641     58.824057    58.882990    -0.220525    0.182781     9.628795    
1.850710     -0.394421    12.555154    12.848640    0.039124     -0.008338    0.265418    
2.030424     0.966124     24.293201    24.476327    0.078014     0.037121     0.933411    
-0.464601    -0.158825    58.018379    58.053840    -0.009724    -0.003324    1.214312    
-0.353615    2.515037     104.476825   104.526228   -0.028004    0.199177     8.273970    
0.993363     -0.317069    47.491069    47.543285    0.162201     -0.051772    7.754560    
-0.046867    0.567548     21.910346    22.005966    -0.009048    0.109575     4.230165    
0.763967     -0.889878    58.993341    59.037825    0.046799     -0.054512    3.613780    
1.096362     -0.194708    49.946926    49.998103    0.119508     -0.021224    5.444410    
-0.210261    2.475905     21.229112    21.464493    -0.032239    0.379631     3.255065    
-1.260219    -0.774272    117.597870   117.623644   -0.071559    -0.043966    6.677607    
0.002171     -0.177467    7.957978     8.199748     0.000269     -0.021968    0.985073    
-0.200515    -2.556581    21.317449    21.561190    -0.003114    -0.039703    0.331053    
1.260311     0.050002     17.799142    17.952028    0.101911     0.004043     1.439276    
-1.081021    0.722212     24.433838    24.547456    -0.024301    0.016235     0.549269    
1.543780     -0.961101    37.463383    37.559114    0.470177     -0.292715    11.409932   
0.946622     -1.353758    26.591260    26.715143    0.213059     -0.304694    5.984972    
-0.957310    1.246904     127.376532   127.401440   -0.123454    0.160800     16.426455   
0.477680     -1.515868    53.588826    53.648516    0.144746     -0.459338    16.238476   
0.434676     0.203179     84.640464    84.664711    0.107622     0.050306     20.956335   
-0.266396    -0.464053    33.635623    33.697425    -0.002345    -0.004084    0.296031    
2.449884     -0.796226    23.804109    24.023873    0.006888     -0.002238    0.066922    
0.903713     1.951416     136.263737   136.294922   0.120870     0.260998     18.225029   
-0.314808    -0.082154    88.747999    88.770423    -0.016092    -0.004199    4.536495    
-0.008753    -0.482839    54.651459    54.689032    -0.000501    -0.027659    3.130717    
1.445658     0.332804     57.587676    57.640403    0.213810     0.049221     8.517105    
-0.207635    -2.008967    113.661873   113.696857   -0.008614    -0.083346    4.715465    
-2.076291    -0.826912    39.419846    39.532189    -0.015290    -0.006090    0.290294    
0.830408     -0.296351    75.281870    75.312763    0.011552     -0.004123    1.047273    
0.529700     0.068861     27.090077    27.166754    0.032136     0.004178     1.643494    
-1.294766    -1.658200    13.982107    14.275865    -0.174484    -0.223460    1.884240    
-1.233908    -0.944045    18.722020    18.889223    -0.126178    -0.096537    1.914498    
-1.189323    1.090914     26.362232    26.484842    -0.061503    0.056414     1.363261    
-0.689681    1.250558     36.969126    37.049032    -0.000803    0.001455     0.043017    
-2.151192    -2.117333    21.591575    21.890222    -0.176453    -0.173676    1.771065    
1.572113     -0.894794    168.280663   168.301898   0.120761     -0.068733    12.926348   
0.169434     -1.556255    46.672372    46.740088    0.000930     -0.008539    0.256086    
-0.966405    1.123883     24.847224    24.969112    -0.007333    0.008528     0.188533    
0.678085     -0.164032    77.050567    77.078865    0.039672     -0.009597    4.507867    
1.606712     -1.149306    69.130102    69.186331    0.013376     -0.009568    0.575535    
0.578319     0.105364     17.633782    17.753050    0.005520     0.001006     0.168325    
-0.667256    -1.154031    17.080509    17.245167    -0.042606    -0.073688    1.090642    
-0.658649    -1.493833    18.452368    18.628746    -0.064526    -0.146347    1.807725    
0.583749     -0.631912    54.685219    54.727400    0.068858     -0.074539    6.450558    
0.543795     -0.005704    64.218363    64.250828    0.007287     -0.000076    0.860515    
-0.189071    0.407631     57.380639    57.416153    -0.008341    0.017983     2.531361    
0.639787     -0.473602    84.900896    84.927444    0.022941     -0.016982    3.044274    
-0.509067    -0.929726    18.523211    18.657648    -0.095617    -0.174628    3.479166    
-0.563263    -1.069672    86.575431    86.606245    -0.015087    -0.028652    2.318988    
-0.103891    0.176323     17.268595    17.381635    -0.007278    0.012353     1.209780    
0.626983     1.628058     43.358471    43.438181    0.078065     0.202709     5.398549    
0.022195     -1.602013    65.849418    65.898314    0.000526     -0.037981    1.561159    
0.273825     -1.549364    53.221532    53.281159    0.030675     -0.173565    5.962056    
0.651204     0.031784     78.068595    78.096130    0.082652     0.004034     9.908575    
-0.216556    1.881568     35.593810    35.698480    -0.030241    0.262749     4.970455    
1.259378     -1.169560    17.442719    17.637384    0.157031     -0.145831    2.174917    
1.866570     0.346837     16.528081    16.752815    0.046119     0.008570     0.408371    
-2.753530    0.850785     53.005918    53.120694    -0.427442    0.132071     8.228338    
-0.777978    1.061806     111.138101   111.163326   -0.044631    0.060914     6.375820    
0.183870     0.278446     54.996765    55.032995    0.000990     0.001500     0.296249    
-1.602131    1.140183     37.379209    37.482623    -0.023457    0.016694     0.547276    
1.445122     1.357573     38.970030    39.070060    0.014215     0.013354     0.383342    
-0.829963    0.367470     24.899948    24.994124    -0.012062    0.005340     0.361874    
-0.447887    -1.104260    36.065160    36.138494    -0.029258    -0.072135    2.355936    
0.061726     0.167387     18.729319    18.833326    0.003897     0.010569     1.182580    
0.073376     1.802177     58.401197    58.462193    0.003632     0.089204     2.890747    
2.024700     0.126423     15.771853    16.023161    0.103106     0.006438     0.803167    
0.967302     0.181370     57.375085    57.417278    0.038195     0.007162     2.265520    
0.836961     -0.508144    12.796605    12.984097    0.002631     -0.001597    0.040225    
1.809662     0.238474     39.502425    39.593539    0.132227     0.017425     2.886330    
-1.518752    -1.052176    77.426298    77.473352    -0.010960    -0.007593    0.558730    
0.119867     0.533081     11.422174    11.603429    0.002305     0.010253     0.219686    
-0.487852    -0.062447    8.168538     8.416761     -0.002131    -0.000273    0.035675    
-1.289148    -0.279301    69.845727    69.885910    -0.035931    -0.007785    1.946712    
-1.776499    0.284496     22.372395    22.530777    -0.018014    0.002885     0.226857    
-0.317673    0.981711     45.987312    46.040987    -0.007746    0.023938     1.121338    
-0.731027    0.135680     13.253047    13.419054    -0.019398    0.003600     0.351674    
-0.682359    -0.186609    7.824515     8.099285     -0.013564    -0.003709    0.155532    
-0.327680    1.317143     51.935223    51.990236    -0.028137    0.113100     4.459541    
2.150764     -1.043079    54.759649    54.847132    0.055572     -0.026951    1.414881    
1.219679     -0.770624    22.209566    22.343260    0.052736     -0.033320    0.960280    
1.095106     0.615132     79.973063    80.007146    0.166406     0.093472     12.152274   
0.223587     1.853379     14.783062    15.029933    0.004361     0.036153     0.288366    
-0.421127    -0.892908    46.238594    46.291006    -0.010329    -0.021900    1.134071    
0.416015     1.027422     5.701951     6.133177     0.043247     0.106807     0.592754    
2.878786     0.934177     69.706240    69.799677    0.130342     0.042297     3.156076    
0.269041     -0.042418    13.061422    13.211733    0.005660     -0.000892    0.274760    
0.503326     -1.684407    77.111467    77.156619    0.054977     -0.183982    8.422622    
-0.544000    -1.997422    75.868205    75.921968    -0.100490    -0.368972    14.014669   
-1.168091    -1.173510    47.963382    48.032307    -0.004597    -0.004618    0.188764    
1.343120     -1.106088    8.790369     9.174581     0.046701     -0.038459    0.305645    
-3.228727    0.490275     54.200677    54.334642    -0.412812    0.062685     6.929881    
-1.086824    1.309125     10.877043    11.183918    -0.050176    0.060440     0.502171    
3.199782     0.704878     45.912533    46.071370    0.622541     0.137139     8.932618    
0.634095     1.434916     40.627729    40.705630    0.024632     0.055742     1.578248    
-1.585964    0.574258     10.399395    10.717622    -0.040821    0.014781     0.267666    
-0.161999    2.406201     23.471340    23.676884    -0.006460    0.095956     0.936002    
0.714984     0.461305     57.578002    57.617925    0.060855     0.039263     4.900658    
-0.861787    0.817423     49.666738    49.719923    -0.140174    0.132958     8.078560    
-1.042852    0.868952     80.988442    81.023733    -0.090109    0.075083     6.997921    
-0.807028    -0.118257    22.723611    22.823294    -0.009683    -0.001419    0.272648    
0.763200     0.472755     70.160284    70.193635    0.112544     0.069714     10.346095   
-1.873873    -1.008477    44.966784    45.060127    -0.110639    -0.059543    2.654966    
-2.103441    0.566683     22.819675    23.007784    -0.337978    0.091054     3.666636    
1.188125     -0.290480    23.894985    24.007109    0.036614     -0.008952    0.736356    
-0.500799    -2.076992    8.745989     9.215854     -0.002291    -0.009500    0.040005    
-1.447018    0.015446     22.146315    22.280671    -0.024760    0.000264     0.378950    
-0.043407    -1.186356    27.239042    27.335868    -0.000326    -0.008921    0.204821    
-0.712563    1.170712     9.887947     10.174711    -0.000305    0.000502     0.004238    
-0.195301    -1.563576    65.841113    65.889377    -0.004716    -0.037753    1.589740    
1.694180     1.264491     68.933778    68.994274    0.088799     0.066277     3.613112    
-0.194480    -0.231218    14.048404    14.188865    -0.056715    -0.067428    4.096808    
-0.584935    0.801715     100.663354   100.687490   -0.008485    0.011630     1.460208    
0.808903     1.227002     34.028491    34.117049    0.003026     0.004590     0.127301    
0.333821     2.654772     39.776811    39.915271    0.007760     0.061709     0.924596    
0.637369     0.582882     87.494970    87.521373    0.059972     0.054846     8.232731    
1.820106     -0.517046    17.698029    17.907409    0.145298     -0.041276    1.412828    
-0.987476    -1.925270    17.704725    17.944748    -0.022208    -0.043299    0.398179    
-2.491872    -0.855119    26.520860    26.723989    -0.107544    -0.036905    1.144588    
0.065022     -0.999517    21.971575    22.082308    0.014942     -0.229691    5.049109    
-0.474632    1.462684     62.740243    62.789950    -0.114253    0.352095     15.102721   
-0.741659    0.555839     15.160939    15.316267    -0.095479    0.071557     1.951771    
0.178725     0.917026     12.258558    12.450705    0.043629     0.223857     2.992456    
1.236791     1.001969     36.084096    36.172787    0.154247     0.124961     4.500247    
1.040414     1.417327     47.648008    47.721053    0.092695     0.126276     4.245169    
-1.389878    0.431037     37.678532    37.757970    -0.091434    0.028356     2.478716    
0.138840     -0.319048    4.172398     4.626546     0.000445     -0.001021    0.013358    
0.408396     -0.158036    30.161398    30.228739    0.023003     -0.008901    1.698834    
-0.309299    1.329112     40.061478    40.133018    -0.007906    0.033974     1.024014    
1.261897     0.198468     13.567164    13.768612    0.105942     0.016662     1.139020    
1.345213     -0.101327    36.285258    36.363646    0.264236     -0.019903    7.127399    
-0.796105    2.360322     58.527815    58.613863    -0.035083    0.104015     2.579221    
0.620961     -0.090000    20.401981    20.506328    0.072301     -0.010479    2.375470    
-1.878345    -0.744825    80.441449    80.490897    -0.217721    -0.086334    9.324072    
-1.387934    0.581040     55.561030    55.616248    -0.052561    0.022004     2.104106    
0.339762     -1.154313    21.388597    21.512669    0.020435     -0.069427    1.286437    
-0.900846    -0.263192    11.293932    11.502550    -0.063354    -0.018510    0.794271    
1.338620     0.294985     66.640526    66.683683    0.273183     0.060200     13.599863   
-0.485199    0.324809     70.440080    70.469998    -0.008308    0.005562     1.206123    
-1.016887    1.247692     35.974059    36.063814    -0.045222    0.055486     1.599791    
-0.235316    0.629085     9.482764     9.708187     -0.002562    0.006849     0.103239    
-0.302409    1.340888     35.240668    35.322359    -0.000789    0.003498     0.091929    
0.287344     -1.384201    20.851317    20.991688    0.004028     -0.019403    0.292286    
-0.991910    -0.147308    26.110112    26.203406    -0.034467    -0.005119    0.907265    
-1.948102    2.096702     125.340259   125.388384   -0.006176    0.006647     0.397370    
0.929925     0.349293     39.892392    39.953281    0.046096     0.017314     1.977451    
-0.056645    -0.528831    9.913850     10.121376    -0.000269    -0.002512    0.047098    
0.755181     0.859618     17.981791    18.125369    0.092798     0.105631     2.209634    
-2.178500    0.625326     63.474962    63.545910    -0.115023    0.033017     3.351427    
0.779357     -0.504159    74.104949    74.136901    0.022984     -0.014868    2.185448    
0.612802     -0.762418    47.054101    47.105415    0.013463     -0.016750    1.033774    
-1.044994    0.898509     80.918381    80.954052    -0.046636    0.040099     3.611219    
0.724598     0.836080     43.824530    43.882667    0.074059     0.085453     4.479172    
0.947933     2.843087     30.460369    30.670683    0.172727     0.518050     5.550307    
1.336270     -0.944827    17.938208    18.119950    0.237262     -0.167759    3.185030    
2.199408     1.748101     72.270153    72.351526    0.389436     0.309525     12.796429   
0.928345     -0.136944    14.888164    15.047025    0.149386     -0.022037    2.395749    
0.219375     0.216799     19.170780    19.274047    0.009865     0.009749     0.862067    
1.187577     0.265201     30.054746    30.143713    0.018354     0.004099     0.464507    
-1.215138    0.388231     63.107127    63.150706    -0.282520    0.090264     14.672408   
-0.656037    0.312923     99.546836    99.568950    -0.030698    0.014643     4.658120    
1.090835     2.009100     127.069336   127.105143   0.203434     0.374685     23.697691   
0.201005     -0.249808    62.693429    62.725145    0.004915     -0.006108    1.532938    
0.087744     -1.128477    27.802675    27.895248    0.006348     -0.081642    2.011434    
1.036797     -1.809830    37.159646    37.270158    0.058859     -0.102744    2.109551    
2.910378     -0.367340    53.484736    53.601279    0.156320     -0.019730    2.872738    
-2.123865    1.832903     56.426354    56.530334    -0.119256    0.102918     3.168368    
0.926669     0.020254     8.735155     9.002056     0.117339     0.002565     1.106087    
-0.254893    0.319356     11.061341    11.242560    -0.041710    0.052258     1.810038    
-1.487085    -0.713124    6.272471     6.777818     -0.085930    -0.041207    0.362449    
-0.198297    1.231120     21.253040    21.380403    -0.013615    0.084529     1.459246    
2.634533     0.250299     88.477030    88.538484    0.095575     0.009080     3.209745    
-1.855319    -0.568564    114.454644   114.488016   -0.129577    -0.039709    7.993580    
1.334157     1.166429     38.157053    38.248871    0.099963     0.087396     2.858961    
-0.872507    1.642241     70.639464    70.691351    -0.025649    0.048277     2.076581    
-0.348221    -1.148328    77.191424    77.225843    -0.005231    -0.017251    1.159621    
-0.768450    -1.609141    42.327857    42.411110    -0.001010    -0.002114    0.055614    
-0.225244    -1.110683    18.427945    18.567403    -0.025314    -0.124826    2.071061    
-0.988068    1.391925     33.203066    33.305139    -0.057790    0.081410     1.941963    
-0.847112    0.361979     152.801569   152.817025   -0.115950    0.049547     20.915064   
-0.912736    -0.950361    47.193022    47.252435    -0.031161    -0.032446    1.611179    
-0.204826    1.913408     15.008560    15.258929    -0.018171    0.169745     1.331457    
-0.690156    -1.507665    12.730574    12.988142    -0.020406    -0.044578    0.376413    
1.499180     1.338831     58.662674    58.730096    0.255607     0.228267     10.001840   
-1.748695    1.261266     29.939412    30.081424    -0.050498    0.036422     0.864576    
-0.393376    -0.800690    58.180600    58.220726    -0.021409    -0.043577    3.166474    
0.152819     -1.492022    30.498805    30.599045    0.024548     -0.239669    4.899133    
1.281841     -0.790876    35.754217    35.840028    0.107135     -0.066101    2.988310    
0.401858     1.611041     70.891728    70.938488    0.000847     0.003396     0.149452    
-1.182074    -0.177964    100.495202   100.521587   -0.125420    -0.018882    10.662686   
0.007414     -0.980032    23.484411    23.587137    0.001858     -0.245582    5.884859    
1.683562     1.122273     18.205972    18.423524    0.058514     0.039006     0.632764    
1.262524     0.553186     7.026802     7.426364     0.051817     0.022704     0.288396    
0.640300     -0.695192    67.305790    67.341203    0.077524     -0.084170    8.149038    
2.175321     1.361756     16.965574    17.271133    0.198772     0.124432     1.550248    
0.721069     -0.177405    36.941506    37.001368    0.003939     -0.000969    0.201794    
-0.559285    2.002136     11.774475    12.117531    -0.032475    0.116255     0.683693    
-0.135335    1.524426     132.132360   132.155884   -0.023213    0.261469     22.663259   
0.511517     -1.463055    47.446032    47.512136    0.002070     -0.005921    0.192008    
-1.382145    1.546105     66.592953    66.654310    -0.190563    0.213169     9.181486    
-0.211081    -1.876674    20.591270    20.771178    -0.014083    -0.125209    1.373824    
-1.053206    -1.769316    19.348277    19.556853    -0.008341    -0.014012    0.153226    
0.579817     1.988452     34.729701    34.847054    0.007646     0.026221     0.457964    
-0.066449    0.113031     51.562306    51.600035    -0.001177    0.002003     0.913586    
0.376844     0.889210     103.091359   103.114674   0.029670     0.070009     8.116544    
-0.803858    1.226253     134.813302   134.835645   -0.013681    0.020869     2.294374    
-0.015277    -1.481061    38.587413    38.665969    -0.000954    -0.092483    2.409536    
-0.196172    -1.177231    35.070183    35.145655    -0.022440    -0.134663    4.011653    
0.646977     0.061119     34.497210    34.559438    0.020828     0.001968     1.110569    
1.551634     0.550123     13.471014    13.713256    0.049265     0.017467     0.427714    
0.137108     -0.767347    41.423820    41.477890    0.002834     -0.015860    0.856176    
1.578210     2.450168     103.343947   103.403774   0.045615     0.070817     2.986932    
0.041254     -1.278400    52.873442    52.925531    0.001992     -0.061727    2.552951    
-1.271098    -1.808493    22.131335    22.328396    -0.000857    -0.001219    0.014918    
0.335473     1.777761     42.337768    42.422100    0.010487     0.055573     1.323491    
-1.448641    -0.201866    92.381765    92.414311    -0.283381    -0.039489    18.071572   
0.554778     -0.149560    13.914818    14.065108    0.007758     -0.002091    0.194573    
-1.311349    1.541460     101.473992   101.513259   -0.001984    0.002332     0.153494    
-1.975439    3.156812     108.763745   108.845280   -0.031100    0.049699     1.712320    
-0.486408    -0.371366    10.590920    10.789673    -0.043095    -0.032903    0.938348    
1.284761     0.018842     9.873346     10.149329    0.105470     0.001547     0.810533    
0.836179     -1.664292    18.872579    19.066154    0.010711     -0.021319    0.241748    
-1.245294    2.627874     167.511908   167.548711   -0.008440    0.017811     1.135338    
-0.467339    -0.879827    33.798506    33.870436    -0.008285    -0.015597    0.599172    
1.669521     0.084008     57.525396    57.583336    0.092814     0.004670     3.198005    
0.797453     0.388921     54.316975    54.359874    0.078961     0.038510     5.378272    
-2.860271    0.455210     42.527051    42.670990    -0.037974    0.006044     0.564609    
-0.703775    0.451911     22.664630    22.765322    -0.026867    0.017252     0.865239    
-0.281313    -0.347984    6.119965     6.444312     -0.021946    -0.027147    0.477424    
0.128767     0.267333     111.830658   111.848376   0.018878     0.039192     16.394704   
-1.531428    -0.827219    77.061438    77.106224    -0.200288    -0.108188    10.078475   
-0.134910    -0.860326    9.099431     9.350560     -0.003505    -0.022354    0.236427    
1.150595     0.081145     15.523430    15.690197    0.038663     0.002727     0.521629    
-2.282512    0.804436     20.073334    20.314297    -0.210844    0.074309     1.854248    
-0.556802    0.016839     17.597324    17.715843    -0.004955    0.000150     0.156598    
-0.442178    1.341093     17.338101    17.506535    -0.031605    0.095855     1.239249    
0.223123     -0.707727    90.998995    91.023308    0.029890     -0.094810    12.190598   
1.190626     1.019940     25.626144    25.749409    0.039587     0.033911     0.852030    
0.585156     0.811418     76.307414    76.339356    0.024345     0.033759     3.174768    
0.998134     0.724993     30.973308    31.060306    0.003729     0.002708     0.115703    
0.648020     -0.338939    4.988038     5.412050     0.057072     -0.029851    0.439300    
1.500578     0.749109     39.217430    39.302604    0.056872     0.028391     1.486343    
2.620793     0.352605     34.770239    34.926170    0.039929     0.005372     0.529744    
-0.212025    0.690771     74.256836    74.286437    -0.006819    0.022217     2.388278    
3.541640     0.249133     29.082394    29.364364    0.639176     0.044962     5.248634    
-0.830884    -1.757527    80.123242    80.170993    -0.008248    -0.017446    0.795358    
-2.627973    1.225319     16.226575    16.600733    -0.540989    0.252242     3.340369    
1.336586     1.357353     24.451888    24.604851    0.089246     0.090633     1.632693    
1.650752     1.700702     90.402201    90.454686    0.257020     0.264797     14.075507   
-2.259459    -0.056554    54.065611    54.148625    -0.069337    -0.001735    1.659143    
-0.956863    -0.810911    24.637349    24.747668    -0.009225    -0.007818    0.237515    
-1.560094    1.377467     118.751961   118.786508   -0.008223    0.007260     0.625925    
-0.713586    0.177964     70.451358    70.482691    -0.005904    0.001472     0.582883    
-1.689754    -0.657278    64.711675    64.766991    -0.002672    -0.001039    0.102317    
-0.865080    -0.842809    8.061356     8.385648     -0.029877    -0.029108    0.278409    
-0.934676    -0.660590    84.345887    84.376618    -0.064889    -0.045861    5.855647    
0.637662     0.545307     36.866699    36.928748    0.030972     0.026487     1.790687    
1.162114     0.397616     32.621432    32.703843    0.029847     0.010212     0.837841    
1.454244     1.046034     101.664624   101.699458   0.054664     0.039320     3.821492    
-0.420307    -0.269502    57.830990    57.866637    -0.018878    -0.012104    2.597437    
1.388349     -1.401282    79.836912    79.885534    0.127411     -0.128598    7.326750    
0.214788     0.788401     6.935188     7.255308     0.026707     0.098032     0.862337    
-0.136948    -0.454750    59.232402    59.267006    -0.008893    -0.029531    3.846523    
3.050739     0.137663     43.404457    43.556260    0.704854     0.031806     10.028324   
-1.652337    -0.384263    48.198343    48.268345    -0.000764    -0.000178    0.022286    
0.720501     1.210202     41.588895    41.659271    0.134881     0.226554     7.785602    
1.447749     -0.477137    49.733087    49.795367    0.176918     -0.058307    6.077478    
-0.687928    -1.234815    44.871358    44.936752    -0.039890    -0.071601    2.601871    
-1.053689    0.293584     29.365779    29.452001    -0.023234    0.006474     0.647533    
-0.330311    -0.125264    22.117355    22.207592    -0.036355    -0.013787    2.434289    
0.662098     -1.218649    48.318062    48.378027    0.029274     -0.053881    2.136312    
0.132025     -0.142778    76.790417    76.815889    0.020010     -0.021639    11.638243   
0.321097     0.096859     7.037044     7.314877     0.018216     0.005495     0.399214    
-0.354027    1.162189     27.593241    27.690033    -0.015167    0.049789     1.182117    
-0.265462    0.174513     18.252263    18.360855    -0.001076    0.000707     0.073949    
-1.435416    0.767495     71.515391    71.560992    -0.036548    0.019541     1.820874    
-0.027256    0.176875     24.022979    24.104159    -0.000068    0.000444     0.060298    
-0.282785    -0.466595    58.002459    58.038417    -0.004852    -0.008005    0.995157    
-1.705010    -0.906131    70.720009    70.773743    -0.024557    -0.013051    1.018582    
-0.893712    0.663248     56.451323    56.496596    -0.004482    0.003326     0.283128    
-1.738706    -1.601600    26.943146    27.118191    -0.187641    -0.172844    2.907700    
1.892200     0.826529     39.047337    39.151412    0.003510     0.001533     0.072436    
-0.357618    0.992074     46.546458    46.599998    -0.045940    0.127444     5.979446    
-0.992057    -0.039375    110.293686   110.315719   -0.220207    -0.008740    24.481918   
-0.190182    2.075079     71.979946    72.037002    -0.011482    0.125275     4.345532    
2.163737     0.486247     25.802369    25.972204    0.223015     0.050117     2.659433    
1.072734     -0.652219    43.154296    43.217408    0.020904     -0.012709    0.840925    
-0.557282    0.765266     53.735628    53.780004    -0.005579    0.007661     0.537912    
0.453074     -0.360836    6.105526     6.441108     0.004264     -0.003396    0.057462    
-2.532254    -0.531133    91.786941    91.844499    -0.123977    -0.026004    4.493814    
-1.588558    0.057412     54.070001    54.129167    -0.115124    0.004161     3.918493    
-0.911433    0.119056     13.048642    13.228262    -0.259811    0.033938     3.719619    
3.724534     -1.551259    116.902334   116.988501   0.079979     -0.033311    2.510305    
1.020601     -0.108410    9.577998     9.831906     0.023189     -0.002463    0.217621    
0.230168     -0.296277    18.894929    19.000896    0.005062     -0.006516    0.415562    
-0.878510    0.035915     30.636698    30.712461    -0.069328    0.002834     2.417693    
-3.084679    1.012598     45.419332    45.577750    -0.076673    0.025169     1.128948    
-0.227669    1.233588     47.647181    47.704322    -0.025388    0.137560     5.313245    
0.205180     1.518211     16.105947    16.297962    0.024327     0.180009     1.909624    
0.257124     0.316217     34.008404    34.067765    0.003994     0.004912     0.528237    
1.484555     0.985923     120.718282   120.747483   0.031613     0.020995     2.570652    
1.425255     0.934920     36.685748    36.778044    0.088457     0.058025     2.276864    
-0.285796    0.074567     28.348611    28.418409    -0.002014    0.000525     0.199736    
-0.335087    -0.669622    14.014359    14.171729    -0.004627    -0.009247    0.193530    
0.024690     -1.193019    30.880668    30.966344    0.000328     -0.015846    0.410169    
0.390933     0.502217     11.005629    11.198387    0.013518     0.017366     0.380566    
1.775031     -1.019869    57.198841    57.269304    0.094777     -0.054456    3.054114    
1.335355     2.049149     16.765587    17.057024    0.078789     0.120904     0.989203    
0.653119     -3.594275    138.303005   138.365247   0.034661     -0.190745    7.339629    
1.568289     0.042149     48.573608    48.638788    0.156965     0.004219     4.861581    
0.769057     -1.212596    82.548363    82.584315    0.141391     -0.222936    15.176549   
-0.636111    -0.693980    23.765952    23.865911    -0.029688    -0.032388    1.109169    
-0.994180    -1.374047    71.667907    71.714993    -0.087449    -0.120862    6.303952    
0.748486     0.786303     22.630798    22.742173    0.068670     0.072139     2.076260    
-0.631061    -0.831185    8.697957     8.978782     -0.165702    -0.218250    2.283886    
-1.551025    1.791450     36.706634    36.835674    -0.193574    0.223580     4.581138    
-0.488559    -0.848971    22.810589    22.916313    -0.071893    -0.124929    3.356662    
-0.832704    1.180190     11.893867    12.141881    -0.109510    0.155208     1.564174    
0.254937     1.047455     20.525105    20.647447    0.001630     0.006698     0.131241    
0.408092     -0.671326    13.340536    13.507852    0.034414     -0.056612    1.124983    
0.961451     -0.183463    57.736563    57.778402    0.025210     -0.004811    1.513905    
2.065369     -0.796794    17.725048    17.970890    0.164792     -0.063575    1.414248    
-0.085445    0.781551     79.760236    79.788397    -0.001867    0.017076     1.742705    
0.939519     -0.154979    55.970669    56.013369    0.020647     -0.003406    1.229993    
1.331080     0.373180     26.512600    26.621494    0.051593     0.014464     1.027626    
0.457332     3.139562     66.477245    66.582017    0.041564     0.285334     6.041679    
0.743393     0.092014     40.501070    40.555798    0.209928     0.025984     11.437159   
-0.208236    0.595727     11.635390    11.817593    -0.000332    0.000949     0.018532    
0.146597     -1.764795    56.630805    56.692671    0.004926     -0.059305    1.903033    
0.228546     -0.944394    44.978093    45.031633    0.011850     -0.048966    2.332054    
-1.023301    -0.054611    42.046823    42.105348    -0.137848    -0.007357    5.664079    
-1.603155    0.936348     14.942793    15.185812    -0.024826    0.014500     0.231400    
-2.357269    0.782059     20.099891    20.348192    -0.556916    0.184765     4.748696    
-1.478834    1.955485     24.587173    24.787394    -0.011373    0.015039     0.189091    
-1.594824    -2.166196    78.375932    78.446782    -0.030330    -0.041196    1.490515    
-2.144644    0.598189     31.763553    31.902282    -0.089080    0.024846     1.319332    
0.283748     1.356054     76.670846    76.708624    0.019537     0.093369     5.279064    
-0.911349    -0.310521    34.956517    35.025134    -0.006075    -0.002070    0.233029    
0.492012     -0.410403    4.637141     5.078241     0.063654     -0.053096    0.599932    
0.476276     -0.668255    15.441638    15.588218    0.095755     -0.134353    3.104550    
-1.309855    1.890406     25.727119    25.904613    -0.085224    0.122996     1.673894    
1.031436     0.587310     97.356952    97.384084    0.183392     0.104426     17.310360   
-1.170105    0.925511     16.998347    17.176859    -0.017323    0.013702     0.251649    
0.559037     0.302997     15.974747    16.108130    0.031217     0.016920     0.892042    
0.794617     0.494075     27.266759    27.353731    0.167569     0.104191     5.750010    
-1.731536    -0.831169    42.421120    42.510180    -0.070595    -0.033887    1.729516    
1.773942     -0.131905    18.186181    18.378694    0.102274     -0.007605    1.048500    
-0.885122    -0.855969    19.834251    19.969692    -0.193134    -0.186772    4.327835    
-0.383706    -2.503533    18.778564    19.050573    -0.011616    -0.075789    0.568482    
0.854777     -0.834112    25.639367    25.742542    0.004658     -0.004545    0.139717    
0.029343     -0.521045    25.208477    25.290603    0.007417     -0.131709    6.372161    
-1.249888    0.291183     44.744951    44.806614    -0.013883    0.003234     0.497010    
0.375151     -1.011370    44.608403    44.664842    0.030383     -0.081910    3.612814    
1.075977     1.188205     24.071694    24.205184    0.061434     0.067842     1.374409    
0.087888     0.330658     47.120960    47.163300    0.006046     0.022746     3.241446    
0.135288     0.055145     214.210298   214.219392   0.000003     0.000001     0.003984    
0.602008     1.294297     22.252899    22.385354    0.087688     0.188527     3.241351    
-1.771386    0.434242     43.340285    43.423284    -0.037372    0.009161     0.914371    
-1.774186    -1.302366    49.367430    49.455657    -0.022639    -0.016618    0.629932    
0.199999     -3.132346    42.210236    42.372522    0.030162     -0.472385    6.365672    
-1.244672    1.995024     16.510559    16.792940    -0.153289    0.245700     2.033379    
-0.319634    -0.969546    65.757836    65.795214    -0.017236    -0.052281    3.545901    
0.728324     -0.761449    40.586729    40.648097    0.017558     -0.018357    0.978445    
0.425406     -1.499913    94.331529    94.364946    0.020293     -0.071550    4.499858    
-2.177542    0.525068     37.612672    37.730696    -0.026907    0.006488     0.464757    
0.781439     -1.309848    53.424044    53.482051    0.001228     -0.002059    0.083960    
-0.329403    1.352314     33.613139    33.699486    -0.000020    0.000082     0.002027    
0.067839     0.524030     41.320412    41.370649    0.004178     0.032274     2.544864    
0.775256     -0.360151    23.654957    23.752109    0.000060     -0.000028    0.001838    
0.260893     2.588030     127.351836   127.393607   0.025442     0.252386     12.419435   
1.205552     0.111196     38.623496    38.692572    0.007435     0.000686     0.238190    
2.642279     -0.205974    22.458161    22.699515    0.150162     -0.011706    1.276312    
-0.023036    -1.703758    157.268595   157.290143   -0.000804    -0.059491    5.491469    
-0.716250    0.318835     37.473578    37.533434    -0.123779    0.055100     6.476023    
-0.793658    0.697504     8.220687     8.518865     -0.053425    0.046952     0.553373    
-1.701137    -0.382845    58.732428    58.791270    -0.071600    -0.016114    2.472004    
-0.021030    -0.110169    13.661722    13.803267    -0.000493    -0.002583    0.320251    
0.006180     -0.207362    84.551933    84.575099    0.000206     -0.006901    2.813733    
0.168610     -0.149517    12.387292    12.544749    0.012250     -0.010863    0.899983    
-2.117148    0.562971     61.764323    61.834503    -0.134637    0.035801     3.927813    
-1.865983    -2.782799    63.950566    64.068524    -0.206628    -0.308151    7.081512    
0.555742     0.929570     9.412344     9.676782     0.100167     0.167545     1.696478    
1.313247     -0.493452    25.509294    25.623566    0.522341     -0.196269    10.146258   
-0.030374    -0.395410    62.844633    62.876706    -0.000855    -0.011129    1.768798    
1.273164     0.380780     17.991812    18.147897    0.205385     0.061427     2.902421    
0.418507     -0.015740    16.582393    16.704075    0.061493     -0.002313    2.436536    
0.045307     -1.079569    42.976398    43.035024    0.003208     -0.076429    3.042533    
-2.079372    0.772866     23.856782    24.040427    -0.096629    0.035915     1.108626    
0.292938     0.009490     72.995613    73.022738    0.011430     0.000370     2.848228    
-0.993464    1.279913     10.728550    11.027325    -0.059443    0.076582     0.641927    
0.700033     -0.178198    10.039957    10.256583    0.205364     -0.052277    2.945349    
0.384894     -0.740993    72.136759    72.168443    0.017679     -0.034035    3.313374    
0.956046     -1.008752    99.799030    99.828117    0.070055     -0.073918    7.312894    
0.969843     -0.961922    65.820509    65.864105    0.027167     -0.026945    1.843763    
0.280521     -0.113042    44.409393    44.454028    0.009572     -0.003857    1.515340    
-0.969624    -0.641726    89.238996    89.268277    -0.090439    -0.059855    8.323539    
1.234055     0.544773     40.532404    40.602591    0.059879     0.026434     1.966734    
1.107138     -1.813430    105.082989   105.122898   0.070965     -0.116237    6.735584    
-0.417394    0.421537     73.110279    73.139180    -0.008200    0.008281     1.436306    
-0.556163    2.086591     51.486599    51.569449    -0.112020    0.420271     10.370187   
1.168334     -0.761387    14.649666    14.846966    0.015178     -0.009891    0.190316    
1.107633     1.134166     19.263360    19.428463    0.113620     0.116342     1.976025    
0.786544     0.707668     39.077421    39.141273    0.025725     0.023146     1.278104    
-0.283907    -1.140397    16.398034    16.557523    -0.009567    -0.038427    0.552558    
0.752564     -1.345573    67.632595    67.678799    0.170211     -0.304334    15.296756   
1.212989     1.292922     16.134176    16.350217    0.084955     0.090554     1.130006    
1.832120     -1.100808    116.504058   116.540289   0.058639     -0.035233    3.728853    
-1.650469    -0.783779    30.638256    30.755748    -0.318185    -0.151101    5.906581    
0.239786     0.779604     28.623402    28.702602    0.015486     0.050348     1.848551    
0.273924     1.381751     33.637663    33.724644    0.048648     0.245393     5.973908    
-1.044759    1.599115     47.917223    47.995665    -0.063581    0.097318     2.916108    
0.546173     -0.230051    50.444802    50.486673    0.055967     -0.023573    5.169098    
0.656532     0.579757     6.212181     6.575204     0.024652     0.021769     0.233258    
-1.012209    -1.338932    29.060077    29.174995    -0.092395    -0.122218    2.652612    
0.331557     -0.645669    13.802730    13.961273    0.010214     -0.019890    0.425201    
0.710552     0.006396     33.097887    33.163987    0.055878     0.000503     2.602838    
0.215901     1.195501     27.175200    27.273472    0.033895     0.187688     4.266388    
0.179536     0.438533     102.587456   102.607434   0.012618     0.030822     7.210237    
-0.683187    -0.015187    15.367034    15.507664    -0.018658    -0.000415    0.419682    
0.932529     -0.890110    19.435370    19.577295    0.056154     -0.053599    1.170329    
2.595512     2.882380     48.236319    48.432038    0.014550     0.016158     0.270403    
-0.265096    0.121516     71.849765    71.877317    -0.021929    0.010052     5.943591    
0.069922     -0.646724    9.812776     10.029391    0.008565     -0.079221    1.202019    
0.588912     -0.328124    45.546686    45.594189    0.000743     -0.000414    0.057453    
0.781822     0.702932     109.240007   109.262800   0.070852     0.063703     9.899789    
0.799543     -0.758485    52.709324    52.757582    0.015391     -0.014601    1.014644    
0.844001     -1.252033    21.319159    21.463024    0.136453     -0.202421    3.446757    
1.247364     1.567600     52.495667    52.570746    0.259267     0.325828     10.911310   
0.106206     -0.486954    21.559204    21.654622    0.007312     -0.033525    1.484259    
0.030860     0.380086     45.354382    45.398682    0.000357     0.004392     0.524130    
0.656705     -1.687003    43.712477    43.794210    0.030449     -0.078221    2.026815    
-0.775172    -1.468941    33.879408    33.977167    -0.060439    -0.114531    2.641535    
-0.163413    -2.097744    11.043168    11.412877    -0.003486    -0.044748    0.235565    
-0.294819    0.978977     99.781438    99.806090    -0.005109    0.016965     1.729130    
1.345456     1.345001     41.219453    41.310259    0.254328     0.254242     7.791602    
0.456845     -2.643598    73.634996    73.710141    0.004594     -0.026582    0.740408    
-0.904258    0.031456     102.500855   102.523748   -0.079401    0.002762     9.000338    
0.344420     -1.201944    52.204663    52.256723    0.022650     -0.079043    3.433117    
-0.584376    -0.327426    13.854400    14.009571    -0.000701    -0.000393    0.016623    
-1.395117    0.934950     14.183498    14.417595    -0.275346    0.184526     2.799315    
-0.266215    2.251910     20.545900    20.764174    -0.018018    0.152412     1.390572    
0.196907     -2.281486    16.670010    16.941315    0.008773     -0.101648    0.742705    
-0.612656    -0.387554    161.683485   161.697093   -0.057120    -0.036133    15.074359   
-0.165495    0.137581     7.732896     7.982415     -0.008268    0.006874     0.386353    
-0.022312    0.051370     5.781810     6.107979     -0.001751    0.004032     0.453759    
-1.109541    0.344789     49.412871    49.465713    -0.076748    0.023849     3.417914    
-0.485733    -0.727297    37.099163    37.161643    -0.022273    -0.033350    1.701184    
-0.117855    -2.091488    14.055943    14.346871    -0.000912    -0.016192    0.108821    
0.047541     -1.216960    58.005755    58.051924    0.004974     -0.127323    6.068789    
0.319712     -1.211009    93.289399    93.318571    0.000823     -0.003117    0.240153    
-1.524706    -0.414960    88.274166    88.310250    -0.013841    -0.003767    0.801349    
0.891009     0.934156     15.890879    16.064294    0.065721     0.068903     1.172111    
-0.059472    0.098934     10.943423    11.119658    -0.008155    0.013566     1.500563    
-1.888680    -1.564921    71.598076    71.667116    -0.012762    -0.010575    0.483812    
-1.347460    0.854857     34.466995    34.560022    -0.191422    0.121442     4.896422    
0.135310     0.640625     47.169367    47.214964    0.005872     0.027800     2.046914    
-0.180490    -0.548672    165.888602   165.901286   -0.020281    -0.061653    18.640493   
0.789404     0.112445     107.156759   107.177804   0.055393     0.007890     7.519284    
-0.543965    0.757995     66.202585    66.238416    -0.023305    0.032475     2.836361    
-1.189264    -0.178139    29.833920    29.922965    -0.137750    -0.020633    3.455606    
-1.025238    -2.370209    23.995176    24.213889    -0.195861    -0.452804    4.584027    
0.586828     -0.208096    38.357583    38.413107    0.102893     -0.036487    6.725529    
0.642252     0.646225     69.244967    69.278932    0.091784     0.092351     9.895725    
0.962002     0.019782     40.078519    40.138367    0.017547     0.000361     0.731047    
-0.307424    -1.281303    11.904205    12.137599    -0.034137    -0.142279    1.321876    
1.206405     1.360249     36.616186    36.714108    0.019377     0.021848     0.588130    
-0.822261    0.484515     114.801940   114.822782   -0.052201    0.030759     7.288107    
1.316238     -2.386142    33.569485    33.737389    0.011370     -0.020612    0.289986    
0.031530     0.493734     10.515637    10.709732    0.000752     0.011782     0.250930    
-1.939144    1.067124     63.781269    63.850014    -0.217498    0.119691     7.153827    
1.949826     0.062348     11.924811    12.242622    0.041477     0.001326     0.253667    
-0.884327    -2.808163    38.838954    39.000091    -0.212584    -0.675055    9.336503    
3.072922     -2.061152    68.293183    68.421670    0.068547     -0.045978    1.523412    
1.039581     -1.007971    17.588607    17.757556    0.005111     -0.004955    0.086470    
1.818962     -0.303915    67.318059    67.372079    0.150722     -0.025183    5.578067    
1.187838     -1.247694    21.010909    21.173118    0.122973     -0.129170    2.175200    
-1.065459    -0.263456    45.258053    45.314136    -0.276251    -0.068308    11.734436   
-0.352777    -1.833247    24.930694    25.077872    -0.015399    -0.080023    1.088247    
-0.774780    0.720300     83.532708    83.562595    -0.187090    0.173934     20.171064   
1.235983     0.904358     30.413215    30.515310    0.011833     0.008658     0.291165    
-0.168376    0.855840     45.140982    45.192300    -0.023902    0.121489     6.407916    
-2.303561    0.888003     81.306531    81.367819    -0.029616    0.011417     1.045330    
1.013115     -0.118256    100.094318   100.118869   0.010059     -0.001174    0.993785    
-2.620285    -1.728155    90.400654    90.476548    -0.099479    -0.065609    3.432055    
-0.815231    -0.936690    9.980668     10.248447    -0.043787    -0.050310    0.536071    
0.872059     0.469020     34.431420    34.501857    0.085887     0.046193     3.391064    
1.983699     -0.067529    39.619489    39.717987    0.030919     -0.001053    0.617527    
1.050927     -1.018115    19.617301    19.770040    0.359166     -0.347952    6.704432    
0.348290     0.792850     19.706280    19.823278    0.009668     0.022009     0.547032    
1.716916     1.152800     20.110871    20.312529    0.059065     0.039658     0.691850    
-0.283278    0.738920     16.477711    16.613734    -0.026518    0.069171     1.542504    
-2.233482    -0.601089    34.956529    35.088226    -0.050520    -0.013596    0.790696    
1.235242     -2.818910    20.988533    21.304120    0.083584     -0.190744    1.420208    
1.051347     0.489595     102.986481   103.011821   0.012157     0.005661     1.190822    
-0.545749    0.131179     15.839384    15.971102    -0.138621    0.033320     4.023240    
0.561834     1.127646     10.273674    10.536156    0.021696     0.043546     0.396731    
-0.001551    0.894663     26.212483    26.301514    -0.000045    0.026101     0.764717    
0.061334     -1.314410    49.475166    49.531792    0.004284     -0.091811    3.455830    
1.447888     0.893456     15.203186    15.424216    0.002540     0.001567     0.026671    
-0.908477    -0.433040    20.445188    20.564375    -0.060143    -0.028668    1.353502    
-1.902098    0.234792     22.887787    23.052090    -0.018158    0.002241     0.218493    
0.880759     0.297507     84.910717    84.938619    0.091942     0.031057     8.863800    
0.953705     0.644717     40.395909    40.460223    0.008086     0.005466     0.342496    
-0.667998    -2.214422    26.097066    26.273212    -0.043305    -0.143556    1.691818    
-0.965358    1.850533     52.290052    52.368701    -0.061319    0.117544     3.321413    
-1.369883    1.135632     44.593891    44.672769    -0.161943    0.134250     5.271728    
-0.945844    0.677790     67.737274    67.775860    -0.171992    0.123249     12.317302   
-0.718637    -0.673440    88.942436    88.969668    -0.018119    -0.016980    2.242541    
-0.680685    -0.201251    57.981654    58.019402    -0.079176    -0.023409    6.744310    
1.110292     0.864564     42.597580    42.666252    0.096554     0.075185     3.704408    
-0.260362    0.418287     91.260521    91.283078    -0.014015    0.022517     4.912579    
-1.013091    -0.750418    100.206106   100.233368   -0.098223    -0.072756    9.715360    
-1.693603    -0.704096    70.868332    70.919387    -0.126711    -0.052679    5.302199    
-0.735133    -0.844115    15.693320    15.855857    -0.032825    -0.037692    0.700745    
-0.000943    -2.438077    31.076738    31.234321    -0.000013    -0.034815    0.443772    
-0.016440    -1.121028    154.882586   154.899152   -0.000366    -0.024975    3.450525    
-0.449143    -0.957107    38.010307    38.075927    -0.010377    -0.022114    0.878226    
-0.537091    -0.081164    15.533815    15.667463    -0.034163    -0.005163    0.988071    
0.630978     -0.733138    129.885256   129.903774   0.000997     -0.001158    0.205132    
-0.282580    0.107859     8.383087     8.616414     -0.055389    0.021142     1.643185    
2.213397     0.613032     22.561235    22.763111    0.039276     0.010878     0.400340    
-0.877468    -0.769989    37.163424    37.233827    -0.310300    -0.272292    13.142124   
0.373750     -1.106180    30.619063    30.704483    0.058432     -0.172940    4.786977    
0.656426     -0.753339    106.701869   106.724703   0.011017     -0.012644    1.790832    
-1.321978    -0.287155    37.619405    37.695154    -0.369597    -0.080282    10.517576   
0.640067     -0.252555    138.480563   138.496262   0.013908     -0.005488    3.009000    
1.848486     -1.438501    60.032975    60.110892    0.002447     -0.001904    0.079468    
-0.572518    2.322688     43.267199    43.377968    -0.096617    0.391973     7.301694    
-0.094042    -0.312325    91.470318    91.492078    -0.006743    -0.022393    6.558327    
1.236224     -0.185958    12.442686    12.659314    0.003641     -0.000548    0.036646    
-0.451152    0.897622     6.355188     6.728494     -0.121306    0.241353     1.708787    
-0.884029    2.407681     143.931934   143.968243   -0.008782    0.023919     1.429860    
-0.930839    -2.580310    54.497665    54.602151    -0.008059    -0.022341    0.471851    
-0.093626    -0.024045    11.083466    11.257331    -0.000051    -0.000013    0.006084    
-0.743871    -1.678062    19.482301    19.667339    -0.013748    -0.031013    0.360066    
-0.677558    -1.540243    26.944580    27.068742    -0.006547    -0.014882    0.260349    
-1.008077    -0.925956    74.653606    74.692098    -0.100356    -0.092181    7.431897    
0.662712     -0.359983    9.961395     10.182000    0.089376     -0.048549    1.343433    
0.328970     1.977737     130.171353   130.201673   0.016577     0.099660     6.559425    
0.038599     0.821960     30.093753    30.169289    0.005032     0.107150     3.923015    
0.189527     0.715776     58.813048    58.850640    0.014728     0.055624     4.570449    
0.903989     -0.822342    17.641406    17.792909    0.010987     -0.009995    0.214414    
1.013521     0.760332     42.790203    42.854192    0.041789     0.031349     1.764285    
-0.555155    0.269521     7.975127     8.237623     -0.003645    0.001770     0.052361    
1.972552     2.386128     23.666069    23.948744    0.038631     0.046731     0.463485    
1.328937     1.344235     74.930989    74.980671    0.124829     0.126266     7.038404    
1.734363     -0.511225    39.443724    39.534183    0.209822     -0.061848    4.771874    
0.996107     -0.211326    19.147870    19.275704    0.026082     -0.005533    0.501372    
-0.776666    -0.686559    15.946922    16.101362    -0.049774    -0.043999    1.021989    
0.732786     1.439024     37.115766    37.202994    0.052976     0.104032     2.683225    
1.049767     0.350847     87.053124    87.082412    0.001606     0.000537     0.133177    
1.212253     -0.129436    39.363178    39.431219    0.101093     -0.010794    3.282595    
-1.417541    0.629756     17.493806    17.672414    -0.323480    0.143709     3.992047    
0.611014     0.184481     11.594669    11.777889    0.018340     0.005537     0.348030    
0.601934     -1.271679    41.249731    41.320633    0.026834     -0.056692    1.838921    
-0.028485    -0.085108    75.275317    75.301105    -0.004131    -0.012342    10.916252   
1.032345     -1.238381    34.786645    34.879578    0.168059     -0.201601    5.663046    
0.112260     -0.166074    8.377662     8.608156     0.001426     -0.002109    0.106393    
2.168177     -0.819554    73.828552    73.891155    0.103620     -0.039168    3.528375    
-0.751126    -0.078066    31.525978    31.596401    -0.040304    -0.004189    1.691625    
0.009667     0.466174     13.204996    13.359052    0.000941     0.045379     1.285424    
-0.127947    1.661027     25.791642    25.920246    -0.012766    0.165736     2.573475    
-0.100989    1.023429     8.050632     8.351361     -0.007286    0.073842     0.580862    
-0.876745    -1.035513    59.027170    59.075568    -0.143380    -0.169345    9.653119    
1.069448     -0.205136    39.345962    39.410221    0.124275     -0.023838    4.572187    
-0.003503    -0.100560    18.240461    18.346648    -0.000280    -0.008035    1.457390    
0.817996     0.474722     7.499978     7.811473     0.048834     0.028341     0.447743    
-0.153021    -0.035339    44.370445    44.414367    -0.004205    -0.000971    1.219306    
0.499832     -0.669406    39.416160    39.474125    0.028766     -0.038526    2.268484    
-1.042125    -1.445943    41.274567    41.359903    -0.072340    -0.100371    2.865094    
-0.348069    1.894294     59.567181    59.630810    -0.002299    0.012514     0.393496    
1.634334     -0.933010    63.562644    63.620957    0.076945     -0.043926    2.992547    
-0.809428    -0.830965    7.809889     8.137259     -0.127984    -0.131390    1.234876    
-2.665307    -0.302011    24.915296    25.136468    -0.006335    -0.000718    0.059222    
-0.038711    -1.065140    29.712927    29.797131    -0.001149    -0.031610    0.881780    
1.674816     0.763884     24.020033    24.170757    0.076944     0.035094     1.103526    
-0.493123    0.087807     22.663286    22.754129    -0.025455    0.004533     1.169887    
0.530967     0.708198     18.637242    18.761802    0.051743     0.069014     1.816194    
-1.193559    0.457959     34.473303    34.553117    -0.019932    0.007648     0.575691    
-0.882204    1.372635     33.097436    33.196049    -0.024887    0.038722     0.933683    
0.737249     -0.283075    15.247497    15.394310    0.025214     -0.009681    0.521462    
-0.535179    0.228629     20.792035    20.893117    -0.125116    0.053450     4.860843    
-0.330558    -1.564157    45.858929    45.928991    -0.003526    -0.016687    0.489228    
-0.472033    -1.120120    23.246384    23.361225    -0.009938    -0.023582    0.489404    
0.508960     0.187325     50.648241    50.689381    0.026758     0.009848     2.662737    
0.839400     -0.894717    13.571179    13.767969    0.049627     -0.052898    0.802356    
0.230897     -0.387893    16.122677    16.248675    0.025770     -0.043293    1.799451    
0.088969     0.761900     67.934217    67.967060    0.029007     0.248406     22.148968   
1.000145     -0.226930    19.031171    19.160173    0.000387     -0.000088    0.007356    
1.908785     -0.507534    29.795123    29.925330    0.125472     -0.033362    1.958554    
-1.106672    -0.130715    25.687660    25.787063    -0.070596    -0.008338    1.638651    
0.360377     -0.342615    21.237635    21.334464    0.014970     -0.014232    0.882211    
0.836204     0.752400     15.252476    15.420062    0.006295     0.005665     0.114830    
-0.915170    -0.278677    37.196933    37.261266    -0.029872    -0.009096    1.214125    
-0.241891    -0.934003    71.805468    71.838924    -0.053040    -0.204801    15.744951   
-0.318201    -0.583448    50.669407    50.711985    -0.009443    -0.017314    1.503639    
-1.817739    1.966333     73.131398    73.206878    -0.013189    0.014267     0.530605    
-1.282571    -1.823287    53.062473    53.145747    -0.143691    -0.204269    5.944765    
0.144189     -0.544197    34.690305    34.750671    0.048640     -0.183576    11.702186   
-0.124104    0.290583     81.734290    81.758601    -0.002332    0.005460     1.535805    
-1.255514    -0.561193    17.044675    17.212994    -0.040794    -0.018234    0.553807    
-1.054646    -0.136782    13.146118    13.335155    -0.069790    -0.009051    0.869928    
0.101082     -0.580453    34.243804    34.305396    0.008193     -0.047049    2.775647    
-0.301728    -1.602879    17.377146    17.564179    -0.027869    -0.148049    1.605027    
0.617821     0.423353     16.398460    16.533160    0.109609     0.075108     2.909276    
-1.423603    -0.664040    10.873931    11.161762    -0.284412    -0.132664    2.172429    
2.844665     1.641793     35.216277    35.423844    0.207490     0.119752     2.568674    
-1.663635    -1.806907    30.860214    31.020321    -0.055073    -0.059816    1.021593    
0.884777     0.465571     22.868780    22.975109    0.061534     0.032379     1.590470    
-1.187826    0.454729     28.772241    28.867534    -0.002219    0.000849     0.053746    
0.440870     0.518342     7.025018     7.327269     0.048762     0.057331     0.777002    
-2.368690    0.457716     62.969013    63.045950    -0.189441    0.036607     5.036085    
0.103244     -1.421475    17.669154    17.835504    0.002620     -0.036069    0.448345    
2.064103     0.183378     26.939167    27.090364    0.060494     0.005374     0.789518    
-1.285330    -0.647751    31.034052    31.129712    -0.125564    -0.063279    3.031719    
-0.226595    0.576923     88.464071    88.488141    -0.020023    0.050980     7.817210    
1.295054     -0.299202    70.968621    71.008357    0.224634     -0.051898    12.309876   
1.378629     -2.161571    19.671293    19.935088    0.117870     -0.184811    1.681862    
1.249622     0.446196     43.427887    43.492723    0.022784     0.008135     0.791791    
0.470927     -0.234105    36.124074    36.181491    0.011251     -0.005593    0.863078    
-0.463448    -1.809259    37.157943    37.256890    -0.060783    -0.237290    4.873384    
0.488703     0.306477     17.386233    17.506822    0.014489     0.009086     0.515450    
-0.280727    -0.209401    50.904659    50.943909    -0.035493    -0.026475    6.435931    
-0.287725    0.703694     71.180775    71.212047    -0.034890    0.085332     8.631555    
2.891465     -2.700098    44.660349    44.878423    0.121573     -0.113527    1.877766    
0.140395     -0.774575    19.594338    19.708696    0.000143     -0.000791    0.020015    
-1.089009    -1.034390    31.203443    31.301529    -0.005894    -0.005598    0.168875    
0.574320     -0.001979    14.038675    14.187642    0.032302     -0.000111    0.789589    
0.166454     -0.210908    71.217566    71.245272    0.004107     -0.005203    1.757037    
0.577284     -1.767287    19.276715    19.465951    0.012119     -0.037100    0.404670    
-2.388900    -0.757405    67.944101    68.018794    -0.130609    -0.041410    3.714736    
-0.345977    1.113942     69.953762    69.991174    -0.001311    0.004222     0.265159    
0.929343     1.704350     52.426205    52.499051    0.035300     0.064738     1.991346    
-1.300931    -0.376762    129.782854   129.804847   -0.136431    -0.039512    13.610576   
-1.653338    -0.214420    13.608823    13.851156    -0.127035    -0.016475    1.045641    
0.828184     -0.935915    41.453539    41.519064    0.036711     -0.041486    1.837500    
-0.039733    -0.436609    54.524077    54.561361    -0.006051    -0.066493    8.303711    
-0.428122    -1.424671    9.255540     9.578776     -0.066612    -0.221666    1.440079    
0.220550     -0.632072    51.701849    51.743641    0.002997     -0.008589    0.702571    
0.525780     1.363535     15.685702    15.876141    0.011538     0.029923     0.344224    
0.485263     0.767526     53.587527    53.631358    0.011272     0.017829     1.244801    
1.447080     0.675807     31.810026    31.910867    0.454852     0.212423     9.998661    
0.555788     -0.037082    78.350204    78.376908    0.037370     -0.002493    5.268106    
0.663852     0.410602     52.810227    52.852666    0.183310     0.113380     14.582528   
-0.582422    -1.608716    19.266543    19.442269    -0.026239    -0.072475    0.867992    
-0.724088    1.712673     35.477185    35.580376    -0.004132    0.009773     0.202448    
0.046004     0.482858     12.935390    13.093301    0.000406     0.004264     0.114218    
-0.055395    -0.650569    60.207540    60.243250    -0.003256    -0.038242    3.539171    
-0.454054    2.202476     56.873411    56.951882    -0.102264    0.496054     12.809334   
0.942660     0.402289     27.786672    27.875160    0.016543     0.007060     0.487632    
0.745790     -1.760286    58.249396    58.313994    0.005917     -0.013967    0.462182    
0.015140     1.529544     25.750843    25.871231    0.000768     0.077561     1.305788    
0.133822     2.901888     86.508849    86.579991    0.032800     0.711255     21.203392   
1.922545     -0.406145    45.170292    45.255844    0.022173     -0.004684    0.520944    
-1.147085    -0.631329    28.414497    28.512681    -0.019147    -0.010538    0.474280    
-0.758909    0.125488     27.678787    27.759357    -0.003095    0.000512     0.112870    
-0.653461    -0.694457    24.509661    24.607067    -0.108708    -0.115528    4.077377    
1.698969     -1.791714    23.716162    23.925468    0.042361     -0.044673    0.591320    
-2.211229    0.127460     19.311368    19.537391    -0.162345    0.009358     1.417813    
0.188125     1.071879     11.420889    11.640274    0.020122     0.114649     1.221585    
0.206234     0.518660     19.037466    19.147105    0.007233     0.018190     0.667659    
0.799200     -0.673819    39.220663    39.283942    0.028808     -0.024289    1.413774    
1.755316     0.275286     39.578538    39.667273    0.150598     0.023618     3.395649    
-0.113164    0.083296     13.432110    13.576313    -0.017060    0.012557     2.024978    
0.880594     0.954052     37.730861    37.804477    0.077367     0.083821     3.314963    
0.932811     0.403286     26.954807    27.045690    0.004246     0.001836     0.122700    
1.144103     -0.589304    190.231486   190.246024   0.119721     -0.061666    19.906212   
1.429123     -0.811618    39.440050    39.523330    0.028117     -0.015968    0.775962    
0.582998     -0.573341    154.301074   154.315796   0.008714     -0.008569    2.306188    
-1.573150    0.676503     12.079817    12.358374    -0.012494    0.005373     0.095934    
-0.193185    -0.645678    6.208204     6.547593     -0.006951    -0.023234    0.223393    
-1.515233    0.497199     58.243899    58.298970    -0.095025    0.031181     3.652640    
0.561503     -0.355338    85.757408    85.782571    0.009446     -0.005978    1.442688    
-0.393443    -0.461784    52.437199    52.477642    -0.130175    -0.152787    17.349495   
0.365902     -1.463546    49.886537    49.948147    0.027655     -0.110616    3.770473    
0.276813     0.949931     53.428582    53.473987    0.010451     0.035864     2.017151    
-0.235475    1.112677     55.780641    55.826950    -0.034427    0.162677     8.155333    
1.399122     -0.433244    20.585096    20.730808    0.128773     -0.039875    1.894616    
1.287384     0.310414     48.570263    48.628172    0.012852     0.003099     0.484890    
0.725740     -0.063837    9.715425     9.939578     0.042083     -0.003702    0.563356    
-0.687023    0.833905     14.409898    14.583810    -0.054277    0.065881     1.138420    
-0.357916    -0.090328    64.875969    64.906876    -0.013424    -0.003388    2.433212    
0.126228     -0.165630    12.300632    12.458887    0.001926     -0.002528    0.187712    
-0.620702    1.310760     86.990794    87.025149    -0.011463    0.024207     1.606513    
0.272987     0.515879     39.495994    39.549326    0.093989     0.177615     13.598337   
-0.505128    1.081963     7.885663     8.214891     -0.058681    0.125693     0.916088    
-1.723126    0.765013     37.775296    37.873504    -0.267241    0.118647     5.858610    
-0.116965    0.678087     74.898848    74.927871    -0.003808    0.022079     2.438724    
0.709216     -2.347595    59.445813    59.528933    0.064042     -0.211987    5.367942    
-1.605997    -1.658561    121.422576   121.460475   -0.071159    -0.073488    5.380029    
0.407762     0.043718     20.854349    20.951063    0.017324     0.001857     0.886011    
0.798300     -0.035140    92.730652    92.754986    0.032076     -0.001412    3.725950    
0.442091     -1.306553    16.402556    16.577736    0.024660     -0.072880    0.914937    
1.456741     -0.338867    27.005251    27.118176    0.391829     -0.091147    7.263773    
1.059310     0.380093     15.902563    16.063408    0.049741     0.017848     0.746723    
-1.076918    1.235175     103.513380   103.545063   -0.021944    0.025168     2.109219    
-0.669148    -1.784129    70.675660    70.728740    -0.113187    -0.301786    11.954806   
0.849736     0.192737     67.132953    67.167459    0.138707     0.031462     10.958500   
-0.370263    -0.880314    78.479993    78.510486    -0.023232    -0.055234    4.924110    
0.817984     -3.481040    86.506721    86.602970    0.003019     -0.012848    0.319278    
0.168002     -0.371735    14.888506    15.023614    0.008618     -0.019069    0.763740    
0.970365     -0.943333    67.432071    67.474370    0.007777     -0.007561    0.540460    
0.819018     0.658563     150.083456   150.100044   0.035043     0.028178     6.421585    
-0.663395    -0.913756    162.143398   162.159278   -0.067370    -0.092795    16.466292   
-0.895905    0.582208     12.968051    13.160050    -0.246736    0.160343     3.571461    
0.106408     1.897398     14.339916    14.598616    0.007253     0.129333     0.977454    
-1.428464    0.544137     15.575892    15.774028    -0.082388    0.031384     0.898353    
1.137870     -0.977807    44.534270    44.602993    0.139973     -0.120284    5.478317    
1.953729     -1.114789    39.968973    40.080589    0.060946     -0.034775    1.246816    
0.369780     -1.158245    112.399286   112.423097   0.017701     -0.055443    5.380337    
0.093360     -0.802497    219.009908   219.020245   0.007252     -0.062332    17.011183   
0.701500     0.776258     19.558582    19.685217    0.021902     0.024236     0.610661    
-0.435215    1.047714     37.189532    37.258870    -0.017582    0.042326     1.502415    
-1.920432    0.353850     23.833355    23.994104    -0.005108    0.000941     0.063390    
0.247608     -1.533022    33.779512    33.872435    0.069743     -0.431805    9.514639    
0.450880     -0.017668    60.951535    60.984984    0.034315     -0.001345    4.638823    
-0.761605    -1.023060    66.643777    66.685040    -0.074338    -0.099857    6.504865    
-0.584638    -0.461109    61.677066    61.712964    -0.051049    -0.040263    5.385458    
-0.192808    0.686645     29.200454    29.275419    -0.019944    0.071025     3.020436    
0.887953     0.080681     99.297835    99.321347    0.084967     0.007720     9.501627    
-0.811177    -1.102153    28.075161    28.177338    -0.088032    -0.119610    3.046824    
-0.801491    -1.067634    13.346419    13.556698    -0.087168    -0.116113    1.451521    
1.766653     -0.810512    26.456980    26.601217    0.131326     -0.060250    1.966707    
-0.143653    -1.649972    42.135716    42.214175    -0.002282    -0.026215    0.669466    
