-0.067082    0.272293     36.880412    36.933973    -0.001167    0.004736     0.641484    
0.289614     0.305636     62.365941    62.398420    0.000906     0.000956     0.195108    
-0.366332    0.044466     151.840124   151.853332   -0.039018    0.004736     16.172446   
-0.828030    1.769837     24.242225    24.400377    -0.005402    0.011546     0.158153    
1.200321     -1.087283    12.092086    12.357849    0.072218     -0.065417    0.727527    
0.034608     -1.538015    15.881233    16.076542    0.000997     -0.044316    0.457597    
-0.104675    0.409249     88.282355    88.305309    -0.001045    0.004086     0.881515    
1.314802     0.877447     12.904465    13.149099    0.026788     0.017877     0.262914    
0.155955     -0.474580    42.763458    42.811656    0.012383     -0.037681    3.395345    
-0.610348    -0.715361    14.577218    14.739556    -0.086112    -0.100928    2.056652    
2.639047     -0.673040    64.306370    64.394113    0.074879     -0.019096    1.824593    
-0.082099    -2.736386    33.269099    33.439535    -0.007007    -0.233561    2.839642    
1.213639     1.054592     110.487980   110.517210   0.070877     0.061589     6.452556    
-0.358371    -1.645298    75.421566    75.466039    -0.049196    -0.225860    10.353558   
-0.768053    1.014510     42.058464    42.123729    -0.124676    0.164683     6.827242    
1.385286     0.537199     24.102073    24.227928    0.143289     0.055566     2.493033    
2.024895     0.633081     42.020308    42.119856    0.310064     0.096941     6.434393    
-0.674251    -0.145170    31.789243    31.857599    -0.022170    -0.004773    1.045248    
-0.972981    -0.037585    61.932715    61.971641    -0.188195    -0.007270    11.979109   
-0.042892    -0.602970    17.472984    17.593906    -0.004057    -0.057032    1.652691    
-1.485308    1.261107     109.120569   109.155714   -0.051555    0.043773     3.787602    
1.442390     0.682443     26.578741    26.699263    0.051435     0.024336     0.947796    
1.870643     1.400112     31.120452    31.270068    0.140075     0.104841     2.330315    
0.954067     0.063492     34.661312    34.730329    0.018542     0.001234     0.673644    
0.555643     0.426495     9.781234     10.001906    0.021646     0.016615     0.381039    
1.598842     1.283844     17.788680    18.014345    0.000546     0.000438     0.006075    
-1.160211    -1.919603    43.508651    43.610877    -0.034929    -0.057791    1.309864    
1.845509     1.717406     35.989650    36.131499    0.101061     0.094046     1.970815    
-0.881285    0.090360     85.506496    85.533740    -0.023262    0.002385     2.257002    
-0.969126    -0.451087    72.295219    72.329913    -0.038522    -0.017930    2.873659    
0.340056     -0.112924    95.258427    95.279437    0.003120     -0.001036    0.873989    
0.175192     -1.802599    29.118182    29.240785    0.004196     -0.043178    0.697471    
-0.319477    -0.644841    42.541230    42.592829    -0.035780    -0.072219    4.764385    
0.666908     2.687104     161.422264   161.458005   0.028573     0.115125     6.915896    
-1.839678    -1.452681    29.376186    29.535232    -0.033855    -0.026733    0.540606    
-1.684453    -0.151183    19.437270    19.609759    -0.094169    -0.008452    1.086641    
-0.637193    -0.503838    15.004101    15.154467    -0.112535    -0.088983    2.649886    
-0.596977    0.291432     38.816972    38.872530    -0.096382    0.047052     6.267027    
0.463778     0.883639     13.786300    13.961838    0.072362     0.137872     2.151042    
0.523458     -0.227021    45.159344    45.205828    0.002128     -0.000923    0.183581    
0.050438     -0.645765    58.421736    58.458479    0.001061     -0.013588    1.229279    
-0.546907    0.798227     23.837496    23.938201    -0.010224    0.014922     0.445626    
-1.293983    -1.883867    23.543051    23.735491    -0.025070    -0.036499    0.456130    
1.407127     -0.063570    57.989959    58.040454    0.098805     -0.004464    4.071924    
-0.353341    1.705703     127.726569   127.753613   -0.026300    0.126958     9.506871    
0.565256     -0.643225    76.907151    76.937105    0.012022     -0.013681    1.635738    
-0.113410    -0.581498    48.709731    48.753091    -0.000361    -0.001853    0.155243    
-1.623577    -1.852391    19.193117    19.450400    -0.275932    -0.314820    3.261931    
1.107458     -0.142114    83.369194    83.399904    0.244163     -0.031332    18.380561   
-1.189384    -0.369031    12.326527    12.544682    -0.227781    -0.070674    2.360676    
-1.022466    0.560927     54.431569    54.479636    -0.017727    0.009725     0.943722    
3.397833     0.094962     70.771594    70.880518    0.050281     0.001405     1.047271    
1.148976     -1.490049    24.490132    24.641062    0.039236     -0.050883    0.836305    
-1.614957    2.851664     34.081746    34.295488    -0.010414    0.018389     0.219781    
3.057599     -2.083493    72.262145    72.383579    0.556191     -0.378997    13.144811   
-1.024287    -0.762884    96.561864    96.590370    -0.019146    -0.014260    1.804901    
0.811294     1.574948     37.317167    37.411022    0.008854     0.017189     0.407274    
1.014760     -0.106911    46.151671    46.204901    0.077200     -0.008133    3.511069    
-0.658930    0.122015     20.552956    20.657881    -0.057681    0.010681     1.799161    
-2.443153    0.696607     177.526386   177.555476   -0.044469    0.012679     3.231250    
-1.051824    -1.684470    77.187318    77.237949    -0.067452    -0.108023    4.949933    
-0.839504    1.086795     32.699615    32.787584    -0.080885    0.104711     3.150565    
-0.255977    -0.135596    12.133643    12.295697    -0.007784    -0.004123    0.368968    
-0.495936    -0.843076    10.825867    11.046768    -0.019313    -0.032831    0.421586    
0.644598     0.528230     33.763360    33.830962    0.029595     0.024253     1.550176    
-0.299349    0.142375     37.958680    38.011132    -0.048712    0.023168     6.176847    
-0.786602    -0.249476    12.230567    12.415422    -0.010440    -0.003311    0.162326    
-1.119111    0.451852     22.418534    22.537129    -0.015977    0.006451     0.320062    
0.090648     -1.788642    78.620370    78.665399    0.003578     -0.070602    3.103356    
1.831987     -1.640572    98.146529    98.197066    0.556629     -0.498469    29.820706   
-0.151065    -0.802462    57.363357    57.402931    -0.003652    -0.019399    1.386701    
-1.302428    -0.476839    29.730668    29.828028    -0.043331    -0.015864    0.989111    
-0.294196    0.152210     8.066270     8.309596     -0.024520    0.012686     0.672300    
-0.838907    -0.985752    37.548683    37.622521    -0.000401    -0.000471    0.017942    
0.315132     -0.900336    73.649793    73.682270    0.024825     -0.070924    5.801765    
1.391962     -0.551678    17.433407    17.607968    0.026164     -0.010370    0.327692    
0.836325     0.409460     56.047333    56.089621    0.082883     0.040579     5.554489    
-0.802270    -0.860051    14.858144    15.034052    -0.018410    -0.019736    0.340950    
1.373527     -0.807336    22.513204    22.655191    0.078930     -0.046394    1.293721    
1.406411     -0.250254    21.063707    21.203663    0.157323     -0.027994    2.356216    
-1.360548    -1.009012    64.415236    64.467564    -0.172701    -0.128079    8.176524    
0.377322     -2.929066    70.300338    70.389873    0.000132     -0.001024    0.024567    
-0.404204    -1.123159    14.480666    14.662520    -0.002665    -0.007406    0.095482    
-1.559718    2.083504     54.224521    54.322622    -0.256912    0.343188     8.931697    
1.743759     0.818076     21.288324    21.465731    0.058106     0.027260     0.709374    
2.360421     -0.019567    30.110586    30.267050    0.037403     -0.000310    0.477134    
0.663715     -0.618115    17.611907    17.744768    0.035781     -0.033323    0.949463    
0.229253     -2.381254    25.306327    25.495256    0.029418     -0.305568    3.247372    
-0.151362    0.262744     7.521850     7.781075     -0.007184    0.012470     0.357002    
-1.876669    -0.367862    38.324896    38.423037    -0.148088    -0.029028    3.024229    
0.557288     -0.958835    81.148476    81.179924    0.046488     -0.079984    6.769276    
-0.931116    0.686335     22.532406    22.647788    -0.083881    0.061829     2.029859    
2.056289     -0.756872    40.573491    40.680269    0.082421     -0.030337    1.626290    
0.084910     -0.472950    40.405470    40.456246    0.014781     -0.082331    7.033802    
-0.256096    0.225595     24.841538    24.921746    -0.000396    0.000349     0.038442    
0.035997     0.066014     61.666956    61.698412    0.000744     0.001365     1.274674    
-0.494084    1.742003     65.166818    65.221682    -0.077189    0.272146     10.180738   
-1.166081    -0.920531    66.327684    66.373516    -0.094234    -0.074390    5.360089    
-2.416071    0.949051     115.784600   115.830422   -0.010958    0.004304     0.525125    
-0.798684    0.366290     24.080942    24.177237    -0.017609    0.008076     0.530936    
0.696439     -0.642458    190.772130   190.784639   0.047474     -0.043794    13.004335   
0.866870     0.325959     37.840572    37.903055    0.107104     0.040273     4.675298    
-0.206596    -0.485210    18.445098    18.557336    -0.009733    -0.022859    0.868992    
-0.036135    -0.939474    26.147377    26.238220    -0.002958    -0.076892    2.140061    
-0.389966    0.903923     20.875086    20.990791    -0.008746    0.020272     0.468160    
0.216401     1.430713     27.983237    28.089682    0.006330     0.041851     0.818556    
0.294128     1.180220     33.139101    33.219789    0.014262     0.057229     1.606929    
-1.135206    -0.819511    46.874290    46.936492    -0.025347    -0.018298    1.046595    
2.523499     -0.382778    45.860748    45.973881    0.053689     -0.008144    0.975721    
-0.023801    1.275374     68.341915    68.382158    -0.001405    0.075293     4.034621    
0.114260     -0.421193    15.191774    15.324993    0.019576     -0.072162    2.602756    
-1.040558    -0.567061    23.242287    23.355581    -0.099239    -0.054081    2.216649    
-2.353116    0.858662     22.665491    22.888292    -0.049071    0.017906     0.472661    
0.782442     0.320440     18.051207    18.177897    0.011936     0.004888     0.275378    
-0.668857    0.458159     34.803955    34.869005    -0.109568    0.075053     5.701359    
1.134792     -0.037108    50.497328    50.548434    0.125807     -0.004114    5.598331    
-0.280688    0.151967     76.500637    76.526625    -0.000932    0.000505     0.254081    
0.529388     0.929461     19.691402    19.818436    0.033744     0.059246     1.255166    
0.345997     1.274407     25.093815    25.205522    0.080562     0.296733     5.842850    
0.984307     -1.630553    73.423617    73.474690    0.002494     -0.004132    0.186042    
-0.633742    -0.940058    178.967635   178.982051   -0.024586    -0.036469    6.942945    
1.081454     -0.060307    18.303889    18.441271    0.196981     -0.010985    3.333958    
-1.156617    -0.065379    7.311145     7.659623     -0.040235    -0.002274    0.254331    
0.925893     1.023004     13.944080    14.149775    0.030258     0.033432     0.455697    
0.087735     1.324201     15.702879    15.881328    0.021088     0.318293     3.774443    
-1.251048    -1.233170    83.406887    83.448604    -0.107645    -0.106107    7.176673    
0.987192     -0.048335    8.113715     8.407390     0.059973     -0.002936    0.492917    
1.174115     -1.159294    41.919186    41.997804    0.169796     -0.167652    6.062180    
0.772121     -0.514540    70.058467    70.092258    0.000081     -0.000054    0.007320    
-2.378238    -0.441301    100.057395   100.105983   -0.046017    -0.008539    1.936031    
-0.544779    0.664311     9.715726     9.950295     -0.062091    0.075715     1.107351    
1.016426     -0.657262    24.960912    25.067653    0.174532     -0.112860    4.286083    
0.334016     -0.087108    18.364496    18.472921    0.015888     -0.004144    0.873560    
-1.153819    0.611427     12.674510    12.892762    -0.220320    0.116751     2.420179    
0.277977     -0.730299    21.103584    21.209593    0.029971     -0.078741    2.275382    
-0.356703    -2.350441    53.968338    54.056528    -0.008409    -0.055409    1.272232    
0.065155     -1.356933    11.920736    12.158307    0.011857     -0.246942    2.169397    
-0.395248    1.646337     19.632662    19.803612    -0.009001    0.037493     0.447112    
0.460803     1.757556     40.937570    41.025126    0.009430     0.035969     0.837799    
0.384395     -0.402941    128.496037   128.512321   0.004446     -0.004661    1.486261    
-0.390216    0.120622     16.319006    16.442376    -0.010191    0.003150     0.426185    
-0.372736    -1.688853    50.361233    50.429356    -0.055804    -0.252848    7.539859    
-0.170990    0.380899     66.380189    66.410682    -0.013224    0.029458     5.133786    
1.888952     0.056644     28.607242    28.737094    0.212253     0.006365     3.214461    
0.080234     1.706761     83.924087    83.964557    0.001163     0.024750     1.216978    
-1.477884    0.947428     21.486053    21.647337    -0.136980    0.087814     1.991475    
1.056413     0.072536     28.455599    28.543253    0.003211     0.000220     0.086479    
-0.006028    1.181459     19.635819    19.769578    -0.001024    0.200667     3.335073    
-0.389979    0.122481     130.338498   130.354003   -0.006535    0.002052     2.184113    
-0.344463    -1.026334    111.988170   112.010701   -0.008441    -0.025149    2.744102    
2.221134     2.276140     73.927640    74.022194    0.011104     0.011379     0.369572    
-0.507918    0.092298     84.892232    84.916621    -0.035352    0.006424     5.908712    
-2.351306    -0.800825    30.577129    30.740946    -0.002398    -0.000817    0.031184    
-0.099700    0.728421     41.323779    41.377170    -0.004576    0.033434     1.896733    
0.874619     -0.730406    21.908876    22.026626    0.059463     -0.049659    1.489537    
3.197951     -2.261265    90.501746    90.607843    0.028805     -0.020368    0.815168    
0.343437     0.655726     110.212527   110.232590   0.000217     0.000414     0.069624    
-0.232728    -0.152374    65.072397    65.102759    -0.009145    -0.005987    2.556947    
0.421690     0.189896     30.753924    30.820328    0.020144     0.009071     1.469135    
-0.379967    0.734032     18.157792    18.282876    -0.017349    0.033516     0.829082    
0.299831     0.369417     7.805174     8.063626     0.003811     0.004695     0.099205    
-1.086728    0.212630     23.859813    23.966473    -0.043683    0.008547     0.959085    
-2.225540    -1.517314    215.921300   215.947072   -0.058592    -0.039947    5.684628    
0.115882     0.158801     50.833990    50.872469    0.011388     0.015606     4.995775    
0.428603     -0.936406    87.552667    87.580848    0.008100     -0.017697    1.654642    
-0.651873    0.217003     18.206997    18.325984    -0.068994    0.022967     1.927012    
0.395245     -0.156244    5.436098     5.797133     0.002775     -0.001097    0.038162    
0.744381     -2.762569    55.422920    55.531620    0.013554     -0.050300    1.009128    
0.005161     -0.027238    10.915281    11.091397    0.000453     -0.002389    0.957272    
0.536675     1.142328     28.491369    28.587165    0.085151     0.181246     4.520557    
1.412801     -1.077924    59.921992    59.980647    0.245599     -0.187384    10.416737   
-0.484831    1.424386     32.635384    32.729302    -0.025880    0.076032     1.742044    
-0.769830    0.030351     46.908981    46.956587    -0.009010    0.000355     0.549016    
-0.120031    0.314542     12.180479    12.343110    -0.011138    0.029186     1.130231    
0.305855     -0.920853    62.115072    62.153830    0.028087     -0.084563    5.704080    
-0.923387    0.964241     36.426264    36.503837    -0.097188    0.101488     3.833928    
-0.879952    -0.042138    96.734029    96.758066    -0.014591    -0.000699    1.604003    
0.020373     -0.335921    53.298093    53.335494    0.000138     -0.002280    0.361741    
0.333567     0.344267     59.127017    59.161718    0.019674     0.020306     3.487420    
0.609736     1.129011     55.700919    55.750460    0.089032     0.164856     8.133335    
0.821475     1.078612     61.295442    61.342028    0.022256     0.029222     1.660633    
-1.496554    -1.250234    133.016750   133.045606   -0.040086    -0.033488    3.562892    
1.518628     -0.301417    34.672600    34.762929    0.121086     -0.024033    2.764576    
-1.193081    1.482138     20.331047    20.514546    -0.029523    0.036676     0.503103    
-0.655485    1.502212     47.085134    47.154757    -0.005445    0.012478     0.391111    
-1.321084    -0.124496    76.152955    76.189948    -0.006161    -0.000581    0.355152    
-0.759064    -1.051455    43.381049    43.445047    -0.021449    -0.029712    1.225849    
-1.802549    -0.779713    24.689419    24.845513    -0.012274    -0.005309    0.168117    
0.346614     -0.057418    18.162173    18.271916    0.004743     -0.000786    0.248531    
-0.170805    0.589554     28.840982    28.914597    -0.009015    0.031117     1.522267    
0.460335     0.588803     47.721087    47.767517    0.031501     0.040292     3.265562    
-0.754410    0.830836     26.476878    26.573661    -0.057256    0.063057     2.009470    
0.902509     0.283558     16.356056    16.501226    0.095011     0.029851     1.721863    
0.685754     -0.269386    19.491431    19.604430    0.012081     -0.004746    0.343380    
-0.432295    0.043817     41.682670    41.731387    -0.003647    0.000370     0.351641    
1.559417     0.027636     77.480128    77.520822    0.060208     0.001067     2.991459    
-1.559109    -0.877381    55.161761    55.225859    -0.066332    -0.037328    2.346836    
-0.957214    -1.442093    31.681976    31.790225    -0.136638    -0.205852    4.522448    
0.970724     -0.755546    53.018396    53.069185    0.214758     -0.167153    11.729493   
0.224126     -0.964083    22.945158    23.050704    0.000043     -0.000184    0.004389    
-1.007888    0.675584     83.241844    83.273956    -0.028769    0.019284     2.376051    
1.314508     0.601013     37.881830    37.960468    0.056929     0.026029     1.640582    
1.187165     0.146917     24.223793    24.333065    0.119173     0.014748     2.431693    
0.027191     -1.132480    14.690793    14.865315    0.000430     -0.017926    0.232545    
-0.988307    -0.578074    17.963418    18.107188    -0.016090    -0.009411    0.292457    
0.852742     1.053184     26.874689    26.980738    0.038985     0.048148     1.228626    
-1.489219    0.592094     52.778746    52.839751    -0.377408    0.150053     13.375558   
0.327643     1.185092     53.329605    53.380085    0.025111     0.090826     4.087220    
-0.712301    -0.433528    7.019924     7.338229     -0.026387    -0.016060    0.260052    
-0.377861    -0.462779    62.639395    62.673166    -0.067366    -0.082506    11.167587   
-0.113072    -0.776216    29.560056    29.635910    -0.014785    -0.101499    3.865308    
-1.335352    -0.257921    53.421859    53.475412    -0.053475    -0.010329    2.139295    
0.175549     0.762507     57.951577    57.990279    0.012452     0.054086     4.110622    
-1.373839    0.861694     21.786296    21.935077    -0.271288    0.170156     4.302070    
0.361007     0.995115     12.550972    12.748428    0.002773     0.007643     0.096403    
1.768809     1.196100     22.981415    23.164191    0.143965     0.097352     1.870482    
0.268427     0.658301     15.314056    15.456413    0.058661     0.143862     3.346654    
-0.707554    -1.250106    43.945355    44.012868    -0.057545    -0.101670    3.574036    
-0.222865    -1.403854    43.719895    43.787266    -0.015526    -0.097798    3.045699    
0.476023     0.135141     71.458158    71.486979    0.047548     0.013499     7.137710    
0.443409     -1.358816    19.964216    20.111884    0.019173     -0.058754    0.863242    
-0.002086    0.244072     22.659315    22.745969    -0.000002    0.000286     0.026551    
0.418213     1.292365     85.234693    85.268241    0.047265     0.146057     9.632845    
0.365824     0.443065     119.232567   119.250199   0.012469     0.015102     4.064162    
-0.184342    0.410660     10.255079    10.451996    -0.014365    0.032001     0.799124    
-0.208076    0.618036     30.556755    30.627038    -0.014597    0.043358     2.143699    
-2.013058    0.246706     38.688477    38.791577    -0.066160    0.008108     1.271506    
1.135006     0.991512     26.759627    26.874224    0.044225     0.038634     1.042674    
1.639253     -1.485966    70.166762    70.229230    0.009485     -0.008598    0.406015    
0.347216     -1.250833    114.104612   114.128974   0.002845     -0.010247    0.934807    
-1.066409    -1.170594    40.221901    40.301164    -0.105703    -0.116030    3.986804    
-2.342260    0.385675     15.742769    16.041966    -0.079763    0.013134     0.536103    
0.528439     -1.566792    25.145086    25.276162    0.005142     -0.015247    0.244699    
0.402796     0.362634     26.551352    26.629739    0.053903     0.048528     3.553131    
0.909990     -1.196318    23.077736    23.210258    0.095412     -0.125433    2.419682    
-1.217398    -2.179872    80.065286    80.128390    -0.127299    -0.227941    8.372128    
-0.462494    1.337810     13.770985    13.982798    -0.026866    0.077713     0.799956    
-1.485222    0.374572     42.914459    42.986881    -0.114128    0.028783     3.297641    
0.872301     0.530896     105.124136   105.147524   0.030232     0.018400     3.643363    
0.968686     0.287726     57.525754    57.568294    0.067730     0.020118     4.022171    
-0.014709    -0.410447    7.168555     7.445254     -0.000212    -0.005913    0.103268    
-1.229752    -0.921000    97.019107    97.051237    -0.072296    -0.054145    5.703699    
-1.634498    -1.098131    29.500294    29.631399    -0.257927    -0.173287    4.655195    
0.411199     0.382255     144.042906   144.057450   0.017909     0.016648     6.273490    
1.219309     -0.345612    13.081751    13.289594    0.235090     -0.066636    2.522240    
0.004466     -0.223177    63.762832    63.793601    0.000916     -0.045785    13.081145   
-3.925846    -1.251056    50.320897    50.527666    -0.511204    -0.162906    6.552530    
-0.937729    -1.558680    126.623983   126.652346   -0.112458    -0.186926    15.185480   
1.135217     1.083121     18.627984    18.797304    0.092315     0.088079     1.514820    
-1.096873    -1.015044    15.799077    15.991223    -0.060545    -0.056028    0.872074    
0.639499     -0.972312    94.364622    94.392326    0.010863     -0.016516    1.602889    
2.031436     1.228051     68.994806    69.063688    0.478903     0.289508     16.265254   
0.060644     1.565948     26.839558    26.957238    0.004725     0.121999     2.090997    
-0.212015    0.596203     15.838442    15.972839    -0.023393    0.065784     1.747576    
-0.355136    -0.587349    26.589470    26.671070    -0.004212    -0.006966    0.315356    
0.004441     0.510213     19.819687    19.923736    0.000159     0.018281     0.710143    
-1.795391    -0.095072    69.209080    69.260408    -0.131821    -0.006980    5.081452    
-0.175509    2.459201     73.864985    73.932330    -0.002047    0.028687     0.861634    
0.462337     0.879210     15.358602    15.516068    0.000528     0.001003     0.017525    
-1.352013    -1.166019    14.921948    15.156748    -0.027749    -0.023932    0.306263    
-0.299575    -0.841334    32.329708    32.401892    -0.066907    -0.187904    7.220540    
-1.707636    -0.978361    44.907729    44.993914    -0.104687    -0.059978    2.753070    
-0.418969    -0.286901    54.687412    54.725184    -0.008347    -0.005716    1.089567    
0.963692     -1.049635    24.717931    24.837099    0.208080     -0.226637    5.337081    
1.200281     -0.247486    16.791572    16.950922    0.085469     -0.017623    1.195686    
-1.078904    -1.010997    105.410733   105.439479   -0.019338    -0.018121    1.889334    
0.111128     1.693998     20.471816    20.636186    0.009393     0.143181     1.730334    
-0.161092    1.116793     12.298088    12.505643    -0.007663    0.053125     0.585005    
0.136907     -0.120213    40.495315    40.543540    0.000257     -0.000226    0.076143    
-0.441395    0.209006     13.046383    13.203089    -0.060312    0.028558     1.782639    
0.611364     0.014495     8.916406     9.151569     0.005839     0.000138     0.085153    
-0.446584    -1.306502    28.196449    28.298782    -0.132035    -0.386274    8.336422    
-0.459619    -1.255360    48.462727    48.521109    -0.038238    -0.104439    4.031814    
0.109041     -0.372691    115.011656   115.029156   0.001217     -0.004158    1.283118    
-0.050306    0.827347     73.740963    73.771889    -0.002549    0.041919     3.736204    
0.164406     -0.301485    9.428554     9.637972     0.001590     -0.002916    0.091202    
1.500288     -1.010858    16.400484    16.616965    0.261101     -0.175924    2.854245    
-0.070242    0.609206     65.200735    65.233327    -0.000539    0.004676     0.500419    
0.414998     -0.516106    37.853985    37.910919    0.065120     -0.080986    5.939946    
-0.112740    -0.148362    7.030295     7.303062     -0.014544    -0.019139    0.906930    
0.687879     1.048649     23.878376    23.992179    0.154646     0.235752     5.368228    
0.753128     0.183876     26.529538    26.613763    0.013237     0.003232     0.466284    
-1.919542    0.623753     67.437265    67.496173    -0.413155    0.134254     14.514964   
0.106152     -0.052487    4.761605     5.153819     0.004166     -0.002060    0.186869    
1.810750     0.291750     59.574939    59.635663    0.230006     0.037059     7.567371    
-0.986976    2.124728     38.845470    38.965807    -0.056089    0.120747     2.207566    
-0.276685    0.870277     50.074893    50.121889    -0.045688    0.143704     8.268595    
-0.257473    1.116107     63.834886    63.875500    -0.009441    0.040923     2.340580    
-0.821016    -1.891933    18.155826    18.378314    -0.087111    -0.200737    1.926357    
-0.165555    -0.947816    62.946228    62.984350    -0.010024    -0.057386    3.811112    
0.822878     -0.676820    71.195781    71.230958    0.030458     -0.025052    2.635266    
0.169434     -1.556255    46.672372    46.740088    0.000930     -0.008539    0.256086    
-0.848848    0.929013     79.171599    79.206065    -0.016746    0.018328     1.561896    
0.127920     0.283268     83.790941    83.814637    0.009208     0.020390     6.031483    
0.566646     -0.510601    10.143496    10.360853    0.048138     -0.043377    0.861710    
-0.218314    0.345418     31.206704    31.271398    -0.019873    0.031443     2.840745    
-0.300754    -0.371188    53.212181    53.250722    -0.019472    -0.024032    3.445179    
0.138353     -0.646082    14.573265    14.720447    0.041462     -0.193621    4.367384    
2.018719     0.717480     62.378001    62.445816    0.178699     0.063512     5.521757    
-1.289409    -0.968930    53.094947    53.155900    -0.050123    -0.037665    2.063933    
0.778475     -0.043545    37.717620    37.777000    0.124379     -0.006957    6.026227    
-0.812349    1.867770     74.360412    74.414342    -0.042276    0.097202     3.869860    
-0.003418    0.555032     14.449957    14.593981    -0.000033    0.005378     0.140003    
-0.474355    0.542981     15.431030    15.572780    -0.004165    0.004767     0.135483    
0.387091     -1.367709    45.134784    45.200046    0.004026     -0.014225    0.469441    
-0.494315    1.004404     18.852732    18.988250    -0.036337    0.073834     1.385862    
-0.362055    0.417269     124.223842   124.240666   -0.070640    0.081413     24.237254   
-0.181029    -0.857220    6.731218     7.067662     -0.023336    -0.110503    0.867713    
2.149038     0.880403     52.442943    52.531236    0.023296     0.009544     0.568482    
2.019198     -0.339768    67.165786    67.225816    0.096175     -0.016183    3.199138    
-0.352531    -0.806279    36.870246    36.933242    -0.018506    -0.042325    1.935482    
0.220930     -1.039046    33.362002    33.436904    0.001712     -0.008051    0.258499    
-0.061961    0.134954     160.239075   160.251234   -0.006254    0.013621     16.172590   
-0.466698    -0.382315    14.420182    14.566420    -0.003194    -0.002617    0.098704    
0.768313     -0.265974    42.515281    42.568593    0.050213     -0.017383    2.778586    
0.856158     0.032331     40.810646    40.867075    0.045263     0.001709     2.157565    
1.643657     1.655035     24.060107    24.252927    0.124905     0.125770     1.828381    
-0.686141    1.198967     14.215341    14.417322    -0.018712    0.032698     0.387676    
-2.367672    -1.935221    81.541367    81.622426    -0.120406    -0.098414    4.146726    
1.501925     1.020551     80.721672    80.766085    0.219699     0.149284     11.807822   
0.141907     0.144036     5.681221     6.015988     0.004737     0.004808     0.189654    
0.765810     1.520845     22.194652    22.346744    0.049886     0.099071     1.445806    
0.090102     -1.750110    106.199589   106.232286   0.012776     -0.248153    15.058338   
-1.265145    -0.448899    25.882200    25.991640    -0.053999    -0.019160    1.104703    
-1.211494    -0.169499    29.844226    29.934081    -0.066822    -0.009349    1.646111    
0.239103     -0.432309    13.901661    14.049028    0.000271     -0.000490    0.015753    
-0.123064    0.649852     20.107246    20.214197    -0.002970    0.015682     0.485231    
-0.967636    -0.134452    22.548381    22.655216    -0.046892    -0.006516    1.092710    
-0.781319    0.062052     14.091605    14.250004    -0.084965    0.006748     1.532408    
-1.481552    2.103336     64.373875    64.455331    -0.002909    0.004129     0.126377    
1.664115     -0.611553    16.663514    16.872787    0.066477     -0.024430    0.665666    
0.224244     0.327180     9.198464     9.415095     0.022780     0.033236     0.934415    
0.526965     -1.785218    28.630264    28.758158    0.060115     -0.203653    3.266064    
-0.113515    1.544010     26.427398    26.545794    -0.008256    0.112299     1.922122    
-0.125100    0.220304     5.414925     5.767196     -0.018474    0.032532     0.799623    
0.799014     0.865800     46.411302    46.467967    0.052718     0.057125     3.062176    
-0.272982    -1.050730    38.860964    38.925930    -0.009543    -0.036731    1.358501    
1.234486     -0.572236    58.012540    58.061873    0.039764     -0.018432    1.868661    
-0.524268    -0.927203    98.704766    98.730139    -0.019277    -0.034092    3.629285    
1.366530     0.455676     65.669273    65.714560    0.073861     0.024629     3.549426    
1.267467     -1.321610    58.996354    59.057581    0.045859     -0.047818    2.134583    
0.232560     -1.597533    50.322790    50.387145    0.005022     -0.034495    1.086613    
0.708275     1.333282     14.261418    14.475575    0.073355     0.138087     1.477044    
0.496362     1.220803     77.105262    77.141643    0.092415     0.227294     14.355775   
-1.121046    -0.812533    18.622518    18.777382    -0.022502    -0.016309    0.373791    
-1.890898    -0.155882    22.645985    22.810423    -0.326867    -0.026946    3.914664    
-0.101679    0.017126     78.518125    78.542864    -0.006678    0.001125     5.157218    
0.366206     2.666638     64.180941    64.267513    0.063090     0.459409     11.057105   
2.127424     -0.782974    86.995661    87.047452    0.043356     -0.015957    1.772935    
-0.128787    0.068492     25.832121    25.907426    -0.005858    0.003116     1.175065    
-0.906629    0.560924     16.617384    16.767499    -0.056045    0.034674     1.027226    
-0.861787    0.817423     49.666738    49.719923    -0.140174    0.132958     8.078560    
1.242002     -0.606942    82.115652    82.150875    0.068878     -0.033659    4.553887    
-0.612421    -0.582749    33.710705    33.778710    -0.040274    -0.038322    2.216865    
0.088439     0.737200     52.214063    52.256431    0.002777     0.023147     1.639480    
-3.194545    -1.155820    75.889290    75.990791    -0.013982    -0.005059    0.332158    
-1.379018    -0.648318    132.560698   132.584070   -0.014085    -0.006622    1.353905    
-0.379899    0.956776     23.116849    23.223338    -0.019460    0.049011     1.184156    
0.795426     -0.706556    72.487087    72.521616    0.048944     -0.043476    4.460276    
0.580463     -2.398454    12.778578    13.162695    0.027044     -0.111747    0.595369    
0.697558     -0.422574    84.564698    84.591538    0.007369     -0.004464    0.893365    
0.116529     -0.943136    125.613361   125.632379   0.015331     -0.124081    16.525896   
-1.826105    -1.693973    46.061211    46.170492    -0.000127    -0.000118    0.003202    
-0.075970    1.271239     41.919349    41.984862    -0.003028    0.050667     1.670754    
0.851698     -0.055401    14.949041    15.102226    0.022139     -0.001440    0.388578    
-1.218670    -1.940703    18.550247    18.794630    -0.058717    -0.093506    0.893775    
-2.717564    0.364006     60.910225    61.003673    -0.111418    0.014924     2.497277    
-1.126559    0.512348     22.948253    23.065752    -0.008409    0.003824     0.171295    
0.595589     -0.064853    33.623803    33.686704    0.129941     -0.014149    7.335778    
-0.868123    -1.066525    37.182321    37.259778    -0.024072    -0.029573    1.031007    
-1.166755    0.062140     31.458641    31.541817    -0.094785    0.005048     2.555648    
1.513807     -1.537574    14.818263    15.103365    0.035434     -0.035990    0.346852    
1.586677     1.473796     45.410910    45.505113    0.074394     0.069102     2.129180    
-0.239078    0.436353     43.537238    43.584557    -0.008235    0.015030     1.499642    
-0.680955    0.586412     8.112105     8.395760     -0.081167    0.069898     0.966928    
1.667857     0.647908     15.957363    16.177575    0.098433     0.038238     0.941767    
0.382908     -0.317284    38.237782    38.291647    0.004921     -0.004077    0.491382    
-0.030708    -1.412761    84.336961    84.371765    -0.000295    -0.013588    0.811128    
-0.667586    0.773119     13.394642    13.576994    -0.020539    0.023786     0.412108    
0.047788     1.010908     23.974175    24.076134    0.001654     0.034988     0.829758    
0.152220     0.809843     102.202037   102.224314   0.001445     0.007686     0.970003    
-1.262392    1.492479     112.568992   112.603170   -0.097670    0.115471     8.709307    
-0.437951    -0.401528    10.111439    10.318390    -0.055291    -0.050693    1.276571    
0.901058     -1.040218    38.456890    38.531822    0.014834     -0.017125    0.633110    
-0.699487    2.277916     53.468923    53.558182    -0.031374    0.102171     2.398239    
1.250645     -2.320691    15.312055    15.661536    0.024868     -0.046145    0.304470    
0.582392     0.525128     12.482928    12.661493    0.054548     0.049184     1.169171    
0.127640     -0.302300    52.255526    52.293619    0.006232     -0.014759    2.551201    
-0.425612    1.147607     20.925520    21.053515    -0.014632    0.039453     0.719385    
-0.427183    -0.138658    60.342421    60.376191    -0.033172    -0.010767    4.685701    
0.918786     -0.720223    12.039284    12.254885    0.052897     -0.041465    0.693133    
-0.788299    0.681965     17.039011    17.183985    -0.089098    0.077079     1.925843    
1.228915     1.417834     81.280901    81.326381    0.014509     0.016739     0.959630    
-0.328285    -0.416829    32.188379    32.252879    -0.001492    -0.001894    0.146266    
0.458404     0.932987     20.229933    20.352045    0.064566     0.131411     2.849382    
0.844923     0.409250     9.864418     10.102627    0.031743     0.015375     0.370599    
0.897776     0.327621     5.592369     6.005238     0.038312     0.013981     0.238648    
-0.183269    1.340465     7.242096     7.625833     -0.015722    0.114995     0.621281    
0.164450     -1.085371    55.201510    55.247505    0.005349     -0.035303    1.795495    
-0.642860    2.152988     71.273891    71.336464    -0.001164    0.003898     0.129054    
0.538238     0.093945     41.985523    42.035195    0.000051     0.000009     0.003975    
-0.100469    -0.230779    11.595598    11.764191    -0.001818    -0.004176    0.209849    
-0.828728    -0.784930    61.830682    61.872539    -0.051320    -0.048608    3.828922    
-1.693986    -1.066614    57.853340    57.921423    -0.048941    -0.030815    1.671429    
0.835551     1.822146     17.717560    17.938931    0.009645     0.021034     0.204522    
-0.141994    0.735832     18.921850    19.038723    -0.002646    0.013714     0.352647    
-0.878895    2.915358     44.731395    44.878106    -0.031754    0.105330     1.616120    
-1.996805    -0.683590    26.243010    26.401232    -0.225402    -0.077164    2.962342    
1.789733     1.392421     72.336542    72.398842    0.143859     0.111923     5.814440    
-0.920642    0.800071     22.665537    22.783530    -0.026746    0.023243     0.658460    
0.063189     -0.567359    16.463199    16.590291    0.013213     -0.118636    3.442485    
-1.496201    1.004287     66.879041    66.932266    -0.049678    0.033345     2.220551    
-0.185051    -0.534570    54.738037    54.776342    -0.019531    -0.056422    5.777378    
-1.353546    -2.538979    80.312978    80.388605    -0.256921    -0.481932    15.244458   
1.079908     0.688399     56.568025    56.616751    0.352816     0.224906     18.481306   
0.436522     0.051843     36.927973    36.983015    0.020128     0.002390     1.702768    
1.544114     -0.785962    92.445056    92.482244    0.081565     -0.041517    4.883228    
-0.156874    0.342369     45.570124    45.614175    -0.003569    0.007788     1.036647    
1.666326     -0.133864    8.520028     8.902831     0.015917     -0.001279    0.081385    
0.691469     -0.473322    54.809038    54.850778    0.049585     -0.033942    3.930338    
-0.247423    0.934937     21.174761    21.288043    -0.004938    0.018658     0.422572    
0.245630     0.057512     6.299602     6.604815     0.025001     0.005854     0.641183    
-0.165464    1.544152     20.507832    20.660540    -0.000930    0.008680     0.115281    
-1.944070    -1.916807    48.992353    49.107832    -0.025409    -0.025053    0.640336    
0.230361     0.201659     48.509528    48.550417    0.016450     0.014401     3.464092    
-0.025950    0.188608     58.367317    58.400813    -0.001512    0.010992     3.401484    
0.062088     2.281544     45.394323    45.494272    0.021387     0.785914     15.636791   
-0.226827    -1.822675    39.229492    39.321770    -0.033711    -0.270883    5.830224    
-0.759320    1.057021     32.669593    32.754711    -0.079616    0.110831     3.425476    
-0.427627    0.387664     53.991776    54.030732    -0.029233    0.026501     3.690936    
-1.415780    0.312367     102.432737   102.461908   -0.016240    0.003583     1.175006    
-2.060362    0.057948     54.704687    54.778884    -0.046406    0.001305     1.232121    
-0.443744    0.711424     7.946888     8.229886     -0.020832    0.033398     0.373073    
0.426497     0.898113     86.885387    86.913371    0.169511     0.356955     34.532594   
-0.138655    0.113196     178.194767   178.205730   -0.002310    0.001886     2.969328    
-0.322182    1.505621     38.232823    38.314415    -0.044018    0.205706     5.223567    
-0.700354    -1.302475    48.354477    48.417118    -0.057804    -0.107501    3.990965    
-1.016005    0.038395     52.697804    52.744358    -0.039607    0.001497     2.054297    
0.988629     0.929435     72.703412    72.742713    0.023575     0.022164     1.733715    
-0.147587    0.044864     46.807445    46.849073    -0.007656    0.002327     2.428204    
-1.032905    -0.009762    32.702208    32.777680    -0.032709    -0.000309    1.035569    
-0.650755    2.076032     56.658049    56.733966    -0.020941    0.066804     1.823188    
0.809948     1.537510     95.276173    95.312350    0.061989     0.117672     7.291899    
-0.559285    2.002136     11.774475    12.117531    -0.032475    0.116255     0.683693    
1.370446     1.000310     45.971869    46.045265    0.083253     0.060768     2.792743    
-0.589768    -1.711972    36.474844    36.572775    -0.025283    -0.073393    1.563686    
-0.203840    -0.920752    9.269611     9.523129     -0.023950    -0.108181    1.089109    
-0.178892    -0.634667    10.213863    10.422704    -0.047980    -0.170221    2.739411    
-0.254769    0.097177     37.427846    37.480567    -0.002561    0.000977     0.376247    
-0.196710    -1.810639    66.745553    66.799408    -0.008284    -0.076247    2.810682    
0.631553     -0.725761    39.574429    39.635035    0.012654     -0.014542    0.792934    
-3.049593    0.175963     76.598183    76.684337    -0.094670    0.005462     2.377866    
0.884263     0.562571     9.954361     10.201111    0.057670     0.036690     0.649203    
-0.539939    0.475504     15.659026    15.798661    -0.097848    0.086171     2.837738    
0.561389     0.251251     71.052762    71.082686    0.010522     0.004709     1.331756    
0.663328     1.545564     76.224181    76.268142    0.061770     0.143926     7.098143    
-0.822613    0.916193     26.222859    26.325451    -0.041740    0.046488     1.330553    
-0.413009    0.397271     23.830352    23.918383    -0.002595    0.002496     0.149735    
0.247066     -1.511688    41.727329    41.801809    0.043982     -0.269108    7.428222    
-0.360941    0.694242     22.612442    22.711445    -0.006754    0.012991     0.423141    
0.540397     0.302331     19.255969    19.366226    0.065344     0.036557     2.328396    
0.051316     0.903450     43.224152    43.278414    0.003093     0.054461     2.605586    
0.011361     0.277429     8.942178     9.160491     0.000149     0.003639     0.117298    
1.094624     -0.344414    43.210758    43.270792    0.062393     -0.019632    2.463009    
-0.636747    0.623494     32.052498    32.125251    -0.017019    0.016665     0.856687    
1.863878     0.500938     15.482442    15.725964    0.006066     0.001630     0.050386    
1.698762     -0.480073    67.959704    68.011121    0.232476     -0.065698    9.300284    
0.529691     -0.124565    49.556233    49.598299    0.052230     -0.012283    4.886463    
-2.860271    0.455210     42.527051    42.670990    -0.037974    0.006044     0.564609    
-1.328087    -2.366639    24.040356    24.272998    -0.126447    -0.225327    2.288873    
-1.759981    -0.551301    55.692532    55.757820    -0.167904    -0.052595    5.313127    
1.299519     -1.458408    150.755320   150.780825   0.030493     -0.034222    3.537473    
-0.085742    0.367458     36.859639    36.914094    -0.005794    0.024830     2.490647    
-0.600688    0.775900     22.844948    22.950587    -0.083745    0.108172     3.184915    
-1.339985    -0.163620    69.045322    69.086567    -0.103346    -0.012619    5.325103    
-0.442480    -0.045684    62.004950    62.037784    -0.018218    -0.001881    2.552844    
1.646608     0.557452     28.385821    28.507049    0.141978     0.048066     2.447558    
-0.057748    -0.142547    52.783053    52.819970    -0.008469    -0.020905    7.740750    
-1.479310    2.000780     58.847640    58.933107    -0.151668    0.205133     6.033443    
-3.543566    -1.715536    41.230665    41.464957    -1.030989    -0.499130    11.995928   
-0.078094    -1.437464    23.095049    23.223450    -0.001900    -0.034981    0.562016    
0.155660     0.626191     42.403401    42.453971    0.009344     0.037590     2.545489    
0.778994     -0.906874    105.838718   105.863773   0.005675     -0.006607    0.771071    
1.046767     -0.278502    8.936526     9.214648     0.006277     -0.001670    0.053585    
1.105226     -0.737102    111.498893   111.524181   0.029924     -0.019957    3.018821    
0.068694     0.599795     6.916127     7.216109     0.009209     0.080407     0.927160    
-0.901193    0.277844     19.645817    19.766700    -0.026325    0.008116     0.573881    
-0.037968    -0.554985    75.645051    75.672704    -0.008629    -0.126131    17.191826   
-2.552009    -0.541485    31.577542    31.746213    -0.408449    -0.086665    5.053985    
1.336482     -1.105586    23.282556    23.429914    0.112580     -0.093130    1.961230    
0.777111     0.231847     63.894197    63.929657    0.075642     0.022567     6.219283    
-0.990557    0.031849     12.592691    12.784094    -0.060489    0.001945     0.768984    
0.114629     0.164188     19.604045    19.703646    0.002303     0.003299     0.393943    
-1.917340    -2.158900    98.905283    98.966999    -0.131316    -0.147860    6.773863    
0.446662     1.355963     88.421610    88.455041    0.003265     0.009911     0.646296    
1.231188     0.653746     127.562733   127.585537   0.016587     0.008807     1.718548    
-0.764685    0.519754     56.818675    56.860282    -0.041966    0.028524     3.118210    
1.881588     -2.737474    27.486655    27.756536    0.019728     -0.028702    0.288192    
0.648975     1.236537     19.447884    19.597075    0.061200     0.116609     1.833994    
-0.133847    -0.988548    8.982363     9.249483     -0.009777    -0.072213    0.656159    
-0.656180    -0.082036    36.451482    36.510584    -0.046727    -0.005842    2.595754    
0.944242     0.574160     62.193853    62.234810    0.027315     0.016609     1.799154    
1.518966     -0.372032    187.365297   187.382164   0.014138     -0.003463    1.743912    
-1.427825    0.765913     55.130833    55.189755    -0.330915    0.177509     12.777218   
2.107445     -0.775844    35.077852    35.204743    0.358477     -0.131971    5.966747    
-0.957371    0.771586     47.386438    47.443244    -0.123957    0.099902     6.135441    
1.397650     -0.148897    83.246412    83.281544    0.086836     -0.009251    5.172118    
-0.297773    -1.400114    16.316898    16.497427    -0.000699    -0.003287    0.038308    
-0.262362    -0.249972    20.546191    20.643455    -0.029913    -0.028501    2.342578    
-1.277202    0.039284     82.529015    82.562377    -0.007581    0.000233     0.489861    
-2.091512    1.232612     13.274674    13.637656    -0.044872    0.026445     0.284796    
-0.314611    -0.161744    54.525381    54.562050    -0.002267    -0.001166    0.392968    
-0.330507    -1.587244    68.656479    68.703826    -0.000924    -0.004438    0.191955    
-0.537069    0.812278     22.201389    22.309748    -0.012408    0.018767     0.512933    
1.632467     0.098735     32.230567    32.332014    0.031390     0.001899     0.619749    
-0.931098    0.118796     20.076837    20.194935    -0.039581    0.005050     0.853476    
-0.809931    -0.845829    16.994608    17.148268    -0.074680    -0.077990    1.567004    
-0.756900    -0.095992    22.304231    22.403924    -0.090720    -0.011505    2.673339    
0.823805     0.885130     33.261314    33.341447    0.035122     0.037737     1.418072    
-0.084181    1.567737     88.129909    88.165870    -0.004333    0.080696     4.536323    
-1.340271    1.412158     33.062842    33.178562    -0.031006    0.032669     0.764882    
0.901960     -0.833624    34.573313    34.651080    0.015857     -0.014656    0.607827    
1.045746     0.919840     46.773869    46.835984    0.000452     0.000398     0.020222    
0.208195     1.296359     29.515386    29.610081    0.022923     0.142733     3.249723    
0.879361     1.727057     20.257100    20.444585    0.072248     0.141895     1.664323    
-0.695692    -0.428184    69.279552    69.312327    -0.007973    -0.004907    0.794000    
0.089772     -0.112080    44.062342    44.106525    0.002703     -0.003375    1.326846    
-0.667179    -1.000416    74.212621    74.248462    -0.007125    -0.010683    0.792512    
0.275929     -0.312116    43.126612    43.173524    0.010074     -0.011395    1.574504    
0.258492     -0.586649    18.367888    18.484189    0.017512     -0.039745    1.244397    
-1.011322    1.388847     81.053974    81.096075    -0.011116    0.015266     0.890924    
-0.631748    0.405940     13.755063    13.915480    -0.009250    0.005944     0.201396    
0.271183     -0.145630    41.205059    41.253201    0.013236     -0.007108    2.011096    
-0.745643    -0.320230    27.902098    27.983220    -0.050470    -0.021675    1.888613    
-0.702585    1.421124     15.843904    16.044234    -0.053869    0.108962     1.214803    
0.229281     -2.753630    38.451886    38.601264    0.015381     -0.184725    2.579516    
0.420473     0.222631     33.631389    33.692309    0.045752     0.024225     3.659466    
0.724631     1.122589     30.714880    30.806884    0.095766     0.148360     4.059231    
-1.106581    -0.425805    27.502474    27.598312    -0.061495    -0.023663    1.528364    
-1.180056    0.409292     110.744406   110.768941   -0.009569    0.003319     0.898002    
-0.189463    0.308149     13.692740    13.838242    -0.040362    0.065646     2.917013    
-1.812349    -1.707058    109.362018   109.408064   -0.016037    -0.015105    0.967695    
0.132044     -1.589804    31.974715    32.074948    0.005059     -0.060911    1.225057    
0.567284     0.083903     90.227494    90.250787    0.015487     0.002291     2.463250    
0.818154     -1.560859    15.554195    15.776995    0.049349     -0.094148    0.938199    
-0.000477    0.034859     6.446521     6.740460     -0.000003    0.000186     0.034310    
-0.329408    -1.387083    29.648968    29.748425    -0.021469    -0.090401    1.932321    
1.454451     1.409098     72.164511    72.219752    0.331186     0.320859     16.432254   
0.816021     0.207632     15.148996    15.299544    0.008295     0.002111     0.153995    
0.312008     1.198833     77.426518    77.461443    0.016007     0.061503     3.972180    
0.072323     0.370987     18.605156    18.712820    0.003996     0.020498     1.027974    
-0.308729    0.306221     23.450991    23.537481    -0.021755    0.021578     1.652524    
0.459013     -1.936806    70.978567    71.033751    0.004204     -0.017737    0.650025    
0.540975     0.600992     43.033625    43.086212    0.033249     0.036937     2.644876    
0.900695     -0.991566    26.110771    26.219111    0.026603     -0.029287    0.771214    
0.627151     -0.130532    103.478194   103.498898   0.153275     -0.031902    25.289925   
-1.299516    1.599446     33.975720    34.095036    -0.259439    0.319318     6.783014    
0.822066     -0.612672    26.740116    26.832069    0.022168     -0.016521    0.721063    
-0.045124    0.126117     32.349806    32.409919    -0.000399    0.001116     0.286363    
0.515721     -0.490457    45.405293    45.453516    0.010091     -0.009597    0.888468    
0.456484     1.585601     43.697621    43.773046    0.036801     0.127829     3.522838    
-0.941310    -0.308394    10.345439    10.577534    -0.004108    -0.001346    0.045145    
2.093610     0.629222     53.312209    53.393311    0.002052     0.000617     0.052245    
-1.460981    -0.035267    14.863793    15.064627    -0.027378    -0.000661    0.278536    
1.840839     -0.026632    27.641009    27.772103    0.205290     -0.002970    3.082520    
-1.526349    -0.679932    57.298332    57.356481    -0.050727    -0.022597    1.904256    
0.570172     -1.793393    135.445219   135.472594   0.000346     -0.001088    0.082184    
1.218037     0.542669     62.519874    62.565068    0.121331     0.054056     6.227702    
1.082568     -0.405269    7.063143     7.422879     0.044260     -0.016569    0.288772    
0.662709     1.420575     18.803765    18.971393    0.032197     0.069017     0.913556    
0.618948     -0.379562    99.032990    99.055213    0.000591     -0.000362    0.094519    
-3.093829    1.522154     42.056937    42.243930    -0.150813    0.074199     2.050120    
-0.026799    -1.579498    15.564046    15.767372    -0.000630    -0.037140    0.365966    
-0.557121    -0.293178    14.640805    14.785955    -0.012503    -0.006580    0.328571    
-1.326673    0.447099     37.370780    37.448767    -0.013727    0.004626     0.386675    
2.326992     -0.747668    31.135741    31.293501    0.049240     -0.015821    0.658850    
-1.471554    0.316428     92.776263    92.809351    -0.006021    0.001295     0.379596    
1.974103     0.333528     53.894243    53.967330    0.053322     0.009009     1.455718    
-1.755479    -0.330834    77.903886    77.949224    -0.077716    -0.014646    3.448837    
-1.427691    -0.429435    43.676695    43.746444    -0.359235    -0.108054    10.989929   
0.159484     0.366734     65.233746    65.264665    0.012797     0.029426     5.234197    
1.521409     -2.838734    149.665748   149.713340   0.044766     -0.083527    4.403767    
-1.264059    0.460975     28.903251    29.001435    -0.043632    0.015912     0.997673    
-1.478834    1.955485     24.587173    24.787394    -0.011373    0.015039     0.189091    
0.318478     -0.782102    52.144350    52.188325    0.004344     -0.010668    0.711257    
0.628407     0.956019     15.486394    15.652866    0.089886     0.136747     2.215149    
2.036320     0.387666     37.052699    37.162809    0.001221     0.000232     0.022212    
-1.470475    -0.294187    16.598250    16.781707    -0.061134    -0.012231    0.690062    
-0.491631    -1.877263    63.075938    63.136477    -0.039221    -0.149765    5.032086    
0.306115     1.059715     14.615092    14.788257    0.024304     0.084135     1.160353    
-2.546430    -1.408245    31.429479    31.625220    -0.045736    -0.025293    0.564497    
-0.404872    -0.697615    137.463557   137.480017   -0.034274    -0.059057    11.636987   
-0.064217    1.241834     40.383488    40.450554    -0.004835    0.093493     3.040337    
0.405315     0.333354     17.819733    17.935809    0.013510     0.011111     0.593959    
0.221215     -0.993707    47.887410    47.938663    0.044917     -0.201771    9.723464    
1.853527     0.760955     109.893969   109.929860   0.286702     0.117704     16.998282   
0.091040     0.748883     27.669461    27.749651    0.013964     0.114867     4.244080    
2.138389     -0.028689    87.754205    87.802329    0.266782     -0.003579    10.948085   
-1.523183    0.853149     115.312604   115.342618   -0.006241    0.003496     0.472500    
-0.117947    -2.198818    45.917503    46.012398    -0.009461    -0.176381    3.683332    
-0.818987    0.899275     18.140060    18.287050    -0.069413    0.076218     1.537463    
0.433313     -0.683311    33.807455    33.874380    0.015758     -0.024850    1.229481    
-0.214425    -0.529551    205.957883   205.968083   -0.017600    -0.043465    16.904816   
0.030986     0.995128     53.468270    53.513756    0.002945     0.094567     5.081104    
-0.440281    1.036848     67.343515    67.381695    -0.112976    0.266055     17.280327   
0.336237     0.818146     15.790566    15.937357    0.067626     0.164550     3.175883    
-0.752536    0.631663     12.959771    13.145186    -0.000947    0.000795     0.016313    
-1.726071    -0.667386    18.113109    18.313503    -0.100081    -0.038696    1.050238    
-1.827956    0.242183     57.628508    57.691594    -0.050946    0.006750     1.606139    
0.401508     1.018220     12.478136    12.679780    0.046206     0.117178     1.435994    
-1.545435    -0.097036    8.464127     8.826902     -0.022013    -0.001382    0.120564    
-2.319530    1.642141     31.302477    31.492807    -0.125740    0.089019     1.696884    
-1.677259    0.013048     29.685002    29.797444    -0.336283    0.002616     5.951704    
0.607143     -0.216478    67.660792    67.692490    0.076624     -0.027320    8.539069    
-0.657341    0.061960     30.956391    31.025941    -0.007716    0.000727     0.363395    
-0.677227    1.670829     171.239877   171.260681   -0.025771    0.063580     6.516200    
-0.639395    0.066232     71.760995    71.790867    -0.005410    0.000560     0.607150    
-1.041388    1.029316     26.830436    26.942369    -0.050591    0.050005     1.303441    
-0.604491    0.957541     32.516210    32.595416    -0.144923    0.229565     7.795565    
-1.114614    0.401246     33.328859    33.407951    -0.029230    0.010522     0.874021    
0.291571     0.837663     29.360598    29.439877    0.061300     0.176111     6.172801    
0.189341     0.101260     14.633467    14.766835    0.019608     0.010486     1.515445    
0.359744     -1.712379    11.597529    11.892825    0.015132     -0.072031    0.487845    
-0.701598    -1.109186    16.521141    16.689685    -0.003488    -0.005514    0.082128    
-0.281862    -1.472350    17.498568    17.672637    -0.047953    -0.250489    2.977003    
1.899202     0.642160     16.242239    16.483465    0.139583     0.047196     1.193737    
-1.650889    0.704245     17.666981    17.866688    -0.228822    0.097612     2.448734    
-2.198171    1.672008     59.830206    59.926256    -0.842246    0.640643     22.924400   
0.712122     -1.290847    45.256948    45.323721    0.059743     -0.108296    3.796829    
0.391455     -0.326621    7.723516     7.986712     0.002798     -0.002335    0.055207    
0.337704     0.107247     32.173719    32.235830    0.025500     0.008098     2.429459    
1.611708     -2.247709    16.785865    17.125712    0.015836     -0.022086    0.164935    
0.710846     0.219397     17.263892    17.391675    0.056930     0.017571     1.382629    
0.559237     0.782006     9.484820     9.734528     0.091244     0.127591     1.547525    
-2.242507    -0.685148    47.919860    48.017561    -0.197525    -0.060349    4.220893    
-1.005388    4.592520     61.026017    61.238482    -0.052177    0.238339     3.167074    
-0.947335    0.313683     31.829647    31.906069    -0.048453    0.016044     1.627978    
0.513297     0.271551     9.615941     9.832522     0.051880     0.027446     0.971909    
0.278660     -0.003192    5.311928     5.671789     0.057547     -0.000659    1.096984    
0.630658     -0.026141    49.939788    49.982555    0.050104     -0.002077    3.967549    
-0.315414    1.346994     57.966881    58.016792    -0.010482    0.044763     1.926351    
-1.157620    -1.915303    31.049267    31.191993    -0.123423    -0.204206    3.310420    
0.631344     0.835202     41.239566    41.299793    0.031007     0.041020     2.025416    
-1.343015    0.197142     14.492566    14.688498    -0.059791    0.008777     0.645211    
0.027370     0.643457     82.618192    82.644149    0.004978     0.117032     15.026651   
0.300946     0.262626     37.399441    37.453340    0.000457     0.000399     0.056850    
-0.089317    0.840197     12.690375    12.869906    -0.009360    0.088047     1.329867    
0.017148     0.973880     11.829779    12.031931    0.000126     0.007141     0.086744    
-1.358259    -0.796402    32.263943    32.362264    -0.074121    -0.043460    1.760667    
1.806065     -0.653622    15.097693    15.346152    0.017069     -0.006177    0.142690    
0.733682     -0.115130    34.376512    34.440834    0.004986     -0.000782    0.233640    
0.508086     -0.961948    67.193260    67.230891    0.006332     -0.011988    0.837403    
0.826427     0.529318     36.383989    36.450415    0.008857     0.005673     0.389949    
1.016939     0.439744     58.296829    58.340575    0.024933     0.010782     1.429316    
-2.116779    1.518791     58.254853    58.346297    -0.196805    0.141208     5.416165    
0.384894     -0.740993    72.136759    72.168443    0.017679     -0.034035    3.313374    
0.698785     -0.080949    87.817344    87.842221    0.015443     -0.001789    1.940767    
0.487017     -2.432909    86.802863    86.860625    0.101109     -0.505093    18.021017   
-1.066440    -1.003507    14.802328    15.004272    -0.014596    -0.013735    0.202595    
-0.755096    -0.657159    25.194467    25.291069    -0.055283    -0.048113    1.844577    
-0.803510    0.770469     16.132117    16.289856    -0.057792    0.055416     1.160298    
-0.278339    1.252639     58.501257    58.548429    -0.005660    0.025473     1.189632    
-0.310197    1.045177     47.891074    47.943910    -0.007051    0.023758     1.088613    
0.058092     -2.314619    112.225545   112.266686   0.002683     -0.106890    5.182641    
-1.000050    1.223911     22.676365    22.816453    -0.095120    0.116413     2.156875    
0.321993     2.750689     33.720432    33.891185    0.067875     0.579838     7.108173    
0.367918     -0.508839    4.503479     4.954852     0.001784     -0.002467    0.021831    
-1.720988    1.301261     87.514752    87.563473    -0.247287    0.186977     12.574918   
1.282951     0.480145     27.126403    27.232209    0.024323     0.009103     0.514278    
-0.192644    0.769262     8.144302     8.416263     -0.007855    0.031368     0.332101    
-1.854757    -1.607192    22.393384    22.613310    -0.004180    -0.003622    0.050470    
-0.124009    -1.419655    37.092822    37.172345    -0.002048    -0.023443    0.612511    
-1.937039    -0.971007    38.718606    38.829118    -0.107871    -0.054074    2.156195    
0.496068     -0.129481    10.269444    10.468967    0.016220     -0.004234    0.335789    
1.422301     -0.244736    96.635113    96.665934    0.066047     -0.011365    4.487447    
0.991562     2.000963     66.242018    66.308876    0.138515     0.279522     9.253611    
-0.830685    -1.112316    27.960028    28.063595    -0.232530    -0.311366    7.826727    
-1.338921    1.143795     25.804789    25.939604    -0.135474    0.115731     2.610974    
-0.740359    1.604125     72.187244    72.235687    -0.303116    0.656756     29.554688   
3.158507     0.240683     34.357141    34.558967    0.156684     0.011940     1.704351    
-0.816383    0.582659     20.976985    21.093004    -0.031311    0.022347     0.804545    
0.499894     -0.527451    30.712279    30.783878    0.083667     -0.088279    5.140271    
-0.550712    -0.279573    41.648615    41.699683    -0.012871    -0.006534    0.973414    
-1.215014    -1.401728    13.356775    13.627894    -0.112334    -0.129597    1.234899    
0.031400     -0.406439    12.024878    12.191752    0.003239     -0.041929    1.240514    
-0.948254    -1.764073    48.587829    48.668914    -0.083902    -0.156086    4.299061    
0.668699     -3.394905    166.602251   166.649805   0.062201     -0.315789    15.497075   
1.646370     -0.109114    57.565482    57.622757    0.131659     -0.008726    4.603486    
-0.763069    1.268095     34.595518    34.683067    -0.057149    0.094973     2.591000    
1.009209     0.497261     13.279182    13.471355    0.054640     0.026922     0.718956    
-0.920559    -0.179007    49.594364    49.642274    -0.030992    -0.006027    1.669669    
-0.014778    0.824724     26.244395    26.331039    -0.001329    0.074169     2.360200    
-0.650539    1.067327     9.699762     9.976108     -0.045175    0.074118     0.673572    
-0.257589    1.209358     22.850981    22.968917    -0.028094    0.131897     2.492215    
0.138042     -1.547499    129.938406   129.962603   0.054440     -0.610288    51.243920   
0.991330     -0.414391    89.831261    89.859250    0.225918     -0.094437    20.471978   
0.299921     -1.629392    50.933415    50.998358    0.000677     -0.003678    0.114972    
-0.159548    0.805907     37.280135    37.341108    -0.000635    0.003210     0.148483    
-2.464356    -0.457097    174.649836   174.678911   -0.153866    -0.028540    10.904517   
-1.003269    -0.814178    118.122922   118.146388   -0.005191    -0.004213    0.611200    
0.610078     0.701108     9.865789     10.103093    0.035558     0.040863     0.575019    
-1.851878    1.963045     82.787285    82.854647    -0.001081    0.001146     0.048336    
-0.074958    1.035455     13.511217    13.693273    -0.011686    0.161431     2.106447    
0.421526     1.589774     42.904204    42.980818    0.102435     0.386329     10.426105   
-0.586149    0.595791     38.868127    38.926916    -0.015504    0.015759     1.028099    
0.695430     -0.745211    13.158155    13.343574    0.000438     -0.000470    0.008293    
1.321412     -0.160553    39.836900    39.907712    0.074170     -0.009012    2.236031    
0.663268     -0.052382    4.878670     5.302739     0.003864     -0.000305    0.028425    
1.485247     -0.426548    14.465061    14.679947    0.001307     -0.000375    0.012725    
-0.162482    -0.435608    9.732921     9.940868     -0.004490    -0.012036    0.268930    
-0.646789    1.426899     58.773071    58.826892    -0.109220    0.240954     9.924731    
0.281680     0.332953     36.270249    36.326245    0.010521     0.012436     1.354712    
1.135953     -0.817977    35.993352    36.074310    0.081247     -0.058504    2.574366    
-0.023074    -0.372668    138.203760   138.218283   -0.000034    -0.000549    0.203451    
-0.257346    -0.098145    36.479978    36.534089    -0.046564    -0.017758    6.600712    
-1.278390    -0.300543    55.108554    55.159335    -0.092852    -0.021829    4.002648    
-1.108699    -0.707656    9.720788     10.004932    -0.050735    -0.032383    0.444832    
-0.228890    -2.000527    82.694181    82.742112    -0.022177    -0.193830    8.012194    
0.684891     0.071390     11.743351    11.927087    0.015131     0.001577     0.259436    
-1.498626    -0.365872    13.242518    13.476608    -0.037723    -0.009210    0.333338    
1.259709     -0.347460    22.368893    22.493331    0.016289     -0.004493    0.289249    
0.662510     -1.014659    43.387783    43.449317    0.013499     -0.020674    0.884033    
-1.511316    2.266836     89.727124    89.790057    -0.072704    0.109050     4.316466    
-1.207997    -0.959844    18.814706    18.980218    -0.097222    -0.077250    1.514238    
2.173147     0.146479     61.995205    62.064679    0.045980     0.003099     1.311704    
0.174352     -0.234591    72.357918    72.385280    0.029746     -0.040023    12.344958   
0.321501     -0.948631    81.366251    81.396223    0.005369     -0.015843    1.358861    
-0.886859    -0.068788    104.985363   105.007583   -0.180064    -0.013966    21.315817   
-0.813246    -1.691587    29.567995    29.692830    -0.061520    -0.127964    2.236731    
0.444378     0.332366     45.244860    45.291061    0.066222     0.049529     6.742434    
0.036969     -0.611437    13.632383    13.787387    0.003515     -0.058136    1.296172    
-0.911847    1.230134     65.002852    65.050676    -0.149202    0.201282     10.636162   
0.844767     1.569833     49.635412    49.706409    0.015382     0.028584     0.903787    
-0.421460    -1.329929    58.954205    59.003555    -0.087570    -0.276328    12.249290   
-0.632825    1.765704     49.957812    50.031751    -0.021835    0.060923     1.723716    
-0.565665    -0.413633    36.041779    36.102297    -0.009737    -0.007120    0.620419    
-0.253861    0.275046     40.704894    40.754183    -0.020665    0.022389     3.313478    
0.125874     -0.421975    11.236627    11.416245    0.011863     -0.039768    1.058956    
1.299498     0.535343     11.942333    12.184809    0.019032     0.007840     0.174902    
1.811172     -1.318235    31.702480    31.842429    0.072085     -0.052466    1.261758    
0.870515     0.516952     82.693410    82.723032    0.168627     0.100139     16.018532   
0.500514     -0.028685    75.415514    75.442866    0.033860     -0.001941    5.101917    
1.307833     -1.055405    39.871059    39.954982    0.062368     -0.050330    1.901369    
1.534041     0.459129     26.366023    26.487851    0.108038     0.032335     1.856882    
1.330634     -0.806449    50.936159    50.997924    0.032861     -0.019916    1.257895    
0.488961     0.024921     7.295430     7.572183     0.034205     0.001743     0.510347    
1.759483     0.673834     73.814351    73.864628    0.141426     0.054162     5.933148    
-1.581406    -0.796970    62.355951    62.412143    -0.033729    -0.016998    1.329943    
-0.131441    1.298605     24.623871    24.736888    -0.004773    0.047151     0.894069    
0.123684     -0.470215    70.110784    70.140098    0.007120     -0.027069    4.036059    
-1.041385    -1.812915    26.851264    27.004378    -0.105078    -0.182927    2.709352    
0.804158     2.499545     40.367112    40.500285    0.100624     0.312769     5.051148    
-2.757915    -0.199386    113.870733   113.921309   -0.419557    -0.030332    17.322946   
-1.366956    -0.780465    93.229631    93.263695    -0.084922    -0.048486    5.791890    
-0.394882    -1.270296    18.143950    18.298837    -0.009983    -0.032113    0.458685    
1.553583     -1.469328    33.312835    33.439385    0.097365     -0.092085    2.087754    
-0.805425    0.629140     46.906971    46.959380    -0.022191    0.017334     1.292394    
-2.250579    -0.350252    35.915054    36.041003    -0.051341    -0.007990    0.819310    
0.110573     -0.894704    9.771499     10.008490    0.002644     -0.021398    0.233693    
1.398991     -0.159620    134.811671   134.833395   0.220043     -0.025106    21.204158   
2.500520     0.713582     121.864818   121.908452   0.443921     0.126683     21.634831   
0.140149     1.250569     51.727982    51.780717    0.003846     0.034322     1.419679    
0.217592     -0.183037    14.449136    14.585381    0.002667     -0.002244    0.177106    
-0.863364    -1.148949    11.547684    11.802095    -0.095201    -0.126692    1.273335    
1.719388     0.446205     34.727475    34.828549    0.045356     0.011770     0.916075    
-0.677092    0.335595     13.562412    13.725343    -0.037621    0.018647     0.753568    
-0.757223    0.245755     9.097283     9.341804     -0.065785    0.021350     0.790337    
0.835659     0.580789     24.583820    24.683493    0.024355     0.016927     0.716484    
0.451314     2.607375     21.828262    22.076006    0.133278     0.769985     6.446114    
-0.283013    0.678925     8.480463     8.736947     -0.014269    0.034230     0.427569    
1.653960     -0.309180    15.013379    15.235081    0.225675     -0.042186    2.048503    
1.198989     -0.110967    65.518635    65.559258    0.002578     -0.000239    0.140881    
-1.442983    1.338772     37.460256    37.563549    -0.054290    0.050369     1.409378    
0.629748     -0.083987    77.835987    77.863467    0.143983     -0.019202    17.796096   
-0.483031    -0.441519    13.743898    13.899567    -0.000170    -0.000156    0.004848    
-0.131889    1.207417     53.405722    53.455789    -0.024830    0.227309     10.054198   
0.647681     -0.738427    19.607871    19.730898    0.043953     -0.050112    1.330640    
0.223871     -0.188507    103.549432   103.568554   0.005542     -0.004666    2.563368    
0.653243     -1.631214    49.311244    49.381792    0.028603     -0.071424    2.159136    
0.073803     -1.430682    29.274591    29.375652    0.001996     -0.038685    0.791578    
-0.064768    0.494925     36.926356    36.982156    -0.005631    0.043031     3.210524    
2.200617     1.343008     67.315992    67.394095    0.110549     0.067467     3.381652    
-0.466678    -0.495339    28.685568    28.761083    -0.015956    -0.016936    0.980766    
0.003929     0.944938     16.580465    16.723627    0.000045     0.010805     0.189591    
1.470366     0.507479     35.315793    35.404797    0.106168     0.036643     2.549975    
-0.909055    -0.419533    66.615166    66.651765    -0.070092    -0.032348    5.136288    
0.460669     -1.627861    18.983426    19.160051    0.006469     -0.022858    0.266561    
-1.630317    1.492921     59.002395    59.076597    -0.093679    0.085784     3.390327    
-2.038226    -2.457506    46.849531    46.999438    -0.100715    -0.121433    2.314982    
1.386560     -0.505842    38.590065    38.668418    0.113581     -0.041436    3.161124    
0.007212     1.481360     16.834998    17.014306    0.000270     0.055536     0.631143    
0.245073     -0.641941    65.652600    65.685699    0.045015     -0.117912    12.059137   
-0.341636    -0.346696    11.180889    11.363281    -0.020067    -0.020364    0.656750    
0.020645     -1.298686    60.723873    60.769653    0.001015     -0.063868    2.986318    
-0.383324    1.788128     24.726759    24.872312    -0.065731    0.306623     4.240079    
-0.441630    0.819661     31.055250    31.131502    -0.002322    0.004310     0.163281    
-2.392581    -0.211938    68.358393    68.428898    -0.015884    -0.001407    0.453821    
-0.720536    -0.172768    19.932838    20.043503    -0.035880    -0.008603    0.992572    
0.395123     0.482027     8.356330     8.607652     0.049750     0.060693     1.052156    
-2.158268    -1.420032    19.629478    19.896381    -0.188650    -0.124122    1.715777    
-0.248858    1.449593     51.157564    51.216546    -0.009992    0.058202     2.054022    
0.980715     1.589955     93.399911    93.439328    0.047314     0.076706     4.505977    
-0.789415    0.872372     22.408250    22.525293    -0.074768    0.082625     2.122356    
-0.645127    1.266381     36.327815    36.408859    -0.000033    0.000064     0.001837    
-0.967121    1.118349     27.725830    27.834918    -0.045788    0.052948     1.312661    
-2.013980    -0.908366    45.501863    45.597979    -0.156633    -0.070646    3.538801    
-0.261637    1.113928     17.503129    17.650603    -0.023448    0.099831     1.568636    
1.650357     -0.101959    42.792611    42.869763    0.043332     -0.002677    1.123567    
-0.696660    -0.556581    29.010050    29.090429    -0.182293    -0.145639    7.590965    
-1.501484    1.679397     84.601193    84.654071    -0.251321    0.281100     14.160682   
-0.887150    0.061703     135.287845   135.305088   -0.033448    0.002326     5.100663    
1.350314     0.252354     13.542595    13.753685    0.036296     0.006783     0.364020    
-2.108528    -2.795235    99.797275    99.878077    -0.492584    -0.653008    23.314124   
1.327684     -0.391519    64.688150    64.732895    0.035895     -0.010585    1.748872    
-0.710535    0.865729     87.465990    87.495307    -0.038001    0.046301     4.677906    
-1.313418    -0.760396    14.007438    14.226263    -0.047231    -0.027344    0.503709    
-0.801743    2.533410     35.317102    35.471588    -0.132090    0.417389     5.818635    
-0.007698    0.051786     19.961430    20.058325    -0.000917    0.006169     2.378062    
-0.447843    -0.450494    9.421211     9.645604     -0.038362    -0.038589    0.807011    
0.572110     1.350736     39.089482    39.166496    0.006464     0.015262     0.441686    
1.119288     0.892671     47.407648    47.470092    0.176331     0.140630     7.468550    
-1.149037    -0.187420    75.861184    75.895649    -0.029347    -0.004787    1.937535    
0.434155     1.724462     102.216867   102.251284   0.027260     0.108276     6.418047    
-1.151454    1.443981     97.086038    97.123554    -0.135469    0.169885     11.422204   
1.265129     1.138189     28.639236    28.757204    0.035952     0.032345     0.813861    
-2.047728    0.326187     23.445032    23.618723    -0.303194    0.048296     3.471358    
1.294143     -0.048843    18.569687    18.718585    0.028648     -0.001081    0.411077    
-1.047999    -1.995861    28.314259    28.471986    -0.016936    -0.032255    0.457580    
0.708883     -0.661921    28.817642    28.901075    0.034596     -0.032304    1.406412    
-0.372805    -0.494720    11.955042    12.131847    -0.048901    -0.064893    1.568156    
-1.105971    -1.500703    56.021305    56.086869    -0.217894    -0.295662    11.037073   
0.842087     0.510168     23.485241    23.588151    0.007393     0.004479     0.206190    
0.875655     0.634807     83.333021    83.363283    0.005995     0.004346     0.570564    
0.781374     -1.040482    23.921720    24.037820    0.082887     -0.110372    2.537566    
0.573931     1.969581     52.505161    52.582083    0.020438     0.070138     1.869738    
0.790236     -1.799187    14.292930    14.561056    0.066096     -0.150486    1.195479    
-0.159607    -0.707771    76.285754    76.314596    -0.005311    -0.023550    2.538325    
-1.014514    -0.550245    19.332220    19.466425    -0.051857    -0.028126    0.988170    
-0.519490    -1.032819    12.380352    12.589069    -0.005361    -0.010658    0.127752    
-1.408702    -0.565463    40.741715    40.817478    -0.163654    -0.065692    4.733127    
-0.782453    0.002473     119.639836   119.658587   -0.009989    0.000032     1.527358    
-0.240129    -1.099672    62.572292    62.613366    -0.021512    -0.098512    5.605443    
1.213462     -1.271866    15.676619    15.897216    0.010690     -0.011204    0.138101    
0.040305     1.664709     17.686686    17.873632    0.004107     0.169644     1.802383    
0.326237     0.268893     27.352897    27.426897    0.011379     0.009379     0.954033    
-0.026250    -0.997180    48.580878    48.630975    -0.000260    -0.009890    0.481821    
1.180487     -0.284256    38.526588    38.595949    0.008068     -0.001943    0.263294    
0.299941     -0.807865    15.573522    15.721074    0.020178     -0.054347    1.047670    
-0.740427    -0.099736    6.641785     6.967527     -0.066976    -0.009022    0.600791    
-1.313499    -1.763060    18.081133    18.320370    -0.054454    -0.073091    0.749587    
0.636627     0.676245     40.238753    40.297578    0.002427     0.002578     0.153390    
-0.142871    -1.395804    142.437468   142.457980   -0.004183    -0.040871    4.170709    
0.157806     0.616785     74.993064    75.021596    0.002270     0.008871     1.078614    
-1.139746    0.689122     14.727940    14.918482    -0.023427    0.014164     0.302720    
-0.205519    0.493530     25.775776    25.856361    -0.013562    0.032568     1.700963    
0.133422     -2.342980    40.347174    40.463277    0.034433     -0.604664    10.412578   
0.605143     -0.034766    5.340053     5.723507     0.031173     -0.001791    0.275086    
0.191465     -0.832303    11.262215    11.464809    0.017937     -0.077973    1.055089    
0.613860     2.140724     45.505565    45.602532    0.042905     0.149622     3.180520    
0.049625     -0.693529    11.137448    11.331423    0.000945     -0.013210    0.212145    
-0.132413    0.486397     14.129018    14.274390    -0.006468    0.023758     0.690124    
1.576019     1.620215     50.227378    50.316730    0.131383     0.135068     4.187157    
-2.615676    0.611670     38.610285    38.753644    -0.254783    0.059581     3.760883    
-1.790545    1.141478     99.106925    99.149214    -0.221560    0.141245     12.263381   
-0.383794    0.620412     8.015846     8.286190     -0.133016    0.215023     2.778143    
0.277732     -1.730023    148.665870   148.689226   0.008360     -0.052077    4.475102    
1.216393     -0.073108    31.317052    31.402511    0.131934     -0.007930    3.396738    
-0.913595    -2.518196    12.198183    12.643045    -0.098715    -0.272095    1.318031    
0.655576     -0.226896    126.031902   126.049183   0.018319     -0.006340    3.521797    
1.029990     -0.202073    71.793309    71.827960    0.045875     -0.009000    3.197604    
-0.810297    -1.425607    42.525314    42.602421    -0.075688    -0.133163    3.972206    
-0.441955    -0.158069    5.946768     6.281664     -0.024990    -0.008938    0.336259    
0.369603     1.141675     21.997430    22.117909    0.020376     0.062940     1.212706    
0.704273     -0.707382    173.865167   173.879175   0.059065     -0.059325    14.581382   
-0.023145    -1.511079    13.961018    14.179876    -0.004931    -0.321930    2.974343    
-0.360053    0.273959     9.712952     9.920740     -0.046696    0.035530     1.259686    
-1.244713    0.351844     27.467411    27.568219    -0.064620    0.018266     1.425990    
-0.456352    1.142948     169.962850   169.978704   -0.000827    0.002071     0.307939    
0.640542     -0.410942    19.211752    19.327326    0.038368     -0.024615    1.150761    
0.691627     -0.398802    34.546476    34.611723    0.072832     -0.041996    3.637935    
0.376973     0.994984     48.557121    48.608653    0.030843     0.081407     3.972824    
-0.841082    0.011845     21.106483    21.214762    -0.133102    0.001874     3.340110    
-1.096976    -1.717318    81.339052    81.388383    -0.247401    -0.387308    18.344434   
-0.203386    -0.341843    36.385821    36.441201    -0.009525    -0.016009    1.703961    
0.251363     0.048489     150.564223   150.577308   0.029960     0.005779     17.945701   
0.036325     -1.503601    11.525565    11.788797    0.004808     -0.199008    1.525458    
-1.816091    -0.523243    81.579601    81.625230    -0.285907    -0.082374    12.843052   
0.552427     1.373497     27.309020    27.419869    0.021439     0.053304     1.059827    
-0.558426    -1.916938    44.520821    44.609023    -0.003446    -0.011828    0.274702    
-1.105192    -0.377490    18.628058    18.768150    -0.006741    -0.002303    0.113625    
2.514120     1.784716     59.496147    59.608493    0.560669     0.398006     13.268110   
0.840295     0.050127     43.336308    43.389159    0.071138     0.004244     3.668793    
0.934780     0.687894     27.830374    27.924034    0.093897     0.069098     2.795504    
1.143825     0.011167     47.352086    47.406787    0.179283     0.001750     7.421984    
1.152246     -1.105754    95.287266    95.320975    0.062684     -0.060155    5.183800    
-0.613677    1.577967     21.453071    21.609622    -0.108682    0.279457     3.799332    
-0.949893    -0.621325    10.128418    10.380180    -0.022579    -0.014769    0.240748    
0.312946     -0.144081    84.929095    84.952604    0.041737     -0.019216    11.326896   
-1.746176    -0.261808    21.296382    21.459928    -0.008545    -0.001281    0.104219    
-0.287772    -0.573526    70.957584    70.987784    -0.013806    -0.027514    3.404137    
-0.461992    0.291926     35.190790    35.250040    -0.087866    0.055521     6.692943    
0.773511     -0.437166    78.048506    78.078382    0.141537     -0.079993    14.281305   
0.180355     1.012986     17.855758    17.993380    0.006216     0.034912     0.615389    
-0.345566    0.375361     17.827014    17.942622    -0.007185    0.007804     0.370645    
-0.030986    0.090172     103.148332   103.167157   -0.005275    0.015350     17.558675   
-0.461810    0.775785     26.385504    26.474231    -0.014390    0.024174     0.822194    
-1.556550    -0.547599    75.881877    75.925338    -0.044443    -0.015635    2.166621    
0.472921     -0.592215    14.724803    14.875118    0.059531     -0.074548    1.853564    
1.997383     -2.017613    35.279653    35.448402    0.238847     -0.241266    4.218734    
0.197905     -0.225786    37.911497    37.963755    0.033579     -0.038309    6.432519    
0.440870     0.518342     7.025018     7.327269     0.048762     0.057331     0.777002    
-0.504182    0.179111     13.780231    13.930398    -0.030884    0.010972     0.844128    
0.100919     0.892805     34.495942    34.563742    0.004497     0.039780     1.536991    
0.342494     0.358090     79.784200    79.810019    0.017438     0.018232     4.062269    
-0.554270    -2.267677    39.100901    39.219957    -0.000691    -0.002826    0.048725    
-0.681305    0.033236     18.055836    18.175628    -0.009430    0.000460     0.249921    
0.297813     0.629468     19.855453    19.964942    0.078207     0.165301     5.214134    
-0.192907    0.624646     55.639358    55.678007    -0.006387    0.020680     1.842044    
0.338487     -2.762124    22.855257    23.108043    0.004343     -0.035442    0.293269    
-1.584668    -0.028656    19.588907    19.751259    -0.008009    -0.000145    0.099004    
-0.150825    -1.107769    55.755185    55.801125    -0.004335    -0.031842    1.602626    
0.067746     -1.113816    42.620748    42.680772    0.000918     -0.015100    0.577797    
-0.383556    0.865874     32.238596    32.312518    -0.002981    0.006730     0.250576    
-1.224409    1.427573     37.890362    37.988046    -0.880457    1.026550     27.246495   
1.016441     -1.001596    80.213894    80.250733    0.033429     -0.032941    2.638115    
0.200302     -0.263214    26.627314    26.702026    0.014699     -0.019316    1.954093    
1.803158     -1.560962    21.863916    22.081525    0.127578     -0.110442    1.546923    
-1.881903    -0.179655    30.606872    30.728316    -0.097220    -0.009281    1.581164    
0.721180     -3.102103    21.184132    21.512451    0.105631     -0.454362    3.102819    
-0.800828    -0.381905    20.917174    21.028321    -0.094289    -0.044965    2.462778    
0.000285     -1.477825    51.846562    51.904960    0.000046     -0.238478    8.366544    
0.830095     -0.048200    28.295946    28.376520    0.017008     -0.000988    0.579761    
-0.332055    0.132267     10.875657    11.058148    -0.003814    0.001519     0.124928    
-1.173701    -1.165309    23.211591    23.353553    -0.281700    -0.279685    5.571006    
0.962536     0.121324     134.695034   134.712911   0.020126     0.002537     2.816339    
0.299462     1.412700     35.763705    35.846937    0.001005     0.004740     0.120009    
-1.933003    -0.470569    52.123723    52.198807    -0.037909    -0.009228    1.022210    
-0.515206    -0.770235    15.365396    15.518668    -0.009226    -0.013792    0.275146    
0.217376     0.076978     65.251348    65.281441    0.005685     0.002013     1.706596    
-3.197080    1.174425     50.608915    50.761578    -0.004248    0.001560     0.067239    
0.555788     -0.037082    78.350204    78.376908    0.037370     -0.002493    5.268106    
-0.267677    2.308079     69.052626    69.119744    -0.011520    0.099334     2.971853    
-0.630998    1.868342     13.256230    13.545902    -0.038925    0.115255     0.817756    
-0.248384    0.746858     47.476581    47.523891    -0.004907    0.014756     0.938012    
1.991245     -1.429541    125.011241   125.050766   0.095235     -0.068371    5.978909    
0.085964     -0.775476    111.487120   111.507227   0.008983     -0.081037    11.650393   
-0.599104    1.092871     48.913757    48.969214    -0.035096    0.064022     2.865448    
-0.538188    2.784059     29.420227    29.622041    -0.229451    1.186958     12.543039   
-2.579749    -0.424176    117.863596   117.909021   -0.087096    -0.014321    3.979222    
1.244766     -0.656714    78.113725    78.151198    0.182193     -0.096122    11.433315   
-0.556801    0.247728     61.300827    61.335453    -0.031252    0.013904     3.440664    
1.442400     0.462221     52.706184    52.764675    0.085912     0.027531     3.139289    
0.772201     1.091137     69.297909    69.338748    0.085467     0.120766     7.669851    
2.267803     -0.018224    23.420218    23.611963    0.053298     -0.000428    0.550425    
0.464686     -2.305128    56.539369    56.622475    0.017947     -0.089027    2.183612    
-0.699529    -0.118565    31.912089    31.980615    -0.043718    -0.007410    1.994391    
-0.489156    0.406398     11.792142    11.972218    -0.259676    0.215743     6.260038    
1.191797     0.123077     40.986570    41.051302    0.059320     0.006126     2.040053    
0.958215     -1.241124    49.712710    49.776371    0.063395     -0.082112    3.288944    
-1.090206    -0.478901    8.395067     8.704596     -0.028998    -0.012738    0.223299    
-0.923779    0.035272     11.463185    11.667655    -0.062521    0.002387     0.775824    
-0.036846    -0.512252    6.162630     6.489740     -0.011895    -0.165363    1.989392    
1.888127     -0.930646    117.098438   117.133898   0.105381     -0.051941    6.535522    
0.080934     2.736838     58.671462    58.768292    0.000279     0.009440     0.202381    
-0.406225    -1.603748    13.814443    14.051719    -0.002987    -0.011794    0.101593    
0.878315     -0.340194    8.727060     8.995760     0.054409     -0.021074    0.540613    
0.686208     0.925641     10.307956    10.557301    0.008290     0.011182     0.124525    
1.735656     -0.830964    154.213766   154.238333   0.115602     -0.055346    10.271282   
-0.179678    -1.580136    37.054688    37.141001    -0.011228    -0.098745    2.315612    
-0.028324    1.135005     10.524621    10.767155    -0.000459    0.018382     0.170456    
-0.687023    0.833905     14.409898    14.583810    -0.054277    0.065881     1.138420    
0.022715     1.396180     23.279953    23.404722    0.004483     0.275581     4.595041    
-0.473279    -1.521217    63.608387    63.658778    -0.019810    -0.063675    2.662498    
-1.723683    0.869933     34.901279    35.010029    -0.005809    0.002932     0.117625    
-0.885597    1.913157     33.028910    33.154612    -0.039410    0.085138     1.469824    
-0.352985    0.809874     163.963168   163.977364   -0.004637    0.010639     2.153889    
-0.021171    0.710977     35.290355    35.352369    -0.001045    0.035088     1.741648    
-0.776906    1.040114     9.809229     10.088675    -0.009249    0.012382     0.116776    
1.762990     -0.705615    38.485553    38.582622    0.090270     -0.036129    1.970558    
-0.074222    -0.317742    78.341156    78.366563    -0.008758    -0.037493    9.244050    
3.835105     1.698492     98.528457    98.637339    0.516481     0.228739     13.269015   
0.153978     0.501288     22.802209    22.893027    0.008411     0.027384     1.245625    
-0.980263    2.248258     86.161356    86.218733    -0.114071    0.261624     10.026390   
0.716581     0.356390     8.831058     9.083118     0.017786     0.008846     0.219192    
0.201612     4.434893     59.876034    60.072651    0.023904     0.525812     7.099055    
0.026054     -1.086675    36.253529    36.323200    0.004744     -0.197866    6.601188    
-0.581694    1.711669     46.800694    46.876946    -0.055591    0.163580     4.472640    
-0.302103    -0.244939    24.076409    24.159877    -0.002858    -0.002318    0.227802    
0.802815     1.013284     32.286457    32.372234    0.062141     0.078433     2.499115    
0.141408     -0.705756    32.206198    32.274328    0.003472     -0.017330    0.790829    
1.792004     -0.128974    69.061053    69.112459    0.018112     -0.001304    0.698019    
0.442420     1.219328     30.276760    30.368399    0.038961     0.107380     2.666307    
-2.082708    0.699227     88.730193    88.779213    -0.124023    0.041638     5.283792    
0.340040     -0.472571    19.707427    19.814050    0.002881     -0.004004    0.166963    
-0.712461    0.975129     12.677560    12.886193    -0.039934    0.054657     0.710595    
-0.503018    1.814596     60.671315    60.732440    -0.091906    0.331542     11.085164   
-0.917389    -0.355430    11.697707    11.902908    -0.115312    -0.044676    1.470347    
-1.100228    -1.049922    56.507335    56.562060    -0.007851    -0.007492    0.403206    
-0.028606    0.820983     11.284711    11.484533    -0.004902    0.140680     1.933695    
-1.198514    0.880783     16.983492    17.161764    -0.019549    0.014366     0.277014    
