-0.095456    -1.017765    27.865174    27.953316    -0.008352    -0.089054    2.438200    
-0.598644    -0.347005    20.057760    20.165998    -0.011068    -0.006416    0.370838    
-1.660650    -1.068207    31.975339    32.096667    -0.221613    -0.142551    4.267088    
0.034261     -0.248303    11.408475    11.579770    0.000125     -0.000905    0.041588    
0.226313     -0.251166    87.415125    87.437939    0.039452     -0.043785    15.238738   
-1.502638    -0.904272    37.134645    37.228114    -0.008512    -0.005122    0.210354    
-0.109243    1.488327     28.532621    28.639352    -0.000816    0.011122     0.213220    
-1.053498    1.677468     49.756639    49.834946    -0.101738    0.161997     4.805099    
-0.436086    -1.173928    10.744463    10.994849    -0.005271    -0.014190    0.129878    
-1.861544    2.033260     33.144768    33.317414    -0.058712    0.064128     1.045367    
-0.149212    1.518102     40.009272    40.086702    -0.003691    0.037552     0.989685    
-0.638333    0.201312     20.505647    20.610786    -0.021773    0.006866     0.699414    
0.134539     -0.660141    15.665222    15.802785    0.025600     -0.125612    2.980788    
0.232755     0.117584     8.520783     8.749097     0.014616     0.007384     0.535054    
0.967139     -0.319108    14.009544    14.183774    0.033004     -0.010890    0.478075    
-1.609310    -0.497769    25.505399    25.636654    -0.120601    -0.037303    1.911366    
1.979798     0.571993     124.339991   124.372647   0.089612     0.025890     5.628055    
0.730818     -0.044391    23.081747    23.177102    0.120099     -0.007295    3.793140    
0.119146     0.856861     40.252671    40.310059    0.004130     0.029702     1.395306    
0.888686     -1.274757    38.255371    38.337490    0.019068     -0.027351    0.820814    
0.532324     -0.123627    56.471969    56.508910    0.031205     -0.007247    3.310445    
0.146921     1.374713     8.819307     9.141474     0.001894     0.017721     0.113684    
-0.035430    1.123165     39.530704    39.595634    -0.006723    0.213129     7.501257    
-0.306062    -1.267107    23.041734    23.162377    -0.017515    -0.072513    1.318612    
-2.557946    -0.752464    45.402090    45.522895    -0.312935    -0.092055    5.554419    
0.088827     0.206444     57.790729    57.824682    0.002422     0.005629     1.575830    
0.390652     2.161822     49.643115    49.730674    0.017509     0.096894     2.225037    
-0.875577    1.982074     19.759394    19.975081    -0.002550    0.005773     0.057555    
0.282309     0.979653     55.600187    55.644363    0.052900     0.183570     10.418502   
-0.812237    -1.038900    23.120482    23.241572    -0.020858    -0.026679    0.593732    
0.496042     -1.160412    32.720152    32.803596    0.017784     -0.041602    1.173052    
1.452382     -0.610881    28.019588    28.132807    0.074658     -0.031402    1.440312    
-0.134093    0.125046     175.793787   175.804903   -0.005703    0.005319     7.477186    
0.496408     -0.606652    16.357310    16.493968    0.100755     -0.123130    3.319997    
-0.611320    -2.350830    29.737129    29.901036    -0.057993    -0.223011    2.821002    
-0.935715    -0.430569    8.030950     8.332591     -0.001213    -0.000558    0.010411    
1.955808     -1.040683    21.838486    22.038662    0.075905     -0.040389    0.847554    
0.798340     -1.519435    30.376310    30.488378    0.131257     -0.249814    4.994241    
0.435560     -0.217807    44.829931    44.875771    0.077687     -0.038848    7.995887    
-0.201076    -0.757392    16.420355    16.556482    -0.013330    -0.050210    1.088553    
-0.060337    -0.091179    26.145511    26.219738    -0.008370    -0.012649    3.626941    
-0.116826    0.413533     36.567301    36.622768    -0.008984    0.031800     2.811956    
-0.852307    1.100620     40.976188    41.047055    -0.053548    0.069149     2.574430    
0.922671     -0.006239    38.094772    38.156755    0.010074     -0.000068    0.415930    
0.773478     0.370779     45.473923    45.524591    0.035427     0.016982     2.082807    
-0.814678    -0.828549    37.647417    37.716749    -0.017261    -0.017555    0.797675    
-0.585793    1.284954     16.136812    16.317656    -0.060039    0.131697     1.653894    
1.146422     1.961591     59.311958    59.388092    0.057952     0.099160     2.998263    
-1.269058    0.230283     60.146945    60.192968    -0.126276    0.022914     5.984835    
0.584122     -0.112397    13.123131    13.283273    0.086870     -0.016716    1.951665    
0.415789     -2.472170    17.132031    17.426013    0.026349     -0.156665    1.085679    
1.108475     -0.080104    9.621507     9.883495     0.001906     -0.000138    0.016547    
-1.412714    -0.300970    11.991919    12.237950    -0.012387    -0.002639    0.105144    
1.052605     0.587664     16.676132    16.835132    0.002270     0.001267     0.035955    
-0.471537    2.173083     15.447971    15.730842    -0.024972    0.115085     0.818113    
-0.049924    -0.037524    11.696551    11.861204    -0.001744    -0.001311    0.408561    
-1.042847    0.946747     34.281269    34.366615    -0.066045    0.059959     2.171090    
0.102154     0.244353     64.307885    64.338551    0.004355     0.010418     2.741776    
-0.010578    0.218582     7.449921     7.708708     -0.001249    0.025800     0.879353    
-0.225331    0.221741     24.794506    24.874534    -0.038975    0.038354     4.288605    
-0.009401    0.451812     8.892341     9.118821     -0.001701    0.081738     1.608729    
-0.157131    -0.173814    138.027982   138.042217   -0.008403    -0.009295    7.381590    
0.812240     1.013094     29.325288    29.419952    0.017879     0.022300     0.645495    
-0.521521    1.025759     23.593563    23.703488    -0.005001    0.009836     0.226239    
-0.519597    -0.337243    18.636703    18.750609    -0.030623    -0.019876    1.098360    
-0.764370    -0.156279    53.135075    53.177249    -0.067109    -0.013721    4.665047    
0.982347     -0.780943    91.477304    91.507087    0.142102     -0.112968    13.232670   
-1.260531    1.102449     25.538166    25.668604    -0.072732    0.063611     1.473545    
0.285406     1.270444     34.636652    34.716971    0.019879     0.088487     2.412462    
-1.201082    -0.168259    42.468740    42.531633    -0.053944    -0.007557    1.907387    
0.534277     -0.640001    165.426139   165.439951   0.027058     -0.032412    8.377778    
0.093453     -0.533715    4.173991     4.646584     0.003189     -0.018211    0.142423    
0.362030     -0.577788    5.123254     5.530605     0.007085     -0.011307    0.100260    
1.015037     -0.513838    86.917024    86.946755    0.105395     -0.053354    9.024897    
-1.295772    -0.434449    29.505167    29.602324    -0.147660    -0.049508    3.362259    
0.983956     1.681304     21.337321    21.516300    0.062547     0.106875     1.356348    
0.451578     -0.693108    13.460847    13.629148    0.028820     -0.044235    0.859095    
-0.686290    0.533975     43.492583    43.545790    -0.059146    0.046019     3.748303    
-0.483328    1.094777     115.073010   115.096067   -0.004552    0.010310     1.083675    
-1.037418    0.039865     46.548622    46.601792    -0.052468    0.002016     2.354214    
-3.932074    1.653726     43.160328    43.415261    -0.831627    0.349760     9.128335    
-0.764226    -0.165862    11.822834    12.011074    -0.015547    -0.003374    0.240519    
0.253896     -0.146289    43.876091    43.921205    0.038556     -0.022215    6.662958    
-0.942855    -0.411388    69.161624    69.197278    -0.002963    -0.001293    0.217360    
0.643938     -1.534431    29.371551    29.484438    0.012520     -0.029833    0.571050    
1.660931     0.975256     37.719006    37.819416    0.170577     0.100158     3.873719    
-0.909057    -0.522297    130.545427   130.564477   -0.008140    -0.004677    1.168903    
-0.856294    -0.177881    35.857616    35.922256    -0.174374    -0.036223    7.301991    
-0.241666    1.290868     41.659848    41.727001    -0.017382    0.092847     2.996428    
-0.480722    -0.198898    12.878444    13.038402    -0.008271    -0.003422    0.221583    
-2.321491    2.026601     96.402449    96.471776    -0.102110    0.089139     4.240211    
-0.339939    0.531367     13.942917    14.095311    -0.046185    0.072192     1.894306    
-1.753475    -0.222938    27.710776    27.836782    -0.099736    -0.012680    1.576164    
-0.545475    0.684668     47.107639    47.156876    -0.000210    0.000264     0.018153    
-0.133240    -1.539434    141.201944   141.224118   -0.004045    -0.046736    4.286771    
-0.915073    0.187173     23.153105    23.255400    -0.019600    0.004009     0.495929    
-0.760506    -2.169333    123.507832   123.544907   -0.087783    -0.250400    14.256144   
-0.849923    -0.666170    12.898782    13.092734    -0.147608    -0.115696    2.240165    
0.276709     -1.322861    45.616130    45.678581    0.018319     -0.087576    3.019891    
0.901649     0.981037     15.235373    15.419694    0.218471     0.237707     3.691555    
-0.275527    1.515350     9.144642     9.480065     -0.061485    0.338154     2.040651    
-0.436814    -0.961412    7.394674     7.724719     -0.063288    -0.139294    1.071373    
-1.020852    -0.124826    58.109673    58.152100    -0.017231    -0.002107    0.980809    
1.789753     -0.523638    56.826543    56.891197    0.076803     -0.022471    2.438566    
1.079474     -0.111779    21.248209    21.366776    0.057773     -0.005982    1.137190    
-0.606078    1.460065     44.055632    44.127913    -0.098330    0.236882     7.147608    
0.695928     -0.749203    6.604577     6.967138     0.075512     -0.081293    0.716634    
-0.337114    0.831423     18.956597    19.079634    -0.059170    0.145930     3.327232    
-2.166302    1.166832     62.745414    62.824488    -0.296010    0.159440     8.573729    
1.575334     -0.264558    20.279398    20.437235    0.169886     -0.028530    2.186958    
-1.492322    -0.631933    84.726404    84.764762    -0.001340    -0.000567    0.076056    
0.568243     -0.438271    97.558808    97.581304    0.037820     -0.029170    6.493124    
-0.576923    -0.513807    51.230444    51.274069    -0.004202    -0.003742    0.373103    
-0.605366    0.462687     57.754054    57.792614    -0.043480    0.033232     4.148124    
0.008717     -0.656220    22.813743    22.907914    0.002067     -0.155601    5.409513    
-1.814930    -0.422794    58.764398    58.826883    -0.382989    -0.089218    12.400528   
-0.212216    1.615575     47.784556    47.852835    -0.026692    0.203200     6.010142    
0.839681     -1.300523    58.566950    58.620466    0.035765     -0.055393    2.494545    
-1.443399    -1.157728    93.705743    93.744679    -0.061523    -0.049347    3.994097    
-0.755513    0.936886     22.571204    22.688824    -0.139804    0.173366     4.176696    
0.357168     -0.230392    11.425394    11.601519    0.005562     -0.003588    0.177932    
1.639846     -0.328924    88.998289    89.035767    0.076828     -0.015410    4.169640    
0.091351     -0.651457    39.914710    39.968635    0.000078     -0.000558    0.034162    
-0.825804    0.553228     181.984111   181.997471   -0.019611    0.013138     4.321674    
-1.523030    -0.920430    34.986282    35.086774    -0.023612    -0.014269    0.542392    
2.700492     3.108529     50.453076    50.659090    0.193572     0.222820     3.616486    
-0.885377    -1.087061    34.777929    34.861797    -0.018816    -0.023102    0.739105    
-0.624041    0.950731     15.032760    15.203688    -0.031435    0.047891     0.757248    
1.718686     -0.681110    85.856988    85.899448    0.241606     -0.095748    12.069449   
1.824911     1.481940     62.665373    62.740341    0.386006     0.313461     13.255019   
1.266727     -0.308232    36.824244    36.899858    0.063239     -0.015388    1.838384    
-0.679360    -0.187977    13.890963    14.047443    -0.081483    -0.022546    1.666089    
-0.112526    0.668929     77.448228    77.476210    -0.014250    0.084710     9.807706    
0.078273     0.437758     14.049107    14.193313    0.005101     0.028530     0.915624    
0.433930     -0.744297    28.720079    28.800350    0.091227     -0.156478    6.037981    
-0.838265    -0.996175    27.191747    27.293975    -0.014594    -0.017343    0.473388    
-0.020342    1.798726     38.865596    38.956968    -0.003742    0.330862     7.149035    
0.932108     0.953029     13.551391    13.758352    0.069730     0.071295     1.013767    
-1.852587    -1.129245    32.684078    32.815106    -0.003107    -0.001894    0.054821    
0.660332     0.083623     14.394359    14.543575    0.002241     0.000284     0.048844    
0.089493     -1.033401    150.881248   150.897654   0.015414     -0.177994    25.987933   
0.757654     -0.512085    45.076212    45.128440    0.087298     -0.059003    5.193751    
0.409779     0.302629     66.997156    67.028004    0.024922     0.018405     4.074669    
-0.231728    -0.747339    15.981890    16.121662    -0.028231    -0.091047    1.947046    
-0.423897    0.998883     38.356628    38.422433    -0.012879    0.030348     1.165338    
1.632759     -1.563873    74.408846    74.469208    0.015696     -0.015034    0.715323    
0.111586     -0.123694    58.290390    58.323856    0.000281     -0.000311    0.146715    
0.971458     -0.724838    18.693165    18.835564    0.024671     -0.018408    0.474723    
1.077639     0.678795     43.113688    43.177391    0.080658     0.050806     3.226941    
-0.550263    -0.907776    26.117195    26.212776    -0.009899    -0.016331    0.469837    
1.065222     -0.638572    29.057454    29.150524    0.144627     -0.086700    3.945170    
-0.088008    0.574761     59.483246    59.518649    -0.022021    0.143815     14.883771   
1.182797     -1.247997    37.465391    37.556451    0.031316     -0.033042    0.991948    
0.996861     -0.050393    17.852621    17.988533    0.111068     -0.005615    1.989097    
-1.364948    0.618437     24.891202    25.013845    -0.096639    0.043786     1.762313    
0.181437     1.346057     61.083176    61.129978    0.010762     0.079839     3.623062    
1.229957     -1.598224    119.560739   119.593948   0.019451     -0.025274    1.890737    
0.127696     2.106176     78.852990    78.905775    0.005152     0.084970     3.181175    
0.177376     -0.633275    53.780089    53.820121    0.008492     -0.030318    2.574754    
0.619347     -0.498356    42.600655    42.653519    0.013276     -0.010682    0.913159    
-0.875316    1.106603     24.211511    24.332344    -0.077496    0.097973     2.143571    
-0.926620    -0.429346    64.199822    64.238112    -0.090460    -0.041914    6.267452    
0.488681     -0.026210    29.628404    29.697757    0.001558     -0.000084    0.094469    
-0.173509    -0.182396    9.900208     10.097150    -0.019443    -0.020439    1.109376    
-0.252728    0.497225     58.168787    58.204757    -0.013632    0.026821     3.137669    
0.650982     -0.329999    20.145758    20.254856    0.028852     -0.014626    0.892864    
-0.268950    -1.055531    143.171364   143.189039   -0.015195    -0.059636    8.089009    
-0.332375    -0.226028    64.512077    64.543354    -0.001739    -0.001182    0.337471    
-0.935896    0.328123     11.240644    11.454719    -0.129680    0.045466     1.557536    
2.700805     1.877189     73.137983    73.238362    0.057969     0.040291     1.569794    
0.539083     0.558503     70.114006    70.145929    0.002486     0.002575     0.323312    
1.052084     -0.287317    101.750334   101.775217   0.000450     -0.000123    0.043494    
-0.794355    -0.662780    78.370951    78.402495    -0.068568    -0.057210    6.764880    
-1.566955    1.096836     25.416984    25.564749    -0.059052    0.041335     0.957857    
-0.022815    -0.053036    64.477952    64.508019    -0.000168    -0.000391    0.475073    
0.689553     0.209355     10.272079    10.483791    0.065973     0.020030     0.982775    
0.943746     1.168135     16.225342    16.413161    0.017080     0.021141     0.293649    
-4.221101    0.044369     51.847882    52.056676    -0.322953    0.003395     3.966842    
-1.851803    0.366960     35.500161    35.604778    -0.007528    0.001492     0.144316    
2.233926     1.469852     33.488256    33.652476    0.011079     0.007290     0.166082    
-1.214840    -2.069105    48.137673    48.237616    -0.024182    -0.041186    0.958185    
-0.442493    -0.104694    17.750664    17.865268    -0.027405    -0.006484    1.099338    
0.061204     1.159338     20.150052    20.279234    0.000204     0.003872     0.067299    
1.348958     0.025926     14.019008    14.220686    0.008015     0.000154     0.083298    
-0.348716    -1.184801    44.895966    44.956068    -0.010630    -0.036118    1.368627    
0.265923     1.880191     57.190867    57.256232    0.020758     0.146767     4.464307    
-0.419413    1.073284     43.931971    43.991145    -0.059297    0.151742     6.211127    
1.329231     1.646610     43.231376    43.327878    0.104562     0.129528     3.400727    
0.101346     0.519793     26.715526    26.793185    0.002050     0.010513     0.540336    
-1.889951    -1.248140    109.211001   109.252219   -0.030767    -0.020319    1.777883    
2.184983     -1.146200    79.160457    79.223361    0.053408     -0.028017    1.934935    
-0.169515    1.018152     31.345114    31.423821    -0.009679    0.058133     1.789710    
-0.072300    -1.740041    39.599643    39.686770    -0.006065    -0.145970    3.321961    
-0.167306    -2.896919    18.155911    18.491408    -0.007983    -0.138230    0.866330    
0.820836     -0.906026    8.164174     8.486657     0.032810     -0.036215    0.326335    
0.598584     1.609062     81.792910    81.834605    0.034379     0.092415     4.697690    
0.780486     -1.150902    27.226190    27.332657    0.009319     -0.013742    0.325091    
0.455281     -0.974431    20.617203    20.738872    0.019764     -0.042300    0.894997    
1.223309     0.905884     26.329975    26.447299    0.008687     0.006433     0.186974    
0.539117     -0.837156    13.188999    13.372215    0.013721     -0.021306    0.335669    
0.745451     -0.510682    31.569552    31.643768    0.032419     -0.022209    1.372916    
-0.133681    2.063082     62.835878    62.900689    -0.006579    0.101536     3.092525    
-0.279113    1.525795     62.704997    62.755060    -0.000348    0.001901     0.078125    
1.383724     -0.186459    47.040016    47.101884    0.020246     -0.002728    0.688263    
-0.104544    1.979524     51.158081    51.234302    -0.042378    0.802413     20.737268   
1.461817     -0.857593    18.038395    18.224463    0.512023     -0.300385    6.318214    
0.063565     -0.524421    10.362233    10.560771    0.004970     -0.041003    0.810193    
1.461116     -0.053663    27.404077    27.513562    0.056954     -0.002092    1.068210    
-0.047022    0.699117     31.827987    31.896499    -0.001032    0.015347     0.698688    
-0.784734    -0.631901    110.085620   110.107828   -0.015431    -0.012425    2.164672    
-2.231537    -1.302590    83.860074    83.922961    -0.341824    -0.199529    12.845563   
-0.484591    -0.404751    11.894594    12.072902    -0.046754    -0.039051    1.147596    
-0.957667    -0.747659    19.338930    19.476788    -0.051944    -0.040553    1.048955    
-2.062285    -1.978142    69.183983    69.270950    -0.009322    -0.008941    0.312714    
0.571005     0.065423     12.068687    12.241670    0.074639     0.008552     1.577552    
-0.400218    0.734795     23.843795    23.939541    -0.021008    0.038570     1.251586    
-0.055996    -0.327270    81.852084    81.876425    -0.001267    -0.007407    1.852468    
0.188970     1.443338     29.055522    29.158485    0.022146     0.169148     3.405089    
-0.032446    -1.408770    32.086065    32.177262    -0.001255    -0.054479    1.240816    
-2.687554    -1.086204    133.760962   133.806848   -0.021685    -0.008764    1.079263    
0.348095     0.995060     13.005595    13.195899    0.023432     0.066983     0.875480    
-0.403445    -0.852546    13.362780    13.539884    -0.011238    -0.023749    0.372237    
0.055781     0.025191     8.978846     9.192300     0.003568     0.001611     0.574352    
-0.708023    -1.739826    25.158268    25.304974    -0.061450    -0.151001    2.183511    
1.670855     0.071364     82.263250    82.303791    0.113509     0.004848     5.588523    
0.681569     -1.264924    139.282049   139.303369   0.035737     -0.066325    7.303119    
-0.141247    1.132006     14.399807    14.578435    -0.000191    0.001528     0.019439    
-1.229372    -1.632291    53.306609    53.382068    -0.129571    -0.172037    5.618317    
0.898143     -1.846194    18.530140    18.747164    0.006004     -0.012341    0.123866    
-0.388293    0.787718     12.171046    12.360445    -0.012126    0.024601     0.380105    
-0.538038    -0.894273    35.707264    35.776708    -0.103127    -0.171408    6.844111    
0.491594     1.644149     55.746418    55.807553    0.013194     0.044126     1.496142    
-0.557332    -0.019828    23.896097    23.983524    -0.014206    -0.000505    0.609083    
-0.847916    -0.102020    5.768608     6.154768     -0.021437    -0.002579    0.145841    
0.562529     0.131985     13.536693    13.691270    0.026873     0.006305     0.646671    
0.294385     0.153574     67.308837    67.338435    0.002491     0.001300     0.569568    
-0.465911    0.147142     99.110974    99.131725    -0.004094    0.001293     0.870988    
-1.223981    2.175050     45.160884    45.272611    -0.026837    0.047690     0.990189    
0.616831     0.823194     43.749987    43.806329    0.042259     0.056396     2.997277    
1.718852     -1.237780    71.674204    71.732511    0.276086     -0.198815    11.512478   
0.705578     1.773257     7.721741     8.194054     0.046637     0.117207     0.510385    
1.382451     -1.605461    15.962608    16.222469    0.250279     -0.290653    2.889873    
1.839250     -0.305479    24.388581    24.538826    0.213209     -0.035412    2.827163    
2.803548     0.352453     119.437355   119.486991   0.030271     0.003806     1.289617    
1.433908     -1.827559    25.186132    25.369515    0.303268     -0.386524    5.326801    
0.029822     -0.169901    29.383169    29.449539    0.001353     -0.007710    1.333303    
0.666111     -0.836897    16.614756    16.765118    0.015831     -0.019890    0.394866    
0.657044     0.686847     12.801699    12.986991    0.070855     0.074069     1.380519    
1.127526     -0.654914    75.590677    75.627545    0.054215     -0.031490    3.634627    
-1.483422    -1.000720    82.352647    82.395603    -0.029004    -0.019566    1.610158    
0.226540     -1.767099    29.323409    29.443357    0.002033     -0.015857    0.263134    
-0.935123    -2.186048    86.063216    86.118554    -0.011328    -0.026482    1.042590    
0.643869     0.696422     48.010817    48.060515    0.009963     0.010776     0.742868    
-0.895717    1.136139     28.271445    28.376798    -0.010801    0.013700     0.340900    
0.218321     0.141165     37.356799    37.409530    0.017218     0.011133     2.946088    
0.055976     -1.271274    12.268705    12.490610    0.010506     -0.238597    2.302628    
-0.670387    0.751755     12.675832    12.867254    -0.087632    0.098269     1.656971    
-0.988791    -1.741983    31.455369    31.580491    -0.077813    -0.137085    2.475378    
1.544077     0.907789     20.843007    21.012238    0.021548     0.012668     0.290869    
1.289240     0.015142     17.263288    17.422929    0.141899     0.001667     1.900069    
1.579669     -0.562831    82.143812    82.184506    0.041191     -0.014676    2.141978    
-0.000568    1.910203     70.701389    70.754578    -0.000324    1.090920     40.377671   
1.545801     0.756185     68.905237    68.954825    0.089977     0.044015     4.010773    
0.844370     -1.082067    27.069472    27.175634    0.084940     -0.108852    2.723083    
0.798694     -0.799240    17.932490    18.075560    0.208582     -0.208724    4.683133    
1.627987     1.213380     24.211837    24.376436    0.422097     0.314600     6.277535    
-1.026223    1.428597     15.081304    15.310608    -0.072029    0.100271     1.058538    
-3.510455    0.055095     72.987299    73.098201    -0.478427    0.007509     9.947171    
-0.717789    0.127145     45.191579    45.240304    -0.031388    0.005560     1.976180    
-2.149309    -0.903004    28.876550    29.037305    -0.073707    -0.030967    0.990269    
0.487305     0.656426     74.349567    74.380115    0.018718     0.025214     2.855819    
0.406699     0.195606     72.563683    72.591781    0.087045     0.041865     15.530677   
2.084211     -0.285928    23.106888    23.285809    0.050557     -0.006936    0.560502    
0.222201     0.655458     101.421905   101.443367   0.000160     0.000473     0.073149    
-1.481793    -1.434719    10.687691    11.061456    -0.052043    -0.050389    0.375367    
1.744807     -0.303759    50.519745    50.589092    0.034620     -0.006027    1.002412    
-0.480371    -0.200117    30.181314    30.249917    -0.104578    -0.043566    6.570552    
-1.473095    1.460449     23.531451    23.704578    -0.222585    0.220674     3.555603    
-1.239027    -1.055018    84.594801    84.633348    -0.030342    -0.025836    2.071600    
0.025854     1.087114     24.309989    24.413787    0.000355     0.014913     0.333483    
-0.718268    -2.516078    84.101302    84.165020    -0.087839    -0.307698    10.284985   
-0.150191    0.455105     7.762355     8.022393     -0.024725    0.074920     1.277854    
-0.502118    2.128343     89.144039    89.192582    -0.039807    0.168729     7.067108    
-0.551725    -0.255399    104.508680   104.528985   -0.017218    -0.007970    3.261455    
2.440455     0.580821     38.615989    38.747422    0.534757     0.127271     8.461605    
0.219415     0.068960     26.003982    26.079397    0.007618     0.002394     0.902857    
-0.572010    -0.959031    90.237099    90.265474    -0.081288    -0.136287    12.823476   
0.388566     0.862997     18.699577    18.826706    0.119066     0.264442     5.729973    
1.387919     0.279957     11.155412    11.415904    0.011150     0.002249     0.089621    
1.897700     -0.676530    25.246502    25.403145    0.148440     -0.052919    1.974803    
0.945218     1.082833     24.168969    24.291562    0.084211     0.096471     2.153253    
-0.149150    0.878838     42.042139    42.097637    -0.000792    0.004665     0.223175    
-0.208909    1.210095     23.076702    23.193040    -0.021353    0.123688     2.358757    
2.555660     -1.091029    45.689967    45.816698    0.006180     -0.002638    0.110484    
2.127628     -0.164168    40.305762    40.410187    0.075020     -0.005789    1.421174    
-1.868816    0.454946     20.789539    20.970917    -0.443422    0.107947     4.932818    
-0.513461    0.335078     60.588306    60.623376    -0.014433    0.009419     1.703063    
1.456342     0.775229     57.487485    57.544832    0.197207     0.104975     7.784509    
0.249314     -0.345318    26.087384    26.165014    0.020824     -0.028843    2.178943    
-0.727343    -0.477676    52.299029    52.343295    -0.032812    -0.021549    2.359311    
-0.607862    -0.039656    24.797107    24.882575    -0.035484    -0.002315    1.447554    
0.696550     -0.833524    18.074757    18.214053    0.046130     -0.055201    1.197023    
0.913990     0.878187     107.379748   107.405269   0.109011     0.104741     12.807083   
0.264198     -0.811985    21.056626    21.165669    0.029600     -0.090972    2.359101    
-2.617184    -0.137439    16.260702    16.587765    -0.261614    -0.013738    1.625421    
-0.449175    -0.536628    7.972976     8.242149     -0.015556    -0.018585    0.276130    
2.229023     2.070263     47.031685    47.171060    0.164022     0.152340     3.460820    
-0.979969    -1.423327    39.753675    39.839877    -0.058857    -0.085485    2.387594    
-0.336858    -0.112477    70.153562    70.182073    -0.018667    -0.006233    3.887605    
1.707663     -1.344187    30.619537    30.759615    0.079434     -0.062526    1.424298    
-0.149921    -1.154631    20.919592    21.044238    -0.001487    -0.011455    0.207536    
0.093815     1.585880     16.803641    16.992973    0.020187     0.341252     3.615829    
1.298312     -1.105785    17.957364    18.145255    0.093531     -0.079661    1.293654    
-1.916212    0.869361     26.106382    26.264915    -0.002454    0.001113     0.033436    
1.731865     1.457283     18.941782    19.177828    0.091526     0.077015     1.001038    
1.478058     0.460334     30.378728    30.481776    0.198628     0.061862     4.082422    
-0.475565    0.733779     19.084626    19.205793    -0.059461    0.091746     2.386204    
1.201391     1.227925     27.003942    27.130038    0.016479     0.016843     0.370398    
0.723836     -0.366983    6.187300     6.543413     0.003509     -0.001779    0.029994    
-0.907515    -1.479437    43.898835    43.977210    -0.100163    -0.163286    4.845128    
0.943177     -0.153756    43.867226    43.921768    0.014606     -0.002381    0.679308    
-0.518807    0.289602     9.049311     9.279979     -0.021205    0.011837     0.369867    
-0.681826    -0.739053    40.000702    40.061730    -0.032021    -0.034708    1.878557    
-1.822810    -1.073195    104.986127   105.025883   -0.226881    -0.133578    13.067400   
2.477291     0.018508     73.454100    73.522222    0.128197     0.000958     3.801171    
0.720337     0.634698     10.559385    10.784123    0.083046     0.073173     1.217368    
-0.707292    2.034549     41.564762    41.667062    -0.059739    0.171841     3.510621    
0.541463     1.237790     49.809659    49.866846    0.012401     0.028349     1.140805    
-1.508953    -0.753489    8.863805     9.235078     -0.070200    -0.035054    0.412362    
2.596610     -2.665469    220.700376   220.740521   0.368735     -0.378514    31.340871   
1.771268     1.630358     45.476149    45.582349    0.003464     0.003189     0.088942    
1.153127     0.036301     26.202842    26.301994    0.029401     0.000926     0.668086    
1.769036     1.450957     56.682772    56.763072    0.005238     0.004296     0.167831    
0.083684     0.276412     78.872431    78.897520    0.037092     0.122517     34.959398   
0.606303     -2.192267    20.344411    20.565594    0.108143     -0.391023    3.628727    
2.642641     0.844328     34.881445    35.046920    0.130181     0.041593     1.718314    
-1.281436    1.614620     12.646713    12.963926    -0.000032    0.000040     0.000312    
1.130493     -0.104764    29.057021    29.145744    0.063771     -0.005910    1.639093    
1.339948     0.883764     22.932398    23.072631    0.046151     0.030439     0.789840    
0.088835     2.011236     19.379051    19.582532    0.008360     0.189280     1.823786    
0.331527     -0.614842    6.741216     7.057400     0.026475     -0.049099    0.538329    
-0.322066    -0.747463    20.853276    20.961786    -0.025071    -0.058186    1.623308    
-1.008456    -0.719330    23.079979    23.196871    -0.004544    -0.003241    0.103997    
0.554863     1.607236     36.498953    36.591524    0.146855     0.425385     9.660138    
-1.764276    -0.617215    27.497486    27.631148    -0.014066    -0.004921    0.219223    
0.070140     1.180592     17.716189    17.864407    0.001804     0.030364     0.455654    
0.452219     -0.862276    53.132859    53.178225    0.029108     -0.055502    3.420023    
0.383240     1.299619     68.212689    68.254537    0.152430     0.516912     27.131015   
0.373745     0.028796     22.213814    22.304013    0.076297     0.005878     4.534742    
2.025760     0.838134     82.806892    82.859293    0.447970     0.185342     18.311631   
0.132467     0.150638     72.085878    72.113029    0.007011     0.007973     3.815506    
-1.820515    -0.397995    99.566204    99.603096    -0.309769    -0.067721    16.941646   
-0.708470    0.045016     90.561773    90.585946    -0.074189    0.004714     9.483358    
1.933907     -0.180938    32.691908    32.808665    0.233452     -0.021842    3.946415    
0.411070     2.315362     87.389176    87.442969    0.050683     0.285473     10.774671   
0.524850     -1.231445    20.375774    20.514362    0.027934     -0.065542    1.084465    
-0.314656    0.553821     13.965659    14.118084    -0.012311    0.021668     0.546389    
-1.361146    1.374391     10.870728    11.215585    -0.042346    0.042758     0.338194    
0.555987     0.371156     9.593064     9.815738     0.096219     0.064232     1.660172    
-1.064261    0.731826     126.296407   126.318350   -0.140824    0.096836     16.711636   
-0.249583    1.261749     94.451123    94.480389    -0.004650    0.023508     1.759746    
-1.795546    -0.680981    79.209620    79.257344    -0.097257    -0.036886    4.290433    
-0.860141    1.426799     72.424787    72.470686    -0.021949    0.036410     1.848161    
0.897770     -0.646901    22.357236    22.470991    0.103508     -0.074584    2.577662    
1.547713     -1.328583    26.482143    26.633426    0.045400     -0.038972    0.776811    
0.352096     0.856462     9.140450     9.395759     0.006366     0.015486     0.165269    
0.328266     -0.946870    47.009719    47.061586    0.032288     -0.093135    4.623909    
1.071078     -0.480032    13.744496    13.934265    0.002427     -0.001088    0.031138    
-1.219193    -0.345100    37.409644    37.482822    -0.046656    -0.013206    1.431592    
0.892981     1.788984     19.025251    19.231043    0.009291     0.018614     0.197954    
-1.548669    -1.048095    102.920882   102.956689   -0.114272    -0.077336    7.594249    
0.146723     -1.335763    23.333833    23.455245    0.006475     -0.058951    1.029792    
1.192006     -0.254636    40.677155    40.742994    0.031625     -0.006756    1.079193    
0.181916     1.543423     23.786626    23.918482    0.003371     0.028598     0.440745    
-1.034052    0.071037     141.208978   141.226502   -0.023606    0.001622     3.223554    
0.675968     0.276070     37.858117    37.916291    0.036302     0.014826     2.033142    
0.008304     1.212169     51.527387    51.579220    0.000212     0.030962     1.316134    
1.763486     0.443113     105.252802   105.286910   0.011263     0.002830     0.672255    
1.157661     0.457120     24.021594    24.134230    0.261680     0.103328     5.429879    
0.487546     1.390393     29.932505    30.033326    0.051022     0.145505     3.132453    
0.192453     -0.003918    9.298590     9.506618     0.000492     -0.000010    0.023787    
-0.302180    0.359673     27.873869    27.947239    -0.010695    0.012729     0.986498    
-1.198107    0.627850     33.100065    33.186125    -0.021399    0.011214     0.591203    
1.543680     -0.909469    51.100652    51.169929    0.058083     -0.034220    1.922737    
-1.177841    1.461466     11.201142    11.526653    -0.043696    0.054219     0.415548    
-0.487545    0.979198     53.060526    53.108294    -0.004996    0.010035     0.543777    
-0.027988    -0.359994    63.175742    63.207434    -0.004285    -0.055112    9.671616    
1.307721     -0.361404    34.989381    35.070964    0.120313     -0.033250    3.219091    
-1.213983    -0.182759    10.289928    10.548210    -0.135207    -0.020355    1.146037    
-0.905359    1.199260     73.841531    73.883046    -0.012440    0.016478     1.014590    
1.024596     0.079633     15.988103    16.141578    0.077314     0.006009     1.206428    
0.618435     -1.020903    36.776876    36.848857    0.033613     -0.055488    1.998891    
-0.451967    -0.363246    43.333282    43.381845    -0.007942    -0.006383    0.761436    
0.590492     0.540712     52.816777    52.859511    0.123923     0.113475     11.084301   
-1.624773    -0.078894    53.634355    53.695112    -0.298828    -0.014510    9.864432    
-0.600333    0.101300     25.115075    25.199456    -0.016644    0.002809     0.696312    
1.783079     0.325955     83.797725    83.840440    0.119812     0.021902     5.630691    
0.525882     0.737315     21.973413    22.079991    0.010013     0.014039     0.418379    
-1.363377    0.891615     58.228131    58.284165    -0.157828    0.103215     6.740625    
1.686116     0.039611     11.912962    12.191725    0.304704     0.007158     2.152834    
-0.640585    2.365974     48.254956    48.357253    -0.133647    0.493620     10.067578   
-1.979456    -1.843884    53.971033    54.074629    -0.037510    -0.034941    1.022727    
0.625286     0.694284     13.064846    13.245308    0.050344     0.055899     1.051892    
0.014156     -1.091754    40.838921    40.900911    0.000687     -0.052995    1.982359    
-1.471540    0.257550     36.595408    36.678749    -0.003969    0.000695     0.098713    
-2.248346    -1.195935    64.050490    64.131315    -0.194488    -0.103452    5.540548    
0.298282     1.077943     44.923579    44.980594    0.052287     0.188955     7.874765    
-0.322021    -0.660821    81.634512    81.661551    -0.164194    -0.336944    41.624373   
0.556611     0.567934     10.751685    10.959290    0.012615     0.012872     0.243682    
-0.031033    -0.111930    10.619916    10.801438    -0.002531    -0.009131    0.866304    
0.494172     0.014484     49.785481    49.826835    0.150740     0.004418     15.186355   
0.088284     -0.173650    28.862013    28.929720    0.002271     -0.004467    0.742466    
-1.050914    -0.283688    9.610364     9.870104     -0.039390    -0.010633    0.360216    
-0.466782    0.038881     23.132784    23.221112    -0.043349    0.003611     2.148306    
0.466638     -1.209573    32.674940    32.759845    0.015827     -0.041025    1.108229    
-0.665581    1.095223     73.084215    73.121952    -0.043249    0.071167     4.748941    
0.486143     0.297202     166.313965   166.326590   0.000658     0.000402     0.225098    
0.448729     -0.360933    21.267666    21.366334    0.013374     -0.010757    0.633855    
-1.068765    -0.012690    50.707196    50.756646    -0.187845    -0.002230    8.912247    
0.585063     0.286571     61.579049    61.613948    0.008937     0.004377     0.940603    
-0.511033    0.887993     9.690023     9.940884     -0.018253    0.031717     0.346106    
1.531810     0.554502     18.920590    19.092343    0.292357     0.105831     3.611128    
-0.271472    1.407745     17.602112    17.769770    -0.016611    0.086137     1.077037    
-0.937265    0.859315     11.645869    11.879315    -0.004730    0.004337     0.058777    
-0.027119    1.596507     28.544059    28.656375    -0.002034    0.119742     2.140873    
0.613921     -1.667855    28.038699    28.163846    0.087478     -0.237654    3.995253    
-0.508458    -0.864406    15.052697    15.213954    -0.008478    -0.014413    0.250983    
-1.082652    0.929961     12.171625    12.412105    -0.033330    0.028629     0.374706    
-1.249336    0.717887     93.961688    93.993351    -0.024178    0.013893     1.818389    
0.777801     1.415252     28.825006    28.937240    0.009339     0.016993     0.346113    
0.450550     -0.598235    86.513520    86.539153    0.007361     -0.009774    1.413471    
-1.493056    0.735921     19.536225    19.705579    -0.202994    0.100055     2.656117    
0.467465     0.232863     7.112943     7.398761     0.020803     0.010363     0.316542    
0.382196     0.076862     4.793519     5.196610     0.005978     0.001202     0.074970    
-0.486921    1.898519     16.724441    16.953564    -0.016053    0.062593     0.551393    
-0.497279    1.271651     91.926049    91.957261    -0.010623    0.027165     1.963722    
-1.238899    -0.006736    112.681747   112.705750   -0.224558    -0.001221    20.424244   
-0.389021    0.749847     41.053735    41.109581    -0.054360    0.104781     5.736703    
-1.239061    0.778476     11.526563    11.784647    -0.118981    0.074753     1.106843    
-1.865362    -1.073406    67.145401    67.208717    -0.160821    -0.092543    5.788903    
-1.135913    -0.334854    52.505519    52.555750    -0.233487    -0.068829    10.792503   
1.571917     1.119799     21.944362    22.116845    0.018983     0.013523     0.265010    
0.209578     0.664379     87.857092    87.881903    0.009311     0.029518     3.903383    
-0.192390    1.405648     11.452920    11.707143    -0.003588    0.026214     0.213585    
1.420002     -1.763507    29.034508    29.189107    0.018586     -0.023083    0.380034    
-0.094679    -0.862740    11.628998    11.826320    -0.005058    -0.046094    0.621310    
-0.720824    -0.128795    60.214363    60.250980    -0.032540    -0.005814    2.718224    
-0.377102    -0.817414    9.395659     9.641770     -0.050212    -0.108841    1.251060    
0.062992     2.282630     45.402192    45.502180    0.009673     0.350518     6.971914    
-0.188773    -0.805164    31.667114    31.739013    -0.029266    -0.124828    4.909506    
-0.099144    0.295062     24.210781    24.292669    -0.013367    0.039780     3.264069    
2.257681     1.337797     31.509846    31.680154    0.059413     0.035206     0.829215    
0.840765     0.738221     43.580808    43.639588    0.032630     0.028650     1.691357    
-0.975749    2.179706     27.903316    28.074422    -0.026673    0.059584     0.762753    
-0.005131    -1.270550    73.331329    73.368748    -0.000567    -0.140437    8.105491    
0.684896     -0.458541    13.002563    13.176530    0.014235     -0.009531    0.270254    
1.900191     -0.306030    55.466946    55.535227    0.066137     -0.010651    1.930546    
-0.027482    0.173781     7.619465     7.871604     -0.002962    0.018732     0.821317    
-1.393854    -0.255596    71.100479    71.141839    -0.017220    -0.003158    0.878407    
1.617199     -1.698537    31.399199    31.548138    0.089329     -0.093822    1.734390    
-0.687276    -0.121255    75.226062    75.255049    -0.067437    -0.011898    7.381369    
-1.502156    -1.761996    52.197115    52.285513    -0.006660    -0.007812    0.231415    
0.687332     -1.765660    36.703890    36.805441    0.036766     -0.094446    1.963316    
-1.609619    0.654950     58.012618    58.072012    -0.358577    0.145904     12.923549   
1.050370     0.588389     66.920677    66.960447    0.104881     0.058752     6.682131    
-1.937571    -1.130651    34.465141    34.594124    -0.223640    -0.130503    3.978062    
-0.422541    -0.232634    44.744814    44.790691    -0.024353    -0.013408    2.578858    
-0.826276    0.784211     48.830802    48.883739    -0.055987    0.053137     3.308701    
0.988906     -0.243361    7.880241     8.185983     0.212136     -0.052205    1.690440    
-0.434077    1.547694     66.469240    66.517807    -0.015650    0.055800     2.396444    
0.377603     1.476930     21.952040    22.092780    0.121175     0.473955     7.044526    
1.799072     -0.053205    17.734912    17.934368    0.464705     -0.013743    4.580974    
0.333775     -1.878250    119.941421   119.972741   0.003392     -0.019088    1.218898    
1.074499     -1.266281    77.849511    77.892101    0.293462     -0.345841    21.261888   
1.793149     -0.548043    118.526770   118.557943   0.020893     -0.006386    1.381031    
0.726246     1.220932     19.769603    19.918089    0.061975     0.104189     1.687051    
0.628495     0.185899     6.421403     6.748254     0.138568     0.040986     1.415765    
0.254069     0.272851     56.612095    56.647535    0.094470     0.101454     21.049978   
0.160654     -1.147378    11.773731    11.993247    0.004970     -0.035494    0.364214    
1.346300     -0.442948    23.980203    24.102569    0.316775     -0.104222    5.642372    
-0.404454    0.765744     64.525753    64.561581    -0.102276    0.193637     16.316920   
-1.225003    0.051800     8.784005     9.084988     -0.046503    0.001966     0.333451    
0.001072     -0.448013    197.303014   197.313342   0.000237     -0.099060    43.625510   
1.706062     2.432895     82.404382    82.481433    0.058277     0.083105     2.814857    
0.932751     0.371893     106.424461   106.447401   0.002756     0.001099     0.314488    
2.947797     -0.312117    99.930785    99.994118    0.316828     -0.033546    10.740508   
-0.511297    0.623229     72.147046    72.178397    -0.189528    0.231020     26.743591   
-1.832384    0.443252     92.096974    92.137298    -0.678666    0.164169     34.110281   
1.325890     1.353582     43.868479    43.953482    0.016597     0.016944     0.549139    
0.623763     -0.902872    23.280359    23.389192    0.019374     -0.028043    0.723081    
-0.141686    0.640793     66.153661    66.186195    -0.011660    0.052732     5.443906    
0.052282     1.715816     42.141728    42.222588    0.000855     0.028060     0.689165    
0.559225     0.078819     7.617103     7.887595     0.032567     0.004590     0.443583    
1.803512     -1.682427    106.495527   106.542270   0.147453     -0.137553    8.706934    
0.902017     2.577123     26.162271    26.377919    0.013885     0.039672     0.402735    
-1.226750    -1.755209    43.087995    43.186061    -0.098625    -0.141111    3.464077    
0.055533     0.698993     63.676712    63.710991    0.007598     0.095636     8.712211    
1.839274     -1.701919    24.901040    25.104107    0.029435     -0.027237    0.398509    
-1.255769    0.393770     34.595044    34.675986    -0.005802    0.001819     0.159851    
-1.054162    0.387497     13.563251    13.751296    -0.076691    0.028191     0.986734    
-0.481377    -1.095143    60.127492    60.171599    -0.001170    -0.002661    0.146103    
-1.018996    0.507218     25.758493    25.858665    -0.015810    0.007870     0.399647    
-1.679523    -1.452850    139.612452   139.643988   -0.040905    -0.035384    3.400246    
-0.995950    1.659145     132.754460   132.783155   -0.023054    0.038405     3.072961    
-0.438173    1.125916     63.293883    63.336011    -0.026522    0.068149     3.831019    
-0.071563    0.205406     5.638931     5.976605     -0.000611    0.001755     0.048175    
-1.844860    -0.309364    48.337253    48.413472    -0.066168    -0.011096    1.733671    
0.957098     -1.728040    24.027177    24.188476    0.159272     -0.287566    3.998399    
-1.063847    -0.034170    119.630678   119.651607   -0.127096    -0.004082    14.292030   
-1.028696    -0.195417    13.234752    13.421252    -0.038737    -0.007359    0.498369    
0.428279     1.133524     18.354260    18.499246    0.042910     0.113569     1.838931    
-1.545062    0.882975     31.371813    31.483845    -0.182813    0.104475     3.711945    
-0.211950    1.424200     118.977233   119.002228   -0.031721    0.213152     17.806664   
-0.450658    -1.134623    77.621368    77.655922    -0.159906    -0.402597    27.542305   
-0.188703    -0.286359    7.327728     7.595272     -0.022379    -0.033960    0.869008    
-0.809127    -0.968423    70.522647    70.561401    -0.006822    -0.008165    0.594569    
1.463286     -1.889636    37.741175    37.867970    0.048515     -0.062651    1.251301    
1.258678     1.176794     51.637832    51.704059    0.002913     0.002723     0.119497    
1.689301     2.595736     46.455989    46.600702    0.034472     0.052968     0.947973    
0.241902     0.736514     39.164990    39.222090    0.020002     0.060899     3.238363    
-0.706818    2.751626     28.713884    28.921154    -0.030699    0.119509     1.247107    
-0.769659    1.010293     99.148633    99.176305    -0.013647    0.017914     1.758039    
-0.931855    1.076921     86.090071    86.124349    -0.001986    0.002296     0.183514    
1.657634     -0.162145    32.305647    32.408391    0.114329     -0.011183    2.228158    
-0.687644    0.329878     24.930908    25.020128    -0.033353    0.016000     1.209247    
-0.212879    1.675234     19.282406    19.456049    -0.000994    0.007818     0.089992    
0.305031     1.164197     8.717243     9.017410     0.001256     0.004794     0.035895    
-0.533609    1.068397     51.311447    51.363077    -0.014383    0.028798     1.383045    
-0.780654    1.426680     29.806306    29.915476    -0.167568    0.306239     6.397962    
2.180852     -1.426457    44.501956    44.621631    0.104650     -0.068450    2.135457    
1.126837     0.258514     27.220316    27.315877    0.008924     0.002047     0.215581    
0.869239     0.461760     52.284977    52.331278    0.028836     0.015318     1.734484    
0.449360     0.056907     114.521866   114.539678   0.028931     0.003664     7.373267    
-1.196334    0.791502     6.185472     6.647759     -0.001338    0.000885     0.006917    
1.985679     0.838040     25.274649    25.442643    0.026300     0.011100     0.334753    
1.714769     -0.965291    69.507965    69.563671    0.202494     -0.113989    8.208068    
2.116030     -0.119049    49.099777    49.184905    0.074976     -0.004218    1.739724    
-1.619225    3.181460     53.371961    53.527420    -0.109592    0.215328     3.612324    
-0.911525    0.524466     135.798566   135.816904   -0.266010    0.153055     39.630108   
0.129441     -0.457913    90.036730    90.059503    0.005633     -0.019928    3.918273    
-0.633344    -1.097777    15.896010    16.067493    -0.018358    -0.031820    0.460762    
-0.175441    -1.199285    123.936618   123.958176   -0.008048    -0.055016    5.685499    
-1.300089    0.215712     39.276779    39.348152    -0.009125    0.001514     0.275670    
-1.055808    -0.781079    41.077273    41.145378    -0.015702    -0.011616    0.610890    
0.658025     -0.327647    61.952851    61.988476    0.169264     -0.084281    15.936136   
-0.839269    1.351960     11.783782    12.052579    -0.020333    0.032753     0.285481    
0.687585     1.144192     24.921745    25.034981    0.112252     0.186796     4.068614    
0.044557     0.526919     78.864338    78.890674    0.001853     0.021918     3.280469    
-1.627927    -0.761405    15.215406    15.447116    -0.022532    -0.010539    0.210598    
0.755204     0.077196     129.612323   129.629493   0.056954     0.005822     9.774695    
-0.456071    -0.425303    22.672963    22.766798    -0.000431    -0.000402    0.021423    
1.179699     0.145372     90.609299    90.638473    0.011363     0.001400     0.872796    
0.593806     -0.294311    51.886880    51.928436    0.041957     -0.020795    3.666232    
0.952416     -1.143844    8.006576     8.378286     0.060379     -0.072515    0.507584    
2.084064     -2.222693    34.285422    34.476787    0.057147     -0.060948    0.940133    
0.789422     0.294071     20.961381    21.070456    0.022565     0.008406     0.599154    
-0.811146    -0.501371    39.467355    39.527919    -0.040720    -0.025169    1.981288    
1.848610     2.158783     134.985903   135.030170   0.052284     0.061057     3.817826    
0.816712     0.651533     62.081360    62.121347    0.020691     0.016506     1.572797    
-0.302817    -0.413050    150.632521   150.646254   -0.001323    -0.001804    0.658014    
-1.443208    -1.870608    24.123011    24.318236    -0.232788    -0.301727    3.891018    
-0.516221    -0.030861    13.292632    13.447545    -0.002221    -0.000133    0.057203    
2.132385     -2.474429    51.820436    51.960585    0.122906     -0.142620    2.986808    
-0.846566    0.754082     40.530067    40.593677    -0.002798    0.002492     0.133962    
-0.958467    -1.203852    49.827991    49.890596    -0.131617    -0.165314    6.842403    
1.745948     -0.359807    13.288627    13.551397    0.052820     -0.010885    0.402017    
1.150916     -0.352679    25.358426    25.463184    0.167144     -0.051219    3.682729    
1.595917     0.319363     15.333624    15.544900    0.176210     0.035262     1.693029    
0.908949     1.695709     19.310847    19.506035    0.128560     0.239838     2.731288    
-0.003104    1.607878     112.746854   112.775499   -0.000215    0.111391     7.810891    
-1.186672    0.340662     22.561536    22.680875    -0.193362    0.055509     3.676277    
-1.105414    2.575483     94.610846    94.672817    -0.004474    0.010424     0.382923    
-0.384983    -0.048438    23.877834    23.961979    -0.011251    -0.001416    0.697841    
0.208890     -0.416901    19.853202    19.956002    0.034722     -0.069298    3.300053    
-0.378225    1.185892     45.890689    45.949752    -0.016568    0.051947     2.010203    
-1.278279    0.953151     42.879029    42.953796    -0.050350    0.037544     1.688962    
-1.279888    0.480908     82.962391    82.997004    -0.186707    0.070154     12.102339   
-0.581945    0.448664     24.191072    24.282151    -0.004005    0.003088     0.166481    
-0.140891    -2.004923    39.640728    39.740430    -0.000023    -0.000324    0.006399    
-0.484586    -2.826202    114.595192   114.647962   -0.007327    -0.042735    1.732777    
1.797042     -0.510021    21.871776    22.039487    0.125959     -0.035749    1.533049    
0.852253     0.078162     15.835331    15.980148    0.133973     0.012287     2.489295    
0.381441     0.146138     74.984893    75.011839    0.014548     0.005574     2.859920    
-0.423806    -0.321530    11.848460    12.022643    -0.040043    -0.030380    1.119507    
0.343106     -1.045181    29.418685    29.504984    0.002785     -0.008484    0.238808    
-0.067754    -0.429523    71.830932    71.859215    -0.003930    -0.024912    4.166095    
-0.823094    -0.747266    26.873798    26.968720    -0.172848    -0.156924    5.643444    
-0.344859    -0.423539    52.759002    52.798538    -0.042364    -0.052029    6.481096    
0.389665     0.990360     14.701861    14.871191    0.009164     0.023292     0.345768    
-0.212515    0.097815     75.124595    75.150745    -0.014341    0.006601     5.069403    
1.350467     -0.431887    35.169513    35.253083    0.017267     -0.005522    0.449666    
0.956808     0.165906     22.213515    22.321698    0.108707     0.018849     2.523765    
0.237167     -0.733536    36.254618    36.316203    0.008514     -0.026332    1.301440    
-1.778180    -0.050843    112.249779   112.281131   -0.266020    -0.007606    16.792839   
-0.517016    1.107551     33.044104    33.125243    -0.015305    0.032787     0.978210    
-0.855336    0.208907     42.794209    42.848507    -0.027602    0.006742     1.380993    
-0.734470    -0.058990    24.529383    24.619271    -0.060587    -0.004866    2.023433    
-0.183752    -0.960782    35.057201    35.126046    -0.011493    -0.060092    2.192655    
1.561254     0.263800     93.950714    93.984673    0.197612     0.033390     11.891606   
0.054469     0.263390     80.454067    80.478594    0.005028     0.024312     7.426348    
-0.784900    -0.055826    9.810169     10.036611    -0.039306    -0.002796    0.491274    
0.382945     1.555916     58.922128    58.976772    0.004200     0.017063     0.646178    
1.030527     -2.073550    38.175782    38.296565    0.089816     -0.180722    3.327239    
1.507286     0.674151     56.678924    56.737129    0.031514     0.014095     1.185026    
0.222938     1.047977     39.373393    39.437127    0.012096     0.056862     2.136362    
-0.667679    1.915910     49.823208    49.903341    -0.004579    0.013140     0.341698    
-2.133401    0.497284     23.338728    23.523814    -0.487142    0.113550     5.329177    
0.836881     0.457168     7.761657     8.063972     0.075210     0.041085     0.697533    
-1.055017    0.180356     12.423577    12.624017    -0.003797    0.000649     0.044715    
0.183550     -1.761769    73.124371    73.172304    0.056251     -0.539916    22.409860   
0.277220     1.255225     85.146712    85.179164    0.000444     0.002012     0.136470    
-0.758755    -0.494101    47.026829    47.076719    -0.043265    -0.028174    2.681522    
1.328686     0.529856     27.242277    27.350736    0.007082     0.002824     0.145200    
-2.129106    0.801303     19.535798    19.766070    -0.045994    0.017310     0.422023    
1.646692     0.195719     40.694611    40.775926    0.346479     0.041181     8.562527    
0.476784     -0.866817    24.526430    24.625179    0.004392     -0.007984    0.225911    
0.400243     -0.132153    25.597048    25.676087    0.008537     -0.002819    0.545956    
0.574204     -1.396979    16.820064    17.002081    0.029888     -0.072714    0.875501    
-1.355744    1.343977     79.584097    79.631324    -0.021915    0.021725     1.286434    
0.283203     -1.590545    17.689087    17.871452    0.000369     -0.002074    0.023065    
0.338779     -0.259355    21.330183    21.425072    0.022637     -0.017330    1.425248    
-0.439327    -1.567019    25.902275    26.027896    -0.008305    -0.029622    0.489646    
2.132889     1.385137     17.507305    17.800239    0.016012     0.010399     0.131434    
0.929316     -0.278266    24.219134    24.318357    0.050268     -0.015052    1.310044    
-1.622510    -0.331430    20.228964    20.391869    -0.119496    -0.024409    1.489837    
1.238532     0.656114     13.084924    13.306188    0.006635     0.003515     0.070098    
-1.990450    0.153508     83.398783    83.445895    -0.939993    0.072494     39.385184   
1.471835     -2.349952    77.598616    77.673089    0.090316     -0.144200    4.761686    
-1.599478    0.627989     42.673319    42.753243    -0.037777    0.014832     1.007871    
-0.140919    0.348229     9.775589     9.978888     -0.002748    0.006789     0.190595    
1.149378     -0.282136    5.559707     6.015478     0.078166     -0.019187    0.378101    
0.307091     0.349403     37.428268    37.482884    0.058272     0.066301     7.102214    
-0.699978    0.991682     27.268946    27.366837    -0.062006    0.087846     2.415571    
-2.366701    0.705591     21.170838    21.405104    -0.789527    0.235384     7.062555    
0.439678     0.577468     8.433743     8.690786     0.176967     0.232426     3.394512    
0.512825     -0.587763    10.411881    10.625002    0.115004     -0.131810    2.334936    
0.121668     -1.199947    29.713567    29.803115    0.001047     -0.010323    0.255625    
0.320903     -0.180075    65.139732    65.170508    0.016274     -0.009132    3.303544    
1.097943     1.059205     28.571449    28.679785    0.021558     0.020797     0.560995    
0.182077     -1.494437    46.009389    46.076082    0.019167     -0.157318    4.843361    
1.194212     -1.561436    45.132780    45.218436    0.016025     -0.020953    0.605634    
1.149321     -2.118578    39.374464    39.497248    0.005659     -0.010432    0.193880    
-0.442500    -1.115983    46.131478    46.189062    -0.035398    -0.089274    3.690329    
1.885166     0.790377     36.108265    36.219612    0.864427     0.362421     16.557147   
1.639090     -1.773598    35.350525    35.487559    0.372213     -0.402758    8.027579    
0.581039     -0.662613    11.987908    12.180376    0.143661     -0.163830    2.963996    
-0.054684    -2.082972    124.358088   124.391120   -0.004267    -0.162542    9.704101    
-0.418198    -0.626396    57.484424    57.523049    -0.002431    -0.003641    0.334142    
2.039407     1.616181     84.483593    84.546577    0.040289     0.031928     1.669010    
1.604690     -0.231079    20.440519    20.598985    0.269435     -0.038799    3.432061    
-2.117987    -0.692100    20.837093    21.048141    -0.143274    -0.046818    1.409551    
-1.667122    -0.178106    37.630046    37.718779    -0.072084    -0.007701    1.627075    
0.733690     -1.353103    17.112557    17.294038    0.086699     -0.159894    2.022165    
0.900080     0.480749     11.378314    11.592336    0.200342     0.107007     2.532617    
0.467480     0.501787     9.437058     9.664540     0.002542     0.002729     0.051319    
-0.371744    0.227652     12.543283    12.704288    -0.052342    0.032054     1.766119    
0.532090     0.843302     51.243406    51.290895    0.041582     0.065903     4.004600    
-0.753276    0.558038     7.655199     7.959639     -0.056808    0.042085     0.577318    
0.206784     -1.269126    17.555532    17.712287    0.010086     -0.061901    0.856262    
-0.765040    -0.394929    126.316230   126.334501   -0.004824    -0.002490    0.796542    
0.429710     0.013216     9.057154     9.278567     0.018972     0.000584     0.399879    
0.743041     -0.608549    22.696080    22.801523    0.051676     -0.042322    1.578425    
0.411477     0.413094     101.866619   101.887305   0.076699     0.077001     18.987887   
1.752157     1.027824     21.952665    22.134157    0.401716     0.235648     5.033070    
-0.924814    1.313688     60.063489    60.117208    -0.004272    0.006068     0.277425    
1.356649     -1.082799    34.364083    34.464157    0.010031     -0.008006    0.254083    
-0.870349    -0.443850    82.901521    82.930643    -0.050716    -0.025864    4.830756    
1.739695     -0.401575    14.922816    15.157612    0.048755     -0.011254    0.418215    
1.264582     -2.919980    48.577585    48.721475    0.198600     -0.458577    7.629011    
-0.252987    1.406984     15.490586    15.680459    -0.001207    0.006715     0.073930    
-1.862696    -0.498562    52.676502    52.748526    -0.224044    -0.059967    6.335896    
-0.835584    1.668528     78.254085    78.301079    -0.055908    0.111639     5.235859    
-0.360133    0.685861     9.765732     9.992226     -0.006463    0.012308     0.175253    
1.131249     1.032698     14.987780    15.193903    0.152577     0.139285     2.021478    
-0.457518    0.826643     77.984962    78.015523    -0.000892    0.001611     0.151960    
0.879329     1.329951     25.498728    25.624248    0.085716     0.129641     2.485572    
1.485202     -2.439940    64.325122    64.418595    0.026574     -0.043657    1.150953    
-1.555362    -0.566535    32.534642    32.636146    -0.071906    -0.026192    1.504113    
-0.235402    0.435300     10.003963    10.207797    -0.059896    0.110757     2.545401    
1.231232     -0.284998    23.853829    23.968255    0.202340     -0.046836    3.920125    
1.934940     -1.720272    37.583569    37.724037    0.279478     -0.248472    5.428481    
0.712800     1.094758     20.379834    20.516314    0.012995     0.019959     0.371547    
-0.286265    0.479805     21.322896    21.420854    -0.060074    0.100689     4.474714    
-0.501349    1.210689     20.163640    20.301834    -0.002133    0.005150     0.085770    
0.487955     0.435669     6.307766     6.640088     0.000929     0.000829     0.012003    
-0.604491    0.957541     32.516210    32.595416    -0.144923    0.229565     7.795565    
0.772428     0.405739     72.926378    72.958158    0.034299     0.018016     3.238200    
-0.189025    0.872112     34.205790    34.274004    -0.033171    0.153044     6.002646    
-1.172009    0.658505     10.076708    10.354817    -0.160411    0.090129     1.379185    
0.225926     -0.427101    16.036948    16.164533    0.007709     -0.014573    0.547198    
-1.521102    1.059902     21.674694    21.842720    -0.000042    0.000029     0.000594    
-1.182698    0.649617     53.294326    53.347736    -0.280574    0.154110     12.643135   
1.431576     -0.089105    119.335588   119.360441   0.042835     -0.002666    3.570720    
1.431225     0.334669     31.254749    31.351151    0.408336     0.095483     8.917151    
-0.213603    -1.379618    15.552596    15.738715    -0.036460    -0.235491    2.654722    
0.973960     -0.556725    35.617727    35.689718    0.540450     -0.308927    19.764265   
-0.102171    0.753816     18.328827    18.449919    -0.010141    0.074823     1.819305    
1.299765     -0.135994    41.151246    41.219024    0.204828     -0.021431    6.484952    
0.442566     -1.793944    23.243780    23.400051    0.002558     -0.010369    0.134344    
-0.420152    1.454193     70.526988    70.570689    -0.061980    0.214518     10.403920   
-0.650999    0.972850     80.840632    80.873067    -0.068346    0.102135     8.487116    
0.595658     -0.093607    16.693134    16.819609    0.005947     -0.000935    0.166672    
1.219361     1.244450     82.569065    82.610901    0.004278     0.004366     0.289671    
0.329984     -1.444064    12.548851    12.788386    0.069958     -0.306149    2.660419    
-1.088058    0.143153     22.009948    22.125034    -0.054016    0.007107     1.092673    
1.016939     0.439744     58.296829    58.340575    0.024933     0.010782     1.429316    
1.403413     0.063285     34.652115    34.736401    0.080311     0.003622     1.982979    
0.934860     0.188074     55.992857    56.035563    0.039261     0.007898     2.351492    
-0.929005    -1.167969    19.564283    19.719618    -0.033056    -0.041559    0.696142    
-1.466722    -0.475145    30.947436    31.048282    -0.098504    -0.031910    2.078414    
-1.004603    -1.427215    119.590130   119.619063   -0.030747    -0.043681    3.660169    
-1.039303    -0.911251    18.104937    18.264015    -0.018048    -0.015825    0.314406    
-1.833745    2.022702     36.908450    37.061605    -0.161120    0.177723     3.242923    
-0.825031    -1.046322    64.380167    64.424035    -0.068284    -0.086600    5.328464    
1.502489     0.228784     32.527299    32.622231    0.097957     0.014916     2.120668    
-0.142222    0.729015     5.405521     5.800543     -0.011864    0.060816     0.450937    
2.734671     2.939384     87.121638    87.236307    0.100355     0.107867     3.197119    
1.116191     0.870576     27.634563    27.740725    0.022775     0.017764     0.563866    
0.146616     -2.785400    61.055414    61.150784    0.018047     -0.342850    7.515209    
-0.577324    -0.367515    105.742172   105.762708   -0.042485    -0.027045    7.781458    
-0.472673    0.327482     44.452918    44.500197    -0.005754    0.003987     0.541139    
2.372631     0.061111     235.273755   235.293960   0.154897     0.003990     15.359823   
2.066447     1.803835     19.822480    20.107951    0.120251     0.104969     1.153513    
0.824844     -0.461371    15.610026    15.762015    0.013185     -0.007375    0.249521    
0.529624     1.843963     16.001715    16.236087    0.010969     0.038191     0.331415    
2.848550     -0.860345    34.744417    34.927123    0.030637     -0.009253    0.373685    
1.479467     -1.154278    48.928374    49.003896    0.413180     -0.322362    13.664532   
0.123632     1.873707     124.498477   124.528197   0.005845     0.088578     5.885543    
3.941443     -0.086010    64.685548    64.835465    0.430514     -0.009395    7.065444    
1.434480     -3.019206    28.218672    28.484061    0.092881     -0.195491    1.827137    
-2.419057    1.027236     46.788409    46.903488    -0.385259    0.163598     7.451531    
-1.744432    0.247284     34.452748    34.553886    -0.011026    0.001563     0.217767    
1.082218     1.079961     97.541417    97.573257    0.076575     0.076415     6.901795    
0.376824     -0.519583    19.412834    19.522936    0.012292     -0.016948    0.633227    
0.135587     -1.272095    21.679865    21.806607    0.002720     -0.025517    0.434882    
-1.312261    -0.269217    15.338804    15.522512    -0.013446    -0.002758    0.157164    
1.133994     0.904672     40.306591    40.380696    0.214387     0.171033     7.620166    
-0.322025    -0.852430    18.292646    18.420808    -0.092851    -0.245784    5.274385    
1.035081     -0.572525    13.972787    14.160258    0.034924     -0.019317    0.471447    
-1.968267    0.266576     91.271370    91.314200    -0.189720    0.025695     8.797577    
0.632229     0.337813     23.876969    23.968697    0.050436     0.026949     1.904787    
-0.143924    0.848363     71.339675    71.372016    -0.009724    0.057317     4.819816    
0.781822     0.702932     109.240007   109.262800   0.070852     0.063703     9.899789    
0.138932     -0.739929    21.130743    21.235584    0.006481     -0.034518    0.985756    
0.616228     -1.309760    53.779350    53.834828    0.017812     -0.037859    1.554522    
0.545356     -1.235722    98.290292    98.319280    0.119483     -0.270737    21.534626   
0.711858     0.510484     58.095964    58.135904    0.003228     0.002315     0.263476    
1.050043     -1.131342    154.146518   154.166814   0.140156     -0.151007    20.574885   
-0.660651    -0.664061    18.054822    18.185955    -0.175935    -0.176843    4.808105    
0.601940     -0.612541    50.927645    50.972910    0.119268     -0.121368    10.090750   
-0.253531    -2.133834    54.941950    55.019181    -0.007387    -0.062174    1.600868    
0.656705     -1.687003    43.712477    43.794210    0.030449     -0.078221    2.026815    
-0.158063    0.181362     16.159304    16.280539    -0.012871    0.014769     1.315874    
1.665350     -0.240461    74.158336    74.203538    0.074891     -0.010814    3.334919    
-0.109803    -0.324404    137.750835   137.765325   -0.000121    -0.000359    0.152374    
-0.495092    -1.342730    39.610622    39.685316    -0.006354    -0.017233    0.508362    
0.399200     -0.460490    67.014064    67.045739    0.023769     -0.027419    3.990199    
-0.592580    0.873199     56.123756    56.168181    -0.012125    0.017867     1.148358    
-1.715094    0.024597     64.154969    64.208077    -0.234594    0.003364     8.775261    
0.740929     1.793732     11.771060    12.091289    0.075151     0.181936     1.193923    
-1.810803    -0.855720    98.666583    98.706539    -0.071959    -0.034005    3.920861    
-1.678698    0.871773     43.437232    43.522937    -0.112956    0.058660     2.922804    
1.046968     0.081920     14.819029    14.986041    0.032872     0.002572     0.465277    
0.078000     0.315696     65.641314    65.671628    0.001438     0.005822     1.210527    
-1.733305    -1.080295    50.303073    50.382988    -0.252060    -0.157098    7.315148    
-0.274138    0.264989     36.606679    36.661550    -0.013881    0.013418     1.853611    
0.581748     0.022892     69.026889    69.057406    0.025418     0.001000     3.015912    
-0.214354    1.216347     93.554946    93.583804    -0.009618    0.054576     4.197673    
-1.505338    -0.049678    20.191218    20.342782    -0.060121    -0.001984    0.806404    
-0.485670    -0.285735    50.387059    50.428644    -0.195416    -0.114969    20.273917   
-1.033477    1.115962     28.738630    28.846096    -0.012551    0.013553     0.349026    
1.401333     -1.107254    42.492802    42.575849    0.195581     -0.154537    5.930630    
-0.330023    -0.408534    108.924811   108.943862   -0.054511    -0.067478    17.991363   
-1.147466    0.451183     41.942496    42.006764    -0.002127    0.000836     0.077732    
-0.823582    -1.056011    23.210680    23.332468    -0.029666    -0.038038    0.836055    
0.756714     0.444673     44.884310    44.936028    0.006766     0.003976     0.401315    
1.793252     1.290564     40.178251    40.287071    0.143825     0.103508     3.222444    
-2.246950    0.201426     100.522308   100.566887   -0.131587    0.011796     5.886853    
1.775608     -0.940350    24.583508    24.743906    0.015171     -0.008034    0.210039    
0.461110     -1.890514    28.613712    28.747280    0.006403     -0.026253    0.397351    
-0.698004    0.338637     62.152526    62.188531    -0.014346    0.006960     1.277382    
1.377404     -2.589726    85.196480    85.269684    0.011244     -0.021140    0.695465    
0.383801     -0.487492    76.161536    76.189497    0.119803     -0.152170    23.773726   
-0.387800    0.120919     31.853144    31.916496    -0.032536    0.010145     2.672473    
-1.752086    -0.853421    22.438862    22.609193    -0.133013    -0.064789    1.703488    
1.028535     1.038896     126.809403   126.833106   0.071856     0.072580     8.859191    
-0.787280    -0.474204    5.853356     6.243509     -0.106241    -0.063992    0.789894    
-2.337155    0.315041     43.967700    44.074881    -0.001663    0.000224     0.031294    
-0.990375    0.394104     12.016751    12.223478    -0.017519    0.006971     0.212566    
-1.403274    -0.694883    40.869579    40.946911    -0.020551    -0.010177    0.598549    
2.508481     -1.518344    119.741642   119.793713   0.096615     -0.058480    4.611910    
1.951372     0.425135     29.829036    29.960557    0.315630     0.068765     4.824786    
-0.280947    0.667134     67.472956    67.505546    -0.034449    0.081803     8.273407    
-1.283937    -0.803033    31.941827    32.038237    -0.032640    -0.020414    0.812007    
-2.627856    0.115992     67.061834    67.142264    -0.518076    0.022867     13.221088   
-0.044624    2.498384     52.476899    52.573223    -0.003213    0.179862     3.777876    
-0.534621    -1.739435    39.641984    39.732522    -0.035031    -0.113978    2.597567    
0.199483     0.858583     63.850805    63.887222    0.003899     0.016784     1.248157    
-0.312164    0.016063     171.212957   171.224559   -0.021639    0.001113     11.868410   
0.484631     0.528337     10.981979    11.180019    0.033002     0.035978     0.747833    
0.711097     0.396847     18.359961    18.483134    0.011798     0.006584     0.304608    
-1.009591    0.828368     13.157260    13.367645    -0.144550    0.118603     1.883813    
0.476010     1.264089     57.530357    57.579870    0.002670     0.007089     0.322645    
-1.985771    1.012644     56.407755    56.486091    -0.314796    0.160530     8.942090    
-0.499260    -2.251692    21.127531    21.344013    -0.001112    -0.005015    0.047055    
0.335074     0.348169     28.695216    28.766714    0.008551     0.008885     0.732253    
0.932213     -1.501099    25.090627    25.229681    0.101607     -0.163613    2.734764    
2.042479     -0.973592    16.859853    17.124520    0.096313     -0.045910    0.795025    
-1.050620    -0.186125    16.001360    16.157256    -0.027682    -0.004904    0.421605    
1.111497     0.386541     16.057220    16.220175    0.024158     0.008401     0.349000    
1.108352     -1.296527    22.725899    22.874678    0.084146     -0.098432    1.725345    
0.611085     1.078828     30.051480    30.141395    0.045829     0.080907     2.253721    
0.700311     0.027300     50.899500    50.942372    0.050785     0.001980     3.691128    
-0.800009    -0.498687    48.141893    48.191343    -0.060630    -0.037794    3.648533    
-0.059301    0.810138     16.562640    16.698977    -0.007956    0.108691     2.222096    
-0.448538    1.489420     9.829479     10.144613    -0.025594    0.084988     0.560881    
-1.822911    0.462433     46.101259    46.181575    -0.087972    0.022316     2.224792    
-0.511071    0.243982     11.705517    11.883383    -0.027988    0.013361     0.641037    
0.978475     0.852625     72.605562    72.643837    0.321032     0.279741     23.821471   
-0.172970    0.295858     19.495948    19.598071    -0.007618    0.013031     0.858697    
-0.367323    0.061453     38.751622    38.803374    -0.001071    0.000179     0.113015    
0.337948     2.589652     92.459136    92.516957    0.018589     0.142445     5.085758    
-1.040595    0.849865     17.758753    17.917962    -0.067021    0.054737     1.143776    
-0.109384    0.470667     38.091202    38.145092    -0.013011    0.055986     4.530929    
0.136854     0.857656     43.996888    44.049465    0.007378     0.046239     2.372013    
0.547416     -0.044376    18.341186    18.454692    0.027686     -0.002244    0.927614    
-1.660460    -1.383074    25.908213    26.072600    -0.068348    -0.056930    1.066433    
1.069542     1.309147     62.503162    62.556998    0.031669     0.038763     1.850696    
-0.608759    0.897061     34.569911    34.642878    -0.157122    0.231534     8.922581    
-1.942593    -0.325784    76.038617    76.089593    -0.175819    -0.029486    6.882069    
-0.280684    0.206159     15.892344    16.017579    -0.003766    0.002766     0.213231    
1.016073     -0.079966    16.349881    16.499465    0.006262     -0.000493    0.100761    
1.272864     -1.607824    46.614710    46.701300    0.085835     -0.108423    3.143446    
-0.643114    1.125186     33.187581    33.271161    -0.013138    0.022986     0.677980    
-2.058473    0.185907     46.140677    46.228875    -0.055834    0.005042     1.251510    
-0.693173    -0.805284    53.908542    53.954934    -0.027130    -0.031518    2.109893    
-1.648002    0.578146     27.759848    27.884301    -0.108044    0.037904     1.819949    
0.692956     -0.978437    103.011515   103.037298   0.035751     -0.050480    5.314624    
-0.017140    2.598224     109.765562   109.813954   -0.000649    0.098426     4.158135    
-0.988368    0.076408     79.991374    80.021732    -0.055122    0.004261     4.461187    
1.569709     -1.851482    61.822365    61.901307    0.228497     -0.269514    8.999256    
-0.536063    0.373346     6.301581     6.634126     -0.053671    0.037380     0.630922    
1.257004     0.740336     30.320000    30.418835    0.010869     0.006401     0.262162    
0.468756     1.576145     16.417471    16.616626    0.031886     0.107212     1.116748    
0.029474     0.324802     12.059561    12.223515    0.004124     0.045441     1.687165    
-0.341615    -0.455035    14.902803    15.043013    -0.023055    -0.030709    1.005748    
1.035671     -0.115047    17.128030    17.272238    0.015165     -0.001685    0.250796    
0.383282     -0.213667    22.727951    22.817258    0.043469     -0.024233    2.577662    
0.570325     -0.475129    65.916328    65.949892    0.011486     -0.009569    1.327512    
-3.107720    -1.249414    72.123910    72.228473    -0.081438    -0.032741    1.890010    
0.608299     0.792281     93.781184    93.807159    0.026999     0.035165     4.162377    
-0.118877    0.539313     18.357501    18.470998    -0.000838    0.003801     0.129372    
-0.725677    -1.071757    24.273003    24.387065    -0.104000    -0.153598    3.478655    
-0.981581    0.672525     8.623350     8.924847     -0.159339    0.109171     1.399822    
-2.278757    0.037814     19.656666    19.886016    -0.093544    0.001552     0.806918    
1.211426     -0.759016    24.638213    24.758032    0.144403     -0.090475    2.936894    
-0.420582    -0.743073    20.119480    20.233573    -0.017080    -0.030177    0.817077    
1.648904     0.295889     62.677561    62.730838    0.127294     0.022842     4.838646    
1.652600     -0.235152    35.607314    35.700730    0.079880     -0.011366    1.721116    
-0.070278    -1.400716    12.616315    12.845751    -0.000696    -0.013875    0.124975    
0.874267     -0.900968    16.177438    16.345046    0.135130     -0.139257    2.500442    
0.919914     -0.701988    42.081712    42.143617    0.030597     -0.023348    1.399652    
1.191890     0.653378     16.868793    17.037565    0.040604     0.022259     0.574667    
1.588768     0.431899     59.409541    59.464941    0.028328     0.007701     1.059290    
0.570900     -0.229141    16.898280    17.023668    0.105738     -0.042440    3.129778    
-0.859792    -0.227388    11.160375    11.367492    -0.048071    -0.012713    0.623976    
1.275927     -0.012091    15.456219    15.633227    0.020861     -0.000198    0.252706    
0.223709     -0.105909    25.932248    26.008032    0.044439     -0.021038    5.151323    
0.162132     -2.392730    76.549880    76.612731    0.013035     -0.192367    6.154340    
0.170437     -0.310843    34.843801    34.901162    0.002239     -0.004084    0.457769    
0.645591     -0.447768    76.696199    76.725479    0.017934     -0.012439    2.130584    
0.304456     0.495177     36.553614    36.611195    0.047267     0.076877     5.674982    
0.402498     0.812717     35.574605    35.640567    0.005518     0.011142     0.487700    
1.300535     -2.551742    26.654880    26.880483    0.033554     -0.065836    0.687708    
-0.438211    -0.300298    89.255318    89.278603    -0.011300    -0.007743    2.301512    
-2.205855    0.959656     52.804041    52.895448    -0.165321    0.071923     3.957466    
1.013521     0.760332     42.790203    42.854192    0.041789     0.031349     1.764285    
-0.577693    1.256966     15.048380    15.239501    -0.038258    0.083242     0.996575    
-1.188959    -1.290549    56.732437    56.793693    -0.353591    -0.383804    16.871985   
1.262426     0.028257     34.065647    34.145831    0.032237     0.000722     0.869880    
0.642440     0.639119     16.663650    16.803970    0.056229     0.055938     1.458462    
1.462898     -0.204278    27.787475    27.896245    0.021407     -0.002989    0.406614    
-0.406781    1.679968     96.469740    96.505303    -0.001179    0.004868     0.279535    
-2.050873    0.579055     51.161772    51.243958    -0.068279    0.019278     1.703315    
-0.723196    0.154490     48.901095    48.946287    -0.026553    0.005672     1.795466    
-0.034085    0.818360     20.792124    20.901154    -0.006221    0.149365     3.794938    
1.717083     -1.059703    164.987604   165.011684   0.038172     -0.023558    3.667837    
0.009126     1.273732     19.809721    19.947994    0.000232     0.032343     0.503014    
-0.719549    -0.461149    43.466209    43.519153    -0.172317    -0.110436    10.409253   
2.162304     -0.927963    18.462685    18.715831    0.050182     -0.021536    0.428480    
0.635696     0.422824     26.123363    26.208547    0.004117     0.002739     0.169199    
-1.027064    -0.293142    13.539743    13.723716    -0.063245    -0.018051    0.833761    
0.405561     -0.752813    6.638348     6.976663     0.018148     -0.033687    0.297053    
0.823350     -1.770059    79.827632    79.875758    0.099246     -0.213363    9.622410    
0.390023     0.033231     41.837006    41.885120    0.028878     0.002460     3.097661    
2.518215     -0.126018    45.891425    46.002773    0.166807     -0.008347    3.039860    
-1.566693    -0.429580    64.892375    64.942547    -0.462038    -0.126689    19.137595   
-0.072485    -0.164825    7.181902     7.448965     -0.013362    -0.030384    1.323920    
-0.799668    -3.604584    31.134057    31.413961    -0.007737    -0.034877    0.301244    
-0.218233    -0.125642    17.807734    17.917973    -0.003888    -0.002238    0.317242    
1.961502     0.073774     10.080599    10.456881    0.023235     0.000874     0.119410    
0.322818     2.148351     73.042189    73.100998    0.018472     0.122928     4.179446    
0.054669     -0.042904    10.335770    10.521783    0.003740     -0.002935    0.707110    
-1.163561    0.215460     14.674187    14.852845    -0.169446    0.031377     2.136964    
-2.057312    1.425037     72.005376    72.075741    -1.032763    0.715364     36.146434   
0.565842     -0.982492    17.682332    17.827655    0.024683     -0.042858    0.771333    
-0.296913    1.914655     24.890022    25.042807    -0.006303    0.040643     0.528349    
-0.160369    1.211318     67.483233    67.522994    -0.002572    0.019425     1.082168    
-1.986262    -0.833957    56.866843    56.941668    -0.124259    -0.052172    3.557537    
0.637744     -2.228324    18.556227    18.803740    0.000018     -0.000063    0.000522    
-0.537614    1.294247     35.047562    35.130765    -0.023046    0.055480     1.502362    
-0.834594    0.780765     41.150902    41.213806    -0.067632    0.063270     3.334678    
1.898085     -1.581435    23.374435    23.586921    0.041569     -0.034634    0.511910    
-0.302218    -2.586756    38.003420    38.143381    -0.049142    -0.420622    6.179577    
-2.106906    -0.540709    17.827141    18.066913    -0.301203    -0.077300    2.548566    
0.590801     -0.264165    46.928795    46.974521    0.014891     -0.006658    1.182839    
-1.589224    0.768074     48.495202    48.567222    -0.005191    0.002509     0.158393    
-1.301586    1.013223     67.480879    67.529732    -0.014908    0.011605     0.772899    
-1.371788    1.175141     111.656088   111.688047   -0.018878    0.016172     1.536572    
0.116460     0.214510     4.042534     4.502956     0.000489     0.000900     0.016962    
-0.036057    0.128506     3.703786     4.196522     -0.000110    0.000392     0.011287    
0.534390     -1.228151    38.521422    38.594933    0.037459     -0.086090    2.700246    
0.748491     1.218887     128.096122   128.119231   0.013489     0.021966     2.308502    
-1.288167    0.347704     16.497950    16.668461    -0.276867    0.074732     3.545921    
-0.601493    1.889731     20.526561    20.715877    -0.010770    0.033837     0.367544    
-1.673128    -2.381243    114.510136   114.564025   -0.057912    -0.082422    3.963526    
-0.585738    -0.445687    23.659739    23.752893    -0.007662    -0.005830    0.309494    
0.085727     0.779459     75.856793    75.886382    0.004539     0.041273     4.016706    
-0.429356    1.191694     32.416343    32.500750    -0.008212    0.022794     0.620028    
-1.487858    -0.286839    44.222926    44.292642    -0.084013    -0.016197    2.497074    
-0.020950    -0.153917    9.782702     9.979997     -0.000136    -0.001002    0.063712    
1.324164     1.606377     45.948433    46.037672    0.001880     0.002281     0.065249    
0.285684     -0.753154    30.405740    30.480040    0.014433     -0.038051    1.536149    
-1.760000    -0.691373    11.453679    11.774434    -0.041825    -0.016430    0.272186    
-0.489052    0.402434     156.466707   156.480370   -0.031080    0.025576     9.943811    
0.091719     0.323539     8.219069     8.458199     0.009752     0.034399     0.873863    
1.414330     1.514837     38.073115    38.180258    0.033727     0.036124     0.907915    
0.815424     -1.078266    25.529652    25.641093    0.024389     -0.032251    0.763594    
-0.449432    -1.444553    9.719798     10.031857    -0.025950    -0.083407    0.561211    
-2.404696    -1.225606    17.599691    17.913926    -0.216437    -0.110312    1.584078    
-1.421334    -0.080749    34.304277    34.390189    -0.026244    -0.001491    0.633405    
-0.504733    -0.780992    81.650762    81.679781    -0.104499    -0.161695    16.904779   
-0.833261    0.617832     41.690809    41.750145    -0.007370    0.005464     0.368724    
0.719113     -0.018551    69.322334    69.354008    0.020051     -0.000517    1.932869    
-0.150177    -0.527059    58.520813    58.556476    -0.010922    -0.038333    4.256251    
-1.443877    1.418600     14.533033    14.804770    -0.424847    0.417409     4.276203    
-1.063920    0.078490     44.543351    44.599587    -0.043902    0.003239     1.838067    
2.117314     -0.365929    30.358294    30.497834    0.221791     -0.038332    3.180065    
-2.259080    0.285801     13.531159    13.861903    -1.226779    0.155203     7.348012    
-1.863795    1.232072     14.866916    15.162186    -0.130253    0.086105     1.038991    
-1.281468    1.051956     84.746404    84.785475    -0.013970    0.011468     0.923877    
-0.142848    0.662031     80.994663    81.021411    -0.000936    0.004338     0.530707    
-0.051806    -1.970669    19.325440    19.525209    -0.004418    -0.168053    1.648015    
-0.894035    0.201257     62.418783    62.456539    -0.049233    0.011083     3.437303    
0.163602     -0.797872    38.326104    38.385265    0.004934     -0.024062    1.155840    
-0.228175    2.814560     19.272764    19.577748    -0.056179    0.692967     4.745109    
1.973472     -0.228531    45.871328    45.956507    0.091964     -0.010650    2.137601    
0.156157     -1.360898    31.415078    31.506483    0.014486     -0.126242    2.914170    
0.269124     2.180892     51.061888    51.147044    0.009585     0.077673     1.818593    
-0.050632    0.355434     10.967879    11.148912    -0.012614    0.088549     2.732414    
-2.786176    1.150502     112.453736   112.511351   -0.060264    0.024885     2.432348    
1.523893     -1.682407    24.963591    25.143758    0.023739     -0.026208    0.388877    
-0.942345    -0.871200    37.123385    37.197683    -0.074169    -0.068570    2.921880    
0.623268     0.206602     62.915348    62.949560    0.027580     0.009142     2.784040    
-1.229977    -0.018954    29.491548    29.582758    -0.105064    -0.001619    2.519156    
1.057672     -0.086685    75.805968    75.838947    0.009853     -0.000808    0.706202    
2.001005     0.616486     25.428819    25.590699    0.034086     0.010502     0.433172    
-0.570882    0.448092     28.087170    28.165418    -0.100726    0.079061     4.955682    
0.630513     -0.492310    8.898826     9.148988     0.043936     -0.034306    0.620102    
0.094363     -0.066438    8.225167     8.458229     0.001957     -0.001378    0.170580    
0.514241     0.149549     10.847381    11.037547    0.005722     0.001664     0.120698    
3.774484     1.468790     35.229896    35.516540    0.329508     0.128224     3.075531    
-0.769790    1.615599     57.943281    58.004323    -0.014410    0.030243     1.084661    
-2.387392    -0.828951    87.771129    87.829567    -0.107827    -0.037440    3.964190    
-0.827792    -0.024223    26.871296    26.956026    -0.011134    -0.000326    0.361427    
0.382444     0.535595     49.784170    49.827418    0.017030     0.023850     2.216914    
-0.293189    -0.278922    18.584485    18.692827    -0.040045    -0.038097    2.538372    
0.037775     0.727010     53.737851    53.778820    0.004756     0.091537     6.766067    
-1.013290    0.501234     32.923060    33.001224    -0.087678    0.043371     2.848759    
-0.333228    -0.734852    43.668421    43.720212    -0.075696    -0.166929    9.919743    
-0.856437    1.031839     21.280849    21.413726    -0.117955    0.142113     2.930959    
0.972499     0.489179     13.677353    13.861096    0.145592     0.073235     2.047630    
0.534243     -1.005865    74.282469    74.317275    0.031607     -0.059509    4.394726    
-0.356315    0.819935     35.578873    35.644500    -0.027532    0.063356     2.749179    
1.032596     0.687139     35.544701    35.620769    0.132567     0.088216     4.563292    
0.510616     0.860096     96.051594    96.076970    0.013288     0.022383     2.499593    
-1.518888    -0.346525    23.172517    23.308102    -0.084194    -0.019208    1.284489    
-1.283809    -1.722896    78.466174    78.520265    -0.416544    -0.559010    25.459120   
0.466612     -0.772463    108.977420   108.998933   0.002163     -0.003581    0.505258    
1.727319     1.015176     37.470401    37.575525    0.106751     0.062739     2.315724    
1.026808     0.527510     155.619016   155.635746   0.113687     0.058405     17.229983   
-0.742905    0.648034     98.435797    98.460413    -0.002394    0.002088     0.317232    
-0.076511    -0.446539    10.155084    10.354030    -0.001664    -0.009710    0.220833    
1.085656     -0.472100    16.518040    16.676994    0.126469     -0.054995    1.924202    
1.870216     -0.034837    14.268743    14.524837    0.159578     -0.002972    1.217497    
-0.490293    -1.353170    131.916972   131.939509   -0.027164    -0.074972    7.308776    
-0.668358    -0.246428    66.876138    66.908895    -0.015905    -0.005864    1.591506    
0.707375     -0.253842    70.192324    70.223942    0.108051     -0.038774    10.721787   
2.136697     -1.796354    60.162338    60.259225    0.013988     -0.011760    0.393861    
1.986464     0.481821     99.297906    99.338448    0.235802     0.057194     11.787098   
