-0.098499    0.640768     6.440574     6.765813     -0.011989    0.077995     0.783956    
0.617888     0.942986     42.390959    42.451612    0.049378     0.075358     3.387642    
0.180132     -0.244994    19.572190    19.673283    0.001120     -0.001524    0.121742    
0.042519     0.600847     51.255951    51.297273    0.010436     0.147476     12.580633   
0.689974     -0.804653    152.404945   152.421343   0.096216     -0.112207    21.252555   
-1.085979    -0.445946    62.174115    62.216346    -0.064580    -0.026519    3.697313    
-0.958492    0.202588     17.587114    17.724031    -0.174705    0.036926     3.205616    
-0.596732    0.263624     18.056737    18.175431    -0.150944    0.066684     4.567466    
1.014498     -0.472689    38.767526    38.833602    0.022396     -0.010435    0.855829    
-0.429670    0.957039     23.706742    23.811449    -0.018568    0.041357     1.024456    
-0.700851    0.031227     30.488399    30.559934    -0.026329    0.001173     1.145378    
1.452680     0.341277     61.669477    61.718928    0.160747     0.037764     6.824056    
0.304716     0.516702     6.594678     6.908297     0.009341     0.015840     0.202161    
0.971492     1.489141     73.402988    73.450902    0.115463     0.176985     8.723999    
1.462222     0.333340     69.165600    69.209858    0.300718     0.068554     14.224454   
-0.543646    2.126745     22.300603    22.494676    -0.012961    0.050705     0.531679    
0.092844     0.398734     19.250582    19.355296    0.001350     0.005797     0.279864    
1.487657     0.022572     21.115704    21.259387    0.077868     0.001182     1.105260    
0.410021     -0.176322    106.507138   106.526263   0.002233     -0.000960    0.579920    
0.325768     -0.646645    5.507311     5.893191     0.019933     -0.039567    0.336984    
0.210530     0.196798     7.755433     8.006544     0.031619     0.029557     1.164783    
1.203031     -1.649485    56.692538    56.763429    0.038159     -0.052320    1.798228    
-1.254606    1.403591     45.256392    45.338284    -0.076222    0.085273     2.749478    
1.533619     -0.911534    24.607661    24.750653    0.103606     -0.061580    1.662402    
0.122412     -2.574011    93.026862    93.083363    0.000379     -0.007975    0.288212    
-0.340880    -0.216209    37.581909    37.635592    -0.020253    -0.012846    2.232858    
3.123677     -1.581911    88.584480    88.675503    0.017969     -0.009100    0.509595    
-1.036008    0.281579     28.819971    28.907063    -0.071593    0.019458     1.991601    
-0.458527    -1.836520    27.412702    27.548398    -0.008892    -0.035615    0.531608    
-0.238097    -0.336140    5.712263     6.055955     -0.027184    -0.038378    0.652189    
0.377814     -0.743367    53.677666    53.720221    0.019914     -0.039181    2.829220    
1.212186     -0.015113    142.087954   142.106760   0.033237     -0.000414    3.895913    
-0.930471    -0.655307    7.593687     7.926805     -0.023459    -0.016521    0.191449    
-1.522831    0.024606     61.734060    61.784211    -0.087454    0.001413     3.545279    
0.510712     1.059684     39.249680    39.316613    0.114037     0.236618     8.764105    
-0.261705    1.050953     92.805707    92.832900    -0.024793    0.099564     8.792086    
-1.346220    -0.886000    57.346993    57.403396    -0.052028    -0.034242    2.216332    
1.258764     -1.001404    13.112669    13.356808    0.164437     -0.130817    1.712959    
-1.249845    0.321405     20.775822    20.908734    -0.407437    0.104775     6.772707    
-0.744714    -0.022630    35.665158    35.727210    -0.014870    -0.000452    0.712122    
-0.371148    -0.875512    9.819708     10.060113    -0.011078    -0.026133    0.293103    
1.246417     0.051044     23.801937    23.915754    0.052838     0.002164     1.009012    
-0.502922    0.436361     22.548861    22.644413    -0.030611    0.026560     1.372478    
-0.222449    1.503988     187.386878   187.403384   -0.010448    0.070639     8.801152    
-0.009457    1.242363     29.667537    29.758717    -0.000023    0.003061     0.073092    
0.497210     -0.630416    9.561122     9.794624     0.033382     -0.042325    0.641917    
0.398173     0.834117     53.875224    53.919097    0.095231     0.199496     12.885362   
-0.485675    0.379629     14.366435    14.513766    -0.027837    0.021759     0.823436    
-1.163450    0.074597     84.151856    84.182950    -0.191808    0.012298     13.873387   
0.837202     0.458391     36.076954    36.143223    0.008753     0.004793     0.377192    
0.571902     0.198962     26.187936    26.268796    0.014801     0.005149     0.677775    
0.088765     -0.431081    37.872160    37.925837    0.010324     -0.050136    4.404668    
0.322944     0.415233     25.813530    25.893821    0.069706     0.089625     5.571694    
1.442936     0.743493     35.215386    35.307694    0.029866     0.015389     0.728878    
-0.833072    -1.410440    35.429512    35.521945    -0.054379    -0.092067    2.312673    
0.972617     -3.356319    54.766040    54.912703    0.005356     -0.018481    0.301563    
-0.423265    -0.915807    18.941916    19.070632    -0.006873    -0.014871    0.307574    
-0.485229    0.468117     169.432922   169.445698   -0.023095    0.022281     8.064428    
0.816966     -0.095748    13.523731    13.690978    0.047045     -0.005514    0.778756    
-0.235923    -0.737827    19.346603    19.461913    -0.016607    -0.051937    1.361847    
0.890862     -0.655169    22.403791    22.517275    0.018183     -0.013372    0.457274    
2.313997     -0.375154    42.264549    42.375256    0.212539     -0.034458    3.881962    
-1.741921    1.481480     39.899286    40.013211    -0.286675    0.243813     6.566393    
-1.224933    -0.882560    49.199198    49.261703    -0.017297    -0.012463    0.694743    
-0.836695    0.238286     49.319027    49.365962    -0.030728    0.008751     1.811283    
-1.836506    -2.409971    23.770752    24.043800    -0.001042    -0.001367    0.013484    
0.761078     -0.165136    39.714798    39.771179    0.017156     -0.003723    0.895260    
0.230559     0.194935     8.412469     8.644984     0.000869     0.000735     0.031714    
1.176468     -0.790083    37.896849    37.974391    0.007716     -0.005182    0.248561    
1.275559     0.689196     67.551962    67.596187    0.142892     0.077206     7.567394    
-0.637871    0.514340     74.176717    74.207356    -0.134391    0.108364     15.628041   
0.720351     -0.173159    33.204714    33.271262    0.039386     -0.009468    1.815502    
0.434119     0.086465     61.728519    61.761485    0.037231     0.007415     5.294011    
0.569140     -1.120801    11.246830    11.486786    0.000663     -0.001306    0.013108    
0.126636     -0.658686    82.462788    82.489007    0.012601     -0.065544    8.205631    
-1.456850    -0.233149    30.828910    30.926905    -0.051093    -0.008177    1.081205    
-0.885480    0.842711     44.382912    44.443358    -0.043663    0.041554     2.188539    
-1.024263    -1.387009    94.620838    94.657017    -0.211867    -0.286901    19.572192   
2.076597     -0.865080    18.404029    18.645210    0.118998     -0.049573    1.054634    
-1.399516    -0.760309    25.413192    25.539029    -0.087031    -0.047281    1.580352    
0.226917     1.227157     25.712235    25.817656    0.021958     0.118749     2.488111    
-0.378696    2.378340     17.804618    18.074271    -0.003652    0.022933     0.171679    
0.146775     2.163571     49.912424    49.998276    0.026687     0.393387     9.075239    
-0.965991    0.118031     58.114700    58.156172    -0.074588    0.009114     4.487297    
1.202199     0.726272     14.305003    14.507957    0.097378     0.058828     1.158706    
0.046861     -0.919839    38.889669    38.950348    0.000155     -0.003049    0.128903    
-0.367089    0.695031     139.151109   139.167252   -0.013252    0.025091     5.023483    
0.619684     -1.258665    159.870924   159.889197   0.027756     -0.056377    7.160805    
-1.647249    0.153707     43.113892    43.190505    -0.067018    0.006254     1.754091    
-1.131600    -0.371977    46.795739    46.852268    -0.135045    -0.044392    5.584589    
0.335815     -0.028710    13.420525    13.568310    0.029789     -0.002547    1.190504    
-0.510252    -0.598637    24.499860    24.591398    -0.072298    -0.084821    3.471398    
-0.347855    0.997942     21.770805    21.885150    -0.051332    0.147263     3.212649    
0.294216     1.180832     33.125459    33.206202    0.014267     0.057259     1.606267    
0.716514     -0.284045    7.936739     8.213455     0.004964     -0.001968    0.054991    
-0.452672    -0.887471    51.066916    51.114551    -0.016038    -0.031444    1.809325    
-1.338326    -0.105819    14.707055    14.898816    -0.131682    -0.010412    1.447073    
-0.666901    -0.798691    14.479253    14.649450    -0.008576    -0.010271    0.186199    
-0.975589    1.444254     21.879660    22.037063    -0.038710    0.057306     0.868149    
-0.261360    -0.722580    31.825279    31.895356    -0.009535    -0.026362    1.161093    
1.326419     -0.928984    23.604563    23.741794    0.018805     -0.013170    0.334640    
1.253158     0.203986     70.162844    70.201935    0.238614     0.038841     13.359698   
-2.672059    1.379206     92.171080    92.241125    -0.157457    0.081273     5.431391    
-0.889882    -1.800852    27.803771    27.945654    -0.181228    -0.366751    5.662353    
1.264515     -0.119062    15.795608    15.968386    0.063619     -0.005990    0.794694    
-2.487180    -1.743016    78.338732    78.422293    -0.008297    -0.005815    0.261338    
0.239724     -0.005519    130.047995   130.063113   0.047675     -0.001098    25.863510   
1.009263     -0.073425    60.231763    60.272417    0.085396     -0.006213    5.096316    
0.091351     -0.651457    39.914710    39.968635    0.000078     -0.000558    0.034162    
0.750604     -0.285437    37.678653    37.738584    0.105750     -0.040214    5.308417    
-0.825804    0.553228     181.984111   181.997471   -0.019611    0.013138     4.321674    
0.443914     1.549196     86.901018    86.938248    0.030788     0.107445     6.027039    
0.676287     0.298648     41.946787    41.999458    0.039161     0.017293     2.428968    
0.359203     -0.791142    27.083904    27.169242    0.027686     -0.060978    2.087500    
0.327536     0.579749     40.212364    40.266023    0.046231     0.081831     5.675906    
-0.467521    -0.575692    74.962734    74.992242    -0.024266    -0.029881    3.890864    
-0.949650    0.991997     37.380292    37.457270    -0.025217    0.026342     0.992602    
-0.152833    0.304583     51.410395    51.449197    -0.007322    0.014593     2.463084    
0.548391     0.161598     10.854222    11.046082    0.011512     0.003392     0.227855    
0.315844     0.760516     72.970848    73.002040    0.021355     0.051421     4.933795    
1.974209     -0.311865    67.537645    67.595882    0.051986     -0.008212    1.778435    
-0.659245    0.624278     27.907009    27.991078    -0.030157    0.028557     1.276587    
-1.002490    -1.205411    82.607834    82.646156    -0.010450    -0.012566    0.861141    
-1.101283    -0.860848    31.521834    31.614155    -0.055760    -0.043586    1.596015    
2.105966     1.414651     30.671045    30.838682    0.122646     0.082386     1.786201    
-0.881780    0.175709     78.762587    78.792312    -0.043631    0.008694     3.897254    
-1.262641    1.781429     71.540605    71.600984    -0.088512    0.124880     5.015060    
-0.130315    0.387760     58.738434    58.772833    -0.010271    0.030561     4.629482    
-0.588651    -0.392325    32.266042    32.333772    -0.010745    -0.007161    0.588970    
0.257966     -0.816317    35.835830    35.900064    0.001816     -0.005748    0.252314    
-0.055098    -0.021436    121.711514   121.727446   -0.000826    -0.000322    1.825631    
0.244094     2.046578     23.205212    23.379583    0.013679     0.114690     1.300422    
-0.919003    2.715249     43.705838    43.843955    -0.045437    0.134245     2.160867    
0.717589     -1.193573    32.695453    32.784251    0.219447     -0.365009    9.998653    
-0.637571    0.769922     60.457659    60.497957    -0.006363    0.007684     0.603354    
0.786118     -2.208789    74.461726    74.524629    0.006001     -0.016860    0.568385    
1.153221     0.728187     53.056704    53.110724    0.010608     0.006699     0.488062    
-0.131519    1.726065     57.690925    57.750449    -0.014825    0.194571     6.503207    
-1.830141    0.053892     29.283888    29.407029    -0.126528    0.003726     2.024559    
-0.216899    1.186654     48.691455    48.746158    -0.049082    0.268526     11.018321   
-0.404221    -0.324655    40.456328    40.507508    -0.052362    -0.042055    5.240606    
-0.381332    0.641079     95.326621    95.349861    -0.030166    0.050714     7.541094    
0.979818     0.636280     54.085398    54.133817    0.094823     0.061577     5.234158    
-0.038172    -0.513500    35.560187    35.618352    -0.001863    -0.025067    1.735884    
0.851205     0.948787     68.635085    68.675138    0.150259     0.167484     12.115767   
1.127323     0.054190     27.672428    27.765303    0.278435     0.013384     6.834739    
-1.198404    -1.461398    38.105867    38.203455    -0.016083    -0.019613    0.511403    
0.940904     0.288060     10.678722    10.903135    0.638111     0.195359     7.242190    
-1.036496    -1.084201    27.143009    27.255599    -0.008636    -0.009033    0.226143    
-0.376242    0.308849     59.314462    59.349114    -0.019713    0.016182     3.107819    
1.759719     0.096199     48.240576    48.312876    0.104676     0.005722     2.869560    
-0.616881    -0.213907    15.875831    16.010723    -0.045357    -0.015728    1.167293    
-2.663411    0.382385     45.452644    45.574749    -0.753751    0.108216     12.863197   
1.765325     0.494630     56.939298    57.002804    0.409815     0.114827     13.218293   
-0.451245    -0.459836    63.011289    63.045322    -0.001671    -0.001703    0.233370    
0.504899     -1.001952    32.962582    33.040363    0.068073     -0.135089    4.444206    
-0.894985    -1.999617    44.894027    44.990533    -0.028378    -0.063404    1.423497    
0.092907     -0.779636    29.850410    29.925548    0.006698     -0.056207    2.152044    
0.220129     -0.032882    11.342877    11.514571    0.023765     -0.003550    1.224580    
-0.117212    -0.545870    6.767726     7.070275     -0.004445    -0.020700    0.256642    
0.595987     -0.205662    8.741251     8.982311     0.137384     -0.047408    2.014989    
1.420507     0.000062     32.277953    32.369107    0.000081     0.000000     0.001836    
-0.060446    1.553147     14.350114    14.567657    -0.001285    0.033022     0.305106    
-0.591386    -0.167684    14.219657    14.368419    -0.009341    -0.002649    0.224596    
-1.080583    0.611076     17.608595    17.761719    -0.172560    0.097584     2.811946    
-0.364197    0.332149     18.211314    18.324025    -0.003565    0.003252     0.178282    
0.058640     0.772466     30.256712    30.330574    0.005466     0.072001     2.820206    
-0.438930    -0.219580    13.820761    13.968868    -0.018555    -0.009283    0.584262    
-1.488552    0.957698     27.455052    27.582382    -0.266835    0.171675     4.921546    
-0.538741    -1.106545    25.935994    26.039689    -0.272959    -0.560643    13.140759   
-0.416521    0.282333     48.588842    48.631304    -0.008641    0.005857     1.008048    
1.770866     -0.451057    28.576592    28.702543    0.027387     -0.006976    0.441945    
0.062549     -1.661051    16.511611    16.711411    0.006007     -0.159522    1.585721    
-0.966922    -1.059993    99.542394    99.572194    -0.098343    -0.107809    10.124213   
-1.399297    -0.502652    43.823189    43.892568    -0.012167    -0.004371    0.381048    
-0.811693    1.555960     44.933219    45.010543    -0.086178    0.165198     4.770614    
0.098411     -0.299093    15.775259    15.900720    0.001052     -0.003197    0.168630    
0.159065     -1.059757    100.241860   100.266913   0.009052     -0.060306    5.704322    
1.379235     0.553910     41.139132    41.213011    0.101285     0.040677     3.021087    
0.024198     -0.474904    16.138275    16.264839    0.001019     -0.020006    0.679848    
-0.471649    0.030921     7.264088     7.540911     -0.014603    0.000957     0.224909    
-0.273373    -1.911488    19.169950    19.367252    -0.008412    -0.058822    0.589910    
0.300263     0.598436     23.868317    23.958710    0.006031     0.012020     0.479407    
-1.940139    -0.252911    46.106004    46.189464    -0.083374    -0.010868    1.981331    
-1.363730    1.029634     104.129981   104.162603   -0.029453    0.022237     2.248901    
-0.038288    -0.358009    22.349388    22.438800    -0.000811    -0.007580    0.473176    
1.824768     -0.656568    46.921712    47.003009    0.008014     -0.002883    0.206063    
-0.395550    0.617036     46.689897    46.737123    -0.007477    0.011664     0.882611    
-0.094097    2.098529     32.578574    32.705521    -0.004199    0.093649     1.453858    
-0.612221    -0.351816    123.513368   123.531072   -0.081128    -0.046621    16.367362   
-0.674092    -0.116800    67.685597    67.717671    -0.019666    -0.003408    1.974682    
1.580242     1.606531     31.929662    32.069556    0.281722     0.286408     5.692344    
0.121636     0.106870     8.516853     8.742880     0.016870     0.014822     1.181257    
1.035763     0.112788     23.590228    23.695133    0.030557     0.003327     0.695954    
0.052059     -2.570340    13.908383    14.280317    0.009202     -0.454346    2.458515    
-1.214848    -0.219795    151.661125   151.678924   -0.108170    -0.019571    13.503911   
0.483805     0.655129     36.726535    36.788267    0.024900     0.033718     1.890235    
1.288464     0.228215     16.897319    17.061845    0.039284     0.006958     0.515181    
-0.699429    0.935696     110.973621   110.997227   -0.220528    0.295023     34.989724   
-0.462665    -0.847586    59.461650    59.502061    -0.030562    -0.055989    3.927859    
-0.313095    -0.308054    55.476645    55.513296    -0.055923    -0.055023    9.908920    
1.546837     -0.067903    14.769058    14.979898    0.072433     -0.003180    0.691585    
0.827669     -0.538310    35.400118    35.468551    0.003763     -0.002448    0.160961    
-1.980304    -3.200183    99.176313    99.267209    -0.169356    -0.273681    8.481591    
-0.182049    0.448577     117.508120   117.525604   -0.007453    0.018363     4.810435    
1.187061     -1.162380    21.188421    21.344423    0.033375     -0.032681    0.595720    
0.379177     1.060010     17.555922    17.701773    0.025171     0.070367     1.165415    
-0.467904    0.168185     135.368353   135.383578   -0.138639    0.049833     40.109375   
-0.239785    0.460378     36.200262    36.257460    -0.004734    0.009089     0.714691    
0.168219     -0.192882    23.137932    23.222927    0.026600     -0.030500    3.658765    
-1.239176    0.613856     18.730441    18.884299    -0.002995    0.001483     0.045264    
-2.015747    0.437717     13.598193    13.893907    -0.531001    0.115306     3.582120    
-0.822436    0.911682     11.386605    11.620555    -0.012112    0.013427     0.167697    
-2.008416    -0.367215    33.471223    33.591164    -0.065722    -0.012017    1.095295    
0.324542     -1.324946    45.606416    45.669256    0.043813     -0.178866    6.156814    
-1.367533    -1.507830    28.907296    29.045661    -0.078005    -0.086008    1.648897    
0.848096     0.116566     65.094060    65.129444    0.016974     0.002333     1.302838    
-0.658819    -2.501801    12.316335    12.738137    -0.048322    -0.183497    0.903352    
0.800391     -2.112727    45.314098    45.413067    0.066403     -0.175279    3.759402    
0.515030     1.328821     161.754226   161.772481   0.063273     0.163249     19.871968   
0.119179     -1.684666    47.297459    47.368522    0.004518     -0.063869    1.793131    
-0.375818    -0.458095    103.230530   103.250997   -0.003364    -0.004101    0.924079    
-0.647503    0.967390     50.130943    50.183079    -0.066658    0.099588     5.160754    
-1.147176    0.958505     51.017814    51.077657    -0.093454    0.078084     4.156145    
-2.161470    0.621324     44.563283    44.663399    -0.007723    0.002220     0.159218    
0.356185     0.307831     78.170669    78.196867    0.014098     0.012184     3.094034    
0.109177     -1.061947    72.295882    72.330555    0.002555     -0.024853    1.691983    
-0.414989    0.330683     9.457832     9.675077     -0.037039    0.029515     0.844150    
-0.757818    1.203452     52.332865    52.389181    -0.008048    0.012780     0.555763    
0.647937     0.795121     9.950351     10.194924    0.005635     0.006915     0.086537    
-0.969211    1.035066     87.068331    87.102124    -0.020575    0.021973     1.848338    
0.237949     -1.841815    48.136415    48.212429    0.006485     -0.050197    1.311905    
0.352248     -1.312145    17.565840    17.727929    0.030979     -0.115397    1.544833    
-1.678219    -0.235962    64.611469    64.663660    -0.294414    -0.041395    11.334936   
-0.214901    0.962259     35.692562    35.760398    -0.001470    0.006582     0.244153    
-0.893154    1.800296     13.854263    14.136985    -0.103351    0.208321     1.603148    
-0.151245    0.334408     14.528747    14.666088    -0.021051    0.046545     2.022204    
-0.033188    -0.166986    13.167614    13.315029    -0.005240    -0.026364    2.078937    
-1.347229    1.116641     58.824057    58.882990    -0.220525    0.182781     9.628795    
-0.812847    -0.464107    54.351080    54.394769    -0.030674    -0.017514    2.051018    
-0.223949    -0.694007    44.910888    44.959923    -0.021515    -0.066675    4.314728    
-0.028740    1.472586     19.228646    19.385178    -0.003233    0.165646     2.162965    
1.207292     -0.971712    44.508390    44.578846    0.032871     -0.026457    1.211843    
-1.165568    0.401290     162.802707   162.819274   -0.171186    0.058937     23.910717   
-0.480931    -0.980255    78.591237    78.623468    -0.012008    -0.024475    1.962240    
1.359543     0.746181     36.386715    36.472909    0.096385     0.052901     2.579644    
-1.231393    0.584657     55.900741    55.951996    -0.008868    0.004210     0.402578    
-0.868045    -0.680477    17.066184    17.214708    -0.177293    -0.138983    3.485656    
-0.411662    -0.902158    33.887554    33.959161    -0.044014    -0.096457    3.623182    
0.822635     -0.547109    92.963529    92.989616    0.021448     -0.014265    2.423812    
0.028106     2.519575     32.805965    32.961422    0.001842     0.165124     2.149983    
0.514858     1.272058     93.576212    93.606974    0.006630     0.016380     1.204951    
-1.075763    0.814417     22.182315    22.310325    -0.001958    0.001482     0.040366    
-0.664472    1.268742     23.697281    23.821992    -0.006122    0.011689     0.218316    
0.820344     0.597546     14.970184    15.133122    0.008066     0.005875     0.147188    
-0.073820    1.032466     12.469731    12.666514    -0.010187    0.142484     1.720862    
-0.646358    0.513868     10.313830    10.532421    -0.074110    0.058919     1.182565    
-0.550841    -1.002909    31.388507    31.470980    -0.012979    -0.023630    0.739570    
0.672573     -1.061325    27.454997    27.554139    0.000261     -0.000412    0.010670    
-0.191386    0.551317     29.722822    29.793651    -0.046300    0.133375     7.190571    
-0.449503    0.758908     22.690694    22.792993    -0.003354    0.005662     0.169287    
0.852714     0.596251     45.818695    45.872764    0.079707     0.055735     4.282896    
1.038209     -1.040662    75.777894    75.817709    0.488912     -0.490067    35.685189   
0.369969     0.501591     33.740372    33.803493    0.041169     0.055815     3.754488    
1.405622     -0.924873    15.041307    15.262603    0.093713     -0.061661    1.002801    
2.627072     -0.475407    112.494190   112.543082   0.344231     -0.062294    14.740370   
1.456342     0.775229     57.487485    57.544832    0.197207     0.104975     7.784509    
0.562678     0.924474     120.834444   120.855323   0.002466     0.004051     0.529510    
-0.328914    -2.639832    36.001356    36.153140    -0.044756    -0.359207    4.898768    
-1.212666    -1.156472    65.234231    65.285433    -0.149602    -0.142669    8.047692    
0.426884     -1.330232    29.832788    29.930285    0.056058     -0.174684    3.917588    
-0.602273    0.566071     29.346057    29.423616    -0.122229    0.114882     5.955680    
-0.893116    -1.484022    68.449207    68.499408    -0.061833    -0.102743    4.738947    
-1.203459    0.047109     71.778234    71.815321    -0.054207    0.002122     3.233059    
-0.317128    -0.454147    21.465100    21.562289    -0.002200    -0.003150    0.148903    
-0.583256    -1.068767    63.717284    63.759311    -0.027614    -0.050600    3.016630    
-2.681043    1.606558     32.467126    32.676571    -0.319048    0.191183     3.863636    
0.707049     -2.391518    62.774652    62.855001    0.010361     -0.035045    0.919887    
-1.163466    -0.049437    44.070454    44.129763    -0.198950    -0.008454    7.535963    
-0.324574    -1.559831    108.711476   108.740970   -0.067070    -0.322322    22.464037   
-1.087883    0.880457     21.925474    22.058106    -0.191861    0.155279     3.866821    
0.775406     0.816870     7.958548     8.275384     0.011186     0.011785     0.114814    
-0.260857    -0.082769    74.427529    74.454060    -0.006460    -0.002050    1.843091    
0.236339     0.253498     32.775346    32.836236    0.002636     0.002827     0.365498    
1.014423     0.226479     49.126089    49.176498    0.140929     0.031464     6.824863    
-0.632503    0.361292     114.229274   114.248557   -0.092669    0.052933     16.735865   
2.233461     -0.645974    68.652285    68.719843    0.102788     -0.029729    3.159502    
-0.950581    1.544498     15.816494    16.041369    -0.010421    0.016932     0.173396    
0.160544     -1.296044    73.902217    73.939963    0.019931     -0.160897    9.174582    
0.251136     0.368428     15.951925    16.079106    0.022706     0.033311     1.442253    
1.866570     0.346837     16.528081    16.752815    0.046119     0.008570     0.408371    
0.654913     0.838316     39.813333    39.876160    0.041092     0.052599     2.498034    
0.503476     0.994954     16.934989    17.085439    0.025979     0.051339     0.873836    
0.183870     0.278446     54.996765    55.032995    0.000990     0.001500     0.296249    
0.381531     0.673678     28.064901    28.144503    0.001490     0.002632     0.109638    
-0.133826    0.770369     13.343973    13.511031    -0.004248    0.024451     0.423526    
-1.175114    1.806551     38.034279    38.146112    -0.023050    0.035435     0.746039    
0.005950     1.494369     38.868148    38.946644    0.000077     0.019299     0.501955    
-1.216421    0.280345     60.407350    60.452305    -0.007285    0.001679     0.361791    
-0.382835    0.291833     9.739426     9.948020     -0.000406    0.000309     0.010318    
1.594272     -0.630300    44.329959    44.406747    0.040390     -0.015968    1.123080    
-1.718682    -0.731405    39.920312    40.012437    -0.284397    -0.121028    6.605772    
-0.145454    2.245439     32.934014    33.069433    -0.000899    0.013879     0.203569    
-0.558086    1.505446     131.990942   132.015384   -0.008442    0.022773     1.996654    
-0.329321    1.073868     49.996523    50.047866    -0.061758    0.201384     9.375905    
0.485667     1.523164     11.395600    11.674354    0.050090     0.157093     1.175298    
-1.360940    -0.196508    26.677944    26.785787    -0.055369    -0.007995    1.085375    
-0.527499    -1.054253    23.787963    23.898364    -0.008136    -0.016260    0.366880    
-1.384892    -0.044041    69.985119    70.026507    -0.052584    -0.001672    2.657342    
0.087897     1.128916     10.171717    10.422137    0.000639     0.008208     0.073955    
0.872452     -1.662410    28.012222    28.143992    0.078183     -0.148973    2.510253    
-1.627399    -0.310830    58.900398    58.956568    -0.111383    -0.021274    4.031279    
-0.690964    -0.596657    73.974154    74.005972    -0.014002    -0.012091    1.499061    
-0.250528    0.753202     137.075085   137.091516   -0.000583    0.001752     0.318870    
2.049631     -1.072523    95.314822    95.363208    0.091153     -0.047698    4.238930    
-0.134487    -0.616985    48.333875    48.378065    -0.008615    -0.039521    3.096036    
-0.172024    -1.404824    78.376231    78.413721    -0.007950    -0.064920    3.621912    
0.876899     -0.572337    34.058804    34.131710    0.034498     -0.022516    1.339915    
-2.639547    1.024140     80.170541    80.244668    -0.043820    0.017002     1.330940    
0.731109     0.891344     23.155550    23.267648    0.002635     0.003213     0.083460    
-0.001363    1.260239     12.547712    12.763551    -0.000104    0.096289     0.958714    
-1.350418    -1.287389    16.155909    16.381983    -0.131855    -0.125701    1.577470    
-1.369796    -0.453378    42.157527    42.228118    -0.193093    -0.063910    5.942714    
-1.205208    0.777742     32.212174    32.304125    -0.139551    0.090055     3.729846    
-0.186443    0.291741     19.135845    19.239943    -0.005685    0.008896     0.583512    
1.713575     -0.657133    18.473141    18.668156    0.037271     -0.014293    0.401794    
0.423160     -1.065771    100.983331   101.009024   0.052587     -0.132445    12.549387   
0.532079     -0.276781    95.422237    95.444423    0.005615     -0.002921    1.007031    
1.267467     -1.321610    58.996354    59.057581    0.045859     -0.047818    2.134583    
-1.267710    -1.648669    61.891652    61.957862    -0.060811    -0.079085    2.968881    
-0.457499    -0.700912    51.742042    51.786238    -0.006161    -0.009438    0.696751    
0.014882     -0.701199    17.993625    18.114563    0.001431     -0.067406    1.729713    
-0.851886    -1.508451    124.912182   124.939703   -0.003177    -0.005625    0.465821    
0.674656     0.183838     22.521563    22.618238    0.063637     0.017340     2.124333    
0.586894     1.166937     123.711476   123.734031   0.001714     0.003407     0.361233    
0.065833     0.017748     74.835693    74.861609    0.000019     0.000005     0.022123    
3.022233     -0.883287    57.379178    57.499210    0.079583     -0.023259    1.510947    
1.160130     -1.855463    44.586008    44.683058    0.036764     -0.058799    1.412928    
2.604153     0.076546     100.615808   100.668780   0.442760     0.013014     17.106776   
-0.257151    -0.338666    16.489645    16.612169    -0.025383    -0.033430    1.627682    
-2.211587    0.468917     164.807499   164.834759   -0.765368    0.162279     57.035263   
-1.370746    -0.896071    19.532518    19.699647    -0.045138    -0.029507    0.643191    
1.770411     0.132899     29.037069    29.157818    0.062585     0.004698     1.026480    
-0.024181    0.009074     7.268589     7.530471     -0.001674    0.000628     0.503060    
0.511667     0.261885     50.265061    50.306875    0.001805     0.000924     0.177347    
-0.865090    -0.626018    16.521441    16.672529    -0.110248    -0.079780    2.105504    
2.289221     -0.287061    79.152833    79.210914    0.022934     -0.002876    0.792957    
-1.115859    1.267119     25.611576    25.742543    -0.083965    0.095347     1.927188    
-0.347692    0.172903     16.346272    16.468951    -0.007193    0.003577     0.338152    
-0.822374    -0.673365    59.260617    59.302828    -0.381920    -0.312718    27.521297   
0.222827     1.301590     24.583793    24.697806    0.011996     0.070072     1.323484    
0.730519     0.024675     14.375888    14.528433    0.030716     0.001038     0.604459    
-0.182848    -0.073468    32.516765    32.576891    -0.013085    -0.005258    2.326959    
-1.529429    0.936000     28.402386    28.526930    -0.087490    0.053543     1.624738    
2.159565     -0.937228    18.990979    19.237317    0.029430     -0.012772    0.258803    
0.929726     -0.376636    17.246009    17.386950    0.091204     -0.036947    1.691801    
-0.093388    -1.830926    24.276221    24.424800    -0.001023    -0.020063    0.266019    
0.633050     0.646955     31.128209    31.203520    0.032588     0.033304     1.602420    
-1.976675    0.225826     22.748744    22.920265    -0.064543    0.007374     0.742803    
-2.968403    -0.494839    32.560752    32.758721    -0.244836    -0.040815    2.685635    
0.480223     -2.500723    14.584129    14.935059    0.021789     -0.113465    0.661722    
0.095883     -0.563489    33.260679    33.323782    0.001454     -0.008544    0.504350    
0.163312     -0.873550    67.659019    67.693482    0.000251     -0.001342    0.103955    
-2.290846    -1.264381    41.875622    42.003444    -0.139795    -0.077157    2.555398    
0.412070     -0.633506    106.707375   106.728206   0.034032     -0.052319    8.812638    
-0.563664    -0.595255    20.917124    21.025534    -0.080137    -0.084628    2.973816    
0.662927     -1.113177    48.039441    48.097209    0.028745     -0.048268    2.083023    
-0.516335    -1.515728    20.843345    20.997238    -0.011393    -0.033446    0.459928    
-0.829203    1.133743     34.912357    34.996008    -0.018824    0.025737     0.792554    
0.313322     0.619404     31.974368    32.042425    0.026934     0.053246     2.748647    
0.784853     0.346945     18.996696    19.117682    0.025254     0.011163     0.611240    
1.166620     2.751842     33.857847    34.046474    0.030378     0.071655     0.881628    
-0.463637    -0.050488    40.318225    40.368945    -0.013991    -0.001524    1.216650    
0.192923     -0.627272    35.492279    35.552884    0.002589     -0.008417    0.476236    
0.487889     -0.915154    75.399879    75.432700    0.048340     -0.090673    7.470552    
0.587122     -1.002057    11.157678    11.389361    0.088855     -0.151652    1.688608    
-0.865466    -1.214641    18.078719    18.246628    -0.157740    -0.221381    3.295038    
-0.342202    1.206791     19.155941    19.297629    -0.103568    0.365236     5.797562    
-1.810241    0.107788     36.182155    36.281013    -0.152959    0.009108     3.057263    
0.611695     -0.704711    74.239449    74.271404    0.143840     -0.165712    17.457357   
0.717375     0.429324     16.097520    16.238967    0.113262     0.067783     2.541541    
0.651492     -1.697367    37.894786    37.989410    0.016779     -0.043716    0.975997    
0.267511     -0.411523    12.958506    13.116355    0.001449     -0.002230    0.070213    
-0.571688    1.023399     117.395392   117.417746   -0.072139    0.129138     14.813588   
0.412276     0.860207     18.462707    18.591838    0.004785     0.009983     0.214267    
-1.403582    0.530084     149.655086   149.675552   -0.119162    0.045003     12.705520   
0.068063     -1.712941    73.546352    73.592660    0.008377     -0.210831    9.052200    
0.301019     -0.176826    15.278461    15.408706    0.046079     -0.027068    2.338776    
0.818351     -1.307144    14.074325    14.294751    0.027566     -0.044030    0.474083    
0.901058     -1.040218    38.456890    38.531822    0.014834     -0.017125    0.633110    
0.850201     -0.043299    10.063407    10.289404    0.143677     -0.007317    1.700631    
-0.102556    -0.043133    19.895353    19.992808    -0.004148    -0.001745    0.804681    
-0.643168    1.323922     13.991651    14.205903    -0.015778    0.032479     0.343244    
-0.178954    0.320935     33.796765    33.856038    -0.000361    0.000648     0.068272    
-0.788299    0.681965     17.039011    17.183985    -0.089098    0.077079     1.925843    
1.906805     -2.222634    79.302206    79.380671    0.010562     -0.012312    0.439270    
1.847181     2.024931     47.230986    47.351383    0.235353     0.258001     6.017803    
-0.613526    -0.986328    58.241874    58.286706    -0.020956    -0.033689    1.989303    
0.585063     0.286571     61.579049    61.613948    0.008937     0.004377     0.940603    
-1.608711    -0.767905    99.889749    99.925045    -0.003955    -0.001888    0.245558    
1.316381     -0.420776    22.410736    22.539431    0.014304     -0.004572    0.243522    
0.193550     -0.167106    76.253263    76.279096    0.011787     -0.010176    4.643620    
0.130559     -0.723854    105.825864   105.846726   0.012660     -0.070191    10.261694   
0.441891     -0.748078    62.150400    62.187636    0.037654     -0.063744    5.295830    
0.273694     0.912440     53.182639    53.227582    0.003620     0.012069     0.703469    
0.726758     -0.836231    84.227395    84.257679    0.013515     -0.015551    1.566349    
-0.939216    1.838916     75.195917    75.250014    -0.044885    0.087881     3.593565    
-1.473007    -1.385303    125.141779   125.173594   -0.056106    -0.052765    4.766584    
1.545889     2.043636     150.131188   150.165958   0.129046     0.170597     12.532502   
0.658993     0.924106     31.400416    31.482524    0.099881     0.140064     4.759258    
-0.643333    0.053805     29.491886    29.564558    -0.120651    0.010091     5.530907    
0.298035     1.090132     23.098450    23.209708    0.010762     0.039366     0.834119    
-0.912825    0.427334     131.929070   131.947604   -0.006856    0.003209     0.990854    
0.134139     1.171488     63.552392    63.593804    0.001109     0.009685     0.525390    
-0.183221    1.674167     18.395145    18.576671    -0.013205    0.120664     1.325811    
0.589383     -1.378790    41.377047    41.450976    0.005645     -0.013205    0.396278    
0.278109     -1.478936    34.903997    34.991835    0.009795     -0.052091    1.229379    
-0.523200    0.907629     9.039174     9.310164     -0.012048    0.020901     0.208154    
-0.040914    -0.764591    9.269807     9.507394     -0.002234    -0.041758    0.506265    
-1.208900    -1.358266    19.275498    19.460886    -0.005071    -0.005697    0.080850    
0.984130     -2.761413    39.183500    39.342287    0.017590     -0.049355    0.700334    
-0.455986    -0.946304    16.161451    16.314743    -0.051691    -0.107274    1.832076    
-0.744100    -1.319980    60.892756    60.943406    -0.001736    -0.003079    0.142052    
2.931031     1.165194     33.698012    33.902501    0.041827     0.016628     0.480888    
0.936792     -0.261145    112.197296   112.218777   0.082877     -0.023103    9.925990    
0.567228     -0.857692    13.927366    14.103328    0.045324     -0.068534    1.112860    
0.809779     -0.644632    70.178840    70.214071    0.110223     -0.087744    9.552376    
1.682785     -1.446059    41.228931    41.335487    0.028715     -0.024676    0.703534    
-1.690339    -0.595853    31.641986    31.753780    -0.328421    -0.115770    6.147819    
0.172971     1.791120     28.049486    28.175994    0.000192     0.001992     0.031197    
-2.281663    1.004648     23.495469    23.709225    -0.105217    0.046328     1.083470    
2.793945     -2.379090    53.235924    53.398546    0.249286     -0.212271    4.749898    
-0.029970    0.397598     17.660042    17.773886    -0.001610    0.021356     0.948562    
0.049271     -0.120610    43.251225    43.296193    0.000332     -0.000812    0.291292    
0.886424     0.470052     84.963189    84.991912    0.042141     0.022346     4.039152    
0.308508     -0.823899    14.978594    15.132984    0.005315     -0.014195    0.258058    
1.003298     1.201709     6.003266     6.508829     0.014482     0.017346     0.086652    
0.562038     0.441711     68.263736    68.295854    0.059299     0.046603     7.202269    
-0.263187    1.507023     48.022747    48.087416    -0.010006    0.057295     1.825750    
0.107412     0.164523     8.390007     8.620080     0.000128     0.000196     0.009971    
0.042235     -0.381008    40.416175    40.465900    0.002948     -0.026590    2.820591    
1.796947     0.614768     79.654281    79.701233    0.000656     0.000225     0.029094    
-0.027691    -0.785846    41.861485    41.915119    -0.002490    -0.070670    3.764563    
-0.686573    -0.936125    13.848463    14.035761    -0.074264    -0.101257    1.497934    
1.484965     -1.318665    22.328866    22.503271    0.030045     -0.026680    0.451775    
0.564291     -1.430565    23.749057    23.880067    0.009746     -0.024709    0.410196    
0.186991     -0.111037    177.864822   177.875847   0.021446     -0.012735    20.399499   
-0.505010    -0.011904    41.162923    41.213061    -0.016143    -0.000381    1.315810    
-0.653568    0.737060     24.074291    24.174715    -0.040288    0.045435     1.484022    
-0.103657    -0.424838    12.117346    12.283984    -0.018727    -0.076754    2.189197    
-0.505307    -1.004150    15.304249    15.471220    -0.124213    -0.246837    3.762039    
-1.536820    0.649793     113.906118   113.935344   -0.120825    0.051087     8.955296    
-0.124786    -0.771925    19.724743    19.838142    -0.000625    -0.003867    0.098818    
-1.507524    -1.053970    45.713176    45.792498    -0.139999    -0.097879    4.245234    
-0.077244    -0.809565    42.100648    42.154488    -0.001869    -0.019589    1.018708    
0.835516     -0.266204    35.271598    35.337367    0.005684     -0.001811    0.239933    
-0.261006    0.270920     13.942735    14.086033    -0.037989    0.039432     2.029319    
-0.931424    0.558647     24.392202    24.495594    -0.138947    0.083337     3.638764    
1.094624     -0.344414    43.210758    43.270792    0.062393     -0.019632    2.463009    
-0.758616    1.327311     11.316911    11.588127    -0.093160    0.162998     1.389752    
-1.303304    1.299964     96.258302    96.296024    -0.032939    0.032855     2.432807    
1.030041     -1.035283    34.884994    34.970996    0.006719     -0.006753    0.227556    
-0.417026    -0.850266    147.384654   147.400841   -0.034228    -0.069787    12.096863   
-0.290792    0.767688     48.911494    48.957973    -0.002625    0.006930     0.441553    
0.849595     0.327796     15.096807    15.251813    0.026750     0.010321     0.475340    
0.262702     0.211733     45.128799    45.172971    0.008217     0.006623     1.411529    
0.777789     -0.566728    33.882537    33.953312    0.005215     -0.003800    0.227194    
0.067037     -0.925096    69.787792    69.821710    0.000655     -0.009045    0.682361    
-0.187633    -1.034476    98.548216    98.573482    -0.007424    -0.040930    3.899137    
-1.302120    1.741152     46.400466    46.493068    -0.105654    0.141277     3.764921    
-1.171982    -1.037085    33.826501    33.919849    -0.074011    -0.065492    2.136160    
0.611448     -0.485276    63.987675    64.022706    0.007021     -0.005572    0.734747    
0.033584     -0.521446    6.085909     6.417653     0.006643     -0.103149    1.203874    
0.303386     -0.745364    24.872036    24.962787    0.003506     -0.008613    0.287398    
-0.663158    0.112687     24.281291    24.370239    -0.038298    0.006508     1.402270    
-0.481308    0.888130     19.816815    19.939949    -0.014749    0.027215     0.607257    
-0.586208    0.185657     27.309550    27.387307    -0.034023    0.010775     1.585041    
-0.007947    -1.544897    53.526193    53.584653    -0.000015    -0.002889    0.100087    
-0.821481    1.030207     41.789462    41.856544    -0.022450    0.028154     1.142051    
0.177703     1.466798     65.634728    65.680862    0.021769     0.179690     8.040589    
2.205362     -1.941656    44.495741    44.636079    0.086911     -0.076519    1.753535    
-0.457521    -2.237037    54.416502    54.499948    -0.030893    -0.151051    3.674356    
-0.397965    -1.971475    62.431011    62.494410    -0.030144    -0.149331    4.728895    
-0.447152    -1.241432    33.906111    33.988828    -0.036029    -0.100029    2.731995    
0.343410     -2.244917    105.298001   105.340882   0.012224     -0.079909    3.748148    
0.447479     0.353947     12.604864    12.770398    0.005746     0.004545     0.161860    
0.823293     -1.418839    21.186492    21.340884    0.024575     -0.042351    0.632403    
1.525325     2.211245     84.243919    84.309721    0.048861     0.070833     2.698576    
-1.259550    -0.066874    8.620040     8.931460     -0.031342    -0.001664    0.214498    
0.968474     0.137673     17.534600    17.671843    0.040083     0.005698     0.725715    
-0.557553    0.976740     67.115913    67.154193    -0.032991    0.057795     3.971352    
-0.416573    -0.722740    9.843507     10.073007    -0.047674    -0.082712    1.126518    
1.117132     -1.208696    31.664146    31.767940    0.065582     -0.070957    1.858866    
0.850971     -0.417129    23.955863    24.055280    0.009854     -0.004830    0.277412    
-1.106613    -0.615781    59.703200    59.749066    -0.061392    -0.034162    3.312160    
-0.392441    -0.157299    98.257256    98.277882    -0.049334    -0.019774    12.352084   
1.051299     -0.495095    28.755793    28.846506    0.009626     -0.004533    0.263294    
-0.233112    -0.914800    7.498473     7.809818     -0.006609    -0.025936    0.212596    
-0.264467    1.999202     58.117702    58.185986    -0.013315    0.100651     2.925967    
-0.316494    -0.698466    14.212294    14.368447    -0.005969    -0.013172    0.268027    
1.146823     -1.018368    64.672578    64.720704    0.026408     -0.023450    1.489200    
-0.176942    1.025577     6.852823     7.205501     -0.003814    0.022104     0.147696    
0.488816     0.187402     10.232028    10.432805    0.099762     0.038247     2.088237    
-0.929077    2.138719     14.218988    14.542760    -0.154712    0.356145     2.367783    
-2.954461    0.589795     90.945509    91.016687    -0.048669    0.009716     1.498146    
-0.492743    0.452500     19.915111    20.023340    -0.006273    0.005761     0.253548    
-0.264727    0.303633     20.319136    20.418240    -0.025866    0.029667     1.985328    
0.797610     0.199600     7.478547     7.776865     0.064793     0.016214     0.607509    
1.178161     -0.700406    37.788528    37.864581    0.144081     -0.085655    4.621271    
-0.481775    1.012079     46.182899    46.238421    -0.047839    0.100496     4.585819    
1.421318     0.716107     64.741723    64.791192    0.121617     0.061274     5.539695    
-0.637959    -0.585311    30.988458    31.062985    -0.000106    -0.000097    0.005138    
-1.123241    -1.568608    76.434165    76.483847    -0.050820    -0.070970    3.458197    
-2.024587    0.443535     51.736827    51.815730    -0.090817    0.019896     2.320760    
1.111868     1.388742     50.927036    50.996106    0.022905     0.028609     1.049134    
0.002632     0.860442     13.765154    13.931790    0.000119     0.038831     0.621207    
0.591977     0.587796     7.369174     7.673045     0.003439     0.003414     0.042805    
2.008643     -1.722407    25.639952    25.851178    0.143719     -0.123238    1.834542    
-0.287812    1.422276     16.299137    16.481582    -0.000763    0.003771     0.043219    
-0.685505    -0.825130    13.776212    13.957425    -0.021783    -0.026219    0.437753    
0.390560     1.375040     28.661617    28.764675    0.025184     0.088665     1.848155    
0.243159     -1.078355    33.224779    33.301395    0.044604     -0.197808    6.094580    
1.022700     -0.210066    15.338294    15.499299    0.063351     -0.013013    0.950130    
0.437398     -0.046869    36.212578    36.268709    0.019990     -0.002142    1.655014    
0.985774     -0.366553    9.409395     9.670460     0.049301     -0.018332    0.470590    
0.341865     -1.010639    26.685545    26.779311    0.029409     -0.086940    2.295624    
-0.039781    -0.427220    5.588032     5.940131     -0.002418    -0.025968    0.339665    
-1.507880    -0.281286    38.154326    38.235852    -0.408536    -0.076210    10.337308   
-1.896671    -0.943227    22.163019    22.350871    -0.101345    -0.050399    1.184234    
0.162535     0.348096     16.906624    17.025172    0.002432     0.005208     0.252962    
-0.666112    0.720235     48.386272    48.436233    -0.035209    0.038070     2.557586    
1.132623     -0.468562    18.756085    18.898891    0.272216     -0.112615    4.507858    
3.105973     -1.533894    73.488768    73.596697    0.715074     -0.353141    16.918988   
0.317432     -0.161137    5.502861     5.855183     0.001565     -0.000795    0.027133    
0.244014     -0.800473    24.305308    24.399247    0.024402     -0.080050    2.430623    
-0.858139    -0.245433    46.998358    47.048031    -0.151578    -0.043352    8.301571    
-1.977868    0.097217     38.466585    38.567791    -0.074051    0.003640     1.440186    
1.238696     -0.122312    49.297925    49.352910    0.011734     -0.001159    0.466988    
-0.160932    -1.672723    16.946854    17.143357    -0.001302    -0.013529    0.137068    
-1.234695    -1.388447    67.989545    68.043409    -0.000173    -0.000195    0.009553    
1.070567     0.178338     84.890706    84.920462    0.093510     0.015577     7.414847    
-1.187157    -0.482349    49.338184    49.394062    -0.077795    -0.031609    3.233174    
0.100358     1.150218     60.988913    61.031595    0.024398     0.279630     14.827016   
-1.742968    -0.128713    35.697523    35.794449    -0.033541    -0.002477    0.686953    
-0.658077    -0.215839    28.454152    28.530569    -0.054087    -0.017740    2.338633    
2.131458     -1.453489    40.211846    40.342574    0.013304     -0.009072    0.250991    
-0.882171    -0.539789    135.239355   135.257634   -0.006519    -0.003989    0.999345    
1.031450     -2.409613    28.952632    29.137604    0.256475     -0.599161    7.199206    
-0.115566    0.273990     78.973636    78.998725    -0.002978    0.007061     2.035339    
-0.344681    1.457582     24.514581    24.639055    -0.032679    0.138192     2.324199    
-0.496937    -4.561051    81.178517    81.331892    -0.001298    -0.011913    0.212031    
1.013071     0.142316     22.567407    22.676185    0.392907     0.055195     8.752477    
-1.066701    -1.402602    24.700339    24.841233    -0.094146    -0.123792    2.180027    
1.051787     -1.668309    33.346462    33.462680    0.164107     -0.260300    5.202931    
-0.579984    1.074765     8.973000     9.267210     -0.013035    0.024156     0.201670    
-0.004005    0.455155     17.775910    17.890364    -0.000389    0.044158     1.724561    
-0.070558    1.130131     31.162164    31.244801    -0.003771    0.060397     1.665388    
-0.111591    0.784278     21.523255    21.627598    -0.003942    0.027706     0.760349    
1.717997     0.242593     100.340916   100.375220   0.101673     0.014357     5.938275    
0.693676     0.719019     20.574519    20.692607    0.087180     0.090365     2.585767    
-0.599824    1.793616     58.936376    58.999561    -0.022102    0.066090     2.171654    
1.048545     0.138814     8.839109     9.117210     0.059275     0.007847     0.499680    
0.369521     -1.155723    15.516539    15.687899    0.004827     -0.015098    0.202709    
0.407612     -0.381393    47.290562    47.334806    0.023711     -0.022186    2.750892    
0.166633     0.920697     65.109945    65.146414    0.004353     0.024052     1.700938    
-0.537737    1.165992     15.101889    15.283674    -0.045720    0.099135     1.283996    
1.366857     -0.689478    46.690516    46.757063    0.036985     -0.018656    1.263364    
-0.549816    -0.090536    78.589913    78.616537    -0.073073    -0.012033    10.444996   
-0.412332    0.438061     48.259694    48.303571    -0.008723    0.009267     1.020889    
1.512023     0.643825     58.453317    58.509537    0.238427     0.101523     9.217354    
0.943565     -1.270445    48.422376    48.488202    0.003221     -0.004337    0.165286    
1.949200     1.570424     26.773457    26.962170    0.123931     0.099848     1.702269    
-0.535112    1.797399     92.626348    92.666241    -0.012632    0.042429     2.186505    
0.961451     -0.183463    57.736563    57.778402    0.025210     -0.004811    1.513905    
-0.145488    1.678583     16.807242    17.005798    -0.003115    0.035944     0.359897    
0.589872     0.695650     35.254082    35.320775    0.033631     0.039662     2.009968    
0.531290     1.131142     110.547929   110.572516   0.000725     0.001544     0.150909    
0.837833     -1.120074    120.369037   120.393258   0.042924     -0.057384    6.166798    
1.118421     0.417257     15.684509    15.852562    0.303071     0.113069     4.250205    
-0.192708    -0.701739    41.528262    41.581258    -0.004363    -0.015887    0.940149    
1.107885     1.129485     19.330627    19.494903    0.148025     0.150912     2.582783    
-0.148141    0.280156     6.847035     7.131429     -0.000124    0.000235     0.005739    
-0.495370    -0.997611    29.649757    29.735899    -0.022397    -0.045106    1.340570    
-2.182135    -0.865626    32.592619    32.736292    -0.222765    -0.088368    3.327241    
-0.370116    -1.931457    18.476835    18.685179    -0.049658    -0.259141    2.479007    
0.723464     2.033389     57.535034    57.609141    0.010546     0.029642     0.838727    
1.521409     -2.838734    149.665748   149.713340   0.044766     -0.083527    4.403767    
0.396045     -0.996137    14.256617    14.431743    0.000780     -0.001961    0.028070    
-0.760451    1.144523     134.658774   134.680172   -0.021739    0.032718     3.849455    
-2.568262    2.412218     58.367582    58.506960    -0.079905    0.075050     1.815970    
0.925166     -3.214825    61.079789    61.202995    0.013890     -0.048266    0.917020    
-0.861806    -0.682554    32.001545    32.080873    -0.109147    -0.086445    4.052983    
-0.373457    -0.442730    27.086551    27.164162    -0.012801    -0.015175    0.928444    
1.956865     0.774796     64.270024    64.334599    0.350979     0.138966     11.527319   
1.297329     -0.791584    135.640780   135.663576   0.054796     -0.033435    5.729185    
0.299893     1.199999     33.034501    33.116207    0.028477     0.113950     3.136913    
-0.189880    0.373555     221.190667   221.199823   -0.005358    0.010541     6.241840    
1.250851     -0.712820    18.428231    18.588905    0.116967     -0.066656    1.723218    
2.379962     -0.026522    46.176607    46.279790    0.189405     -0.002111    3.674879    
-1.857502    0.830014     38.139517    38.244437    -0.186335    0.083263     3.825968    
-0.345419    0.867488     19.071018    19.195066    -0.007015    0.017617     0.387296    
-0.569564    -0.017264    9.377208     9.598525     -0.010738    -0.000325    0.176782    
0.328335     -0.513759    26.452946    26.533093    0.040572     -0.063485    3.268799    
0.970625     -1.483018    37.488896    37.582360    0.095868     -0.146477    3.702764    
-0.132848    2.417629     25.468125    25.658584    -0.000897    0.016316     0.171879    
-0.579799    -0.787595    22.352437    22.460251    -0.081729    -0.111020    3.150811    
-0.083246    -0.034595    10.653576    10.834286    -0.002133    -0.000886    0.272962    
-2.517173    -0.029783    69.332157    69.405763    -0.187853    -0.002223    5.174149    
-1.569716    0.998316     65.229152    65.285357    -0.020718    0.013176     0.860922    
1.054229     -0.045979    77.654189    77.686302    0.020300     -0.000885    1.495263    
-0.246357    1.910627     70.084671    70.138771    -0.028181    0.218554     8.016900    
-0.117329    0.474388     20.894674    20.992883    -0.001885    0.007622     0.335720    
-0.699262    0.901192     21.601008    21.720488    -0.046745    0.060244     1.444022    
1.108973     0.246831     16.553486    16.708788    0.291075     0.064786     4.344837    
0.085919     0.694894     26.263854    26.346826    0.008207     0.066375     2.508685    
-0.163483    0.337839     26.452620    26.528417    -0.038888    0.080363     6.292402    
0.055021     0.516198     8.893949     9.123967     0.000770     0.007223     0.124454    
-0.072055    0.410981     5.840336     6.177263     -0.010101    0.057616     0.818765    
-0.033096    -0.825538    48.012420    48.059859    -0.001296    -0.032323    1.879876    
0.472570     -0.390615    11.899385    12.076681    0.033360     -0.027575    0.840019    
-0.302856    -0.018399    84.652814    84.676242    -0.046255    -0.002810    12.929071   
1.004538     -0.272099    60.975075    61.015718    0.094529     -0.025605    5.737879    
-0.568262    0.041885     34.438241    34.499160    -0.033798    0.002491     2.048233    
-0.530063    1.756936     14.246265    14.498235    -0.017558    0.058199     0.471909    
-1.217924    -1.321403    81.103332    81.147119    -0.033231    -0.036054    2.212906    
0.743837     -0.727564    87.517463    87.545782    0.002662     -0.002604    0.313214    
-0.722886    -1.479773    28.689820    28.804392    -0.080805    -0.165410    3.206968    
-1.160099    -1.276548    25.084602    25.220777    -0.039246    -0.043186    0.848618    
0.361227     0.071695     10.735692    10.920882    0.008666     0.001720     0.257548    
-1.046901    0.186361     11.261665    11.481759    -0.181628    0.032332     1.953795    
-2.212861    0.730614     32.515639    32.658418    -0.098210    0.032426     1.443087    
-1.479117    0.730537     182.974700   182.992724   -0.396577    0.195870     49.058762   
-1.761151    -1.056712    20.704995    20.899523    -0.017336    -0.010402    0.203809    
1.627188     0.075438     75.075039    75.118506    0.006233     0.000289     0.287599    
-0.680726    0.284671     22.011517    22.111677    -0.024898    0.010412     0.805081    
-0.162345    -0.189639    27.008140    27.080932    -0.008387    -0.009797    1.395321    
1.185297     -0.945131    67.129083    67.175047    0.009939     -0.007925    0.562909    
-1.094826    -0.168683    67.101364    67.139370    -0.109136    -0.016815    6.688868    
0.103345     -0.435825    69.163007    69.192465    0.002342     -0.009875    1.567062    
0.576918     -2.192776    74.832489    74.892707    0.035808     -0.136102    4.644730    
1.117574     0.735483     34.881871    34.962977    0.135058     0.088882     4.215443    
0.914757     -0.342539    24.150805    24.250576    0.041692     -0.015612    1.100716    
0.855111     0.940638     59.750944    59.796875    0.006997     0.007697     0.488921    
0.742923     1.143217     13.041047    13.259062    0.011124     0.017117     0.195263    
-0.984598    1.170957     46.611593    46.678219    -0.154235    0.183427     7.301582    
1.653762     0.367734     32.894159    32.996528    0.004527     0.001007     0.090036    
-1.053841    0.117066     36.197706    36.266695    -0.015359    0.001706     0.527542    
-0.569103    0.808859     52.169796    52.216288    -0.015608    0.022184     1.430823    
2.299135     0.311435     39.151760    39.269814    0.243132     0.032934     4.140275    
-0.498063    0.050388     12.516165    12.679903    -0.006545    0.000662     0.164467    
-1.259334    0.910632     99.465615    99.497229    -0.035645    0.025775     2.815342    
0.366447     0.854522     101.733297   101.756588   0.020596     0.048028     5.717833    
0.690838     1.990053     43.237961    43.333980    0.067118     0.193342     4.200747    
1.539886     0.097655     50.972679    51.034006    0.076357     0.004842     2.527545    
0.946454     2.673065     126.897114   126.944057   0.001317     0.003720     0.176593    
0.310373     -0.624492    11.331176    11.522014    0.003098     -0.006234    0.113120    
-0.293492    2.022873     45.418715    45.507283    -0.013467    0.092822     2.084087    
0.736485     1.788294     23.829353    23.988610    0.070715     0.171706     2.288019    
0.839241     0.197708     100.785613   100.808522   0.008297     0.001955     0.996423    
-0.389333    0.923263     50.349708    50.398135    -0.034592    0.082030     4.473479    
-0.875807    -0.277364    23.792714    23.891676    -0.019670    -0.006229    0.534369    
-1.287565    -0.224267    54.437625    54.488880    -0.145395    -0.025325    6.147230    
-1.320224    1.203932     32.406293    32.515154    -0.017867    0.016293     0.438558    
-0.772438    0.345168     115.819386   115.839203   -0.145885    0.065189     21.873959   
0.440783     -0.066893    18.731929    18.840352    0.002215     -0.000336    0.094137    
-1.355912    -0.597471    17.820650    17.990164    -0.002517    -0.001109    0.033076    
0.486625     0.504018     10.702407    10.904463    0.006413     0.006642     0.141045    
1.529345     -0.107717    37.372526    37.455722    0.097401     -0.006860    2.380192    
0.376353     -1.150708    35.286991    35.362585    0.065349     -0.199807    6.127170    
0.706016     0.455863     35.846561    35.910404    0.101904     0.065798     5.173986    
-0.830624    0.669697     24.960706    25.060931    -0.152785    0.123184     4.591264    
-0.155134    0.106636     42.196977    42.243286    -0.032151    0.022100     8.745056    
-0.110658    0.440277     10.689389    10.878607    -0.021612    0.085988     2.087674    
-0.526235    -1.630355    86.091079    86.130621    -0.045676    -0.141510    7.472432    
-0.976685    -0.330612    41.797162    41.856193    -0.021185    -0.007171    0.906593    
-1.648956    -0.718698    107.575341   107.608385   -0.072337    -0.031528    4.719137    
0.631250     1.849928     26.850526    26.993451    0.009553     0.027994     0.406322    
-0.804852    -0.529959    32.630816    32.704339    -0.014085    -0.009274    0.571031    
1.138712     -1.259945    96.764726    96.799645    0.040616     -0.044940    3.451437    
-0.521379    -0.186078    16.140822    16.269836    -0.025850    -0.009226    0.800265    
-0.269462    -0.824424    8.546168     8.812731     -0.007067    -0.021621    0.224130    
0.374069     -0.873196    84.860715    84.888859    0.000021     -0.000049    0.004726    
-1.546965    0.132646     47.330036    47.396392    -0.014213    0.001219     0.434852    
0.101649     1.588845     44.646674    44.718399    0.003062     0.047869     1.345121    
-0.247006    -1.014904    77.810739    77.842643    -0.023618    -0.097042    7.440005    
0.182222     0.281866     15.487982    15.616183    0.008925     0.013805     0.758577    
-0.758874    0.774374     16.501204    16.653535    -0.094431    0.096360     2.053341    
0.355294     1.323089     88.063927    88.096577    0.014610     0.054408     3.621386    
1.183816     1.449724     102.741236   102.777136   0.012459     0.015257     1.081261    
0.868632     -0.350381    16.235319    16.381021    0.058930     -0.023771    1.101438    
-2.012952    1.658294     28.785360    28.970223    -0.522249    0.430235     7.468204    
-0.601412    2.253420     65.381227    65.452421    -0.000891    0.003339     0.096881    
-0.411328    0.694700     50.779146    50.823699    -0.014608    0.024672     1.803400    
-1.495094    1.278108     52.012693    52.087081    -0.109820    0.093881     3.820504    
-0.200652    -2.269963    55.146301    55.228457    -0.000479    -0.005414    0.131525    
-1.041403    -0.101020    59.128629    59.170639    -0.082589    -0.008011    4.689249    
-0.431629    0.075475     6.477950     6.784600     -0.016749    0.002929     0.251371    
0.829630     -0.804781    66.387280    66.426515    0.013636     -0.013228    1.091186    
0.056473     0.917443     32.735836    32.807847    0.006065     0.098523     3.515478    
0.104885     0.277554     64.341285    64.372075    0.002139     0.005661     1.312382    
0.648200     -0.680630    17.909118    18.041477    0.037048     -0.038901    1.023589    
1.583026     0.400935     15.973777    16.177244    0.500150     0.126674     5.046842    
-1.415600    -1.106901    23.731334    23.880542    -0.101830    -0.079624    1.707087    
0.112796     0.574559     19.581175    19.688581    0.007865     0.040061     1.365279    
-0.928636    0.071888     21.949916    22.057681    -0.000621    0.000048     0.014673    
1.083471     -0.812030    39.219427    39.292132    0.042696     -0.031999    1.545494    
0.951902     0.861378     32.809240    32.893301    0.074231     0.067171     2.558510    
0.528129     -0.229566    150.683776   150.697734   0.002214     -0.000962    0.631619    
0.320930     -0.155925    38.734366    38.785995    0.004605     -0.002237    0.555798    
1.546704     -1.151085    39.611891    39.707608    0.106006     -0.078892    2.714873    
-1.025969    -0.877436    54.749906    54.801913    -0.009650    -0.008253    0.514937    
0.662510     -1.014659    43.387783    43.449317    0.013499     -0.020674    0.884033    
-0.261935    -0.023774    13.098875    13.248571    -0.008721    -0.000792    0.436105    
2.308534     0.247486     81.843202    81.899788    0.251146     0.026924     8.903745    
-0.143403    -0.091198    79.083326    79.108004    -0.013473    -0.008568    7.430173    
1.733514     -0.155452    32.396832    32.503214    0.088860     -0.007968    1.660663    
0.697632     -0.983678    14.682745    14.863117    0.061467     -0.086670    1.293672    
1.430035     -0.491297    86.323857    86.359537    0.050740     -0.017432    3.062941    
-1.038876    -0.445342    35.134746    35.207995    -0.059690    -0.025588    2.018719    
0.045900     -0.173258    40.796305    40.844162    0.007876     -0.029730    7.000452    
1.025264     0.330500     68.059014    68.095996    0.057934     0.018675     3.845777    
-0.324969    0.358448     15.995159    16.123094    -0.048487    0.053482     2.386563    
0.593685     -0.466754    13.315577    13.481464    0.028064     -0.022064    0.629450    
1.028133     0.360804     9.508786     9.771346     0.134878     0.047333     1.247429    
0.408154     1.856039     35.889214    35.993361    0.077687     0.353272     6.831033    
-0.815657    -0.191184    22.208681    22.311484    -0.089960    -0.021086    2.449442    
-0.180490    -0.548672    165.888602   165.901286   -0.020281    -0.061653    18.640493   
0.730432     -1.646539    18.403559    18.595982    0.027313     -0.061570    0.688175    
0.185501     0.037358     11.438790    11.608474    0.012141     0.002445     0.748696    
0.900849     -0.581170    35.225894    35.297136    0.124241     -0.080152    4.858202    
1.016446     -0.622706    11.442445    11.671565    0.075566     -0.046294    0.850673    
-0.247112    0.085491     15.856774    15.980632    -0.013780    0.004767     0.884226    
-0.059665    0.196085     34.216373    34.273563    -0.000915    0.003008     0.524808    
1.051808     -0.826669    45.959605    46.021190    0.001089     -0.000856    0.047586    
-1.305457    -0.106890    14.631383    14.821200    -0.072354    -0.005924    0.810937    
1.140617     2.076436     47.712422    47.811743    0.092591     0.168557     3.873099    
0.448343     1.155842     8.309874     8.629365     0.042429     0.109382     0.786398    
-0.152125    -0.606217    8.161615     8.418881     -0.002200    -0.008765    0.118005    
0.385749     -1.007915    77.124967    77.157632    0.046773     -0.122212    9.351547    
-0.643445    -0.081518    172.302401   172.314866   -0.067046    -0.008494    17.953724   
-0.110322    0.740064     28.161413    28.240043    -0.001964    0.013175     0.501334    
1.466450     1.409435     40.700724    40.799030    0.017323     0.016650     0.480806    
1.534041     0.459129     26.366023    26.487851    0.108038     0.032335     1.856882    
0.360800     0.700984     27.819622    27.900321    0.049629     0.096423     3.826694    
-0.856592    0.542540     17.163030    17.305278    -0.002336    0.001480     0.046812    
0.952223     -1.286691    11.666581    11.939278    0.010875     -0.014695    0.133243    
-0.511646    -0.396053    19.948176    20.055506    -0.029865    -0.023118    1.164379    
-0.306547    -1.259959    21.718936    21.846478    -0.006211    -0.025527    0.440023    
-0.586615    -0.665596    61.355142    61.393123    -0.016478    -0.018696    1.723432    
-1.428039    -1.979751    29.044537    29.213332    -0.158973    -0.220391    3.233309    
1.492569     -0.252638    34.451785    34.541165    0.001490     -0.000252    0.034391    
1.219225     -0.855444    150.030762   150.051067   0.006925     -0.004859    0.852125    
-0.304073    -0.123166    11.665940    11.835402    -0.019646    -0.007958    0.753740    
1.322638     -1.749273    75.644452    75.701832    0.156555     -0.207054    8.953731    
-1.204477    0.327682     29.652317    29.743790    -0.049187    0.013381     1.210907    
-0.432608    -1.497488    15.930040    16.126709    -0.031618    -0.109447    1.164281    
1.362809     0.059268     17.914914    18.074287    0.098197     0.004271     1.290860    
-0.417238    0.650466     24.966655    25.056057    -0.035756    0.055742     2.139542    
0.158092     -0.758312    56.183334    56.223145    0.006374     -0.030575    2.265278    
0.583054     -1.828862    84.320250    84.365065    0.070691     -0.221736    10.223210   
0.836425     0.880287     12.785658    12.993172    0.128026     0.134740     1.957020    
-0.476403    1.313440     15.988840    16.170036    -0.015149    0.041765     0.508421    
-0.507174    -0.349471    13.054581    13.216520    -0.040522    -0.027922    1.043025    
-0.734005    -1.560951    44.439667    44.516674    -0.032923    -0.070014    1.993276    
1.193610     -0.348158    15.428711    15.603397    0.123229     -0.035944    1.592868    
-1.729271    2.463362     34.047278    34.236685    -0.044846    0.063884     0.882968    
-1.494345    0.577157     160.798687   160.818714   -0.012922    0.004991     1.390496    
-1.012282    -0.813220    25.781063    25.888689    -0.203203    -0.163244    5.175218    
-0.787320    -1.917792    17.128910    17.365837    -0.000320    -0.000780    0.006965    
-0.115617    -1.082676    104.146669   104.170962   -0.002731    -0.025577    2.460338    
2.113316     -1.004018    79.200212    79.259212    0.099396     -0.047222    3.725026    
0.306854     -0.539055    70.631073    70.661221    0.059844     -0.105129    13.774777   
-1.631972    -0.024855    8.899528     9.259617     -0.108643    -0.001655    0.592457    
-1.004705    2.098127     21.625873    21.839526    -0.088756    0.185349     1.910434    
-0.303858    -0.246034    25.097019    25.177136    -0.024773    -0.020059    2.046096    
0.849975     0.109449     44.352463    44.404396    0.223398     0.028766     11.657138   
-0.002104    -1.414535    57.727806    57.778676    -0.000226    -0.152150    6.209310    
-0.413933    -0.366737    40.496383    40.547969    -0.041930    -0.037149    4.102122    
0.027860     0.166259     23.772428    23.854385    0.009702     0.057898     8.278465    
0.116887     0.229303     64.410040    64.440628    0.013922     0.027312     7.671776    
1.177946     0.330846     16.657332    16.817809    0.017953     0.005042     0.253874    
-0.725393    -0.915410    54.661132    54.709035    -0.008242    -0.010401    0.621065    
-1.224080    -1.933943    26.731417    26.901340    -0.024337    -0.038450    0.531464    
-0.042915    1.070745     14.872387    15.040318    -0.001416    0.035336     0.490812    
-0.117478    1.203342     118.575880   118.598381   -0.009543    0.097749     9.632059    
1.650357     -0.101959    42.792611    42.869763    0.043332     -0.002677    1.123567    
1.743255     -1.389267    48.778119    48.868689    0.010372     -0.008266    0.290216    
-0.765660    -1.014514    24.007667    24.121743    -0.000931    -0.001234    0.029205    
-1.522567    0.650986     20.787381    20.945935    -0.004081    0.001745     0.055718    
1.102139     0.193499     46.282418    46.337774    0.144362     0.025345     6.062250    
-0.138849    0.671150     12.473472    12.646430    -0.002291    0.011075     0.205836    
1.825621     -0.373609    33.599830    33.708990    0.098820     -0.020223    1.818749    
0.287044     0.704573     11.811359    11.998415    0.030390     0.074595     1.250496    
0.296038     -0.293338    5.829079     6.166587     0.033717     -0.033410    0.663897    
-0.120084    1.075672     11.579850    11.795736    -0.011799    0.105694     1.137817    
-0.422235    1.133644     77.896344    77.930602    -0.013148    0.035301     2.425659    
0.748239     1.007817     86.263536    86.295123    0.010350     0.013940     1.193199    
1.295706     1.152550     18.446562    18.632172    0.015846     0.014095     0.225598    
-1.116990    1.644224     105.340822   105.377962   -0.020190    0.029720     1.904058    
-1.141515    1.026407     40.637278    40.713878    -0.015580    0.014009     0.554643    
-0.346677    -0.626774    39.863554    39.918554    -0.030588    -0.055301    3.517236    
0.158522     2.026832     112.133554   112.169256   0.007183     0.091837     5.080859    
-1.626231    1.227880     53.897199    53.971616    -0.096076    0.072542     3.184188    
-1.366334    -1.403381    56.824079    56.891891    -0.075471    -0.077517    3.138741    
-2.293814    -0.089454    63.055535    63.128005    -0.010237    -0.000399    0.281403    
0.102867     0.902011     58.001282    58.041777    0.010652     0.093404     6.006071    
2.446526     0.350110     36.385321    36.522248    0.020016     0.002864     0.297688    
0.565963     -0.848321    46.430234    46.483132    0.016417     -0.024607    1.346779    
0.800790     -1.879837    18.175443    18.395562    0.003133     -0.007356    0.071118    
-0.315100    -2.630534    38.405974    38.547540    -0.030249    -0.252522    3.686841    
1.000603     0.493767     9.537118     9.801867     0.006578     0.003246     0.062700    
-1.291237    0.044413     69.205450    69.245495    -0.139644    0.004803     7.484395    
0.883419     0.006869     7.156103     7.474305     0.042106     0.000327     0.341076    
-1.063012    2.280015     80.065032    80.128726    -0.056757    0.121736     4.274890    
2.079195     -0.109426    33.759878    33.881253    0.011209     -0.000590    0.181993    
0.511328     -1.270421    96.967969    96.997615    0.094870     -0.235710    17.991120   
-1.802069    1.643490     59.217827    59.300713    -0.019553    0.017833     0.642539    
0.465444     0.429195     13.835549    13.989218    0.011412     0.010523     0.339229    
0.441951     -1.030775    16.180872    16.338708    0.023707     -0.055293    0.867976    
0.263712     0.587012     18.658063    18.772650    0.041763     0.092962     2.954797    
1.456458     0.394950     9.017547     9.352452     0.195115     0.052910     1.208039    
-0.379155    1.142192     19.483448    19.619584    -0.012177    0.036683     0.625736    
0.018224     1.376374     23.298329    23.421824    0.000527     0.039818     0.674020    
0.138435     0.057388     65.305974    65.335807    0.002528     0.001048     1.192522    
0.585540     -1.045069    24.567290    24.675124    0.027819     -0.049652    1.167211    
0.881244     1.201961     24.926497    25.048483    0.084876     0.115765     2.400763    
-1.589526    0.666026     33.532292    33.634205    -0.103187    0.043236     2.176807    
-1.758267    0.361174     77.105238    77.151245    -0.113523    0.023319     4.978337    
0.703842     -0.731893    32.929570    33.003979    0.013521     -0.014060    0.632603    
-2.197814    0.484063     63.845701    63.915673    -0.079875    0.017592     2.320335    
-0.565809    -1.132624    69.156719    69.196313    -0.007410    -0.014833    0.905707    
-0.894410    -1.239293    30.258113    30.360569    -0.017362    -0.024056    0.587352    
-1.297536    0.894836     33.646235    33.740604    -0.274308    0.189174     7.113040    
-0.665632    -1.025509    56.094793    56.142635    -0.040677    -0.062670    3.427995    
-0.756588    0.422916     22.505126    22.607674    -0.024343    0.013607     0.724110    
-0.219957    -0.436160    7.779125     8.039176     -0.003402    -0.006746    0.120322    
0.330172     -1.298341    74.990740    75.028532    0.021763     -0.085579    4.942925    
-0.200400    -1.175357    11.206269    11.440150    -0.017355    -0.101788    0.970487    
0.856738     1.342343     12.632873    12.884111    0.005592     0.008762     0.082455    
2.053695     0.135946     78.595774    78.647358    0.115171     0.007624     4.407632    
-0.974654    0.414620     24.509959    24.611683    -0.123741    0.052640     3.111751    
-0.277503    0.360847     26.490413    26.567351    -0.033176    0.043140     3.166993    
-1.008671    -1.438175    58.568385    58.627779    -0.008823    -0.012580    0.512290    
0.194162     -1.302958    36.216017    36.293391    0.032624     -0.218926    6.085093    
-1.232103    0.085596     8.591269     8.900014     -0.022980    0.001596     0.160236    
0.018840     -0.761869    56.810381    56.849584    0.001113     -0.045026    3.357493    
-0.333561    0.552552     30.676339    30.746208    -0.049340    0.081734     4.537645    
0.975726     1.823444     23.298859    23.473150    0.118833     0.222076     2.837546    
0.163062     0.117101     9.569572     9.771999     0.004794     0.003443     0.281337    
2.057321     -0.004298    56.084694    56.156927    0.057921     -0.000121    1.578998    
-0.352520    1.089150     69.106814    69.144322    -0.133499    0.412459     26.170598   
-0.575382    -0.325318    14.198443    14.349482    -0.027931    -0.015792    0.689229    
1.997247     1.221278     18.196819    18.452092    0.458301     0.280242     4.175556    
0.651439     -0.864899    97.304371    97.330304    0.024482     -0.032505    3.656899    
2.061275     -0.360512    48.977537    49.061725    0.008876     -0.001552    0.210905    
0.307653     0.665662     111.692464   111.712217   0.018008     0.038964     6.537901    
0.543736     0.255636     13.115470    13.275975    0.052804     0.024825     1.273679    
-0.148022    1.914085     95.879849    95.919268    -0.001127    0.014573     0.730011    
0.123125     0.647017     90.540255    90.564047    0.005920     0.031109     4.353194    
-1.412180    -1.092041    24.840685    24.982422    -0.044391    -0.034327    0.780846    
-2.590596    -1.009584    31.428981    31.613071    -0.152607    -0.059473    1.851424    
0.414237     1.015647     15.486654    15.649746    0.013452     0.032981     0.502904    
-0.661271    -1.443244    26.250710    26.372238    -0.033054    -0.072142    1.312175    
-0.627843    0.460191     18.955177    19.073009    -0.008501    0.006231     0.256662    
0.175915     1.539932     15.478470    15.679934    0.008114     0.071030     0.713955    
-0.859799    0.256733     117.725526   117.745401   -0.018616    0.005559     2.548906    
-0.710805    -0.545428    24.780262    24.874467    -0.071614    -0.054952    2.496621    
0.598677     -0.869848    9.473181     9.732993     0.037670     -0.054733    0.596074    
-0.325380    -0.697756    19.456927    19.571400    -0.003785    -0.008116    0.226328    
1.178961     -0.344047    50.867408    50.920295    0.114672     -0.033464    4.947616    
-1.179593    0.412498     22.817594    22.936416    -0.177562    0.062093     3.434691    
-0.687270    -0.680607    69.397995    69.432646    -0.009721    -0.009627    0.981630    
0.570274     -0.890670    132.070005   132.088908   0.010796     -0.016861    2.500173    
2.585370     3.877209     50.297156    50.550922    0.080786     0.121152     1.571653    
-1.754959    -0.015672    14.297884    14.539070    -0.131412    -0.001174    1.070630    
-0.267886    0.177765     134.024236   134.039077   -0.043057    0.028572     21.541569   
-0.412524    0.285792     54.521841    54.559673    -0.020745    0.014372     2.741780    
-1.316795    -0.407606    47.038162    47.099509    -0.212918    -0.065908    7.605800    
0.696621     0.203918     30.781039    30.852458    0.089447     0.026183     3.952309    
-0.057674    1.050127     44.246503    44.302755    -0.003891    0.070847     2.985116    
-0.348208    -0.546779    15.431907    15.570451    -0.045917    -0.072103    2.034972    
-0.155980    0.593394     63.316953    63.350517    -0.013969    0.053143     5.670507    
-0.528942    -0.398301    10.988440    11.182986    -0.075009    -0.056483    1.558272    
-0.487251    -1.246599    13.454474    13.663427    -0.089152    -0.228090    2.461765    
0.042291     -1.756549    106.904708   106.937266   0.000402     -0.016682    1.015282    
1.096041     -0.878714    27.424324    27.530745    0.059404     -0.047626    1.486373    
-1.480135    0.745816     46.324133    46.395552    -0.094102    0.047416     2.945130    
-0.634447    1.667572     32.847034    32.954300    -0.026936    0.070799     1.394555    
1.260872     1.879275     41.279711    41.388537    0.015037     0.022411     0.492283    
-0.342448    0.899906     55.133764    55.177296    -0.042964    0.112904     6.917204    
-1.429860    -0.446187    24.152512    24.278847    -0.077490    -0.024181    1.308923    
0.766797     -2.259518    40.168659    40.287586    0.083445     -0.245886    4.371243    
1.855692     -1.438384    21.155457    21.376175    0.023676     -0.018352    0.269918    
0.403109     0.523888     10.073801    10.285591    0.025946     0.033720     0.648395    
2.811933     -1.394436    107.070067   107.134148   0.109878     -0.054488    4.183821    
-0.380776    0.176606     12.293468    12.457146    -0.024331    0.011285     0.785524    
-1.588835    -1.182661    23.466230    23.631800    -0.170387    -0.126829    2.516519    
-0.733955    1.099088     24.421698    24.536524    -0.052389    0.078451     1.743187    
-0.854640    2.952229     19.866234    20.198720    -0.064978    0.224458     1.510427    
-0.624392    0.502098     38.635295    38.693707    -0.066949    0.053836     4.142572    
-1.029791    -1.515385    73.538893    73.588047    -0.000535    -0.000788    0.038227    
-1.258361    -1.846291    23.799005    23.984575    -0.117291    -0.172091    2.218284    
-0.676906    1.381975     55.272216    55.328662    -0.066609    0.135990     5.438945    
0.238668     0.222652     18.014272    18.124445    0.000987     0.000920     0.074474    
-1.298264    -1.240997    22.909367    23.063816    -0.074829    -0.071528    1.320444    
1.957839     -0.321652    89.928067    89.971489    0.035042     -0.005757    1.609564    
-1.180745    -0.324101    21.112196    21.239090    -0.107161    -0.029415    1.916088    
-0.692352    0.778167     13.076346    13.264640    -0.060396    0.067882     1.140694    
-0.062438    0.219230     13.007866    13.157944    -0.000004    0.000015     0.000895    
1.589751     1.284003     60.052019    60.119015    0.199595     0.161208     7.539597    
-0.682359    0.630292     42.020608    42.076946    -0.073552    0.067939     4.529415    
-0.615280    -0.545564    70.713371    70.745544    -0.045388    -0.040245    5.216413    
-3.171013    -0.759338    70.145736    70.249065    -0.000727    -0.000174    0.016077    
0.988003     0.326501     26.048082    26.143073    0.034848     0.011516     0.918754    
-0.464316    0.665191     34.754704    34.819857    -0.076650    0.109811     5.737349    
0.252877     -0.668082    14.574361    14.724036    0.011189     -0.029561    0.644884    
-2.176395    1.528983     19.376927    19.657435    -0.011949    0.008395     0.106387    
0.232759     0.395993     6.500503     6.807531     0.008954     0.015234     0.250079    
-0.699093    -0.739969    6.980509     7.323847     -0.146160    -0.154706    1.459421    
-1.032112    0.001621     35.862130    35.930942    -0.075617    0.000119     2.627411    
1.796341     0.322794     25.624106    25.764332    0.131458     0.023622     1.875203    
0.133822     2.901888     86.508849    86.579991    0.032800     0.711255     21.203392   
-0.966049    0.475941     40.572576    40.634574    -0.068372    0.033684     2.871500    
-2.036277    1.250086     35.290241    35.425770    -0.113064    0.069411     1.959477    
-1.433764    -0.810362    42.458925    42.536427    -0.012366    -0.006989    0.366187    
-0.438829    0.156649     30.175919    30.243646    -0.172586    0.061608     11.867801   
0.389397     -0.977716    62.523263    62.563095    0.045215     -0.113527    7.259857    
0.133155     -0.911050    40.875248    40.932976    0.001275     -0.008725    0.391444    
-1.120123    -1.418000    66.720889    66.774377    -0.116906    -0.147995    6.963564    
-1.033771    -0.101140    200.021679   200.034061   -0.000235    -0.000023    0.045530    
0.206234     0.518660     19.037466    19.147105    0.007233     0.018190     0.667659    
-0.764386    -0.918342    45.969917    46.027555    -0.025299    -0.030394    1.521449    
-1.196556    -0.546634    15.263683    15.446214    -0.134481    -0.061436    1.715483    
0.637362     -1.465468    23.975524    24.109221    0.010443     -0.024012    0.392850    
0.302005     0.048024     24.233034    24.314777    0.016717     0.002658     1.341353    
-1.179137    0.404692     52.589191    52.640784    -0.019931    0.006840     0.888901    
0.351004     -0.960217    55.231312    55.275836    0.016768     -0.045872    2.638528    
-1.723881    -0.600500    30.005440    30.125300    -0.107520    -0.037454    1.871474    
2.228860     -1.169081    14.809305    15.150083    0.151838     -0.079642    1.008863    
-0.033441    -0.446010    6.806528     7.099565     -0.003678    -0.049057    0.748662    
-1.847965    0.306172     163.117734   163.140365   -0.114486    0.018968     10.105532   
0.693907     -0.798709    11.982994    12.189608    0.062122     -0.071505    1.072782    
0.628307     0.443256     19.464039    19.578432    0.013045     0.009203     0.404128    
-0.855761    -0.217825    9.831777     10.065712    -0.076608    -0.019500    0.880138    
0.619822     -0.097025    81.280891    81.307145    0.188128     -0.029449    24.670341   
-1.557828    0.349305     80.258939    80.298948    -0.184288    0.041322     9.494471    
0.446984     -0.125247    71.787363    71.815847    0.058282     -0.016331    9.360383    
1.947516     1.085319     31.076379    31.218376    0.120443     0.067121     1.921896    
-1.055720    -1.958581    85.392715    85.444376    -0.029405    -0.054552    2.378430    
0.276813     0.949931     53.428582    53.473987    0.010451     0.035864     2.017151    
-1.305806    -0.364371    47.683651    47.743517    -0.008959    -0.002500    0.327157    
1.438641     -2.354147    59.830331    59.926247    0.102409     -0.167578    4.258983    
1.701437     -0.448646    83.151116    83.193024    0.172345     -0.045445    8.422673    
-0.459107    0.769293     67.134502    67.169330    -0.053354    0.089402     7.801919    
-2.007392    -0.338007    18.987301    19.197302    -0.259349    -0.043670    2.453106    
-0.129218    1.118955     128.972509   128.992448   -0.000613    0.005304     0.611390    
-0.750193    1.122868     64.159812    64.204206    -0.007815    0.011698     0.668408    
1.189744     0.106829     19.759820    19.893525    0.051899     0.004660     0.861960    
1.049774     -0.193428    13.558897    13.742564    0.108900     -0.020066    1.406551    
-0.360354    0.209411     21.670809    21.764022    -0.037521    0.021804     2.256423    
-0.352985    0.809874     163.963168   163.977364   -0.004637    0.010639     2.153889    
0.100708     -0.618432    33.970677    34.033432    0.003729     -0.022901    1.257967    
-0.150731    -0.771116    8.769985     9.022468     -0.000793    -0.004059    0.046163    
0.924871     0.353259     39.170818    39.232743    0.000236     0.000090     0.009997    
-0.268968    -0.950397    40.320865    40.380970    -0.018445    -0.065176    2.765100    
0.081546     -0.884502    35.436469    35.502215    0.005435     -0.058953    2.361868    
-0.960949    0.235151     29.339764    29.422362    -0.031833    0.007790     0.971939    
-2.320133    -0.084485    30.091169    30.244728    -0.013584    -0.000495    0.176175    
-0.133006    0.860595     121.671659   121.690698   -0.003156    0.020419     2.886879    
-0.629354    0.332543     47.966656    48.012308    -0.004517    0.002387     0.344240    
-0.822330    -0.869665    39.060709    39.128589    -0.154439    -0.163329    7.335854    
-0.719509    -0.991630    11.872175    12.096467    -0.005090    -0.007015    0.083992    
-0.042096    0.870977     89.881188    89.906971    -0.001584    0.032772     3.381961    
-0.968733    3.215920     101.329970   101.404726   -0.030559    0.101448     3.196519    
0.660394     1.600597     29.436317    29.552830    0.003378     0.008187     0.150565    
1.648750     0.328301     39.888066    39.971977    0.329624     0.065635     7.974562    
-0.545245    -0.180235    91.426261    91.449253    -0.035652    -0.011785    5.978168    
0.435492     0.618626     21.168851    21.273635    0.052289     0.074278     2.541717    
-0.511137    -1.732501    83.435551    83.478314    -0.029697    -0.100656    4.847518    
-0.192144    0.750455     75.268812    75.298533    -0.022860    0.089284     8.954983    
-0.196453    0.242767     132.420586   132.435585   -0.006842    0.008454     4.611572    
0.919740     -0.389491    51.578792    51.626005    0.074541     -0.031566    4.180224    
0.275555     -2.267889    33.131910    33.268869    0.007084     -0.058307    0.851817    
2.113918     -0.508961    16.930185    17.182369    0.256093     -0.061659    2.051027    
-0.429847    0.927897     19.069048    19.197638    -0.019439    0.041963     0.862372    
1.831648     0.459076     31.243336    31.362186    0.046956     0.011769     0.800958    
0.313588     1.331559     66.375332    66.418605    0.076202     0.323568     16.129160   
0.337877     0.565254     8.826170     9.066968     0.000042     0.000070     0.001088    
-1.368329    0.366352     37.406572    37.485106    -0.054485    0.014588     1.489477    
1.200709     0.448710     40.110926    40.179651    0.043775     0.016359     1.462343    
-0.161987    2.018731     27.530444    27.674931    -0.004908    0.061167     0.834164    
3.358264     -0.532960    27.484368    27.763779    0.207989     -0.033008    1.702205    
-1.019892    -0.859970    17.791138    17.949353    -0.091386    -0.077057    1.594153    
-2.007895    -0.884351    42.429783    42.532049    -0.045072    -0.019852    0.952446    
2.252663     -0.171566    40.073469    40.185344    0.070718     -0.005386    1.258025    
1.246312     0.307046     20.005162    20.142716    0.003042     0.000750     0.048835    
1.549961     -1.627635    53.036551    53.120639    0.097970     -0.102880    3.352352    
0.223478     1.739371     52.431918    52.498156    0.003087     0.024029     0.724346    
0.392131     -0.226790    8.853304     9.080812     0.001754     -0.001014    0.039594    
1.538183     -0.375578    79.319363    79.359582    0.012849     -0.003137    0.662593    
