0.416485     0.363387     32.454974    32.519314    0.007607     0.006637     0.592744    
-0.623527    1.118937     22.765645    22.886467    -0.020278    0.036389     0.740371    
0.559503     -0.702802    6.975816     7.303693     0.101909     -0.128010    1.270595    
-1.677473    -0.613811    32.987147    33.094070    -0.126115    -0.046147    2.480016    
-0.498916    -0.029574    68.505917    68.536016    -0.013788    -0.000817    1.893229    
-3.051460    -0.223994    30.183217    30.401696    -0.005972    -0.000438    0.059072    
0.253231     -1.693596    13.415240    13.666602    0.003711     -0.024819    0.196596    
-0.131047    1.268867     10.532437    10.790477    -0.016203    0.156885     1.302253    
0.806630     -0.403088    48.748685    48.796745    0.005972     -0.002985    0.360941    
0.862055     -0.628863    10.048337    10.294787    0.034981     -0.025518    0.407748    
0.994208     -2.824022    44.756780    44.899977    0.115806     -0.328945    5.213320    
-0.318059    0.865687     61.432713    61.471162    -0.034275    0.093288     6.620136    
0.278477     1.481294     25.798557    25.917412    0.030100     0.160109     2.788498    
2.003280     1.081373     92.292369    92.341425    0.122317     0.066027     5.635239    
0.382306     0.675355     82.310785    82.337977    0.025672     0.045351     5.527303    
-0.159501    0.396573     7.103196     7.383296     -0.010115    0.025148     0.450439    
0.881775     1.969691     16.496718    16.753324    0.179892     0.401839     3.365512    
0.852210     -0.640034    76.584654    76.617361    0.204257     -0.153403    18.355764   
0.043555     -1.441339    37.609264    37.688341    0.017009     -0.562874    14.687230   
0.783330     -0.299638    16.869097    17.004258    0.024658     -0.009432    0.531021    
0.635449     -0.998329    83.316039    83.347692    0.022093     -0.034709    2.896693    
-0.007398    -0.191694    108.925215   108.943170   -0.000757    -0.019619    11.148214   
-1.199206    -0.549407    122.352370   122.375314   -0.057868    -0.026512    5.904173    
-0.529892    -0.189791    47.616675    47.660671    -0.068349    -0.024481    6.141943    
1.355366     0.529849     28.112693    28.219075    0.325587     0.127281     6.753242    
-0.240686    -1.529765    21.631538    21.776053    -0.012730    -0.080907    1.144064    
-1.847434    1.206247     26.776077    26.938844    -0.211218    0.137911     3.061318    
-1.626324    1.315436     35.015526    35.133137    -0.187734    0.151847     4.042002    
0.287488     -0.675685    95.569854    95.592945    0.001665     -0.003914    0.553561    
1.574757     -1.135566    37.274445    37.376845    0.120854     -0.087148    2.860610    
0.259596     -0.087198    6.312642     6.618111     0.004737     -0.001591    0.115199    
-0.117889    -0.146415    130.146665   130.161687   -0.018611    -0.023114    20.545960   
0.398860     0.849922     31.866062    31.940606    0.003748     0.007986     0.299401    
0.652727     -0.622723    48.252152    48.300714    0.009637     -0.009194    0.712406    
-0.986176    -0.000288    22.121751    22.231045    -0.062792    -0.000018    1.408532    
1.229138     0.294608     24.768439    24.878667    0.097101     0.023274     1.956697    
-0.881972    -0.927280    17.046685    17.207619    -0.039673    -0.041711    0.766797    
-0.077997    1.053140     24.752484    24.853080    -0.000928    0.012528     0.294461    
-1.377260    0.612043     22.337910    22.475067    -0.083411    0.037067     1.352844    
0.431622     0.658364     49.095662    49.141416    0.008233     0.012559     0.936518    
-1.333298    1.113871     24.390429    24.531334    -0.093396    0.078026     1.708531    
1.728026     -0.185316    51.004153    51.071704    0.134796     -0.014456    3.978613    
-1.145546    0.679839     113.262860   113.287797   -0.002656    0.001576     0.262573    
1.159451     1.798446     79.316364    79.369637    0.222464     0.345069     15.218470   
-0.033485    1.535871     14.168452    14.386800    -0.005275    0.241947     2.231967    
1.133638     0.102449     46.091359    46.147415    0.206604     0.018671     8.400096    
0.583410     1.383483     28.268166    28.376373    0.017514     0.041532     0.848604    
-0.641901    1.029686     12.246222    12.462632    -0.067354    0.108044     1.284990    
0.199285     0.924091     20.711522    20.826324    0.010758     0.049885     1.118063    
-2.296493    0.520802     163.817257   163.846006   -0.180607    0.040958     12.883383   
-0.127851    0.126902     79.881714    79.906168    -0.001099    0.001091     0.686778    
0.483869     1.116019     21.037617    21.164496    0.017701     0.040827     0.769615    
-1.849424    0.240781     18.536613    18.733908    -0.022151    0.002884     0.222022    
0.027174     -0.754314    88.895741    88.920737    0.000696     -0.019313    2.276034    
-0.298942    0.141905     38.020164    38.072527    -0.048645    0.023091     6.186852    
-1.029318    -0.049107    102.943320   102.967296   -0.423932    -0.020225    42.397927   
-1.261907    -0.809802    72.780241    72.822295    -0.282727    -0.181434    16.306196   
0.070583     -0.968431    111.446513   111.468126   0.003653     -0.050125    5.768406    
0.222212     -1.118615    33.262234    33.339944    0.009320     -0.046917    1.395095    
0.609042     -2.090824    47.206724    47.297909    0.012648     -0.043419    0.980307    
-0.571328    0.602262     24.332495    24.426101    -0.024775    0.026116     1.055149    
-0.479076    0.838653     8.563402     8.839664     -0.028528    0.049940     0.509929    
-0.699328    -0.396992    29.490559    29.567122    -0.027406    -0.015558    1.155726    
1.165544     0.328760     13.671519    13.865495    0.001375     0.000388     0.016132    
-0.236998    -0.932162    60.878105    60.917515    -0.021607    -0.084984    5.550194    
-2.260769    0.343923     88.007864    88.059573    -0.314205    0.047799     12.231446   
-0.918751    0.782231     44.735872    44.795415    -0.069355    0.059049     3.377027    
0.917848     -0.151088    15.358200    15.511754    0.035515     -0.005846    0.594263    
-0.316404    -1.813768    67.972781    68.026199    -0.023417    -0.134235    5.030578    
0.731349     -0.119207    126.153406   126.170939   0.099263     -0.016179    17.122227   
-2.306847    -0.233522    14.020676    14.346790    -0.074462    -0.007538    0.452568    
-0.029055    0.448906     181.221260   181.232510   -0.003546    0.054783     22.115839   
0.485606     0.570702     73.811678    73.841725    0.048060     0.056481     7.305019    
1.725701     0.701391     64.650798    64.707578    0.042315     0.017198     1.585270    
-0.404204    -1.123159    14.480666    14.662520    -0.002665    -0.007406    0.095482    
-0.764067    0.392729     45.257472    45.308408    -0.036962    0.018998     2.189354    
0.024078     -1.220989    32.008889    32.092605    0.003929     -0.199259    5.223688    
1.617875     -1.563306    136.517683   136.550409   0.067701     -0.065417    5.712629    
-1.596033    -1.160888    60.113801    60.178394    -0.031111    -0.022629    1.171779    
-2.239601    0.028729     56.356473    56.435305    -0.038475    0.000494     0.968166    
0.444806     -1.997709    15.512830    15.770591    0.087108     -0.391217    3.037922    
-0.834767    1.214826     92.598771    92.631420    -0.058844    0.085635     6.527419    
0.507642     1.680735     47.831404    47.904079    0.025642     0.084896     2.416030    
-0.509191    0.684236     27.369480    27.453431    -0.036200    0.048644     1.945778    
0.670297     0.835352     18.855921    18.988623    0.076839     0.095760     2.161540    
1.398065     -1.043499    8.677935     9.067799     0.063019     -0.047037    0.391166    
0.073382     -1.318363    82.901908    82.935787    0.001539     -0.027647    1.738526    
0.510476     0.208019     44.694698    44.741422    0.016273     0.006631     1.424792    
0.209032     -1.217743    36.233267    36.307729    0.016696     -0.097264    2.894029    
-0.519570    1.065672     42.425624    42.487812    -0.038458    0.078880     3.140288    
-1.563334    0.713918     89.012503    89.050852    -0.005714    0.002609     0.325341    
-1.229737    1.396512     63.830452    63.887902    -0.063625    0.072254     3.302508    
0.371403     2.038898     50.028291    50.109878    0.015586     0.085561     2.099396    
-0.169962    -1.000977    40.746312    40.806467    -0.010727    -0.063174    2.571588    
-1.038898    -1.928287    43.020612    43.121289    -0.006214    -0.011534    0.257316    
-0.403846    0.896115     81.393878    81.423611    -0.015111    0.033530     3.045496    
-0.241802    -0.292433    7.667894     7.925625     -0.025278    -0.030571    0.801598    
-1.252976    0.629856     39.081466    39.156131    -0.167499    0.084200     5.224443    
0.743869     -0.168408    30.636867    30.709515    0.001960     -0.000444    0.080706    
-0.316667    0.719845     59.883817    59.921323    -0.008756    0.019904     1.655817    
0.496483     -0.723004    34.355444    34.422968    0.028125     -0.040957    1.946173    
1.189518     -1.382500    20.920883    21.092287    0.182454     -0.212055    3.208955    
0.599703     0.518920     16.556478    16.691940    0.017123     0.014817     0.472742    
-1.764060    -0.192835    28.162296    28.286728    -0.016256    -0.001777    0.259513    
-1.554722    -0.027337    21.817524    21.961266    -0.013902    -0.000244    0.195086    
-2.692185    0.754534     24.530179    24.767354    -0.328551    0.092082     2.993632    
-1.009490    1.789000     29.642733    29.778955    -0.004952    0.008775     0.145401    
-1.967025    -0.678128    37.660982    37.769744    -0.025356    -0.008741    0.485469    
0.002212     1.399503     37.776691    37.853823    0.000008     0.005281     0.142537    
0.896364     0.560821     172.207530   172.222026   0.003491     0.002184     0.670609    
0.733890     0.176759     70.941084    70.972404    0.099019     0.023849     9.571661    
0.066281     -1.258316    13.924922    14.119709    0.021377     -0.405839    4.491143    
1.101159     2.657130     246.423703   246.448350   0.034411     0.083035     7.700740    
-1.100187    0.656328     46.324038    46.383539    -0.260694    0.155520     10.976698   
-1.525771    1.145384     62.177195    62.237596    -0.001715    0.001287     0.069873    
2.796549     -2.704943    88.854436    88.961358    0.202201     -0.195577    6.424498    
1.967214     -0.114582    20.943928    21.128326    0.010660     -0.000621    0.113495    
-0.827675    -0.764618    32.031005    32.111212    -0.030844    -0.028494    1.193669    
-0.424522    -0.688851    51.264042    51.308203    -0.076136    -0.123542    9.193976    
0.176183     -1.554287    20.552444    20.705670    0.000866     -0.007638    0.101003    
-0.463445    -1.522757    25.563284    25.688324    -0.056789    -0.186593    3.132436    
0.387571     0.243388     27.005532    27.081048    0.022348     0.014034     1.557175    
-2.282780    1.069616     16.179139    16.492260    -0.020235    0.009481     0.143417    
-0.890058    0.210235     18.965756    19.089559    -0.063015    0.014884     1.342749    
0.544187     0.909449     78.373297    78.405178    0.056075     0.093713     8.075915    
-1.938924    -0.745778    58.208181    58.278495    -0.006148    -0.002365    0.184571    
0.088013     0.826748     134.473173   134.490150   0.024037     0.225791     36.725600   
-1.349349    0.129565     21.965304    22.094955    -0.067017    0.006435     1.090935    
0.325570     -1.054601    23.459063    23.567366    0.052705     -0.170723    3.797655    
-0.272507    -0.691523    11.523939    11.714461    -0.051880    -0.131652    2.193922    
0.537888     -0.879932    12.111909    12.314093    0.025999     -0.042532    0.585431    
0.324101     0.333607     16.346534    16.471201    0.003964     0.004080     0.199915    
-1.154560    0.428670     18.890959    19.033130    -0.003006    0.001116     0.049181    
-0.044150    1.516242     42.498234    42.570832    -0.000317    0.010888     0.305184    
-1.025594    -1.277416    84.027946    84.066963    -0.076293    -0.095026    6.250745    
0.810130     0.898611     18.730032    18.872013    0.040299     0.044700     0.931700    
-1.381050    1.123151     17.778625    17.975629    -0.048002    0.039038     0.617939    
0.254250     1.630347     42.482519    42.560099    0.008510     0.054569     1.421931    
1.064619     0.133255     47.683689    47.736363    0.093952     0.011760     4.208077    
-0.066078    0.172658     4.806576     5.197336     -0.002489    0.006505     0.181080    
-0.199477    -0.384430    56.459632    56.495597    -0.003459    -0.006666    0.978936    
0.655159     -0.127451    63.210568    63.244734    0.017558     -0.003416    1.694051    
-0.243297    -1.096978    27.852096    27.944172    -0.000009    -0.000041    0.001035    
0.404973     -0.306520    20.710801    20.810339    0.054077     -0.040931    2.765578    
-0.463856    2.135531     124.453664   124.488413   -0.015321    0.070537     4.110711    
0.638017     -1.362489    34.307628    34.396973    0.108680     -0.232087    5.843964    
-1.897736    0.309636     80.710966    80.757862    -0.018349    0.002994     0.780368    
-1.292491    -0.640564    27.158544    27.267972    -0.037886    -0.018776    0.796072    
-0.299473    -2.260002    23.476498    23.668929    -0.030721    -0.231841    2.408321    
-0.020186    -1.209566    52.284420    52.335447    -0.001834    -0.109893    4.750219    
-1.046117    1.148948     51.771602    51.832308    -0.096913    0.106440     4.796172    
-1.794718    0.441648     57.631102    57.694323    -0.098866    0.024329     3.174748    
0.084504     -0.279276    48.854563    48.895076    0.004098     -0.013545    2.369393    
-1.202129    0.610083     11.338329    11.586629    -0.238175    0.120875     2.246440    
1.476592     0.760130     87.400163    87.438102    0.138655     0.071378     8.207043    
3.574923     -0.053008    142.908463   142.966733   0.109265     -0.001620    4.367905    
0.058645     -0.552905    46.452279    46.497294    0.001257     -0.011852    0.995720    
-0.117174    -0.032768    8.390569     8.619246     -0.008562    -0.002394    0.613069    
0.170338     -0.160663    24.456129    24.536341    0.003901     -0.003679    0.560022    
0.437865     1.583682     8.674996     9.046009     0.000169     0.000610     0.003341    
0.669020     0.948887     6.898260     7.266975     0.051791     0.073456     0.534017    
-0.055036    2.563071     27.904554    28.091128    -0.010873    0.506377     5.513008    
-1.519941    -1.337448    124.708892   124.740859   -0.125507    -0.110438    10.297672   
2.299368     -0.250518    47.348376    47.445690    0.133364     -0.014530    2.746229    
1.221147     0.104362     104.704834   104.730508   0.090628     0.007745     7.770678    
-0.702918    0.356271     61.318414    61.355064    -0.013266    0.006724     1.157286    
1.087908     0.905594     69.398880    69.441221    0.005125     0.004266     0.326899    
0.392568     -0.523958    42.990470    43.040494    0.007710     -0.010291    0.844380    
-0.664699    0.692505     26.004121    26.096181    -0.016529    0.017221     0.646658    
-0.335422    -0.747267    88.877688    88.903258    -0.007623    -0.016983    2.019909    
-0.611446    0.602260     20.016259    20.131124    -0.053938    0.053128     1.765711    
-0.231032    -1.070949    50.074988    50.125639    -0.022751    -0.105464    4.931248    
1.581645     0.257232     48.357459    48.424029    0.075854     0.012337     2.319163    
0.715670     0.069159     25.502953    25.588914    0.052886     0.005111     1.884596    
0.086852     -0.890078    28.859188    28.940067    0.001412     -0.014468    0.469108    
-1.014233    1.237732     66.864390    66.912497    -0.078372    0.095643     5.166777    
-0.564527    0.498112     92.750070    92.774012    -0.025838    0.022798     4.245116    
-0.059204    0.017346     84.586948    84.609872    -0.007787    0.002282     11.126036   
-2.209747    -0.546655    56.827341    56.906972    -0.285225    -0.070560    7.335043    
0.301022     -0.151752    100.402821   100.422682   0.006317     -0.003184    2.106923    
0.659914     -0.718577    159.152167   159.167330   0.086032     -0.093680    20.748363   
-0.312442    0.278507     53.990775    54.028269    -0.025548    0.022774     4.414829    
-1.047518    -1.824406    41.912629    42.011536    -0.016981    -0.029575    0.679443    
2.651059     1.329970     112.837215   112.893352   0.427936     0.214685     18.214264   
0.069367     -0.027622    79.388784    79.413220    0.000259     -0.000103    0.296975    
0.464073     -0.954060    13.070051    13.259969    0.003640     -0.007483    0.102517    
0.032140     -0.273075    54.528721    54.564933    0.004105     -0.034875    6.964048    
0.920606     -0.088919    103.209730   103.232644   0.000612     -0.000059    0.068569    
0.153375     -0.236825    38.401733    38.453188    0.020639     -0.031868    5.167436    
0.308237     1.790296     140.644132   140.669638   0.002024     0.011757     0.923612    
-0.280368    1.048981     44.792457    44.848836    -0.028110    0.105171     4.490890    
-2.128369    0.286713     46.606552    46.697514    -0.367020    0.049441     8.036934    
0.086551     -0.913013    35.421585    35.488093    0.004869     -0.051365    1.992792    
-0.655485    1.502212     47.085134    47.154757    -0.005445    0.012478     0.391111    
0.023341     1.716414     64.273883    64.326928    0.002878     0.211641     7.925236    
-1.930125    0.365145     35.818625    35.926418    -0.034211    0.006472     0.634881    
1.467003     -1.385638    23.451946    23.620771    0.003419     -0.003230    0.054665    
0.460335     0.588803     47.721087    47.767517    0.031501     0.040292     3.265562    
0.897049     -0.169586    114.514322   114.534879   0.011934     -0.002256    1.523461    
-1.846547    -0.646897    29.654143    29.783743    -0.116931    -0.040964    1.877815    
-0.010472    0.456325     15.945922    16.073448    -0.000753    0.032815     1.146710    
-0.102397    -1.354615    33.806783    33.891282    -0.002653    -0.035098    0.875944    
-1.559109    -0.877381    55.161761    55.225859    -0.066332    -0.037328    2.346836    
-0.717992    1.699127     46.927763    47.005238    -0.032684    0.077346     2.136207    
1.097718     0.839456     20.963088    21.100609    0.020225     0.015467     0.386242    
0.051558     -0.438702    14.059405    14.203413    0.001171     -0.009963    0.319296    
1.169868     -0.107677    92.738661    92.766990    0.031217     -0.002873    2.474692    
-0.118093    -0.822624    14.487709    14.644429    -0.006775    -0.047194    0.831161    
-1.739135    0.216082     60.496651    60.554034    -0.041707    0.005182     1.450809    
1.545247     -0.386451    14.014218    14.241151    0.396702     -0.099211    3.597784    
-0.011734    -0.232828    110.342676   110.360479   -0.003655    -0.072533    34.375062   
2.339490     0.182410     65.247200    65.319051    0.006483     0.000506     0.180821    
-0.117786    0.379214     10.859965    11.044070    -0.007608    0.024494     0.701472    
-1.192082    -0.379490    45.144315    45.204526    -0.176558    -0.056206    6.686294    
0.592752     3.056973     45.573402    45.722056    0.101335     0.522609     7.791062    
1.107345     1.159829     11.769458    12.040204    0.157376     0.164835     1.672673    
1.151274     -0.120855    67.277646    67.316392    0.116273     -0.012206    6.794727    
0.095476     -1.105182    41.421163    41.482746    0.023312     -0.269843    10.113480   
0.801014     -1.067022    21.031827    21.165842    0.021417     -0.028529    0.562331    
0.708767     -0.113991    11.055610    11.252414    0.023483     -0.003777    0.366292    
2.031762     -0.610245    89.288363    89.335252    0.073759     -0.022154    3.241435    
-2.049131    -0.478593    106.451200   106.490192   -0.191062    -0.044624    9.925573    
-0.422856    0.840639     10.829884    11.047481    -0.011531    0.022924     0.295331    
1.079225     0.144579     26.487313    26.582670    0.010927     0.001464     0.268169    
-0.910287    0.317261     38.877258    38.938996    -0.049699    0.017322     2.122583    
0.250391     -0.743426    42.417531    42.470428    0.020018     -0.059434    3.391134    
-0.992188    -0.396609    76.057734    76.090706    -0.017132    -0.006848    1.313246    
0.427856     1.827799     16.964134    17.180824    0.000283     0.001210     0.011231    
-0.138363    -1.542358    16.237225    16.429256    -0.005422    -0.060439    0.636277    
-0.397709    -0.212962    23.472328    23.559046    -0.039544    -0.021175    2.333861    
2.918734     -0.190127    43.161551    43.305307    0.018987     -0.001237    0.280778    
0.787151     -0.823283    23.272411    23.383274    0.004121     -0.004310    0.121829    
0.184097     -1.247959    115.067478   115.091228   0.003557     -0.024115    2.223467    
1.968307     0.019248     32.945117    33.062521    0.053256     0.000521     0.891380    
0.235101     -0.671317    54.993219    55.033036    0.000323     -0.000922    0.075541    
-0.905662    -0.640958    103.584898   103.609541   -0.007122    -0.005040    0.814567    
-0.375898    0.290849     9.565620     9.777624     -0.015083    0.011671     0.383836    
0.529600     -1.500384    25.139183    25.266284    0.001178     -0.003336    0.055896    
1.100948     -1.665653    13.054094    13.351810    0.076883     -0.116319    0.911616    
0.917041     0.060946     65.071446    65.107701    0.017623     0.001171     1.250496    
-2.168709    -0.465527    13.999534    14.310204    -0.069108    -0.014834    0.446107    
0.439579     0.024974     37.334499    37.388951    0.018536     0.001053     1.574326    
0.365616     -0.507434    10.557509    10.757653    0.009755     -0.013539    0.281679    
-1.352760    -0.531389    8.603066     8.944273     -0.012902    -0.005068    0.082055    
-1.306543    -0.689689    35.584312    35.669328    -0.039505    -0.020854    1.075933    
-0.125119    2.689019     43.339242    43.467359    -0.011633    0.250011     4.029454    
1.726816     0.093951     33.085758    33.189351    0.114534     0.006231     2.194461    
1.240528     0.504506     57.996356    58.045204    0.382195     0.155434     17.868145   
0.272870     -0.658342    6.132071     6.479593     0.003105     -0.007490    0.069767    
0.481508     0.989412     32.564840    32.642833    0.056034     0.115140     3.789637    
1.123466     0.129419     29.052673    29.141237    0.028382     0.003270     0.733965    
1.863960     -1.424812    22.942394    23.145903    0.222750     -0.170270    2.741696    
-1.289988    -0.524406    59.198464    59.247550    -0.148795    -0.060488    6.828313    
0.102253     -1.221127    21.747784    21.871046    0.004990     -0.059587    1.061222    
0.360184     2.185849     48.057948    48.149237    0.009803     0.059494     1.308025    
-0.255375    -0.733980    17.032579    17.163555    -0.019129    -0.054978    1.275804    
-0.088958    -0.968618    117.538104   117.558611   -0.007929    -0.086334    10.476326   
0.532200     1.004659     48.708573    48.761590    0.028011     0.052877     2.563625    
-0.939231    -0.396882    11.213032    11.430079    -0.060906    -0.025737    0.727129    
2.364641     1.363869     49.987051    50.100219    0.123001     0.070944     2.600165    
0.639499     -0.972312    94.364622    94.392326    0.010863     -0.016516    1.602889    
0.118458     0.380078     57.954520    57.989308    0.005469     0.017548     2.675717    
-1.082280    -0.048670    42.342592    42.402166    -0.017288    -0.000777    0.676353    
-1.407976    -0.809024    32.733821    32.833137    -0.151796    -0.087222    3.529072    
-0.572143    1.484286     82.852686    82.891332    -0.021494    0.055761     3.112592    
2.031436     1.228051     68.994806    69.063688    0.478903     0.289508     16.265254   
1.359543     0.746181     36.386715    36.472909    0.096385     0.052901     2.579644    
0.900101     -0.821275    50.548617    50.601603    0.155462     -0.141847    8.730566    
-1.097794    -1.677293    35.906748    36.016496    -0.030818    -0.047086    1.007998    
0.049833     2.827505     35.837426    36.002685    0.000548     0.031083     0.393963    
0.254398     0.069209     45.226765    45.270352    0.025446     0.006923     4.523843    
-1.189667    0.648997     24.454213    24.570714    -0.040910    0.022318     0.840934    
0.581759     -0.561587    76.965773    76.995188    0.052268     -0.050456    6.915008    
1.030183     0.766612     45.568727    45.629298    0.051752     0.038512     2.289199    
0.187204     1.381392     16.779545    16.952032    0.003103     0.022898     0.278141    
0.462337     0.879210     15.358602    15.516068    0.000528     0.001003     0.017525    
-1.711241    0.408783     30.909458    31.022008    -0.294012    0.070234     5.310616    
-1.030276    1.200387     48.400925    48.466760    -0.012370    0.014412     0.581114    
-1.293020    -3.539923    145.101594   145.163875   -0.042404    -0.116090    4.758517    
0.187881     -0.925774    34.804678    34.873097    0.008544     -0.042100    1.582750    
1.495894     0.023929     55.446978    55.502077    0.356557     0.005704     13.216184   
1.494183     1.271611     111.352104   111.386784   0.078430     0.066747     5.844901    
-0.801572    0.695489     71.773262    71.808094    -0.004542    0.003940     0.406653    
1.316022     -2.161807    68.735292    68.810033    0.000772     -0.001268    0.040325    
0.572077     1.727471     50.221198    50.292694    0.022926     0.069230     2.012654    
0.127620     0.936228     24.713439    24.809713    0.001477     0.010832     0.285926    
-0.132566    -0.087936    16.386423    16.505003    -0.000185    -0.000123    0.022926    
2.478751     -1.292879    89.360419    89.425808    0.064819     -0.033808    2.336749    
-0.135034    -1.416646    23.004359    23.132242    -0.001880    -0.019723    0.320273    
0.975765     0.525798     35.260452    35.332747    0.008473     0.004566     0.306170    
1.168201     0.840579     124.688020   124.711862   0.088070     0.063371     9.400202    
1.292597     -0.303851    72.241218    72.280230    0.063321     -0.014885    3.538932    
0.255914     -0.238512    42.370645    42.417790    0.022146     -0.020640    3.666637    
0.201777     0.768510     33.248001    33.315699    0.004339     0.016526     0.714978    
2.109515     0.484862     19.340472    19.560521    0.124211     0.028549     1.138788    
2.104719     0.089247     71.260688    71.318991    0.154829     0.006565     5.242126    
-0.091354    0.099359     5.532551     5.873865     -0.007180    0.007809     0.434834    
0.795483     -0.010614    79.349954    79.378354    0.003133     -0.000042    0.312526    
-0.866581    -1.238633    42.318003    42.390724    -0.000401    -0.000574    0.019602    
1.879610     -1.043665    49.234768    49.320984    0.289862     -0.160948    7.592683    
1.119926     -0.982465    41.023019    41.097232    0.136745     -0.119961    5.008983    
-0.112740    -0.148362    7.030295     7.303062     -0.014544    -0.019139    0.906930    
0.594280     1.041099     24.534714    24.642732    0.088271     0.154639     3.644259    
0.717983     0.824559     105.770270   105.794236   0.013785     0.015831     2.030765    
-0.216559    1.051907     54.891955    54.937738    -0.009233    0.044848     2.340302    
0.067876     -1.894940    37.435682    37.535325    0.005137     -0.143403    2.833017    
0.074220     -2.030388    66.907890    66.967669    0.007432     -0.203300    6.699401    
1.828684     0.502885     89.527286    89.569006    0.114292     0.031430     5.595433    
0.285553     -0.458034    165.516548   165.529133   0.018856     -0.030245    10.929537   
-1.704893    0.587263     27.328947    27.459021    -0.133321    0.045923     2.137090    
-0.499476    -0.181427    12.118912    12.289238    -0.014343    -0.005210    0.348007    
-0.910805    -1.757189    11.076984    11.423301    -0.025808    -0.049790    0.313869    
-0.926838    -0.254926    86.839708    86.867335    -0.021747    -0.005981    2.037533    
1.122783     -1.440346    24.875472    25.019978    0.036459     -0.046771    0.807758    
0.283126     1.226515     11.973329    12.199182    0.000483     0.002091     0.020411    
0.942699     1.609721     35.708318    35.811155    0.026869     0.045880     1.017759    
-0.039070    -2.158688    123.776686   123.811164   -0.005093    -0.281387    16.134391   
1.053310     0.592761     55.804626    55.852414    0.019295     0.010858     1.022235    
-0.721354    -0.426113    7.005763     7.325134     -0.057818    -0.034154    0.561527    
0.656367     0.622930     52.185523    52.230476    0.043237     0.041035     3.437638    
1.239589     -0.139520    77.269804    77.304939    0.393905     -0.044336    24.554086   
-1.296123    1.038606     15.188072    15.404906    -0.030951    0.024801     0.362684    
2.121915     -2.018815    44.767192    44.906063    0.133383     -0.126902    2.814045    
0.127694     -2.130033    16.899179    17.146735    0.003759     -0.062696    0.497412    
-0.072240    -0.179214    11.549929    11.718069    -0.000535    -0.001327    0.085498    
-1.457525    -1.395679    21.828467    22.009753    -0.008545    -0.008182    0.127969    
0.299781     -0.176900    171.865475   171.877101   0.008337     -0.004919    4.779463    
-0.541768    -3.465724    39.669560    39.872969    -0.023869    -0.152689    1.747721    
-0.229118    0.920096     36.472937    36.538324    -0.003307    0.013279     0.526394    
0.305283     0.546678     85.437668    85.462636    0.044688     0.080023     12.506420   
2.336341     -0.621534    31.596118    31.749558    0.262635     -0.069869    3.551817    
-1.041285    -0.256212    53.695722    53.742492    -0.045136    -0.011106    2.327498    
-0.710252    0.029073     35.464905    35.526607    -0.038013    0.001556     1.898082    
-0.075036    -1.031806    81.874843    81.905037    -0.002651    -0.036449    2.892284    
-1.020948    1.329513     61.300445    61.354947    -0.042623    0.055505     2.559185    
-1.216421    0.280345     60.407350    60.452305    -0.007285    0.001679     0.361791    
0.521587     -0.757643    7.793878     8.091080     0.025624     -0.037221    0.382889    
-1.293007    0.316085     21.305179    21.437289    -0.059199    0.014472     0.975432    
0.555545     0.715247     14.431402    14.593167    0.053231     0.068533     1.382771    
-0.895178    -0.725200    34.968099    35.042405    -0.083181    -0.067386    3.249277    
-0.593015    1.113575     9.473146     9.757416     -0.031987    0.060065     0.510973    
2.150024     -0.384268    102.721620   102.763692   0.074603     -0.013334    3.564319    
-0.313312    -0.330678    16.207057    16.332519    -0.049140    -0.051864    2.541936    
-0.533405    0.801890     75.039117    75.071110    -0.062451    0.093885     8.785525    
-0.825444    -0.978623    21.537250    21.664883    -0.076101    -0.090223    1.985601    
0.765810     1.520845     22.194652    22.346744    0.049886     0.099071     1.445806    
1.066894     0.076336     50.295188    50.345059    0.006094     0.000436     0.287292    
-1.157863    -0.578891    12.011405    12.240285    -0.040802    -0.020400    0.423270    
-0.593626    1.486320     31.713920    31.815236    -0.030229    0.075687     1.614960    
-0.912487    -0.424439    11.333490    11.547110    -0.047873    -0.022268    0.594610    
-0.475026    0.239838     9.213682     9.436634     -0.040351    0.020373     0.782650    
0.665766     -1.352706    67.816273    67.861586    0.043763     -0.088918    4.457788    
0.703802     -0.102027    65.661270    65.694620    0.227423     -0.032968    21.217445   
0.526965     -1.785218    28.630264    28.758158    0.060115     -0.203653    3.266064    
-0.943064    2.011711     12.822285    13.161394    -0.002906    0.006198     0.039508    
0.154052     -1.025306    23.220760    23.327101    0.008854     -0.058932    1.334666    
0.450254     0.957081     13.126087    13.314948    0.063677     0.135356     1.856365    
-0.872609    0.743356     33.849843    33.926403    -0.035937    0.030614     1.394063    
0.211194     -1.762584    15.309294    15.537076    0.025010     -0.208724    1.812917    
1.193878     -0.729456    55.869287    55.921460    0.099139     -0.060573    4.639347    
-0.887735    -0.407599    29.040267    29.123294    -0.007812    -0.003587    0.255549    
-1.443646    -0.408221    121.599211   121.624397   -0.209029    -0.059107    17.606624   
0.739556     -0.377593    89.538109    89.563594    0.079735     -0.040710    9.653497    
0.260854     -0.533998    40.473620    40.525820    0.015475     -0.031679    2.401041    
-0.041479    -1.521223    108.901331   108.929751   -0.003987    -0.146210    10.466859   
1.486423     0.402808     60.617248    60.668751    0.062725     0.016998     2.557959    
-0.096029    -2.149448    18.529471    18.757547    -0.005406    -0.121007    1.043148    
2.470075     1.084549     98.824044    98.880454    0.062568     0.027472     2.503238    
1.267467     -1.321610    58.996354    59.057581    0.045859     -0.047818    2.134583    
1.053300     -1.871574    86.507011    86.556051    0.008387     -0.014903    0.688852    
0.945580     0.550455     10.116410    10.364064    0.094646     0.055096     1.012577    
0.245867     -0.959257    19.025772    19.152953    0.049077     -0.191474    3.797659    
-0.069633    -0.099804    17.791002    17.899986    -0.006183    -0.008862    1.579666    
-1.890898    -0.155882    22.645985    22.810423    -0.326867    -0.026946    3.914664    
0.219475     1.296808     8.550964     8.872645     0.013575     0.080209     0.528890    
1.740643     1.648130     35.254567    35.390757    0.106639     0.100972     2.159848    
-1.538933    -0.118135    12.099009    12.354887    -0.499151    -0.038317    3.924296    
1.331723     -1.718650    36.395130    36.513117    0.091089     -0.117554    2.489392    
0.208856     -0.544502    35.878245    35.936938    0.017590     -0.045859    3.021757    
2.412711     -0.363417    57.963784    58.048501    0.141590     -0.021327    3.401612    
-0.688085    1.321313     28.213538    28.321335    -0.159303    0.305906     6.531896    
-2.237887    1.380979     33.951151    34.109689    -0.083406    0.051469     1.265362    
-0.644295    -0.723581    8.487454     8.766443     -0.087966    -0.098791    1.158799    
-1.873873    -1.008477    44.966784    45.060127    -0.110639    -0.059543    2.654966    
-0.382053    0.082052     16.365298    16.487893    -0.012280    0.002637     0.526017    
0.961745     -0.155217    11.462312    11.670844    0.203231     -0.032800    2.422154    
-0.411426    0.609500     39.717622    39.773172    -0.012598    0.018663     1.216177    
-1.976675    0.225826     22.748744    22.920265    -0.064543    0.007374     0.742803    
-2.178192    1.137148     52.198615    52.293479    -0.182121    0.095078     4.364386    
-0.305359    -0.340923    98.772543    98.793217    -0.056102    -0.062636    18.146919   
-1.167100    -0.081901    79.405489    79.438501    -0.038669    -0.002714    2.630921    
-0.538852    0.054980     6.336093     6.656907     -0.005362    0.000547     0.063045    
-0.313999    -0.961863    105.163205   105.186494   -0.000624    -0.001913    0.209136    
-0.006414    1.517506     22.558759    22.695273    -0.000291    0.068766     1.022250    
1.348898     0.800640     26.818170    26.936030    0.052986     0.031450     1.053439    
0.434551     0.508870     16.433830    16.564828    0.005049     0.005912     0.190942    
1.277646     2.207055     184.404964   184.433102   0.069323     0.119752     10.005570   
1.722590     -0.129940    15.607494    15.825707    0.006165     -0.000465    0.055854    
-0.823005    -1.550579    22.381344    22.536219    -0.006902    -0.013003    0.187686    
2.541101     1.237074     30.787853    30.979903    0.643499     0.313272     7.796604    
0.814576     0.002369     10.273853    10.492405    0.009193     0.000027     0.115948    
2.474833     0.803506     31.859483    32.026114    0.106674     0.034634     1.373255    
-1.233081    -0.888489    54.537246    54.593920    -0.240427    -0.173238    10.633721   
-0.276361    0.002311     19.713249    19.813216    -0.020467    0.000171     1.459931    
0.371888     -1.621987    19.881107    20.047507    0.007785     -0.033956    0.416204    
-1.496511    -2.316704    36.342842    36.500463    -0.335380    -0.519192    8.144725    
-0.110715    1.570895     32.814640    32.911328    -0.010000    0.141882     2.963789    
0.138840     -0.319048    4.172398     4.626546     0.000445     -0.001021    0.013358    
0.408396     -0.158036    30.161398    30.228739    0.009034     -0.003496    0.667207    
-1.581033    -0.301696    41.448827    41.526750    -0.178020    -0.033970    4.667014    
-2.423274    -1.093016    52.902712    53.006026    -0.139881    -0.063093    3.053759    
-0.520330    -0.189510    46.646068    46.690869    -0.008007    -0.002916    0.717836    
-0.804645    1.104478     65.393122    65.437013    -0.025637    0.035189     2.083471    
-1.069736    -0.230753    39.994828    40.058193    -0.125681    -0.027111    4.698912    
-1.033125    0.654595     29.971651    30.061115    -0.126516    0.080161     3.670302    
0.966001     -0.869106    37.097754    37.172662    0.108686     -0.097785    4.173928    
0.202778     -1.146824    25.015362    25.119706    0.004086     -0.023109    0.504064    
0.792713     0.922011     68.743157    68.782084    0.081641     0.094957     7.079810    
0.020370     0.387774     9.515128     9.724371     0.000257     0.004885     0.119861    
-0.221277    -0.402574    9.141065     9.361894     -0.023005    -0.041854    0.950359    
-0.324060    0.144146     42.623107    42.670013    -0.041965    0.018667     5.519560    
1.607751     -0.993670    58.700036    58.763436    0.004097     -0.002532    0.149585    
0.732674     -1.007239    72.215664    72.253224    0.030648     -0.042133    3.020786    
-0.080576    -0.700914    14.989175    15.134335    -0.000716    -0.006230    0.133237    
0.882785     0.118033     75.093251    75.124328    0.028641     0.003829     2.436335    
-0.425118    -0.739490    26.637924    26.724175    -0.009991    -0.017379    0.626013    
2.611583     -0.901379    54.587186    54.692492    0.791025     -0.273019    16.533961   
-0.562226    0.432471     33.986183    34.050532    -0.006245    0.004804     0.377493    
-0.035168    -0.662905    107.705411   107.725444   -0.007808    -0.147174    23.912109   
0.000699     0.261302     123.973694   123.989597   0.000082     0.030542     14.490293   
-2.065219    -0.188281    19.239023    19.450335    -0.089366    -0.008147    0.832507    
1.032039     0.210747     28.787456    28.873900    0.204868     0.041835     5.714550    
0.617799     0.376690     27.169989    27.250813    0.090372     0.055103     3.974448    
-1.188446    0.404646     35.104831    35.182386    -0.035757    0.012175     1.056201    
0.078314     -1.740188    19.369577    19.547118    0.003158     -0.070164    0.780978    
0.227164     0.577294     41.373833    41.425281    0.023376     0.059405     4.257481    
0.996357     0.107586     18.877804    19.006597    0.050258     0.005427     0.952237    
-0.449353    1.266965     40.701244    40.770987    -0.104102    0.293518     9.429259    
0.194034     0.833162     9.257916     9.503461     0.006727     0.028884     0.320952    
-0.605131    0.862213     39.007714    39.071553    -0.031267    0.044550     2.015519    
0.231335     0.606115     60.583084    60.618528    0.015414     0.040385     4.036637    
0.835551     1.822146     17.717560    17.938931    0.009645     0.021034     0.204522    
-0.063519    0.856531     21.145563    21.254351    -0.002858    0.038538     0.951403    
-2.614471    0.355357     63.979750    64.064382    -0.044736    0.006080     1.094755    
1.305798     -1.359590    34.682830    34.789757    0.289573     -0.301502    7.691236    
0.933247     0.436892     11.334749    11.550468    0.019851     0.009293     0.241096    
0.581851     1.288267     12.040442    12.281913    0.096228     0.213056     1.991275    
-0.457481    0.349163     50.272372    50.314189    -0.067647    0.051630     7.433644    
1.169217     0.498706     33.367119    33.449295    0.184434     0.078667     5.263378    
0.245341     -1.664334    46.956294    47.027638    0.058579     -0.397387    11.211598   
0.426997     0.521232     16.491678    16.622407    0.122935     0.150066     4.748061    
1.213326     0.455086     72.482821    72.521125    0.189935     0.071240     11.346539   
-0.565610    -0.305780    6.867949     7.173360     -0.032642    -0.017647    0.396358    
-0.713083    -0.397460    54.000163    54.042196    -0.128767    -0.071773    9.751271    
-1.220137    -0.640651    17.819669    17.980955    -0.026095    -0.013702    0.381107    
-0.489293    -0.560263    66.088750    66.122244    -0.156916    -0.179676    21.194589   
-0.095492    -0.212517    9.409719     9.616239     -0.005050    -0.011239    0.497628    
0.876592     -2.122302    65.142683    65.212857    0.011794     -0.028554    0.876432    
0.311593     0.152219     28.104821    28.175808    0.061173     0.029884     5.517596    
0.365657     0.390953     42.282088    42.331270    0.013875     0.014835     1.604410    
0.219945     -0.868611    18.236936    18.364739    0.018547     -0.073247    1.537861    
-0.197542    -0.586945    39.577571    39.631333    -0.039837    -0.118365    7.981310    
0.122735     1.454371     51.288626    51.347136    0.002937     0.034805     1.227409    
-0.284806    -1.663060    56.763633    56.822811    -0.003332    -0.019455    0.664055    
1.387828     -1.649520    12.203179    12.547491    0.136801     -0.162596    1.202890    
1.215543     0.119894     6.851288     7.232359     0.073153     0.007215     0.412320    
-1.002681    -1.839967    94.432388    94.476144    -0.010105    -0.018544    0.951721    
1.051443     -1.407240    16.545962    16.754989    0.001451     -0.001942    0.022835    
0.587291     -0.648254    30.965375    31.040209    0.008555     -0.009443    0.451084    
-0.972468    0.976578     67.078203    67.121231    -0.021107    0.021196     1.455886    
-0.369771    0.155551     5.833191     6.169441     -0.030057    0.012644     0.474152    
0.479478     1.439724     20.818808    20.966650    0.107750     0.323541     4.678492    
0.069488     -0.535596    24.349683    24.435091    0.001537     -0.011849    0.538703    
0.204990     -0.876846    9.065379     9.320243     0.008779     -0.037551    0.388224    
0.655558     -0.470588    31.931903    32.002696    0.087541     -0.062841    4.264068    
-0.250086    -2.035761    23.949733    24.117868    -0.008579    -0.069836    0.821587    
-1.013273    0.714121     28.350799    28.446080    -0.115744    0.081573     3.238457    
-1.109557    0.396397     31.926781    32.009101    -0.154942    0.055354     4.458350    
0.581229     0.178868     13.283794    13.442617    0.023090     0.007106     0.527716    
-2.189380    -0.254637    57.761703    57.837250    -0.002013    -0.000234    0.053106    
0.047127     0.752457     32.547940    32.616128    0.000953     0.015223     0.658479    
0.969337     -0.928596    76.407675    76.444814    0.022563     -0.021615    1.778555    
0.884263     0.562571     9.954361     10.201111    0.057670     0.036690     0.649203    
-1.647025    0.586541     63.784377    63.838690    -0.044070    0.015694     1.706714    
0.085065     2.089970     31.106836    31.239165    0.003774     0.092724     1.380084    
0.663328     1.545564     76.224181    76.268142    0.061770     0.143926     7.098143    
-1.619137    1.542659     33.044649    33.178685    -0.039521    0.037655     0.806583    
0.646567     -0.260943    54.481928    54.521936    0.366595     -0.147951    30.890547   
-0.673520    0.394912     6.876389     7.195086     -0.021945    0.012867     0.224055    
0.706252     -0.215658    72.124412    72.155049    0.044923     -0.013717    4.587643    
-0.595383    0.831178     23.185603    23.291467    -0.063872    0.089168     2.487323    
-0.519468    0.347602     26.990863    27.069767    -0.020682    0.013839     1.074615    
0.432338     0.139699     16.531127    16.654115    0.011899     0.003845     0.454986    
-1.274815    -1.394486    124.091941   124.121934   -0.171551    -0.187655    16.698980   
2.307904     1.415733     26.269356    26.481781    0.298461     0.183084     3.397186    
-0.374100    -2.299580    24.894799    25.080948    -0.006416    -0.039436    0.426926    
-0.003940    0.286378     10.219204    10.411009    -0.000210    0.015247     0.544068    
-0.272677    -1.930269    21.073442    21.254769    -0.006761    -0.047861    0.522512    
0.046286     -1.075934    69.929144    69.965133    0.003364     -0.078192    5.081974    
-0.380462    -0.185834    7.096079     7.376217     -0.063181    -0.030860    1.178404    
2.299156     -0.591206    79.576104    79.635839    0.043610     -0.011214    1.509373    
-0.330059    0.612142     9.578485     9.803366     -0.000649    0.001203     0.018826    
-0.322667    -2.399653    27.075812    27.255036    -0.028758    -0.213873    2.413177    
-0.141539    -2.001715    24.402140    24.563515    -0.000479    -0.006767    0.082498    
0.505387     -0.503280    158.899859   158.913653   0.057967     -0.057725    18.225467   
-1.065904    0.539563     36.279628    36.352629    -0.051761    0.026201     1.761759    
0.094187     0.752115     17.625392    17.751168    0.005270     0.042080     0.986114    
-0.022467    1.295780     37.618326    37.692081    -0.000748    0.043138     1.252348    
1.124771     0.088868     18.865791    19.001737    0.004889     0.000386     0.081998    
0.268085     0.085889     9.669105     9.871463     0.024570     0.007872     0.886165    
1.401242     0.744271     161.313431   161.333243   0.173629     0.092224     19.988533   
-1.081804    -0.605135    15.492552    15.666225    -0.079642    -0.044550    1.140560    
0.626229     1.076670     18.761980    18.906037    0.023261     0.039992     0.696892    
0.205807     -0.096338    6.712307     6.998690     0.037534     -0.017570    1.224168    
1.243304     0.651770     20.150042    20.294574    0.056089     0.029403     0.909029    
0.019894     0.148183     81.770136    81.793963    0.001274     0.009491     5.237037    
-1.464682    -0.359153    40.020210    40.096963    -0.027740    -0.006802    0.757955    
0.433941     -1.078226    10.908378    11.145337    0.015689     -0.038982    0.394378    
-0.299391    -0.717570    32.232293    32.301706    -0.006438    -0.015430    0.693112    
0.146642     -0.508341    125.565033   125.581576   0.000672     -0.002331    0.575808    
-1.202336    0.227036     9.289835     9.574610     -0.114064    0.021539     0.881315    
1.372064     0.400447     83.747503    83.782827    0.041378     0.012076     2.525602    
-0.974409    0.983074     44.674470    44.739235    -0.046212    0.046623     2.118723    
-0.348560    -0.661110    6.072423     6.427117     -0.028608    -0.054261    0.498400    
1.589596     -0.317747    49.967697    50.032724    0.004667     -0.000933    0.146716    
-2.259459    -0.056554    54.065611    54.148625    -0.069337    -0.001735    1.659143    
-0.453083    -0.606757    22.707325    22.805065    -0.059088    -0.079129    2.961342    
-0.558170    0.316692     36.366052    36.424944    -0.010685    0.006062     0.696143    
0.636575     -0.674261    36.583624    36.648279    0.002810     -0.002977    0.161510    
-2.364625    1.965974     32.742666    32.945616    -0.004098    0.003408     0.056751    
0.302224     0.952955     27.718603    27.806390    0.081758     0.257796     7.498515    
-0.937723    -0.650595    19.824464    19.954622    -0.004220    -0.002928    0.089224    
0.699276     0.898185     41.451527    41.513850    0.028100     0.036092     1.665680    
-0.864619    -0.813609    13.709320    13.900717    -0.003767    -0.003545    0.059726    
0.137856     0.000094     69.913356    69.941199    0.012881     0.000009     6.532354    
-0.397742    -0.205716    55.226533    55.263418    -0.020596    -0.010652    2.859756    
0.256931     -1.639168    28.006167    28.124246    0.029834     -0.190336    3.251998    
-1.720748    1.529043     16.555585    16.830368    -0.018584    0.016513     0.178796    
-0.870495    0.481567     37.359062    37.424112    -0.066759    0.036932     2.865084    
-0.087167    0.760216     49.450486    49.495566    -0.005658    0.049342     3.209605    
2.053336     -0.099535    80.289014    80.339447    0.026243     -0.001272    1.026135    
-1.345120    -2.075075    16.101164    16.408464    -0.101981    -0.157323    1.220723    
0.242303     0.133855     9.428676     9.635949     0.006012     0.003321     0.233925    
0.392208     -0.711764    16.422167    16.559679    0.039191     -0.071123    1.640984    
1.246784     -0.248429    29.882371    29.974109    0.052693     -0.010499    1.262935    
0.827106     -0.054447    30.902266    30.975992    0.179790     -0.011835    6.717281    
0.348880     0.193986     132.849294   132.864477   0.002521     0.001402     0.959941    
-1.612320    -1.031816    25.421223    25.569078    -0.038023    -0.024333    0.599503    
1.494608     1.278707     105.250298   105.287080   0.080968     0.069272     5.701790    
-0.801085    1.108670     63.964052    64.008951    -0.100687    0.139347     8.039523    
0.209145     -0.992147    67.628937    67.665177    0.005292     -0.025106    1.711301    
0.121771     -0.492969    142.497042   142.511543   0.006760     -0.027369    7.911169    
-1.342223    1.414307     33.101041    33.216798    -0.031051    0.032719     0.765766    
-0.948624    -1.215789    15.036992    15.243494    -0.173503    -0.222368    2.750268    
-1.212249    1.279581     31.692864    31.802822    -0.171313    0.180828     4.478779    
0.918904     0.236345     16.302714    16.448516    0.009572     0.002462     0.169817    
0.027920     -1.121598    32.065177    32.145128    0.002460     -0.098814    2.824991    
-0.276396    0.262128     26.820468    26.895308    -0.005122    0.004858     0.497060    
0.401274     -0.382589    74.217322    74.245493    0.000888     -0.000846    0.164206    
1.147243     -1.165289    48.815251    48.882284    0.206911     -0.210166    8.804084    
2.700655     0.252504     20.768515    21.037193    0.044088     0.004122     0.339044    
-0.460024    -0.312952    71.762541    71.791690    -0.038412    -0.026132    5.992221    
0.721976     -1.375165    49.478454    49.541949    0.063950     -0.121806    4.382588    
0.927164     -1.334580    23.207208    23.347167    0.102588     -0.147667    2.567796    
-1.091988    0.519016     27.674684    27.770937    -0.101898    0.048432     2.582450    
-1.299140    -1.072565    26.453031    26.579615    -0.221111    -0.182548    4.502246    
-0.172838    0.087976     15.936168    16.058456    -0.025484    0.012972     2.349704    
0.140415     -0.348537    21.072324    21.167404    0.005925     -0.014706    0.889103    
-1.071902    0.490821     96.004828    96.032244    -0.024939    0.011420     2.233693    
-0.711469    -0.980528    94.956425    94.984552    -0.014611    -0.020136    1.950045    
1.897541     0.578569     73.882651    73.935489    0.226364     0.069019     8.813709    
0.412710     0.661470     93.403278    93.427272    0.017547     0.028123     3.971092    
-0.350622    0.534157     27.857930    27.934700    -0.002529    0.003852     0.200902    
0.959735     0.114409     11.903959    12.104271    0.012225     0.001457     0.151625    
-0.749882    1.132525     23.026059    23.149930    -0.036586    0.055254     1.123406    
1.693478     1.681096     22.030184    22.246301    0.278652     0.276615     3.624942    
-1.634233    0.426577     24.217175    24.355681    -0.044169    0.011529     0.654520    
-0.457121    0.719421     65.459277    65.494416    -0.011810    0.018587     1.691172    
-2.414456    -1.491073    95.934256    95.996402    -0.107741    -0.066537    4.280918    
-0.945410    0.681316     20.990857    21.115137    -0.010390    0.007487     0.230680    
1.802614     -1.301121    30.071991    30.218239    0.162321     -0.117163    2.707916    
2.150559     -0.990117    56.482424    56.566283    0.076753     -0.035337    2.015856    
-1.625473    0.365446     20.738238    20.897971    -0.094134    0.021164     1.200988    
0.838069     0.589043     16.974084    17.118523    0.262119     0.184232     5.308905    
-0.810005    -1.932843    21.274254    21.467669    -0.004879    -0.011643    0.128152    
0.081031     0.565866     12.444525    12.612213    0.029764     0.207853     4.571116    
0.176299     1.850222     40.582488    40.672689    0.015984     0.167752     3.679439    
1.473486     -0.351517    20.238356    20.390212    0.077494     -0.018487    1.064388    
0.024552     0.801367     92.175900    92.200403    0.001355     0.044229     5.087420    
0.468836     0.139116     66.139747    66.170841    0.008462     0.002511     1.193777    
-0.714218    -0.725557    113.100230   113.121941   -0.050429    -0.051230    7.985762    
2.474467     -1.033689    80.747460    80.815956    0.252759     -0.105588    8.248086    
-1.915352    -0.617070    20.715663    20.906051    -0.145743    -0.046954    1.576295    
-0.314976    0.699833     56.610026    56.649439    -0.007802    0.017334     1.402161    
-2.107045    -1.271068    30.555928    30.717991    -0.637187    -0.384381    9.240357    
1.047603     -0.356004    9.031463     9.309484     0.000874     -0.000297    0.007531    
0.927411     0.124860     12.683444    12.869358    0.084129     0.011327     1.150566    
1.626897     -0.671724    24.773733    24.914069    0.001799     -0.000743    0.027388    
0.465846     0.746426     95.394483    95.418848    0.028938     0.046367     5.925742    
0.282159     1.027882     269.625831   269.635124   0.006831     0.024884     6.527305    
0.502762     0.782558     52.773092    52.817984    0.025657     0.039935     2.693110    
-0.260600    0.807372     6.132754     6.496567     -0.018192    0.056362     0.428119    
-0.282543    -1.020505    33.699563    33.773611    -0.024096    -0.087033    2.874041    
2.093610     0.629222     53.312209    53.393311    0.002052     0.000617     0.052245    
-1.894009    0.598874     47.135339    47.218228    -0.039648    0.012536     0.986701    
0.951643     0.388784     71.513347    71.547820    0.074695     0.030516     5.613096    
1.238532     0.656114     13.084924    13.306188    0.006635     0.003515     0.070098    
0.765914     -0.616499    46.574476    46.626425    0.283879     -0.228500    17.262406   
-0.569578    -0.254535    71.499590    71.529403    -0.011579    -0.005175    1.453537    
-0.578711    -0.166990    29.565346    29.636927    -0.067893    -0.019591    3.468514    
-0.209685    -0.212030    89.001792    89.024057    -0.048577    -0.049120    20.618657   
-0.334154    -0.588703    39.606273    39.660938    -0.018441    -0.032489    2.185794    
-0.043091    0.249174     11.133429    11.308941    -0.001753    0.010136     0.452909    
0.035328     -0.930296    30.918524    30.995109    0.000502     -0.013211    0.439076    
0.083835     -1.163514    15.562733    15.730048    0.004469     -0.062021    0.829570    
1.809463     -0.171810    49.627687    49.699959    0.011024     -0.001047    0.302364    
-1.855754    2.000372     50.893425    51.004519    -0.183170    0.197444     5.023370    
-0.874262    -0.267803    113.654921   113.675645   -0.000883    -0.000271    0.114849    
0.674178     -1.219636    26.908518    27.016390    0.173722     -0.314276    6.933782    
-1.498231    -0.429321    66.719545    66.766771    -0.094025    -0.026943    4.187128    
-0.709644    0.880189     67.533422    67.571565    -0.067824    0.084124     6.454479    
-0.643669    0.465679     22.477330    22.577344    -0.067557    0.048876     2.359126    
2.440130     -0.831661    56.423315    56.516470    1.517970     -0.517365    35.100148   
-0.108457    1.333450     22.981061    23.103982    -0.007350    0.090371     1.557483    
1.012379     1.445725     65.851425    65.904477    0.025773     0.036805     1.676442    
1.339703     -0.338290    20.980666    21.118062    0.061958     -0.015645    0.970301    
-1.071485    0.191036     41.481326    41.542267    -0.023914    0.004264     0.925791    
-1.766514    -0.965289    17.384555    17.611077    -0.247626    -0.135312    2.436928    
1.180826     -1.824511    61.318658    61.388728    0.224179     -0.346382    11.641305   
-0.995633    1.193439     14.517422    14.732483    -0.002365    0.002835     0.034491    
0.103195     0.297688     68.196926    68.226057    0.005065     0.014611     3.347161    
-2.613489    2.414036     59.795488    59.933574    -0.007084    0.006543     0.162080    
0.053738     0.776893     34.769828    34.834212    0.000278     0.004020     0.179921    
-0.240145    -0.017681    155.992382   156.004988   -0.014613    -0.001076    9.492241    
-0.418198    -0.626396    57.484424    57.523049    -0.002431    -0.003641    0.334142    
1.192839     -0.946690    11.970877    12.226853    0.014392     -0.011422    0.144431    
-1.134315    -0.724522    80.661031    80.696273    -0.095752    -0.061160    6.808913    
-0.429514    -0.299629    23.898850    23.985500    -0.044732    -0.031205    2.488972    
-0.436557    2.240100     35.160455    35.289392    -0.021349    0.109550     1.719486    
-0.131527    -1.700258    42.825073    42.904196    -0.034909    -0.451268    11.366273   
0.552087     1.798300     66.598584    66.654220    0.010332     0.033655     1.246370    
-0.774438    -0.534546    91.465901    91.491920    -0.003887    -0.002683    0.459081    
-1.829591    0.837531     84.842448    84.889133    -0.120269    0.055056     5.577171    
-0.265719    0.264972     9.709793     9.914426     -0.013145    0.013108     0.480338    
0.915598     0.037638     72.381367    72.413928    0.009338     0.000384     0.738230    
0.644795     -0.770632    20.506711    20.625465    0.082015     -0.098021    2.608373    
-0.705171    -0.606442    6.988363     7.319646     -0.117378    -0.100944    1.163237    
1.502979     1.604115     34.666206    34.791564    0.082169     0.087698     1.895232    
-2.436463    -0.416160    117.454139   117.496635   -0.095873    -0.016376    4.621713    
0.308264     0.018946     144.708751   144.722469   0.032089     0.001972     15.063494   
-0.764873    0.378564     6.728271     7.062076     -0.090271    0.044679     0.794081    
0.461078     0.492365     11.005212    11.200208    0.053601     0.057238     1.279364    
1.853527     0.760955     109.893969   109.929860   0.286702     0.117704     16.998282   
-0.839804    -0.117682    23.004507    23.104143    -0.036873    -0.005167    1.010043    
0.395718     0.437111     101.350256   101.371086   0.078663     0.086891     20.146976   
0.204241     0.755918     62.679803    62.715595    0.024767     0.091667     7.600903    
0.776161     1.678984     45.436002    45.516224    0.094526     0.204478     5.533515    
-0.360133    0.685861     9.765732     9.992226     -0.006463    0.012308     0.175253    
0.361925     1.402294     37.335157    37.415054    0.018324     0.070997     1.890245    
-1.413051    -0.469784    20.395138    20.543953    -0.054741    -0.018199    0.790096    
0.361227     0.071695     10.735692    10.920882    0.008666     0.001720     0.257548    
-0.509010    2.193021     71.968651    72.030758    -0.015624    0.067314     2.209048    
0.223141     0.331348     69.530097    69.559104    0.010653     0.015819     3.319490    
2.071928     -1.035446    152.223851   152.254198   0.042341     -0.021160    3.110771    
1.865589     0.022552     80.288061    80.333858    0.122694     0.001483     5.280317    
-0.210643    1.137383     62.981644    63.023015    -0.021913    0.118321     6.551930    
1.807347     -0.340823    9.274713     9.658049     0.030373     -0.005728    0.155862    
-1.204544    -1.211674    34.027961    34.127645    -0.056272    -0.056605    1.589665    
0.457287     0.438019     10.885122    11.079793    0.050392     0.048269     1.199525    
-0.512110    0.724479     7.622828     7.922726     -0.029298    0.041448     0.436112    
-0.528824    -1.777882    47.991972    48.068128    -0.004192    -0.014092    0.380396    
0.152746     0.292293     46.456704    46.499560    0.030897     0.059124     9.397040    
0.368182     0.545571     17.113924    17.239332    0.025422     0.037670     1.181672    
0.871060     -0.992140    13.390446    13.598606    0.057840     -0.065880    0.889146    
0.917444     0.003855     9.651594     9.892923     0.015094     0.000063     0.158785    
0.624949     -0.220624    32.915957    32.981425    0.025453     -0.008985    1.340585    
-0.992945    1.902230     17.474934    17.715888    -0.033407    0.064000     0.587938    
-0.257893    -1.578936    45.028130    45.099523    -0.022826    -0.139749    3.985355    
0.589546     -0.050456    33.773880    33.836372    0.011838     -0.001013    0.678183    
-1.205492    0.847328     22.231586    22.367153    -0.126226    0.088723     2.327845    
0.657135     -1.395741    19.626881    19.785584    0.031173     -0.066211    0.931052    
-1.005388    4.592520     61.026017    61.238482    -0.052177    0.238339     3.167074    
0.100037     -0.927599    42.892340    42.947622    0.006843     -0.063454    2.934146    
1.111758     -0.294028    7.776818     8.104092     0.016121     -0.004264    0.112769    
-0.251349    -1.877526    22.319178    22.485749    -0.011418    -0.085291    1.013902    
0.698785     -0.080949    87.817344    87.842221    0.015443     -0.001789    1.940767    
0.329077     -1.401453    29.266541    29.367971    0.030309     -0.129080    2.695578    
-1.048757    -1.141050    59.791030    59.843497    -0.142332    -0.154858    8.114545    
0.252426     -0.833669    120.730092   120.749281   0.043679     -0.144256    20.890781   
-0.556163    2.086591     51.486599    51.569449    -0.112020    0.420271     10.370187   
-0.382260    -0.137764    59.579814    59.613708    -0.055892    -0.020143    8.711417    
0.880514     -0.334065    91.902730    91.928634    0.041850     -0.015878    4.368096    
-0.532381    0.907432     14.561526    14.731593    -0.057484    0.097981     1.572299    
-1.208486    0.883764     36.618392    36.701812    -0.144599    0.105745     4.381516    
-2.244653    1.902037     60.031198    60.135479    -0.233149    0.197562     6.235347    
0.825728     -0.319798    105.362780   105.384887   0.013504     -0.005230    1.723156    
0.659188     -0.142672    19.503945    19.614630    0.037730     -0.008166    1.116339    
-0.642512    -0.877955    143.247576   143.265232   -0.032415    -0.044294    7.226983    
0.089481     -1.507116    42.165585    42.238501    0.005454     -0.091862    2.570083    
1.470977     -0.051984    136.178446   136.200626   0.093944     -0.003320    8.697043    
-0.979989    -0.267201    31.391186    31.469243    -0.005388    -0.001469    0.172594    
2.044863     -1.322945    23.841974    24.046753    0.363989     -0.235486    4.243912    
0.109869     -0.042313    129.477742   129.492759   0.009312     -0.003586    10.973630   
-0.360193    -0.647826    13.724014    13.884269    -0.129986    -0.233786    4.952684    
-0.605892    0.144830     36.985423    37.043010    -0.016377    0.003915     0.999689    
0.009016     -1.174011    12.102206    12.317335    0.000490     -0.063779    0.657458    
-0.738375    0.246311     12.538699    12.716123    -0.042448    0.014160     0.720827    
-0.475606    1.841998     13.651912    13.923678    -0.003984    0.015431     0.114364    
0.726777     -0.739515    27.545678    27.635384    0.043381     -0.044142    1.644196    
-1.652955    -0.887608    16.732185    16.951728    -0.117088    -0.062874    1.185233    
-0.285083    -1.659169    69.594971    69.643156    -0.009524    -0.055432    2.325115    
-0.883049    0.380442     65.377378    65.414073    -0.092214    0.039728     6.827125    
0.635337     0.195834     148.067679   148.082256   0.008109     0.002500     1.889932    
0.564446     0.844563     20.442095    20.561763    0.025636     0.038358     0.928423    
1.028805     -0.757009    47.669109    47.726832    0.073040     -0.053744    3.384251    
-0.548765    1.910199     61.724490    61.787843    -0.004979    0.017332     0.560036    
1.444685     -0.050915    10.435814    10.717783    0.058773     -0.002071    0.424549    
-1.014924    -1.352285    12.656623    12.919899    -0.125503    -0.167220    1.565089    
-0.211266    1.161344     118.072697   118.095005   -0.007857    0.043190     4.391049    
0.507821     0.193337     145.510124   145.524453   0.254228     0.096789     72.846107   
1.050043     -1.131342    154.146518   154.166814   0.140156     -0.151007    20.574885   
-0.181582    -0.129887    85.493661    85.516611    -0.002920    -0.002089    1.374974    
-0.765023    0.178495     60.008280    60.045697    -0.004068    0.000949     0.319095    
1.529363     -0.853132    197.949551   197.967084   0.405743     -0.226338    52.516419   
1.044205     -0.659052    46.736461    46.794193    0.108637     -0.068567    4.862377    
1.195480     1.394454     26.502942    26.639343    0.015019     0.017519     0.332968    
1.050951     -0.706217    28.791488    28.886467    0.357544     -0.240262    9.795144    
-1.036312    -0.142545    15.500749    15.660219    -0.009068    -0.001247    0.135629    
1.695171     -1.308379    69.311146    69.372151    0.002073     -0.001600    0.084751    
0.062699     -1.248681    64.028373    64.070825    0.000586     -0.011665    0.598160    
-0.732821    0.248432     93.740865    93.764724    -0.027992    0.009490     3.580730    
0.183582     -1.736385    12.816659    13.083976    0.081823     -0.773914    5.712440    
1.118343     0.263599     30.206355    30.292227    0.198016     0.046673     5.348388    
-0.673249    0.056423     9.879495     10.096328    -0.024670    0.002068     0.362017    
-0.480115    0.267295     20.732795    20.833283    -0.030049    0.016729     1.297611    
-0.884624    0.500080     21.812683    21.924889    -0.001369    0.000774     0.033760    
-0.839174    1.145261     30.090678    30.188403    -0.034155    0.046614     1.224727    
-0.595415    -0.291622    16.401004    16.532013    -0.009173    -0.004493    0.252683    
-1.108699    -0.707656    9.720788     10.004932    -0.050735    -0.032383    0.444832    
0.938473     -0.602850    49.848429    49.899750    0.100993     -0.064875    5.364402    
0.277120     -0.473774    16.211762    16.340056    0.043058     -0.073614    2.518941    
0.548229     -0.955244    21.217926    21.337488    0.021928     -0.038208    0.848674    
-0.028339    0.562762     20.123061    20.226963    -0.002469    0.049030     1.753208    
-1.733305    -1.080295    50.303073    50.382988    -0.252060    -0.157098    7.315148    
2.398951     0.372467     20.677946    20.912822    0.086245     0.013391     0.743393    
-1.856564    1.097605     52.616029    52.696992    -0.046990    0.027780     1.331716    
-0.758522    1.386671     14.935659    15.147510    -0.040046    0.073209     0.788523    
0.240797     -0.606571    42.560490    42.610986    0.001807     -0.004551    0.319299    
-0.046518    1.127777     73.640318    73.675270    -0.001196    0.028990     1.892944    
0.381779     -1.268581    98.952900    98.981344    0.032705     -0.108674    8.476861    
-0.267059    1.153203     43.270441    43.331365    -0.013983    0.060380     2.265578    
1.363703     0.949138     52.244581    52.308046    0.209565     0.145857     8.028606    
-0.967173    0.782452     73.418418    73.455338    -0.006457    0.005223     0.490122    
0.071179     -0.058169    10.240523    10.428409    0.006393     -0.005224    0.919761    
1.560564     0.927408     18.445336    18.638691    0.082912     0.049273     0.979993    
-1.024578    1.265592     73.251949    73.296483    -0.125970    0.155602     9.006172    
1.251503     1.638103     95.364329    95.406917    0.028751     0.037633     2.190839    
2.157628     0.447307     29.811109    29.957180    0.294109     0.060973     4.063597    
0.880223     0.806810     144.440361   144.458708   0.021077     0.019319     3.458672    
1.802240     0.822781     42.737355    42.828512    0.241993     0.110478     5.738501    
0.422700     0.885929     42.210580    42.267855    0.060826     0.127483     6.074003    
0.418917     -0.030689    13.871399    14.016672    0.022676     -0.001661    0.750863    
-0.003927    0.991994     93.718607    93.744527    -0.000002    0.000461     0.043592    
0.184126     0.965111     73.182799    73.215861    0.005935     0.031111     2.359120    
-1.450081    -0.654775    30.661629    30.765921    -0.010334    -0.004666    0.218511    
-1.087534    -0.258329    63.015228    63.055875    -0.248395    -0.059003    14.392824   
-1.113044    0.941174     89.973038    90.006373    -0.065555    0.055432     5.299115    
0.616268     -0.288345    21.642389    21.742375    0.073658     -0.034464    2.586774    
0.450637     -0.306242    13.248913    13.405428    0.042468     -0.028860    1.248574    
1.846282     -0.091869    9.100912     9.493090     0.031586     -0.001572    0.155698    
0.595093     0.994894     81.267399    81.299503    0.025247     0.042208     3.447771    
1.301666     0.245576     143.422030   143.441655   0.114080     0.021523     12.569686   
-1.717953    -1.405259    58.751637    58.826490    -0.254007    -0.207774    8.686682    
0.214794     0.017657     25.808283    25.884143    0.016899     0.001389     2.030468    
0.692775     -0.099408    23.114340    23.208565    0.031865     -0.004572    1.063161    
-0.653338    -0.545082    11.107980    11.313096    -0.074630    -0.062264    1.268857    
0.828824     -0.708668    37.702795    37.769893    0.016492     -0.014101    0.750208    
-2.112803    -0.535165    30.733108    30.873114    -0.549368    -0.139153    7.991179    
-1.294957    2.215127     62.261776    62.345708    -0.256679    0.439069     12.341157   
-1.216290    -1.041479    40.321825    40.401591    -0.000832    -0.000712    0.027571    
0.288094     -1.352367    58.858495    58.907634    0.017204     -0.080758    3.514794    
-1.032941    0.277431     82.304538    82.335022    -0.040891    0.010983     3.258160    
0.400312     -1.405935    15.234777    15.430822    0.015895     -0.055824    0.604915    
-0.146225    -0.370494    79.432301    79.457687    -0.001931    -0.004892    1.048741    
-0.540574    1.348642     18.978172    19.135230    -0.002160    0.005388     0.075822    
0.638044     -0.559145    89.543869    89.569522    0.009499     -0.008325    1.333161    
-0.319141    0.919039     12.643882    12.833129    -0.013904    0.040039     0.550840    
-1.148554    0.137512     15.181958    15.352683    -0.133740    0.016012     1.767822    
1.662948     0.330181     40.096758    40.180833    0.098217     0.019501     2.368190    
0.650162     0.809241     7.474112     7.798390     0.156555     0.194860     1.799719    
1.296628     0.609955     11.164636    11.427044    0.094367     0.044392     0.812552    
-1.054833    -0.299283    34.302622    34.376548    -0.017604    -0.004995    0.572487    
0.560318     1.106474     37.463197    37.535374    0.011438     0.022586     0.764729    
-1.354367    -0.337659    38.199132    38.275279    -0.172928    -0.043113    4.877345    
0.707329     1.803915     13.891126    14.163077    0.053729     0.137026     1.055174    
-0.672803    1.223841     10.514097    10.787568    -0.026221    0.047696     0.409759    
-0.531864    0.119772     18.662139    18.773588    -0.024625    0.005545     0.864055    
1.586631     1.738391     74.558882    74.621989    0.695740     0.762287     32.694188   
1.019392     1.457754     32.809478    32.916576    0.025806     0.036904     0.830588    
3.829785     -0.120512    42.032583    42.252748    0.226034     -0.007113    2.480769    
1.267759     -1.033607    57.008927    57.066349    0.282214     -0.230090    12.690668   
-0.236835    -1.670906    38.463342    38.550638    -0.012921    -0.091163    2.098515    
0.541976     -0.880247    18.617689    18.749983    0.083369     -0.135403    2.863844    
-0.203109    -2.437537    43.732692    43.845252    -0.021928    -0.263156    4.721368    
-0.787320    -1.917792    17.128910    17.365837    -0.000320    -0.000780    0.006965    
0.253615     0.119800     15.854054    15.978256    0.016512     0.007800     1.032210    
-0.603144    0.521398     27.343845    27.426200    -0.011421    0.009873     0.517795    
0.890254     0.101776     24.422224    24.517808    0.013342     0.001525     0.366009    
0.794363     -1.366886    66.484980    66.532901    0.008302     -0.014286    0.694855    
1.903932     -1.599580    49.126533    49.228801    0.282463     -0.237310    7.288292    
-1.388034    1.064600     17.986744    18.178502    -0.012318    0.009447     0.159617    
-0.215059    0.343306     6.868881     7.156856     -0.003571    0.005700     0.114056    
-0.877468    -0.769989    37.163424    37.233827    -0.310300    -0.272292    13.142124   
-0.019657    -1.798099    32.630383    32.739126    -0.000430    -0.039295    0.713091    
-0.371288    0.444879     15.373682    15.510023    -0.009546    0.011438     0.395271    
0.930705     0.020002     45.932003    45.983589    0.033380     0.000717     1.647346    
0.848300     -1.062711    44.154861    44.219630    0.007868     -0.009856    0.409516    
-0.764590    -0.411305    13.509401    13.679644    -0.037485    -0.020165    0.662309    
-0.462505    0.805195     6.552765     6.904776     -0.001168    0.002034     0.016552    
0.240424     -0.093171    18.320904    18.428157    0.046159     -0.017888    3.517440    
-0.357338    -0.170300    23.114251    23.201298    -0.068283    -0.032542    4.416868    
-0.020369    0.728118     23.098830    23.193996    -0.001466    0.052402     1.662408    
0.342973     0.225348     33.515332    33.575599    0.015418     0.010130     1.506618    
0.024193     0.003822     35.091791    35.146968    0.005758     0.000910     8.351489    
-1.365531    -1.199167    98.627805    98.664186    -0.041792    -0.036700    3.018494    
-0.433269    -0.553983    58.765190    58.802356    -0.029149    -0.037270    3.953473    
2.161540     -0.554040    60.999521    61.072054    0.242944     -0.062271    6.855989    
-1.505801    -0.107685    30.745793    30.845709    -0.028970    -0.002072    0.591525    
-1.203542    1.252513     11.963651    12.248314    -0.119027    0.123870     1.183174    
-0.926851    -0.494363    19.103755    19.233613    -0.010386    -0.005540    0.214075    
-0.490330    -0.358286    217.006011   217.015788   -0.053686    -0.039228    23.759801   
-1.502404    -2.479219    25.628472    25.866915    -0.004384    -0.007234    0.074777    
-0.184985    0.306789     103.031504   103.050930   -0.002936    0.004869     1.635207    
1.105302     0.875247     15.560936    15.748188    0.079373     0.062852     1.117442    
-1.590206    -0.924571    25.958281    26.097719    -0.002514    -0.001461    0.041033    
1.347506     -1.210461    54.684480    54.749870    0.093812     -0.084271    3.807068    
0.781374     -1.040482    23.921720    24.037820    0.082887     -0.110372    2.537566    
-0.422476    -0.541783    20.708812    20.813501    -0.028151    -0.036101    1.379911    
0.531222     -1.249066    49.361185    49.419064    0.058900     -0.138493    5.473027    
-0.424568    -1.372338    48.455797    48.517036    -0.024918    -0.080543    2.843902    
0.001575     -2.254822    32.988966    33.124478    0.000136     -0.194568    2.846609    
0.661499     1.843100     102.451360   102.488978   0.041856     0.116620     6.482496    
1.310195     -0.408000    38.572984    38.647550    0.133547     -0.041587    3.931699    
0.428306     1.785200     18.962055    19.152151    0.011236     0.046831     0.497429    
1.630184     1.466987     57.870944    57.945928    0.047747     0.042967     1.695015    
1.830971     -0.541120    24.742591    24.894097    0.095120     -0.028111    1.285389    
-0.325236    1.298894     46.465163    46.526113    -0.027093    0.108202     3.870699    
-1.376340    -0.301659    70.045383    70.087203    -0.008800    -0.001929    0.447855    
-0.625557    0.089820     82.607458    82.633326    -0.085804    0.012320     11.330727   
-1.002163    -0.160587    42.833263    42.890482    -0.000725    -0.000116    0.030982    
1.138181     1.776144     55.405460    55.480538    0.208955     0.326076     10.171689   
-1.991371    0.246889     90.543424    90.587047    -0.130424    0.016170     5.930113    
0.162820     0.453912     10.250916    10.449343    0.001013     0.002823     0.063749    
0.503922     0.858356     112.519069   112.540689   0.003950     0.006728     0.881971    
-0.012199    -0.053548    9.312384     9.518322     -0.000483    -0.002119    0.368475    
-0.690951    -0.368146    16.389369    16.525717    -0.059553    -0.031731    1.412608    
0.850824     -0.438663    21.897073    22.006206    0.164404     -0.084762    4.231154    
-0.714684    0.763948     119.342344   119.363162   -0.054738    0.058511     9.140452    
-0.658012    0.909814     42.594191    42.654435    -0.167288    0.231304     10.828806   
-1.561400    0.057241     17.098252    17.281968    -0.100373    0.003680     1.099145    
1.358534     0.140214     33.345697    33.431657    0.716416     0.073941     17.584698   
-0.137774    0.759474     90.915713    90.940297    -0.009084    0.050074     5.994309    
-0.108657    1.104605     33.742487    33.818077    -0.004388    0.044605     1.362559    
-0.863607    -1.080006    37.352176    37.429564    -0.087829    -0.109837    3.798717    
0.049083     -1.318998    22.856677    22.979225    0.003756     -0.100940    1.749174    
-0.426669    1.454541     26.676176    26.791622    -0.119022    0.405753     7.441472    
0.521128     0.268704     13.282924    13.440789    0.016053     0.008277     0.409174    
-2.024969    0.138879     23.632555    23.801101    -0.143269    0.009826     1.672028    
-0.772363    -1.350411    130.912408   130.936449   -0.127173    -0.222351    21.555330   
1.141670     0.200144     62.625037    62.666687    0.026586     0.004661     1.458338    
-0.282908    0.568998     18.169888    18.287252    -0.035879    0.072161     2.304338    
-0.036057    0.128506     3.703786     4.196522     -0.000110    0.000392     0.011287    
0.006685     1.256936     64.720948    64.763076    0.000184     0.034567     1.779880    
-0.729572    -1.510306    63.812732    63.865116    -0.081406    -0.168522    7.120294    
0.862163     0.528653     43.998343    44.053966    0.181549     0.111320     9.264894    
-0.509386    1.172346     22.887282    23.007314    -0.066135    0.152209     2.971515    
-1.741774    -0.194193    41.192607    41.276838    -0.067928    -0.007573    1.606490    
1.749511     -0.169687    44.854562    44.932130    0.221521     -0.021485    5.679421    
1.051853     -0.384694    16.080795    16.239498    0.175789     -0.064291    2.687467    
-1.362884    -0.357439    33.682770    33.769648    -0.075676    -0.019847    1.870295    
0.102929     -0.611966    41.929665    41.980434    0.007479     -0.044469    3.046861    
-1.614720    1.811418     122.646529   122.686326   -0.068368    0.076696     5.192903    
-0.460637    -1.077730    16.887422    17.042114    -0.019476    -0.045566    0.713999    
-2.267017    -0.389828    59.496336    59.573318    -0.449896    -0.077363    11.807227   
0.092338     -0.090473    5.432210     5.779322     0.000040     -0.000039    0.002352    
-0.878273    -1.573599    48.177503    48.251366    -0.021115    -0.037832    1.158263    
-0.307782    -0.815748    62.609036    62.646042    -0.123514    -0.327364    25.125354   
0.892274     -0.377960    21.903528    22.013144    0.045023     -0.019071    1.105221    
-1.009987    0.609958     89.585503    89.614895    -0.004502    0.002719     0.399321    
0.816743     0.649247     27.039144    27.130773    0.070830     0.056304     2.344887    
0.704273     -0.707382    173.865167   173.879175   0.059065     -0.059325    14.581382   
-0.360907    1.024125     36.029027    36.099098    -0.035357    0.100331     3.529656    
1.601200     1.102528     26.916341    27.058155    0.536669     0.369531     9.021469    
0.616367     0.526652     6.826703     7.150951     0.031273     0.026721     0.346375    
-0.594249    1.250458     17.139354    17.307489    -0.016227    0.034145     0.468007    
0.793845     0.740448     64.606566    64.645663    0.020440     0.019065     1.663494    
-0.441912    -0.672233    39.497203    39.554408    -0.020810    -0.031655    1.859918    
0.768629     -0.191254    57.305221    57.344491    0.196764     -0.048960    14.669763   
0.167453     0.456042     15.844071    15.973276    0.011901     0.032412     1.126086    
0.230673     0.764368     92.898100    92.922384    0.011229     0.037211     4.522410    
0.798680     -0.169704    18.076526    18.201715    0.050292     -0.010686    1.138252    
0.721693     1.915151     55.532437    55.604992    0.137445     0.364737     10.576053   
-0.730365    -1.216842    16.300855    16.480503    -0.034096    -0.056806    0.760980    
0.506387     0.861782     32.835343    32.909479    0.008714     0.014830     0.565058    
-0.072141    1.145163     40.644931    40.708746    -0.010913    0.173234     6.148559    
-1.023857    2.279878     31.925084    32.083205    -0.074363    0.165589     2.318741    
0.222806     0.722424     86.552717    86.578400    0.006081     0.019716     2.362098    
0.552427     1.373497     27.309020    27.419869    0.021439     0.053304     1.059827    
-0.558426    -1.916938    44.520821    44.609023    -0.003446    -0.011828    0.274702    
0.438144     -0.546527    41.874184    41.926280    0.012284     -0.015323    1.174011    
-0.349891    -1.357477    14.083365    14.289202    -0.016175    -0.062756    0.651075    
-0.659722    0.925567     16.292989    16.450785    -0.064359    0.090293     1.589453    
-2.545381    1.745453     44.588912    44.738927    -0.474114    0.325116     8.305334    
0.144032     1.560225     19.057559    19.222917    0.003524     0.038172     0.466256    
0.409538     0.847119     9.807556     10.047310    0.049510     0.102411     1.185669    
-0.389488    -2.027712    46.427032    46.514595    -0.008203    -0.042708    0.977843    
0.373665     -0.178004    8.140299     8.385149     0.068380     -0.032575    1.489670    
-0.431646    0.359094     95.851157    95.873012    -0.009238    0.007685     2.051451    
0.391763     -0.447936    91.998694    92.021675    0.008084     -0.009243    1.898439    
0.822912     0.609465     36.843350    36.910108    0.043056     0.031888     1.927701    
0.197938     0.141657     52.831880    52.869100    0.008136     0.005822     2.171469    
0.243084     0.062960     23.446205    23.530035    0.005585     0.001447     0.538679    
-1.137641    1.308958     226.242266   226.257476   -0.030730    0.035358     6.111318    
-1.724161    2.240069     85.612582    85.681852    -0.231369    0.300600     11.488567   
0.470927     -0.234105    36.124074    36.181491    0.011251     -0.005593    0.863078    
0.004069     1.699150     54.273854    54.336115    0.000034     0.014271     0.455840    
-1.849865    1.298158     30.417914    30.565203    -0.218146    0.153085     3.587039    
-0.189681    2.363641     56.045427    56.130096    -0.001013    0.012621     0.299258    
-0.091531    -1.442989    22.213525    22.347399    -0.000252    -0.003972    0.061142    
-1.071483    1.714541     63.702470    63.764938    -0.114353    0.182982     6.798573    
-0.277574    0.719958     22.128157    22.228938    -0.037622    0.097581     2.999196    
-0.422558    -3.629549    40.978810    41.188469    -0.000622    -0.005343    0.060328    
1.956265     1.351371     41.755794    41.869732    0.057547     0.039753     1.228314    
-0.061146    0.359555     66.911829    66.941772    -0.002508    0.014748     2.744572    
-1.395438    -0.073448    39.253188    39.327349    -0.104693    -0.005510    2.944981    
0.388022     0.020529     92.061441    92.083303    0.050691     0.002682     12.026748   
-2.135921    0.110007     21.903787    22.095817    -0.252631    0.013011     2.590726    
-1.275036    1.358394     68.678675    68.732134    -0.026027    0.027729     1.401932    
-0.411489    -1.030861    40.182696    40.246193    -0.003770    -0.009445    0.368153    
-1.258226    1.083312     78.999708    79.041669    -0.081132    0.069854     5.094021    
0.009277     -0.242478    34.392515    34.449658    0.000118     -0.003081    0.437047    
-0.904266    0.693349     16.188543    16.347547    -0.074312    0.056979     1.330365    
2.177300     -0.793832    12.739917    13.097757    0.071828     -0.026188    0.420285    
-1.211898    -1.206742    19.015377    19.193344    -0.049986    -0.049774    0.784314    
0.052311     0.280942     13.981959    14.122740    0.001806     0.009697     0.482594    
1.101838     0.898653     22.943419    23.071564    0.007541     0.006151     0.157034    
-1.285930    -0.656741    28.687570    28.791258    -0.084132    -0.042967    1.876891    
-2.211229    0.127460     19.311368    19.537391    -0.162345    0.009358     1.417813    
1.906412     -1.789501    68.127998    68.206567    0.033846     -0.031770    1.209523    
-0.011868    0.672858     246.858146   246.866912   -0.000048    0.002745     1.007040    
-1.121198    1.631775     17.271718    17.495913    -0.008774    0.012769     0.135159    
-0.187342    0.013725     65.126312    65.156326    -0.011703    0.000857     4.068462    
-0.798784    -0.706551    29.252532    29.338078    -0.014606    -0.012920    0.534906    
0.020791     -1.104023    55.206666    55.252785    0.001468     -0.077942    3.897479    
-0.537604    -0.078522    22.578018    22.670180    -0.053156    -0.007764    2.232419    
0.575036     0.272338     16.960869    17.086570    0.002566     0.001215     0.075688    
-0.652869    0.011916     18.958425    19.071529    -0.060121    0.001097     1.745818    
1.915307     0.094397     29.219372    29.348322    0.259473     0.012788     3.958450    
1.976790     -0.629925    26.436967    26.591214    0.031629     -0.010079    0.422993    
-0.672471    0.008813     15.166581    15.308574    -0.049742    0.000652     1.121858    
0.518702     -0.801192    15.066006    15.224009    0.012065     -0.018636    0.350445    
0.314362     0.959238     9.269911     9.530224     0.019822     0.060486     0.584525    
0.428836     -0.246051    26.652140    26.729309    0.017607     -0.010103    1.094299    
-1.406425    0.056555     18.660351    18.816612    -0.186407    0.007496     2.473230    
1.176003     0.712501     26.521388    26.629864    0.019470     0.011796     0.439080    
-0.230828    -0.605386    31.350301    31.418722    -0.019577    -0.051344    2.658888    
-0.965665    -0.920225    80.990561    81.025460    -0.072986    -0.069551    6.121346    
0.836451     0.770608     11.186565    11.415239    0.141627     0.130478     1.894092    
0.147525     -1.769237    78.690486    78.735122    0.001235     -0.014817    0.658995    
-0.526218    0.566904     91.409405    91.433870    -0.013446    0.014486     2.335763    
-0.325949    -1.575040    37.224929    37.311624    -0.008926    -0.043130    1.019335    
1.329218     0.626045     15.050150    15.249286    0.047292     0.022274     0.535468    
-0.744550    1.136300     91.871041    91.902169    -0.087683    0.133818     10.819311   
1.234822     1.568156     22.148987    22.325691    0.004176     0.005303     0.074897    
-0.473279    -1.521217    63.608387    63.658778    -0.019810    -0.063675    2.662498    
0.034623     -0.703766    39.101504    39.157363    0.002623     -0.053322    2.962605    
2.453381     -1.303955    24.431843    24.667981    0.105166     -0.055895    1.047286    
0.993990     -0.185194    43.347544    43.403995    0.134045     -0.024975    5.845674    
0.091770     -1.517873    31.828028    31.925079    0.003742     -0.061898    1.297930    
0.317081     -0.050480    90.718030    90.739953    0.048342     -0.007696    13.830875   
0.874085     1.059760     26.397218    26.506135    0.063740     0.077280     1.924937    
-0.499285    1.080604     114.077607   114.100799   -0.027943    0.060477     6.384421    
-1.509173    0.154391     39.813659    39.891150    -0.080914    0.008278     2.134606    
-1.983413    -0.106037    58.433431    58.500308    -0.108199    -0.005785    3.187662    
0.003181     2.166002     164.540150   164.566179   0.000160     0.108897     8.272369    
-0.438857    0.303638     20.892149    20.991466    -0.033247    0.023003     1.582744    
1.379156     -0.341589    48.125350    48.186544    0.110953     -0.027481    3.871689    
-0.981466    -0.038113    10.639535    10.864593    -0.155132    -0.006024    1.681705    
-1.259363    1.241559     56.975908    57.037325    -0.011861    0.011693     0.536602    
0.176624     0.052076     107.753799   107.771935   0.025043     0.007384     15.278086   
-0.201348    0.022100     31.673011    31.734770    -0.007637    0.000838     1.201315    
-0.338558    1.101691     34.198953    34.274943    -0.026596    0.086545     2.686564    
-0.511529    -0.160384    41.698086    41.747966    -0.029883    -0.009369    2.435959    
-0.468272    -0.907261    57.743838    57.786402    -0.011087    -0.021481    1.367191    
-1.627497    -0.954507    12.384458    12.681072    -0.008698    -0.005101    0.066190    
0.472563     -0.821780    14.617168    14.779554    0.042826     -0.074475    1.324695    
0.393447     0.048885     12.612703    12.771547    0.016968     0.002108     0.543935    
-1.158235    0.204278     28.862166    28.953114    -0.141763    0.025003     3.532614    
-0.218300    1.054970     16.812615    16.961710    -0.012368    0.059771     0.952550    
-0.910452    -1.620385    15.590698    15.824013    -0.011344    -0.020190    0.194256    
