0.617888     0.942986     42.390959    42.451612    0.049378     0.075358     3.387642    
0.296036     -0.175675    5.387502     5.746184     0.022246     -0.013201    0.404852    
0.703579     0.224139     9.290711     9.525625     0.050107     0.015963     0.661665    
1.151841     -2.233075    39.502373    39.631121    0.142142     -0.275571    4.874763    
2.699140     -0.444522    31.315450    31.496275    0.107125     -0.017642    1.242862    
-2.024756    -0.426278    41.461786    41.560029    -0.047243    -0.009946    0.967415    
0.253231     -1.693596    13.415240    13.666602    0.003711     -0.024819    0.196596    
0.768327     0.303636     83.830995    83.858173    0.067172     0.026546     7.329086    
0.628361     -0.241710    11.595450    11.780605    0.053922     -0.020742    0.995057    
-0.342391    -0.653262    37.166264    37.225665    -0.006832    -0.013035    0.741615    
1.768445     0.326535     68.415142    68.467077    0.031939     0.005897     1.235631    
-0.531035    0.241556     34.643558    34.704342    -0.031396    0.014281     2.048180    
1.529474     0.643257     36.407985    36.498896    0.086837     0.036522     2.067095    
-0.452866    -2.512976    20.448102    20.700724    -0.024947    -0.138430    1.126410    
-0.829614    -1.059769    77.833220    77.869740    -0.107417    -0.137217    10.077678   
0.557584     -0.022568    20.618787    20.720057    0.011537     -0.000467    0.426636    
-1.378291    1.278057     45.459580    45.540987    -0.000906    0.000840     0.029895    
2.006039     -1.215952    67.206608    67.276340    0.016697     -0.010121    0.559370    
0.213471     0.170599     34.974718    35.031136    0.017938     0.014336     2.938993    
-0.555458    -0.718941    42.670364    42.725406    -0.008440    -0.010924    0.648362    
0.318711     1.464561     21.771435    21.911568    0.015277     0.070202     1.043591    
-1.286881    -0.903705    75.561534    75.603526    -0.004151    -0.002915    0.243746    
1.024509     0.495485     23.839537    23.947727    0.055225     0.026709     1.285047    
-0.083464    -1.419784    73.017406    73.057780    -0.001195    -0.020327    1.045383    
1.146515     1.417068     28.353698    28.480339    0.071390     0.088237     1.765510    
-0.030173    -0.486744    11.831706    12.004251    -0.003227    -0.052054    1.265310    
-0.626892    1.288877     15.306997    15.499461    -0.022132    0.045502     0.540391    
0.475062     -1.614064    63.662108    63.714754    0.091065     -0.309402    12.203484   
0.004972     -0.885663    16.918791    17.055934    0.000004     -0.000791    0.015105    
-0.563092    0.164773     38.926645    38.980801    -0.026353    0.007711     1.821792    
0.323129     0.110934     40.340734    40.390178    0.037660     0.012929     4.701651    
0.953111     1.062306     92.641118    92.673020    0.000142     0.000158     0.013808    
-1.787779    0.073785     10.669010    10.995651    -0.086977    0.003590     0.519056    
-0.335034    0.512843     54.566742    54.605673    -0.017893    0.027389     2.914240    
-0.681428    -3.008281    26.092799    26.348116    -0.059070    -0.260772    2.261850    
0.300006     0.940341     125.051250   125.070637   0.001331     0.004172     0.554771    
-0.170504    0.302876     8.612409     8.841343     -0.004507    0.008005     0.227636    
0.605809     1.123701     47.768981    47.826564    0.099494     0.184549     7.845264    
1.622066     -0.258980    41.582928    41.661889    0.204015     -0.032573    5.230088    
-1.308555    0.666671     47.096789    47.160781    -0.166306    0.084728     5.985602    
-0.639011    -1.663786    36.139290    36.236718    -0.028411    -0.073973    1.606770    
-0.280749    1.049515     15.829776    15.988654    -0.021277    0.079538     1.199671    
0.339336     0.091528     10.561914    10.749535    0.010088     0.002721     0.314002    
-0.551177    1.592300     21.272442    21.429675    -0.107065    0.309302     4.132140    
-0.743499    -0.935350    49.250300    49.304104    -0.001027    -0.001292    0.068003    
0.536805     -0.335277    107.200158   107.220098   0.013919     -0.008693    2.779566    
0.393546     0.625264     26.319717    26.403566    0.051834     0.082353     3.466567    
0.972617     -3.356319    54.766040    54.912703    0.005356     -0.018481    0.301563    
0.372021     -0.707035    40.129078    40.185273    0.038870     -0.073873    4.192803    
-0.289281    -1.794858    38.594042    38.686952    -0.051235    -0.317892    6.835495    
0.387417     -1.224439    24.391521    24.504501    0.006328     -0.020001    0.398436    
-0.407173    0.103764     50.135351    50.175740    -0.070834    0.018051     8.721783    
-1.685511    1.265394     88.131337    88.178511    -0.051236    0.038466     2.679030    
0.187104     0.202830     12.001267    12.164765    0.013281     0.014398     0.851888    
-1.741921    1.481480     39.899286    40.013211    -0.286675    0.243813     6.566393    
-0.254499    1.564869     13.536361    13.770316    -0.015391    0.094638     0.818632    
-0.820166    -1.299922    63.698781    63.747723    -0.116141    -0.184077    9.020160    
-0.790019    1.298019     26.664575    26.780282    -0.017267    0.028369     0.582776    
0.476126     -0.347910    12.592752    12.759314    0.029984     -0.021909    0.793017    
-0.586760    1.348887     22.413691    22.547999    -0.010419    0.023951     0.397979    
0.404153     -0.623483    14.411673    14.564454    0.038728     -0.059745    1.380998    
-0.962120    -0.678827    15.588823    15.756676    -0.069897    -0.049316    1.132515    
1.809510     1.908159     35.144344    35.297525    0.009706     0.010235     0.188501    
-0.540890    -0.663735    9.621709     9.858263     -0.106130    -0.130234    1.887916    
-1.035511    -1.160559    31.182707    31.283468    -0.074699    -0.083719    2.249430    
-0.762876    0.576300     140.031909   140.049007   -0.053676    0.040549     9.852674    
1.170439     1.157297     18.152242    18.332706    0.048350     0.047807     0.749861    
-0.878092    1.200139     8.514524     8.864731     -0.109172    0.149211     1.058597    
-0.637871    0.514340     74.176717    74.207356    -0.134391    0.108364     15.628041   
-0.256707    -0.120771    10.509450    10.695980    -0.000660    -0.000310    0.027013    
0.569140     -1.120801    11.246830    11.486786    0.000663     -0.001306    0.013108    
0.150136     0.145590     9.772274     9.970759     0.002491     0.002415     0.162127    
0.927565     -0.778397    11.583120    11.811431    0.004870     -0.004087    0.060813    
-0.358288    0.230745     7.194132     7.470750     -0.059073    0.038044     1.186132    
0.716823     -1.046699    27.110029    27.210991    0.084512     -0.123404    3.196216    
-0.277385    1.669062     36.199612    36.292555    -0.004531    0.027266     0.591363    
-0.732956    1.985912     22.797870    22.980402    -0.071209    0.192937     2.214878    
-0.957176    0.220194     10.658239    10.882908    -0.002924    0.000673     0.032563    
-0.750033    -0.000775    7.037585     7.346095     -0.076819    -0.000079    0.720792    
2.194974     -1.137177    25.318584    25.515029    0.239702     -0.124186    2.764920    
0.460641     0.923721     31.460025    31.538446    0.036323     0.072838     2.480722    
0.067182     1.332902     61.021843    61.068170    0.001342     0.026630     1.219154    
-0.668732    -1.716385    67.116314    67.170438    -0.007938    -0.020373    0.796642    
-0.118607    2.027838     63.967144    64.029654    -0.042313    0.723428     22.820179   
0.313070     0.077206     51.807856    51.846243    0.015944     0.003932     2.638463    
-1.466590    -1.904552    29.265141    29.429605    -0.050884    -0.066079    1.015364    
-0.161318    0.811096     59.544537    59.582805    -0.004845    0.024360     1.788324    
-1.069988    -0.288388    47.575430    47.629030    -0.115859    -0.031227    5.151507    
-0.275527    1.515350     9.144642     9.480065     -0.061485    0.338154     2.040651    
-0.695927    -0.257091    9.840847     10.063182    -0.192204    -0.071005    2.717885    
1.994666     -1.081448    185.342129   185.366470   0.102511     -0.055578    9.525167    
-0.258437    -1.091020    59.490010    59.533128    -0.035989    -0.151933    8.284467    
-0.347855    0.997942     21.770805    21.885150    -0.051332    0.147263     3.212649    
0.788331     0.385902     13.969274    14.134566    0.003966     0.001942     0.070282    
1.365767     0.210209     24.126411    24.245993    0.097405     0.014992     1.720663    
0.893922     0.384088     21.769204    21.879666    0.048462     0.020822     1.180157    
0.635918     0.368158     18.340015    18.459985    0.015212     0.008807     0.438725    
-1.193100    0.685989     25.361413    25.474896    -0.064975    0.037358     1.381149    
-0.264671    0.796525     6.984826     7.305289     -0.026692    0.080331     0.704429    
1.831898     0.476442     27.971964    28.104956    0.058084     0.015106     0.886900    
0.784479     1.476780     8.607922     8.987077     0.013205     0.024858     0.144893    
0.166430     1.269544     10.310328    10.574368    0.015601     0.119009     0.966503    
-1.731788    -1.117486    21.062706    21.254656    -0.087226    -0.056285    1.060880    
-0.838770    2.230860     88.994018    89.047686    -0.066868    0.177848     7.094758    
-0.643640    1.067147     31.449312    31.535492    -0.005950    0.009864     0.290708    
-2.242985    0.648426     70.533800    70.599882    -0.011449    0.003310     0.360025    
-1.899108    -1.171203    48.326236    48.417749    -0.004385    -0.002704    0.111577    
-0.797495    0.715797     20.489695    20.611912    -0.000880    0.000789     0.022599    
0.420155     -0.178958    32.173938    32.237336    0.009450     -0.004025    0.723620    
-1.527546    0.305026     37.412362    37.496483    -0.003906    0.000780     0.095656    
0.000642     2.026976     31.541208    31.667513    0.000028     0.089084     1.386212    
1.239848     -0.787702    77.049983    77.089120    0.054758     -0.034789    3.402932    
1.022562     -0.096448    7.783224     8.093730     0.003112     -0.000294    0.023689    
-1.792152    -0.834789    99.824355    99.863334    -0.044164    -0.020572    2.459982    
0.445271     0.503075     40.060359    40.114319    0.077737     0.087828     6.993863    
-0.311504    0.411443     9.110044     9.334569     -0.016045    0.021193     0.469251    
0.424066     0.758612     7.514921     7.816925     0.055844     0.099900     0.989623    
-0.171465    1.058075     33.744793    33.819150    -0.014147    0.087301     2.784271    
-1.514389    0.139289     53.129439    53.187640    -0.070726    0.006505     2.481300    
-0.079308    1.345237     26.487626    26.594834    -0.010603    0.179843     3.541090    
-0.441843    -0.377484    32.995723    33.059498    -0.040500    -0.034601    3.024439    
-0.184558    -1.393469    57.448691    57.499591    -0.014428    -0.108938    4.491189    
0.709946     -0.980883    54.400671    54.449739    0.064801     -0.089531    4.965472    
1.631800     0.864097     20.549420    20.725903    0.430129     0.227769     5.416660    
2.463549     1.054695     41.993140    42.124580    0.006118     0.002619     0.104280    
-0.452479    0.168258     21.776890    21.871007    -0.160769    0.059783     7.737476    
-0.763517    0.042808     72.746553    72.777199    -0.029531    0.001656     2.813701    
-0.410092    -0.724275    118.762941   118.782170   -0.016720    -0.029529    4.842047    
-1.313262    -0.688133    14.205728    14.417900    -0.034353    -0.018000    0.371596    
-0.989928    -0.854874    32.383854    32.469981    -0.141788    -0.122444    4.638352    
0.076629     0.129018     42.767938    42.813479    0.004102     0.006906     2.289216    
0.592768     0.240897     9.219825     9.449314     0.016368     0.006652     0.254590    
-1.012832    2.542733     127.238817   127.283475   -0.038948    0.097779     4.892886    
-1.916561    0.448348     44.947971    45.034090    -0.023222    0.005432     0.544614    
-0.728992    -0.062201    105.649268   105.670138   -0.017225    -0.001470    2.496397    
0.032564     1.001021     19.737015    19.860207    0.000132     0.004072     0.080297    
-0.204007    -0.884535    30.426902    30.504022    -0.006879    -0.029825    1.025939    
1.321744     -1.497803    78.204930    78.255201    0.002569     -0.002912    0.152021    
0.289772     -1.060982    73.071620    73.106404    0.040162     -0.147052    10.127751   
-1.527878    0.565381     6.618546     7.094658     -0.016385    0.006063     0.070979    
-1.333715    -0.729739    77.443379    77.483309    -0.324728    -0.177674    18.855636   
-0.513555    -0.687942    10.661267    10.875411    -0.014437    -0.019340    0.299712    
-1.707349    0.855689     37.942693    38.041689    -0.083958    0.042078     1.865808    
0.194854     1.055333     38.031615    38.097643    0.022430     0.121481     4.377866    
0.215971     1.817199     10.856603    11.184348    0.038022     0.319922     1.911332    
-0.041896    1.559201     31.636198    31.735735    -0.002729    0.101565     2.060762    
1.077885     -0.257326    24.201017    24.306217    0.014963     -0.003572    0.335945    
0.693573     0.866233     7.751873     8.074521     0.050462     0.063024     0.563998    
0.831114     2.065906     71.841349    71.902803    0.000921     0.002289     0.079605    
0.143384     -0.602388    13.263267    13.422840    0.016395     -0.068878    1.516539    
0.106770     0.351670     10.454286    10.644346    0.010756     0.035428     1.053201    
1.087299     -1.339021    96.814908    96.850279    0.046089     -0.056760    4.103875    
-0.036447    -2.567485    22.125119    22.360437    -0.003993    -0.281278    2.423890    
0.686200     -1.456715    15.656067    15.861282    0.004230     -0.008980    0.096516    
-0.132921    0.674519     34.276617    34.339978    -0.001722    0.008738     0.444035    
0.380661     2.070673     70.067908    70.127165    0.006486     0.035281     1.193837    
-0.770088    -0.392872    29.163015    29.242158    -0.074566    -0.038041    2.823800    
0.291468     -0.061112    8.240252     8.477346     0.011267     -0.002362    0.318550    
-0.052937    0.005510     37.980883    38.031898    -0.000732    0.000076     0.525075    
1.765325     0.494630     56.939298    57.002804    0.409815     0.114827     13.218293   
2.217351     0.124115     43.058110    43.160257    0.628778     0.035196     12.210063   
1.987066     1.323334     30.177237    30.335462    0.162328     0.108107     2.465255    
-1.006709    1.054092     77.744348    77.782924    -0.046793    0.048995     3.613643    
1.406358     0.867069     59.598809    59.654192    0.521001     0.321215     22.079054   
1.412801     -1.077924    59.921992    59.980647    0.245599     -0.187384    10.416737   
-0.599329    0.193369     88.587775    88.611881    -0.064741    0.020888     9.569492    
1.243360     -0.279136    20.237904    20.373306    0.022037     -0.004947    0.358690    
0.424759     0.228336     11.147400    11.330139    0.012840     0.006902     0.336964    
-0.211727    -0.169030    58.976256    59.009720    -0.003993    -0.003188    1.112191    
0.403308     -0.046114    34.197636    34.256649    0.037769     -0.004319    3.202577    
-0.617796    0.613261     84.907472    84.934749    -0.014165    0.014061     1.946752    
0.296261     -0.858392    28.933486    29.014585    0.071309     -0.206611    6.964170    
0.330034     1.345502     165.503564   165.521068   0.030189     0.123077     15.139070   
0.689578     0.284912     19.976896    20.087509    0.004949     0.002045     0.143367    
0.421319     -0.990715    34.380726    34.453857    0.009253     -0.021759    0.755107    
0.403258     -1.321379    73.378623    73.418022    0.006431     -0.021072    1.170193    
0.361750     -2.023512    20.392994    20.590644    0.027284     -0.152617    1.538079    
0.086051     0.207913     30.109036    30.174155    0.003161     0.007637     1.105889    
0.867748     0.791138     33.820122    33.897706    0.019849     0.018096     0.773588    
1.720218     -1.487882    90.151042    90.201210    0.277440     -0.239968    14.539706   
1.440733     0.869373     34.726838    34.823264    0.045156     0.027248     1.088422    
-0.564511    1.528005     45.299040    45.371042    -0.060186    0.162910     4.829610    
-0.612719    1.405153     53.577958    53.636018    -0.034958    0.080170     3.056835    
0.275552     -0.704172    65.040864    65.075039    0.010369     -0.026498    2.447505    
-0.911288    -0.883751    9.951723     10.223659    -0.098043    -0.095081    1.070684    
0.327643     1.185092     53.329605    53.380085    0.025111     0.090826     4.087220    
0.317648     0.045362     6.911950     7.193954     0.047859     0.006835     1.041409    
-0.108669    -1.427597    37.705566    37.784051    -0.012076    -0.158646    4.190150    
0.314699     -0.209434    67.822160    67.851774    0.029717     -0.019777    6.404410    
-0.707930    0.002407     26.146625    26.230175    -0.001578    0.000005     0.058269    
0.113903     0.691216     13.680683    13.839321    0.008971     0.054439     1.077470    
-0.056407    -0.278150    93.319612    93.340803    -0.004153    -0.020480    6.870910    
-0.990354    0.024657     16.155796    16.305401    -0.038127    0.000949     0.621974    
0.430218     1.100630     106.451643   106.476400   0.037681     0.096399     9.323605    
-0.094544    -1.332544    61.357468    61.403571    -0.002911    -0.041023    1.888908    
1.838959     1.425800     20.985928    21.206103    0.518568     0.402061     5.917821    
-0.694419    -2.806535    19.308076    19.622324    -0.060694    -0.245297    1.687564    
-0.246019    0.878969     23.579978    23.679600    -0.025874    0.092443     2.479945    
-1.513276    -0.562892    52.628813    52.690358    -0.087232    -0.032448    3.033751    
1.002196     1.314212     14.226529    14.456854    0.030147     0.039533     0.427953    
-1.514984    1.854296     36.524797    36.656095    -0.242454    0.296756     5.845327    
0.542696     1.086380     11.230612    11.466313    0.038213     0.076496     0.790787    
1.648334     0.976262     14.690341    14.944937    0.026962     0.015969     0.240295    
0.999881     1.049383     78.699062    78.737020    0.146545     0.153801     11.534360   
-0.684369    -1.454933    63.883822    63.934363    -0.152388    -0.323969    14.224958   
-0.294849    -2.926693    24.775389    25.026932    -0.008907    -0.088408    0.748401    
1.052495     -2.008959    49.487323    49.578360    0.040741     -0.077764    1.915591    
0.215274     1.101452     46.405384    46.460673    0.013455     0.068843     2.900433    
-1.597016    1.483344     40.797214    40.902792    -0.094717    0.087975     2.419632    
0.857152     -0.688368    101.746938   101.771916   0.130617     -0.104897    15.504711   
-0.852860    0.312704     40.545685    40.603604    -0.116864    0.042848     5.555791    
0.564536     -0.032250    13.894356    14.044495    0.136243     -0.007783    3.353212    
-0.852876    1.644232     43.805710    43.889020    -0.054831    0.105707     2.816247    
-0.458166    1.075829     6.012117     6.433337     -0.027810    0.065300     0.364922    
0.367460     0.134940     90.930780    90.952927    0.022231     0.008164     5.501152    
1.888882     -1.262561    53.184803    53.269693    0.105141     -0.070278    2.960428    
-1.755486    0.462111     24.727347    24.871911    -0.203025    0.053444     2.859757    
1.473136     0.906394     30.556668    30.668821    0.013813     0.008499     0.286515    
-0.050305    0.563813     15.543528    15.677903    -0.002477    0.027767     0.765487    
-0.230323    0.424924     73.901911    73.929703    -0.023871    0.044040     7.659379    
0.475760     0.013437     20.619901    20.719117    0.026929     0.000761     1.167131    
1.026146     0.433815     58.744626    58.788155    0.035585     0.015044     2.037181    
1.326624     1.914267     62.653235    62.727403    0.045623     0.065833     2.154686    
-0.413948    -1.025124    55.990731    56.036230    -0.019498    -0.048285    2.637271    
0.663037     -0.246835    12.381723    12.557171    0.056087     -0.020880    1.047388    
0.419623     -1.477608    29.003296    29.110574    0.027052     -0.095258    1.869785    
1.867928     1.375137     105.259112   105.303067   0.112486     0.082810     6.338681    
1.293522     -0.032368    86.738817    86.770799    0.030643     -0.000767    2.054777    
-1.223890    0.807608     14.357045    14.565364    -0.027317    0.018026     0.320444    
0.469901     0.592959     30.778803    30.850966    0.048737     0.061500     3.192291    
0.946257     -1.396369    25.366023    25.498143    0.154139     -0.227459    4.131948    
0.933855     -1.855851    26.416739    26.571325    0.003056     -0.006073    0.086444    
0.001152     -1.637292    11.475108    11.757286    0.000047     -0.067317    0.471799    
-0.438606    0.690836     33.984279    34.051077    -0.013106    0.020642     1.015455    
0.377694     0.725629     18.165499    18.290147    0.020786     0.039935     0.999729    
0.032578     1.004886     25.227623    25.324272    0.004262     0.131479     3.300781    
-0.933061    0.663123     55.283491    55.330368    -0.008354    0.005937     0.494952    
-0.788186    -0.556835    46.315391    46.367248    -0.002733    -0.001931    0.160621    
0.019270     -0.146246    9.857984     10.053684    0.000582     -0.004414    0.297542    
0.958327     0.946489     77.910939    77.947441    0.002279     0.002251     0.185307    
-0.179585    -0.014550    45.103847    45.147142    -0.007096    -0.000575    1.782157    
0.367476     0.541374     81.453374    81.479784    0.013377     0.019708     2.965168    
1.857379     0.620376     29.084396    29.216635    0.351765     0.117492     5.508238    
-0.173364    -0.905932    58.586913    58.627230    -0.050169    -0.262164    16.954247   
-0.390676    -0.476238    44.244006    44.292059    -0.051513    -0.062795    5.833855    
-0.490667    -1.148386    22.054451    22.177315    -0.080338    -0.188027    3.611016    
-0.460680    2.088290     46.764085    46.854325    -0.029687    0.134575     3.013596    
0.340234     -1.390929    69.029507    69.072413    0.015635     -0.063918    3.172147    
-0.299747    0.358125     31.580422    31.645160    -0.006619    0.007908     0.697387    
1.102199     1.292414     33.467107    33.567952    0.164682     0.193103     5.000400    
2.848999     1.445490     70.543293    70.643028    0.303609     0.154041     7.517572    
0.303586     2.004699     18.297330    18.514271    0.001082     0.007148     0.065242    
0.480125     -0.663177    74.324923    74.355493    0.065935     -0.091073    10.206953   
-0.013601    0.615887     31.205318    31.273412    -0.000196    0.008863     0.449055    
0.415662     -0.584777    106.502321   106.522928   0.034285     -0.048234    8.784663    
-1.212180    0.773610     11.465130    11.721434    -0.073820    0.047112     0.698212    
-1.293020    -3.539923    145.101594   145.163875   -0.042404    -0.116090    4.758517    
-0.600661    0.333903     32.910111    32.976092    -0.001392    0.000774     0.076282    
-0.469594    0.904007     28.330303    28.416875    -0.054215    0.104368     3.270732    
0.414396     -1.135359    14.724732    14.904813    0.079271     -0.217185    2.816728    
0.300285     1.132312     28.281140    28.373758    0.044776     0.168842     4.217067    
2.259989     0.512219     110.130896   110.172860   0.258411     0.058568     12.592549   
0.926436     -0.868167    77.997840    78.033006    0.217422     -0.203747    18.305003   
0.639273     -1.524654    19.941673    20.106679    0.005265     -0.012556    0.164231    
-0.089453    0.964632     12.714914    12.902810    -0.018791    0.202634     2.670933    
0.831134     -0.044901    39.963942    40.021049    0.161494     -0.008725    7.765239    
-0.901211    -0.406546    11.091818    11.308441    -0.053138    -0.023971    0.654002    
-0.089364    0.958983     28.932540    29.015418    -0.009852    0.105722     3.189650    
-0.995329    0.271656     131.189644   131.208468   -0.021805    0.005951     2.874056    
1.666715     -1.548446    43.662671    43.766191    0.161778     -0.150299    4.238083    
-2.613147    -0.730715    44.513078    44.639126    -0.409078    -0.114391    6.968355    
0.071692     1.733216     22.621978    22.773625    0.000686     0.016579     0.216395    
1.661442     0.974876     149.890817   149.916119   0.008927     0.005238     0.805408    
1.415149     1.441174     43.175922    43.267942    0.051572     0.052520     1.573439    
1.463203     0.861955     37.247647    37.338265    0.033645     0.019820     0.856485    
0.479399     -0.299124    10.726632    10.920389    0.100360     -0.062621    2.245579    
1.828684     0.502885     89.527286    89.569006    0.114292     0.031430     5.595433    
1.330041     1.097868     37.662952    37.753771    0.077209     0.063731     2.186328    
-1.030288    -0.390373    35.801624    35.872624    -0.020254    -0.007674    0.703812    
0.072788     -1.263298    117.046120   117.069511   0.003097     -0.053745    4.979588    
-0.296609    0.184030     74.642830    74.669598    -0.024409    0.015145     6.142708    
-0.878283    0.397851     61.398137    61.437251    -0.044235    0.020038     3.092364    
0.147353     -0.546300    22.995234    23.086271    0.012811     -0.047494    1.999159    
1.794832     -0.902297    41.183476    41.279405    0.016034     -0.008061    0.367914    
-0.778462    1.318771     17.514605    17.691283    -0.219355    0.371602     4.935255    
0.130819     -1.390899    13.302053    13.519293    0.004562     -0.048508    0.463913    
-0.941862    -0.320335    128.698507   128.717406   -0.083090    -0.028260    11.353595   
-1.324802    0.372153     87.002204    87.035349    -0.129597    0.036405     8.510850    
-1.126617    -1.240425    23.142251    23.286190    -0.081522    -0.089757    1.674570    
0.817306     -1.930170    37.517797    37.627830    0.014728     -0.034783    0.676096    
0.621567     -1.611332    60.858249    60.914564    0.034394     -0.089163    3.367586    
0.238728     -0.896355    88.955243    88.981856    0.038216     -0.143491    14.240182   
-0.682627    -1.831216    37.463106    37.565657    -0.097496    -0.261543    5.350660    
2.540083     0.045941     34.102544    34.253651    0.187319     0.003388     2.514896    
-1.681724    0.637558     28.700383    28.823976    -0.127354    0.048281     2.173433    
-0.372553    0.124032     25.350617    25.429961    -0.009410    0.003133     0.640295    
0.449774     -0.233783    13.554554    13.706124    0.036221     -0.018827    1.091576    
-0.495694    0.308003     96.051218    96.073160    -0.047138    0.029290     9.133982    
1.073373     -1.339879    48.197693    48.268416    0.128554     -0.160473    5.772483    
-1.006127    -0.264784    20.166739    20.289276    -0.010360    -0.002727    0.207665    
1.292182     1.906352     28.256448    28.418404    0.175844     0.259422     3.845215    
0.543897     -0.099199    29.518054    29.588784    0.003535     -0.000645    0.191862    
0.946745     -0.113755    25.022164    25.117582    0.210719     -0.025319    5.569240    
1.498947     0.132761     54.392834    54.449241    0.121370     0.010750     4.404188    
-0.181278    0.663139     19.484548    19.595795    -0.007378    0.026990     0.793025    
1.306271     -0.327858    86.979225    87.011921    0.181023     -0.045435    12.053564   
0.235734     -1.222307    23.367865    23.483647    0.000621     -0.003219    0.061534    
-2.309952    2.026019     62.169826    62.276824    -0.164210    0.144026     4.419528    
-1.071293    2.829392     27.368503    27.605490    -0.069257    0.182914     1.769317    
-0.253541    -0.788715    76.436372    76.466203    -0.063661    -0.198036    19.192162   
0.121116     0.356784     78.330573    78.356209    0.022511     0.066312     14.558516   
1.364223     2.084379     18.325412    18.598426    0.027375     0.041826     0.367724    
0.472374     -0.123543    20.016413    20.118900    0.018497     -0.004838    0.783785    
0.749482     -0.194390    49.115643    49.161172    0.035567     -0.009225    2.330815    
-0.103566    -0.698624    56.807314    56.845797    -0.014056    -0.094815    7.709705    
0.508089     -0.630880    97.153138    97.176455    0.055674     -0.069128    10.645505   
0.537407     -1.123803    24.396680    24.507645    0.004863     -0.010168    0.220746    
1.393844     -0.642825    16.711839    16.897235    0.001735     -0.000800    0.020797    
0.642784     0.303182     62.817493    62.852347    0.017776     0.008384     1.737194    
-1.064407    -0.764789    31.571336    31.659786    -0.173680    -0.124791    5.151504    
0.443249     0.492182     137.688166   137.703830   0.009629     0.010692     2.991217    
0.583021     0.360406     30.176052    30.247956    0.040714     0.025168     2.107273    
-1.274299    -1.077025    22.907454    23.052336    -0.010909    -0.009220    0.196103    
0.070140     1.180592     17.716189    17.864407    0.001804     0.030364     0.455654    
0.665404     -0.297664    15.823968    15.962590    0.035654     -0.015949    0.847881    
-0.600673    0.057066     48.081803    48.125864    -0.134900    0.012816     10.798287   
0.256467     -1.545603    38.767401    38.848951    0.027485     -0.165639    4.154628    
0.076127     0.393156     14.947914    15.082289    0.002251     0.011626     0.442037    
-0.606437    -0.481307    20.901166    21.007929    -0.032592    -0.025867    1.123298    
-0.618275    -0.316605    66.951591    66.984125    -0.005611    -0.002873    0.607571    
-1.654247    0.357101     23.026537    23.172407    -0.086029    0.018571     1.197493    
-2.863819    -0.793091    29.268786    29.485035    -0.542591    -0.150262    5.545387    
0.653009     0.450819     17.795564    17.921683    0.025630     0.017694     0.698456    
0.628352     -0.648859    39.529431    39.588720    0.050957     -0.052620    3.205677    
-1.361481    1.306434     25.063737    25.211630    -0.026721    0.025640     0.491909    
-0.475240    -0.767621    48.912405    48.960325    -0.007942    -0.012828    0.817421    
1.834049     2.295251     48.749615    48.877724    0.204124     0.255454     5.425675    
-0.101965    0.509329     206.323747   206.333791   -0.002171    0.010844     4.392764    
-0.234829    1.517523     73.923135    73.965281    -0.088984    0.575035     28.011723   
0.129450     -0.134076    10.288086    10.476373    0.004164     -0.004312    0.330902    
-0.366296    -0.530727    9.502087     9.725248     -0.003745    -0.005426    0.097139    
-1.637464    -2.037479    63.680182    63.764199    -0.009705    -0.012076    0.377427    
-0.384419    -1.175034    35.612393    35.688177    -0.000988    -0.003020    0.091516    
-0.964478    -0.001111    68.153952    68.189195    -0.146417    -0.000169    10.346394   
-0.411603    0.404641     73.792611    73.821119    -0.014188    0.013948     2.543597    
0.450191     0.590651     53.521627    53.562963    0.011005     0.014439     1.308376    
1.205969     0.205801     12.070816    12.291308    0.012121     0.002068     0.121319    
-0.010222    1.382047     69.794862    69.836294    -0.000186    0.025114     1.268292    
0.381329     1.366197     25.066739    25.183889    0.095474     0.342057     6.275997    
0.201366     2.154389     69.701532    69.762888    0.023938     0.256108     8.285933    
-0.006680    1.002522     79.962231    79.992740    -0.000465    0.069809     5.568032    
-1.529429    0.936000     28.402386    28.526930    -0.087490    0.053543     1.624738    
-0.157315    -0.523019    34.432217    34.492764    -0.009137    -0.030377    1.999825    
-0.557237    -0.164914    12.597534    12.763641    -0.079925    -0.023654    1.806868    
-0.105833    0.529254     17.111969    17.233274    -0.002956    0.014781     0.477906    
1.471593     -0.508708    45.163527    45.233213    0.038815     -0.013418    1.191243    
1.327941     -0.035803    42.276656    42.343303    0.176864     -0.004769    5.630688    
0.747471     -0.459540    21.360931    21.469379    0.093053     -0.057209    2.659245    
0.723473     -0.276088    59.200952    59.238731    0.046509     -0.017749    3.805791    
-1.718650    -1.002423    41.274981    41.369767    -0.127643    -0.074449    3.065464    
-1.603426    -0.675300    38.965055    39.053521    -0.092790    -0.039080    2.254910    
0.484990     -0.620037    17.657534    17.784351    0.057214     -0.073145    2.083039    
-0.493331    -0.088211    62.247670    62.280804    -0.018496    -0.003307    2.333772    
-1.746477    0.343442     23.242264    23.393288    -0.167354    0.032910     2.227156    
-0.578496    -0.128542    37.305854    37.362453    -0.046752    -0.010388    3.014954    
-1.347331    -1.117522    98.028959    98.064346    -0.151192    -0.125404    11.000423   
0.571600     1.311382     15.843876    16.029654    0.037713     0.086522     1.045341    
0.720050     1.125260     35.868293    35.947101    0.068950     0.107752     3.434643    
0.300515     0.507963     26.804502    26.883166    0.002083     0.003520     0.185771    
0.594120     -0.590160    65.284462    65.319501    0.002028     -0.002015    0.222899    
1.191508     -0.634232    111.417374   111.442936   0.012185     -0.006486    1.139377    
0.344041     -0.928039    11.750372    11.955159    0.024756     -0.066779    0.845522    
0.415224     2.446866     19.956087    20.205938    0.023830     0.140426     1.145282    
-0.065863    0.101313     7.391600     7.650183     -0.002477    0.003810     0.277993    
0.449136     -0.676031    89.361567    89.386931    0.032597     -0.049064    6.485586    
0.695024     0.863169     25.324581    25.425135    0.017754     0.022050     0.646912    
-0.499865    0.063636     63.456232    63.488757    -0.017237    0.002194     2.188163    
-1.650689    1.094568     27.385777    27.527779    -0.063971    0.042419     1.061315    
0.412276     0.860207     18.462707    18.591838    0.004785     0.009983     0.214267    
-1.102207    -1.963515    46.473540    46.569680    -0.100268    -0.178621    4.227701    
-1.667388    -0.509133    51.930734    51.997265    -0.108729    -0.033200    3.386350    
-0.814566    0.555721     164.366343   164.381087   -0.065422    0.044633     13.201190   
1.338357     0.849448     54.763006    54.821297    0.036471     0.023148     1.492318    
1.098058     -0.083351    10.768811    11.002497    0.329615     -0.025020    3.232580    
0.931032     -0.400552    26.237451    26.330705    0.065966     -0.028380    1.858989    
0.038942     -0.588659    29.294765    29.366754    0.001852     -0.027988    1.392833    
-0.304133    -0.253319    10.878942    11.062685    -0.007140    -0.005947    0.255418    
-0.541525    -0.976329    42.979498    43.039036    -0.011676    -0.021052    0.926730    
0.901058     -1.040218    38.456890    38.531822    0.014834     -0.017125    0.633110    
-0.371488    -2.286629    32.309791    32.452491    -0.008799    -0.054161    0.765284    
-0.754817    1.724928     59.527859    59.590151    -0.003829    0.008751     0.301988    
-0.346305    1.337972     62.922720    62.968673    -0.008463    0.032696     1.537646    
-0.830135    -0.350033    38.703174    38.763672    -0.121811    -0.051363    5.679167    
-0.008592    -0.538264    95.093688    95.115583    -0.000718    -0.044952    7.941541    
-1.379872    0.028001     22.344876    22.473835    -0.004894    0.000099     0.079247    
-0.109723    0.759443     72.289709    72.320576    -0.001325    0.009170     0.872882    
0.833801     1.065515     55.330292    55.381827    0.007908     0.010106     0.524783    
-0.031344    -0.313799    42.788376    42.834794    -0.004947    -0.049532    6.754003    
0.609658     1.073949     15.830641    16.000287    0.013769     0.024255     0.357540    
1.915235     -1.656946    23.049685    23.271797    0.186622     -0.161454    2.245978    
0.458404     0.932987     20.229933    20.352045    0.064566     0.131411     2.849382    
0.483500     -0.650870    8.714598     8.970873     0.012450     -0.016760    0.224399    
0.826105     -1.097946    18.751221    18.904264    0.011086     -0.014734    0.251633    
0.791369     0.403231     126.658621   126.677030   0.002645     0.001347     0.423260    
0.204033     0.034207     39.217290    39.267208    0.001943     0.000326     0.373501    
0.112981     -1.483881    67.428590    67.473731    0.000645     -0.008477    0.385204    
0.856953     0.380921     100.153866   100.177599   0.016835     0.007483     1.967519    
-0.140980    2.218636     40.984573    41.091999    -0.003052    0.048029     0.887237    
0.293511     -1.350516    21.991466    22.122603    0.135979     -0.625675    10.188332   
0.041103     2.513848     47.908283    48.014578    0.001661     0.101597     1.936201    
0.355059     0.935175     48.066457    48.117147    0.008104     0.021345     1.097084    
-0.769587    -1.199726    73.451628    73.491824    -0.123934    -0.193203    11.828621   
-1.086845    -1.177683    20.056498    20.216484    -0.041980    -0.045489    0.774699    
-0.554629    -1.334010    41.452156    41.524009    -0.024308    -0.058467    1.816773    
0.745192     0.158838     16.462913    16.597681    0.069916     0.014903     1.544600    
-1.865953    -0.740600    188.579180   188.600139   -0.151113    -0.059977    15.271919   
-0.945404    -2.483836    42.198145    42.327551    -0.018793    -0.049375    0.838831    
-1.501724    -1.367839    208.306331   208.325536   -0.111218    -0.101303    15.427219   
0.174573     0.528605     8.317360     8.565240     0.001036     0.003138     0.049383    
-0.654063    0.021807     51.116977    51.159052    -0.098431    0.003282     7.692704    
0.873808     -0.586714    24.450418    24.552101    0.162362     -0.109017    4.543137    
-1.965052    -0.157678    45.285549    45.371161    -0.054165    -0.004346    1.248257    
-1.745796    -0.305851    64.392820    64.447277    -0.119240    -0.020890    4.398098    
-0.693800    -0.296343    137.858144   137.874261   -0.088361    -0.037741    17.557239   
0.275377     1.154724     94.040516    94.068607    0.030795     0.129130     10.516326   
-0.761917    -0.217843    51.148981    51.192980    -0.029848    -0.008534    2.003749    
-0.609456    1.523521     25.170477    25.300601    -0.016851    0.042123     0.695929    
0.140928     -0.869999    44.589416    44.641547    0.003816     -0.023559    1.207475    
-0.966512    1.334674     78.803817    78.845621    -0.018241    0.025189     1.487234    
-0.040914    -0.764591    9.269807     9.507394     -0.002234    -0.041758    0.506265    
-1.414353    -0.556993    23.509149    23.640340    -0.049478    -0.019485    0.822411    
0.334483     -0.713356    43.662760    43.714212    0.007241     -0.015443    0.945247    
1.095004     -1.675046    53.804382    53.877558    0.255535     -0.390895    12.556006   
-1.141148    1.011858     43.790707    43.861453    -0.016193    0.014358     0.621386    
0.580594     0.229159     9.826383     10.041034    0.019121     0.007547     0.323611    
0.455442     -1.383310    18.408028    18.570175    0.055729     -0.169264    2.252436    
2.931031     1.165194     33.698012    33.902501    0.041827     0.016628     0.480888    
0.651447     -0.004228    78.633764    78.661097    0.006815     -0.000044    0.822564    
1.402058     -0.501697    72.295055    72.337178    0.120037     -0.042953    6.189533    
0.736989     1.626496     82.544466    82.587242    0.023295     0.051410     2.609045    
0.081284     -0.590500    114.520209   114.538677   0.000395     -0.002867    0.556055    
0.008983     0.083146     183.637534   183.648103   0.000302     0.002798     6.179055    
0.621534     0.852482     52.684231    52.731549    0.047801     0.065562     4.051805    
0.369151     0.195014     12.260964    12.424994    0.040020     0.021142     1.329238    
-1.474818    0.385443     54.006872    54.064229    -0.063932    0.016709     2.341138    
-0.530867    -0.488106    82.563696    82.590308    -0.005351    -0.004920    0.832188    
-0.817998    -1.259986    106.673900   106.702637   -0.051064    -0.078655    6.659182    
0.049271     -0.120610    43.251225    43.296193    0.000332     -0.000812    0.291292    
0.053383     2.026612     43.548718    43.640300    0.001560     0.059232     1.272813    
0.828374     1.476860     85.281018    85.320539    0.095111     0.169568     9.791654    
1.791492     -0.675136    27.798184    27.933479    0.032936     -0.012412    0.511057    
1.449744     -0.885133    83.252960    83.293550    0.027191     -0.016601    1.561447    
0.464877     -0.435398    25.062705    25.147958    0.005246     -0.004913    0.282809    
-0.766601    1.884810     55.884344    55.956010    -0.008312    0.020436     0.605915    
-0.028316    0.476793     35.732069    35.789438    -0.000467    0.007859     0.588993    
0.156245     -0.177378    16.915009    17.030806    0.009401     -0.010672    1.017714    
1.312333     -0.759688    8.457256     8.814731     0.088538     -0.051253    0.570581    
-0.894611    -0.606975    27.027719    27.120864    -0.029784    -0.020208    0.899821    
1.276249     -0.246084    27.957448    28.056786    0.182872     -0.035261    4.005978    
-0.270820    0.857363     64.151150    64.187642    -0.005460    0.017285     1.293333    
0.084320     0.778022     15.148918    15.296310    0.000831     0.007665     0.149242    
-0.385764    0.494066     123.766038   123.783279   -0.013002    0.016652     4.171336    
0.927580     0.370114     105.924609   105.947605   0.100663     0.040166     11.495221   
-1.924176    1.533202     24.233218    24.437204    -0.106395    0.084776     1.339946    
-1.332630    0.591599     16.378344    16.560525    -0.051483    0.022855     0.632734    
-1.462297    0.059627     19.440809    19.594945    -0.013640    0.000556     0.181339    
-0.505010    -0.011904    41.162923    41.213061    -0.016143    -0.000381    1.315810    
1.592921     0.260339     115.132912   115.161051   0.159634     0.026090     11.537990   
-0.598318    0.850743     23.639920    23.744526    -0.017582    0.025000     0.694696    
1.522602     1.585186     92.491635    92.538687    0.119689     0.124609     7.270595    
-0.393117    0.269387     27.023545    27.099336    -0.017425    0.011941     1.197851    
-0.135887    -0.651414    59.551549    59.587790    -0.007544    -0.036165    3.306204    
-1.268938    -1.236195    61.510798    61.567780    -0.103114    -0.100454    4.998387    
1.123290     2.106013     70.438711    70.506624    0.067547     0.126642     4.235716    
0.198636     -1.007127    14.260661    14.432435    0.016740     -0.084875    1.201802    
3.087404     1.369818     64.539980    64.658275    0.022046     0.009782     0.460863    
-0.967803    0.439964     17.841498    17.981218    -0.154089    0.070049     2.840642    
0.726494     -1.692735    32.608202    32.719458    0.025766     -0.060035    1.156496    
-1.322253    2.070532     60.764940    60.846433    -0.009533    0.014927     0.438081    
-0.385222    -0.734381    93.629579    93.653941    -0.044320    -0.084491    10.772188   
0.172771     1.069846     95.036038    95.062600    0.001536     0.009514     0.845177    
-0.636747    0.623494     32.052498    32.125251    -0.017019    0.016665     0.856687    
0.433287     -0.513253    57.362517    57.400214    0.075322     -0.089223    9.971801    
-1.349451    -0.057554    30.835607    30.927883    -0.001528    -0.000065    0.034907    
0.130179     0.696457     27.078536    27.159236    0.007162     0.038318     1.489829    
-0.592400    0.054353     15.935387    16.067526    -0.009807    0.000900     0.263815    
-1.645320    0.013984     55.790779    55.849738    -0.075494    0.000642     2.559897    
-1.751923    0.136766     20.265230    20.436302    -0.009422    0.000736     0.108991    
0.262362     0.984519     8.736937     9.013719     0.006077     0.022806     0.202384    
0.924636     -0.992798    33.098900    33.185128    0.016776     -0.018013    0.600531    
0.754933     -1.334612    55.018076    55.074629    0.011615     -0.020534    0.846497    
-1.452852    0.690575     33.033787    33.131461    -0.030298    0.014401     0.688897    
2.484924     -0.322754    142.860169   142.895703   0.202282     -0.026273    11.629333   
1.326847     -0.463869    14.958850    15.153147    0.035550     -0.012428    0.400788    
-0.262434    0.428023     17.186467    17.306117    -0.005283    0.008616     0.345978    
0.998134     0.724993     30.973308    31.060306    0.003729     0.002708     0.115703    
0.104648     -0.496139    62.947719    62.980531    0.003843     -0.018219    2.311494    
-0.961688    0.040477     12.761442    12.948198    -0.025614    0.001078     0.339892    
-1.925823    1.002002     65.531291    65.596782    -0.125923    0.065517     4.284865    
0.104337     -1.824152    66.671952    66.726026    0.013649     -0.238631    8.721877    
-1.804995    0.917615     104.153861   104.192138   -0.000012    0.000006     0.000686    
-1.397981    0.315245     39.360341    39.435582    -0.268560    0.060560     7.561337    
0.177703     1.466798     65.634728    65.680862    0.021769     0.179690     8.040589    
2.205362     -1.941656    44.495741    44.636079    0.086911     -0.076519    1.753535    
0.016037     1.014115     68.351898    68.387759    0.000321     0.020288     1.367453    
0.872621     0.722936     27.636326    27.729507    0.003082     0.002553     0.097596    
-0.991694    0.114863     12.638345    12.829629    -0.048792    0.005651     0.621810    
0.679258     -0.186212    62.765815    62.800626    0.077781     -0.021323    7.187276    
1.548550     -1.162134    65.881901    65.939733    0.158366     -0.118848    6.737565    
1.001747     1.091066     48.937511    48.999478    0.090816     0.098913     4.436553    
-1.354058    0.016190     24.248683    24.366110    -0.624948    0.007472     11.191662   
1.189808     -1.339213    25.315677    25.455207    0.040281     -0.045339    0.857059    
-1.193829    -0.142931    55.342239    55.390288    -0.183596    -0.021981    8.510942    
0.399593     -0.111082    15.743970    15.871974    0.053342     -0.014828    2.101669    
0.666562     1.299694     82.271581    82.308089    0.041281     0.080493     5.095235    
-0.042461    -0.281549    35.034786    35.091199    -0.000137    -0.000910    0.113290    
-1.085239    -2.051794    22.844413    23.046253    -0.276054    -0.521919    5.810975    
1.926817     -0.535078    31.354491    31.479803    0.267746     -0.074353    4.356951    
-0.066575    -0.736190    22.842922    22.939495    -0.002875    -0.031792    0.986463    
0.269841     0.787283     83.829820    83.857058    0.007810     0.022786     2.426214    
-1.413985    2.015188     68.118533    68.191420    -0.036285    0.051712     1.748009    
0.139353     1.048721     54.109675    54.155804    0.037836     0.284744     14.691593   
0.758903     1.052410     9.859572     10.137535    0.015974     0.022152     0.207536    
-0.610093    -1.415834    15.804955    16.001511    -0.109707    -0.254597    2.842064    
-0.549686    1.521086     43.086926    43.162182    -0.011408    0.031569     0.894226    
0.581631     0.249073     17.035598    17.160620    0.044024     0.018853     1.289446    
-1.619225    3.181460     53.371961    53.527420    -0.109592    0.215328     3.612324    
0.070733     1.473485     125.537349   125.561448   0.009237     0.192423     16.393930   
0.019084     0.916727     26.692309    26.780498    0.000581     0.027892     0.812117    
2.055144     -1.241766    49.835854    49.932483    0.015565     -0.009405    0.377450    
-1.216356    0.476847     13.268283    13.476987    -0.020614    0.008081     0.224863    
0.425016     2.008938     28.187358    28.330523    0.026498     0.125250     1.757374    
0.864112     -0.341162    16.442228    16.585684    0.046160     -0.018225    0.878328    
-0.511083    -1.358627    15.364521    15.557973    -0.053276    -0.141625    1.601615    
0.682532     0.440213     41.755322    41.809586    0.013844     0.008929     0.846946    
0.136161     -0.436411    61.759601    61.792655    0.014025     -0.044952    6.361523    
0.536453     0.569834     27.952646    28.032800    0.019478     0.020690     1.014931    
0.274418     -0.380656    148.786883   148.800644   0.009948     -0.013800    5.393961    
0.059028     -0.370072    23.480650    23.565999    0.000894     -0.005604    0.355546    
0.694903     0.656523     75.825189    75.856761    0.091356     0.086311     9.968475    
-2.343362    -1.343511    49.905709    50.017508    -0.117940    -0.067618    2.511723    
-0.332484    -1.833775    82.178825    82.223522    -0.000398    -0.002194    0.098310    
-0.213294    -2.119947    23.019493    23.201545    -0.001675    -0.016651    0.180805    
-0.666112    0.720235     48.386272    48.436233    -0.035209    0.038070     2.557586    
1.201819     -0.263714    10.734304    10.982447    0.027003     -0.005925    0.241186    
-1.366124    -0.730226    28.057749    28.169341    -0.053144    -0.028407    1.091488    
-0.992057    -0.039375    110.293686   110.315719   -0.220207    -0.008740    24.481918   
-0.251678    -0.270369    66.131085    66.161407    -0.002631    -0.002826    0.691203    
-2.353741    0.390103     32.266320    32.414235    -0.165916    0.027498     2.274457    
0.250998     1.038489     28.700024    28.787285    0.085975     0.355716     9.830668    
-2.759632    0.587955     103.285157   103.342440   -0.096344    0.020527     3.605873    
1.139584     -1.395641    41.580822    41.666368    0.059612     -0.073007    2.175118    
1.238696     -0.122312    49.297925    49.352910    0.011734     -0.001159    0.466988    
0.777292     0.891986     64.616498    64.657301    0.171374     0.196662     14.246411   
-1.098492    1.257404     17.083226    17.277132    -0.013063    0.014953     0.203153    
0.286493     0.352093     17.503007    17.619201    0.029679     0.036475     1.813210    
-0.901763    -0.043757    16.676279    16.816312    -0.079286    -0.003847    1.466230    
-0.244457    0.979909     76.125654    76.157798    -0.008597    0.034461     2.677140    
-0.388920    0.428638     114.302066   114.320480   -0.023960    0.026407     7.041736    
0.279128     0.604512     8.403010     8.656146     0.005673     0.012286     0.170781    
1.106034     0.617477     59.230305    59.276543    0.079648     0.044466     4.265333    
-0.507439    -1.297414    62.118786    62.165580    -0.061057    -0.156109    7.474334    
0.357273     -0.868683    70.045890    70.079839    0.007780     -0.018917    1.525384    
-0.393004    -0.661723    101.684495   101.706459   -0.038476    -0.064784    9.955172    
0.497148     0.635549     51.465281    51.509234    0.011714     0.014975     1.212666    
1.792972     -0.770309    19.013335    19.214317    0.297120     -0.127651    3.150775    
0.435302     -0.613540    5.254157     5.661011     0.041405     -0.058358    0.499762    
-0.517016    1.107551     33.044104    33.125243    -0.015305    0.032787     0.978210    
1.614977     -0.545981    52.563483    52.627948    0.024432     -0.008260    0.795208    
0.294655     0.662655     72.931164    72.961330    0.036215     0.081444     8.963659    
0.815300     -0.138827    39.706252    39.763619    0.173198     -0.029492    8.434978    
-1.490759    0.295444     12.569627    12.813280    -0.125445    0.024861     1.057716    
-0.938649    0.584787     38.746496    38.812226    -0.122374    0.076240     5.051486    
-0.202195    -1.196160    110.556787   110.580965   -0.037240    -0.220306    20.362086   
-1.929916    -0.524285    21.930817    22.109616    -0.244629    -0.066456    2.779873    
-1.006050    -0.937214    44.451674    44.516477    -0.035280    -0.032866    1.558829    
1.277372     1.860766     16.678112    16.944867    0.022592     0.032910     0.294977    
0.025937     0.703701     125.391980   125.409408   0.003028     0.082150     14.638293   
-0.101669    1.371225     40.438226    40.509451    -0.004316    0.058215     1.716800    
1.095499     0.111513     5.271967     5.734208     0.073786     0.007511     0.355087    
-1.920702    -0.588079    17.402769    17.628564    -0.103722    -0.031757    0.939785    
0.744631     -0.286678    31.725577    31.796601    0.099539     -0.038322    4.240929    
1.018988     0.457200     120.790609   120.811810   0.026195     0.011753     3.105105    
-0.868620    -2.174129    125.115328   125.152713   -0.000223    -0.000559    0.032170    
-1.252092    -1.081335    174.192515   174.211493   -0.074000    -0.063908    10.294969   
-0.422301    0.877889     37.251288    37.315981    -0.035134    0.073037     3.099187    
-0.152622    1.204420     39.452166    39.519897    -0.012602    0.099446     3.257481    
-1.038788    -1.100128    27.747985    27.858841    -0.034581    -0.036623    0.923712    
0.059437     0.781540     17.682903    17.809390    0.000855     0.011247     0.254464    
-0.213503    0.221830     9.570960     9.776146     -0.000242    0.000252     0.010869    
-0.649482    -1.224086    69.516773    69.558442    -0.015229    -0.028702    1.630015    
-0.006022    -1.513983    23.877611    24.006404    -0.000339    -0.085182    1.343430    
-0.821461    1.713759     45.706453    45.788279    -0.080909    0.168795     4.501806    
-2.251387    -0.259220    50.915006    51.003419    -0.094707    -0.010904    2.141789    
0.211664     0.294108     18.268926    18.378246    0.002474     0.003438     0.213570    
-0.766731    0.297279     37.746902    37.807140    -0.032813    0.012722     1.615404    
-0.021466    0.113009     30.393927    30.457823    -0.000814    0.004284     1.152198    
0.192535     -0.324767    7.887053     8.137758     0.005719     -0.009646    0.234264    
-1.668581    -0.306206    50.194478    50.261700    -0.006685    -0.001227    0.201114    
0.491664     0.670675     42.525795    42.579452    0.032356     0.044136     2.798578    
0.312890     0.795420     39.654536    39.712564    0.028413     0.072230     3.600924    
0.194677     2.206408     16.492862    16.756956    0.009017     0.102194     0.763897    
0.134071     0.567956     56.760338    56.797460    0.006757     0.028626     2.860808    
0.059448     0.820971     25.787149    25.875269    0.000132     0.001828     0.057433    
0.021015     0.570937     22.168214    22.262773    0.001509     0.040997     1.591804    
-0.277876    -0.918280    4.519907     5.022446     -0.018399    -0.060801    0.299273    
-0.560301    -0.196863    35.556968    35.616367    -0.023910    -0.008401    1.517365    
1.770094     -0.385231    48.677673    48.751128    0.030301     -0.006594    0.833274    
-0.887271    0.999221     9.438866     9.734107     -0.013415    0.015107     0.142705    
-0.443877    0.038572     81.064723    81.089843    -0.015793    0.001372     2.884207    
0.067537     -0.346920    30.732042    30.797050    0.012985     -0.066699    5.908582    
-0.442500    -1.115983    46.131478    46.189062    -0.035398    -0.089274    3.690329    
0.768226     -0.492718    27.490441    27.575936    0.016477     -0.010568    0.589616    
1.380694     1.042575     91.785572    91.822979    0.078851     0.059541     5.241833    
0.241755     -1.176510    10.610195    10.857892    0.014985     -0.072924    0.657656    
0.081670     0.052467     141.050878   141.064647   0.014883     0.009562     25.705156   
0.443534     0.420818     43.185851    43.235015    0.045067     0.042759     4.388080    
-1.690742    -1.519779    21.411753    21.621898    -0.016912    -0.015202    0.214181    
-0.695061    0.027641     42.068601    42.120376    -0.049301    0.001961     2.983936    
-0.139331    -1.635058    43.926152    44.000848    -0.023527    -0.276093    7.417286    
-0.463706    1.678709     31.699609    31.808383    -0.016580    0.060022     1.133421    
2.379962     -0.026522    46.176607    46.279790    0.189405     -0.002111    3.674879    
-1.386725    1.068533     44.696141    44.773705    -0.021302    0.016414     0.686585    
-0.076401    -1.321500    85.866489    85.899249    -0.002544    -0.044008    2.859489    
0.728952     0.520551     14.767678    14.925201    0.057316     0.040930     1.161146    
-0.677646    -1.838208    61.783691    61.846080    -0.013974    -0.037907    1.274085    
0.164654     -0.261250    118.790363   118.807073   0.024674     -0.039149    17.801152   
0.009947     -1.540390    29.908123    30.012392    0.000226     -0.034955    0.678692    
-1.473582    -1.943772    51.530222    51.625463    -0.148359    -0.195697    5.188016    
-0.217247    -0.487047    50.031583    50.073133    -0.006901    -0.015472    1.589303    
-1.065815    1.244081     61.150250    61.203854    -0.219745    0.256499     12.607669   
-1.172510    0.468754     109.867071   109.891960   -0.041205    0.016473     3.860970    
3.075793     -0.480846    44.971822    45.122405    0.141376     -0.022102    2.067090    
0.396985     -1.548017    40.977908    41.056276    0.020271     -0.079045    2.092424    
-0.616926    -0.972861    20.115870    20.244758    -0.003056    -0.004819    0.099635    
0.759009     -2.020601    48.003924    48.092729    0.005877     -0.015647    0.371722    
-0.935678    0.925076     39.266471    39.337793    -0.030075    0.029734     1.262104    
0.429710     0.013216     9.057154     9.278567     0.018972     0.000584     0.399879    
1.108973     0.246831     16.553486    16.708788    0.291075     0.064786     4.344837    
0.085919     0.694894     26.263854    26.346826    0.008207     0.066375     2.508685    
0.055021     0.516198     8.893949     9.123967     0.000770     0.007223     0.124454    
-0.235931    0.369185     10.047844    10.248223    -0.035245    0.055151     1.501013    
0.835832     0.377319     65.912383    65.948148    0.027982     0.012632     2.206613    
-0.154590    2.987124     38.683334    38.848707    -0.007145    0.138057     1.787840    
1.084800     0.005366     49.458712    49.509756    0.033606     0.000166     1.532162    
-0.745523    -1.049062    40.465250    40.533539    -0.055505    -0.078104    3.012705    
1.787633     -1.037960    15.718814    15.975890    0.186925     -0.108535    1.643650    
-0.617177    -0.950846    29.332085    29.419911    -0.020828    -0.032089    0.989898    
-0.770967    -0.605756    18.787850    18.916119    -0.328583    -0.258171    8.007301    
-0.229538    1.540678     64.823545    64.872131    -0.021628    0.145172     6.108052    
0.997992     1.111908     113.784661   113.811495   0.060861     0.067808     6.938933    
-1.034591    0.588155     57.366619    57.412718    -0.036118    0.020533     2.002679    
1.458943     0.906044     49.946876    50.015145    0.046541     0.028904     1.593344    
0.713804     -0.099546    42.384601    42.436409    0.000638     -0.000089    0.037902    
-0.021161    -1.031605    80.189732    80.220526    -0.000013    -0.000650    0.050529    
-1.769924    0.142029     27.694459    27.821050    -0.399145    0.032030     6.245531    
-0.353915    -0.694545    49.146334    49.191917    -0.001961    -0.003848    0.272299    
0.487955     0.435669     6.307766     6.640088     0.000929     0.000829     0.012003    
-1.125423    0.304529     20.771087    20.896706    -0.100297    0.027139     1.851110    
1.557216     0.790997     19.684439    19.859575    0.032236     0.016374     0.407483    
-0.284983    -0.698119    4.248506     4.742715     -0.001385    -0.003392    0.020642    
-1.401372    0.801657     33.750031    33.845917    -0.012099    0.006921     0.291390    
0.883663     -0.216282    20.027706    20.144766    0.018889     -0.004623    0.428110    
-1.172009    0.658505     10.076708    10.354817    -0.160411    0.090129     1.379185    
-0.471969    0.755593     21.747591    21.854664    -0.034889    0.055855     1.607616    
-2.008254    -0.437304    13.937732    14.225317    -0.024088    -0.005245    0.167176    
0.087170     -0.936018    67.272496    67.307856    0.007796     -0.083717    6.016805    
0.765366     -0.124341    27.475998    27.557334    0.018872     -0.003066    0.677496    
-0.362216    -0.456484    30.879602    30.947768    -0.045701    -0.057596    3.896143    
-0.251003    0.164386     12.916980    13.069558    -0.001370    0.000897     0.070481    
-0.836346    0.221862     68.277656    68.311506    -0.079294    0.021035     6.473396    
0.253654     -0.282376    5.735698     6.075958     0.052132     -0.058035    1.178822    
2.326627     1.066044     41.065344    41.192075    0.000849     0.000389     0.014988    
-1.216762    -1.224574    22.612142    22.763216    -0.050656    -0.050981    0.941388    
1.086090     0.255434     44.829745    44.886812    0.214041     0.050339     8.834806    
-0.630717    -1.555083    55.045907    55.106651    -0.028099    -0.069279    2.452301    
-1.583277    0.465673     63.343390    63.395454    -0.033373    0.009816     1.335196    
1.297520     -0.448880    60.223589    60.271392    0.011695     -0.004046    0.542794    
-1.259334    0.910632     99.465615    99.497229    -0.035645    0.025775     2.815342    
1.075843     -0.097707    101.058767   101.083710   0.156378     -0.014202    14.689271   
-0.153847    -0.450716    19.180794    19.287422    -0.005740    -0.016816    0.715644    
-0.735348    0.283808     7.581193     7.872149     -0.034294    0.013236     0.353561    
0.862957     1.178888     115.204676   115.230754   0.034984     0.047792     4.670403    
-0.595790    -0.164661    4.709680     5.141801     -0.087473    -0.024175    0.691471    
-0.340180    0.066185     40.261168    40.310752    -0.033291    0.006477     3.940105    
-1.411766    -1.485237    21.924099    22.107466    -0.081940    -0.086204    1.272488    
-0.597868    -0.153847    51.990208    52.031123    -0.027015    -0.006952    2.349243    
0.075814     0.996851     16.995368    17.138172    0.018893     0.248418     4.235293    
-0.512777    0.026808     124.184266   124.200928   -0.057431    0.003003     13.908748   
-1.027334    0.907560     19.264633    19.413401    -0.035715    0.031551     0.669724    
-0.636346    0.437983     53.628826    53.670501    -0.026472    0.018220     2.230992    
-0.338352    -0.711684    225.241921   225.251901   -0.004558    -0.009588    3.034603    
0.684123     -1.344829    75.734467    75.775069    0.005302     -0.010422    0.586923    
-0.119894    1.518919     49.068127    49.131228    -0.000556    0.007047     0.227660    
1.133177     0.383812     104.147061   104.172533   0.028079     0.009510     2.580637    
-2.420726    0.313213     67.983746    68.056026    -0.143070    0.018511     4.017971    
-1.978033    -0.827459    100.542147   100.584271   -0.154388    -0.064584    7.847468    
-0.407624    2.247179     26.861110    27.029802    -0.027965    0.154165     1.842769    
1.761051     -1.022139    24.113848    24.279594    0.019302     -0.011203    0.264298    
-2.448678    2.269501     36.236770    36.443451    -0.025941    0.024043     0.383894    
0.563018     -2.788307    64.218056    64.311160    0.095646     -0.473682    10.909473   
-0.664126    -0.172151    53.100274    53.141177    -0.096441    -0.024999    7.710975    
-0.346695    1.956701     33.198855    33.316479    -0.010706    0.060426     1.025232    
0.894312     -0.347429    17.653430    17.788733    0.174978     -0.067977    3.454008    
1.033840     -0.110101    14.991578    15.155966    0.093045     -0.009909    1.349230    
2.434426     -1.142731    80.064706    80.134040    0.209425     -0.098305    6.887667    
1.650535     -0.358886    126.274375   126.301013   0.024563     -0.005341    1.879204    
0.711001     1.702987     47.271923    47.348868    0.040146     0.096158     2.669172    
0.061165     -0.389345    86.171431    86.194813    0.007040     -0.044815    9.918635    
1.083352     -0.716879    38.863671    38.935170    0.088633     -0.058651    3.179587    
-0.578591    0.422652     20.372488    20.479908    -0.109836    0.080234     3.867393    
-0.321190    0.025288     37.523492    37.576472    -0.026186    0.002062     3.059256    
-1.558293    -0.633362    34.018125    34.116524    -0.423803    -0.172253    9.251782    
0.978465     -1.856679    39.758325    39.862313    0.141882     -0.269226    5.765129    
-0.570041    1.558546     64.387687    64.439143    -0.014012    0.038311     1.582746    
-0.719478    0.555405     9.527454     9.771052     -0.139838    0.107948     1.851754    
-0.508050    0.654635     13.667923    13.833789    -0.029457    0.037956     0.792470    
-1.218785    0.245747     66.728777    66.769382    -0.002740    0.000552     0.150022    
-1.855447    0.680585     75.227605    75.279303    -0.139741    0.051257     5.665666    
0.633227     0.233053     21.290889    21.392339    0.019604     0.007215     0.659147    
-0.521379    -0.186078    16.140822    16.269836    -0.025850    -0.009226    0.800265    
-2.319130    0.555257     32.925369    33.070251    -0.242671    0.058101     3.445267    
-0.494439    -0.327538    9.466255     9.686934     -0.052643    -0.034873    1.007874    
0.044961     0.691094     77.830355    77.858325    0.007039     0.108190     12.184238   
0.518541     -1.535517    41.000414    41.079625    0.016763     -0.049638    1.325411    
0.397459     1.505537     23.913820    24.045173    0.022148     0.083896     1.332599    
0.869250     -0.350127    16.238800    16.384498    0.058972     -0.023753    1.101674    
0.800044     -1.109671    29.656808    29.753532    0.031300     -0.043413    1.160244    
-0.656911    -1.068402    28.402377    28.498122    -0.009007    -0.014649    0.389427    
0.138456     0.530385     4.566835     5.003140     0.010096     0.038674     0.332997    
-2.377870    0.386643     96.653866    96.703922    -0.059868    0.009735     2.433469    
-0.079310    2.178024     80.435124    80.488721    -0.001824    0.050086     1.849700    
2.227631     0.357042     75.408608    75.468026    0.170752     0.027368     5.780195    
-0.738610    0.209525     96.802109    96.825166    -0.069178    0.019624     9.066484    
0.199569     1.848723     50.951087    51.022993    0.006052     0.056063     1.545098    
0.294516     0.296059     20.014159    20.115067    0.028306     0.028454     1.923558    
-1.152234    0.373120     58.908456    58.953779    -0.022286    0.007217     1.139393    
-1.162298    0.027077     25.553453    25.655518    -0.128256    0.002988     2.819741    
-0.946614    1.299674     17.276739    17.462700    -0.102527    0.140766     1.871223    
0.976370     -0.806239    32.012235    32.097686    0.165190     -0.136406    5.416083    
2.989131     0.062172     71.211370    71.301283    0.114590     0.002383     2.729925    
1.654302     1.599187     48.182367    48.277423    0.466961     0.451404     13.600476   
1.042284     -0.222703    43.325965    43.383754    0.021140     -0.004517    0.878752    
-0.054252    -0.845190    30.902335    30.976548    -0.001214    -0.018910    0.691402    
0.683835     -0.206315    18.454344    18.572775    0.098191     -0.029624    2.649823    
0.226699     -1.400620    6.290975     6.742733     0.053122     -0.328202    1.474139    
0.202224     -0.805353    20.657839    20.768022    0.004994     -0.019889    0.510172    
-0.538267    0.972355     8.424399     8.722423     -0.085846    0.155077     1.343573    
0.139168     -1.415051    29.461969    29.561873    0.016694     -0.169748    3.534220    
2.110114     -0.067132    54.612659    54.688889    0.392525     -0.012488    10.159087   
-2.930011    -1.193890    25.565289    25.835428    -0.370278    -0.150877    3.230797    
0.577513     -1.022998    13.747598    13.937412    0.058369     -0.103393    1.389453    
-0.053693    0.589116     11.899645    12.075862    -0.004230    0.046413     0.937510    
-0.089669    -0.855113    52.622757    52.666581    -0.012433    -0.118562    7.296199    
-0.808407    -0.172711    16.256974    16.396570    -0.007416    -0.001584    0.149140    
0.452517     1.180378     73.821466    73.858526    0.016212     0.042289     2.644806    
0.059812     -0.045227    19.815229    19.912908    0.006923     -0.005235    2.293545    
1.341417     -0.292525    20.980474    21.117296    0.038967     -0.008498    0.609464    
0.018318     -1.318872    19.398548    19.542732    0.000013     -0.000969    0.014247    
0.346156     0.145314     53.442264    53.479823    0.000497     0.000209     0.076736    
-1.074656    -0.548345    38.749290    38.818011    -0.030925    -0.015780    1.115087    
-1.483736    0.016106     47.227914    47.292204    -0.073081    0.000793     2.326209    
1.109423     0.134981     150.815572   150.832558   0.009935     0.001209     1.350589    
1.104649     -1.142482    21.201985    21.352392    0.033791     -0.034948    0.648555    
0.836570     0.938095     65.447260    65.488920    0.010266     0.011512     0.803151    
-1.161899    1.204309     24.247319    24.384582    -0.035473    0.036767     0.740268    
-1.260446    -0.256396    10.644667    10.901300    -0.067763    -0.013784    0.572266    
0.433065     0.063376     10.316501    10.511742    0.015200     0.002224     0.362097    
0.814304     -0.556680    64.139792    64.177572    0.044626     -0.030507    3.514997    
-0.152125    -0.606217    8.161615     8.418881     -0.002200    -0.008765    0.118005    
1.236395     0.347115     43.005899    43.070076    0.125951     0.035361     4.381004    
0.627514     0.607095     93.438593    93.463405    0.054194     0.052430     8.069609    
-1.939144    1.067124     63.781269    63.850014    -0.217498    0.119691     7.153827    
0.624248     -0.659338    23.726754    23.825579    0.042162     -0.044531    1.602497    
0.194231     0.526069     91.860568    91.883369    0.015048     0.040756     7.116725    
2.641929     0.427707     50.792518    50.901056    0.016497     0.002671     0.317162    
-0.377889    0.658581     49.024243    49.069622    -0.028896    0.050359     3.748712    
-0.982709    -1.642945    27.481232    27.618075    -0.064367    -0.107611    1.799995    
-0.805992    -0.536713    51.192129    51.239113    -0.041184    -0.027424    2.615762    
-0.578907    1.231542     13.532290    13.742258    -0.100722    0.214271     2.354429    
0.582811     0.319025     29.542066    29.615032    0.018834     0.010310     0.954671    
-1.118970    0.138769     48.610692    48.663597    -0.032607    0.004044     1.416539    
1.535857     0.128445     16.176829    16.368876    0.066181     0.005535     0.697067    
0.236760     0.019053     80.183116    80.207627    0.014180     0.001141     4.802324    
-0.863890    -0.382350    48.026846    48.076453    -0.103022    -0.045597    5.727364    
0.721523     0.479801     62.085876    62.123118    0.021838     0.014522     1.879164    
-1.395082    -0.208548    138.709183   138.730322   -0.182088    -0.027220    18.104563   
0.423238     0.267761     16.683365    16.806560    0.029165     0.018451     1.149654    
2.195109     1.044997     93.331877    93.384285    0.057213     0.027237     2.432602    
0.325729     -0.284648    14.457361    14.597170    0.001205     -0.001053    0.053465    
-0.511461    0.351188     117.577383   117.595497   -0.000203    0.000139     0.046655    
0.450434     -0.273936    58.414922    58.450458    0.114835     -0.069838    14.892453   
-0.549038    -2.036435    18.565146    18.787978    -0.021312    -0.079050    0.720659    
-0.556774    -0.086630    7.426440     7.703535     -0.004087    -0.000636    0.054509    
0.641185     -0.499204    12.974479    13.148095    0.011654     -0.009074    0.235829    
-1.031623    -0.363370    16.852064    17.001862    -0.054536    -0.019209    0.890873    
-1.543676    0.946504     12.335502    12.622138    -0.052408    0.032134     0.418789    
0.206075     -0.223710    8.645141     8.871636     0.038513     -0.041809    1.615680    
-0.202370    -0.695389    104.135811   104.156932   -0.000091    -0.000314    0.047004    
1.572993     1.211782     47.019586    47.102645    0.028996     0.022338     0.866755    
2.615255     1.257654     58.410644    58.515805    0.048714     0.023426     1.087999    
1.045566     -1.729684    29.701792    29.835489    0.110487     -0.182779    3.138641    
-0.183881    -1.226186    18.049206    18.198520    -0.001356    -0.009043    0.133111    
-2.402777    -1.127192    35.960343    36.111841    -0.140579    -0.065948    2.103926    
1.044016     2.854211     22.838174    23.123443    0.082985     0.226872     1.815331    
-0.694965    -0.438915    120.008600   120.027558   -0.069883    -0.044136    12.067653   
0.339931     -0.127860    68.854448    68.883538    0.096761     -0.036395    19.599343   
1.150265     -1.211459    17.984059    18.168437    0.123445     -0.130013    1.930031    
0.448773     -0.281367    83.360247    83.385168    0.101316     -0.063522    18.819670   
0.615275     -0.450887    49.517421    49.562403    0.014918     -0.010933    1.200641    
-0.917990    -1.154090    45.886592    45.952463    -0.105526    -0.132666    5.274801    
0.367838     -1.321202    27.414157    27.518935    0.002884     -0.010359    0.214937    
0.801076     0.836451     24.635581    24.741225    0.008516     0.008892     0.261901    
-0.868942    0.300735     100.137661   100.161228   -0.156254    0.054079     18.006898   
-1.463029    0.860329     35.017420    35.113748    -0.012616    0.007419     0.301960    
-0.600985    -1.452114    16.033563    16.230216    -0.012915    -0.031205    0.344554    
-0.501016    -0.113582    55.030889    55.068481    -0.007018    -0.001591    0.770838    
-0.204846    -0.445322    22.626305    22.717062    -0.011555    -0.025119    1.276289    
-1.214723    0.445877     91.967248    91.997413    -0.027883    0.010235     2.111066    
-0.786841    1.325270     64.882436    64.930585    -0.015111    0.025451     1.246023    
1.004999     -0.820555    28.287740    28.385815    0.050723     -0.041414    1.427714    
0.393501     -0.000704    68.117726    68.147299    0.048125     -0.000086    8.330815    
-0.553515    1.447357     48.267048    48.332019    -0.009398    0.024575     0.819531    
0.555838     -0.192419    14.401733    14.547538    0.005582     -0.001932    0.144628    
-1.527747    -0.900906    58.782458    58.842144    -0.127834    -0.075383    4.918618    
-0.224373    -1.380487    13.218642    13.437394    -0.001035    -0.006367    0.060962    
-0.969004    0.900676     112.424635   112.449650   -0.130605    0.121395     15.152870   
-0.723964    -0.788214    79.941272    79.972666    -0.015828    -0.017233    1.747767    
-0.536043    -0.723470    61.262951    61.301182    -0.004393    -0.005930    0.502116    
0.348105     -0.709882    19.587738    19.702273    0.018209     -0.037133    1.024597    
1.716649     -0.719696    18.538782    18.735694    0.021314     -0.008936    0.230175    
0.981002     -0.543143    43.323853    43.383045    0.092771     -0.051364    4.097029    
-2.206926    -0.290336    36.633212    36.753530    -0.024942    -0.003281    0.414009    
1.708924     -1.286978    17.054492    17.300502    0.074670     -0.056233    0.745180    
0.715782     -1.159511    59.522415    59.570544    0.067583     -0.109479    5.620028    
-1.313418    -0.760396    14.007438    14.226263    -0.047231    -0.027344    0.503709    
1.139502     0.287377     29.096482    29.186663    0.512188     0.129171     13.078414   
0.003861     -1.550409    52.457556    52.517368    0.000483     -0.193987    6.563483    
-1.317874    -0.859102    29.025566    29.134744    -0.011513    -0.007505    0.253573    
0.165831     1.158586     37.185258    37.255714    0.037189     0.259825     8.339173    
-1.329383    -0.136895    22.319140    22.445600    -0.051481    -0.005301    0.864321    
0.452966     -1.317348    56.669995    56.721282    0.022172     -0.064482    2.773895    
-1.308402    1.101895     23.776989    23.919579    -0.004479    0.003772     0.081402    
-0.032505    -1.607158    109.021862   109.051480   -0.001032    -0.051046    3.462709    
1.146709     -0.304235    32.087652    32.169860    0.014922     -0.003959    0.417557    
0.647643     -0.429917    10.477691    10.689304    0.021125     -0.014023    0.341766    
-1.141515    1.026407     40.637278    40.713878    -0.015580    0.014009     0.554643    
-1.127587    -0.699598    87.309971    87.342240    -0.021283    -0.013205    1.647992    
1.729289     0.310728     94.548051    94.584861    0.072323     0.012995     3.954242    
-0.126417    0.677055     56.079413    56.118178    -0.014328    0.076737     6.356022    
0.923754     0.137673     77.109574    77.140350    0.002523     0.000376     0.210622    
1.857067     0.352055     29.895658    30.019960    0.251893     0.047753     4.055047    
0.600659     -0.559046    13.497477    13.664925    0.021512     -0.020022    0.483398    
1.904191     -1.624146    26.419544    26.610732    0.120925     -0.103141    1.677760    
-0.343291    -0.470522    13.537610    13.692373    -0.005825    -0.007984    0.229705    
-0.748965    -0.942753    65.159444    65.200290    -0.087991    -0.110758    7.655178    
-0.858523    -1.063207    21.246611    21.381322    -0.008993    -0.011137    0.222563    
1.212859     -0.456666    18.379232    18.529724    0.174834     -0.065829    2.649378    
-0.463600    1.213507     13.921586    14.119952    -0.104599    0.273797     3.141050    
1.601078     0.014463     42.131853    42.208194    0.317090     0.002864     8.344127    
0.437956     -0.219300    50.988059    51.028394    0.004083     -0.002045    0.475358    
0.465444     0.429195     13.835549    13.989218    0.011412     0.010523     0.339229    
1.298113     0.051847     28.783336    28.879806    0.020362     0.000813     0.451481    
0.657661     -0.253212    136.477026   136.493041   0.058014     -0.022337    12.039093   
-0.949724    -0.150338    33.102024    33.174441    -0.012616    -0.001997    0.439706    
0.155569     0.589929     38.448382    38.503574    0.003596     0.013635     0.888645    
0.663482     -1.852770    36.126545    36.233619    0.042235     -0.117941    2.299697    
-0.047119    0.559743     113.285975   113.304469   -0.001326    0.015756     3.188785    
0.955135     0.252455     36.075713    36.142883    0.116123     0.030693     4.386003    
0.137807     0.063647     8.437505     8.665419     0.028864     0.013331     1.767248    
-1.232810    -2.322551    34.284733    34.441718    -0.029308    -0.055214    0.815053    
-2.006727    -0.087350    47.803687    47.886345    -0.010131    -0.000441    0.241330    
0.117734     -1.273944    33.106851    33.189988    0.041733     -0.451572    11.735302   
-2.582438    0.980169     37.719131    37.871329    -0.168467    0.063942     2.460635    
0.078339     0.638057     9.755827     9.973183     0.003542     0.028848     0.441081    
1.835503     1.348869     45.979970    46.078423    0.143336     0.105334     3.590614    
-0.980710    -0.533203    28.182760    28.273469    -0.043453    -0.023625    1.248707    
-0.573172    -0.118583    62.735236    62.768841    -0.071865    -0.014868    7.865783    
-0.421967    0.503257     12.117140    12.293550    -0.023229    0.027704     0.667045    
0.844701     -0.396168    33.459649    33.530487    0.217996     -0.102241    8.635083    
-0.219957    -0.436160    7.779125     8.039176     -0.003402    -0.006746    0.120322    
-0.200400    -1.175357    11.206269    11.440150    -0.017355    -0.101788    0.970487    
-0.235644    0.070396     14.127862    14.266462    -0.030976    0.009254     1.857136    
0.814636     -0.721493    90.065938    90.094019    0.026550     -0.023515    2.935401    
0.945751     -0.868241    19.329004    19.471354    0.022530     -0.020683    0.460455    
-0.673338    -1.096959    27.850154    27.949288    -0.008947    -0.014576    0.370062    
1.651600     -0.766153    28.089304    28.216993    0.028582     -0.013259    0.486106    
-1.421824    0.758511     114.253576   114.281895   -0.128301    0.068446     10.309924   
-1.876941    0.073736     13.912915    14.176477    -0.002399    0.000094     0.017779    
-0.360281    0.276496     37.008716    37.063813    -0.009901    0.007598     1.017005    
1.750234     -0.344034    73.274840    73.322976    0.143803     -0.028267    6.020401    
0.492278     -0.565276    35.081583    35.144762    0.097167     -0.111576    6.924507    
0.985608     -1.438599    151.610295   151.633102   0.012128     -0.017702    1.865596    
0.194162     -1.302958    36.216017    36.293391    0.032624     -0.218926    6.085093    
-1.232103    0.085596     8.591269     8.900014     -0.022980    0.001596     0.160236    
0.893695     0.250942     48.938753    48.987122    0.048627     0.013654     2.662823    
0.268544     1.629991     51.130549    51.195087    0.026289     0.159565     5.005341    
-0.597733    -0.328518    19.516041    19.626921    -0.030085    -0.016535    0.982277    
0.015669     -0.615293    39.831184    39.884546    0.002222     -0.087260    5.648828    
0.150118     0.015491     85.462580    85.485381    0.011954     0.001234     6.805585    
0.666824     -0.004580    20.428670    20.534122    0.075247     -0.000517    2.305257    
-0.966311    0.208220     52.763049    52.809009    -0.644435    0.138862     35.187810   
0.339924     0.471905     89.212290    89.235900    0.000700     0.000972     0.183766    
1.673695     0.312358     48.767658    48.837058    0.045657     0.008521     1.330334    
1.764116     0.103357     15.288972    15.516134    0.052760     0.003091     0.457252    
1.246012     -0.634665    21.579026    21.713698    0.156921     -0.079929    2.717637    
0.629847     -0.270079    29.318295    29.392296    0.088851     -0.038099    4.135858    
-0.614830    -0.652561    22.755538    22.858113    -0.003088    -0.003277    0.114277    
-1.269928    -0.999384    42.732094    42.807924    -0.014166    -0.011148    0.476678    
-0.772473    0.844485     12.080032    12.292761    -0.002261    0.002472     0.035365    
-0.251020    0.484585     80.605094    80.630974    -0.007932    0.015313     2.547112    
-0.105029    0.239888     16.829922    16.946675    -0.000415    0.000947     0.066454    
0.818070     -0.552274    37.562778    37.627270    0.055349     -0.037366    2.541441    
-1.068130    1.089324     38.485168    38.565666    -0.043209    0.044066     1.556825    
0.289534     0.933989     130.879967   130.898422   0.003493     0.011269     1.579187    
-0.467822    0.493050     19.117881    19.230972    -0.059228    0.062421     2.420374    
0.306401     0.647803     9.525311     9.752950     0.023993     0.050726     0.745872    
-2.320197    0.907088     45.734364    45.844445    -0.054532    0.021319     1.074905    
-0.829742    -1.340927    60.700239    60.752618    -0.200397    -0.323857    14.660172   
0.543905     2.626713     16.443693    16.776932    0.020850     0.100694     0.630362    
0.475964     -1.571781    93.211397    93.246644    0.063852     -0.210859    12.504550   
1.242761     0.047221     88.659515    88.690086    0.157620     0.005989     11.244693   
-0.608681    0.725313     55.856883    55.899579    -0.033261    0.039634     3.052221    
-0.009096    -1.795531    140.214262   140.239574   -0.000161    -0.031736    2.478322    
-0.545338    0.519776     13.316257    13.482033    -0.006604    0.006295     0.161265    
1.632549     0.341829     97.620449    97.654540    0.021626     0.004528     1.293182    
0.976332     1.830534     98.492028    98.533540    0.069771     0.130814     7.038443    
0.992546     -0.035392    45.225268    45.278982    0.034657     -0.001236    1.579139    
0.767302     1.451498     67.649731    67.698277    0.033718     0.063784     2.972774    
2.004301     0.803484     11.747578    12.105509    0.092428     0.037053     0.541738    
-0.392287    1.155001     68.747413    68.786406    -0.034285    0.100946     6.008445    
2.211008     -0.675837    139.530198   139.563234   0.482630     -0.147525    30.457376   
-3.871699    -0.267477    132.529603   132.601026   -1.177564    -0.081352    40.308432   
-1.447069    -0.836652    25.746773    25.875959    -0.011678    -0.006752    0.207776    
1.112380     0.077860     19.934997    20.062963    0.084138     0.005889     1.507833    
-1.242813    -0.064747    48.942896    48.998273    -0.097899    -0.005100    3.855320    
-1.940824    -0.124922    33.007109    33.122901    -0.003760    -0.000242    0.063941    
0.382248     -0.642325    115.560400   115.579581   0.002527     -0.004246    0.763855    
0.129552     1.104269     31.477985    31.559067    0.010758     0.091702     2.614026    
0.227203     1.104338     94.747518    94.774671    0.002904     0.014116     1.211116    
0.862660     -0.060133    73.912623    73.943888    0.062482     -0.004355    5.353447    
-0.496799    -0.351080    13.544274    13.700087    -0.044359    -0.031348    1.209366    
-0.088093    -0.655887    6.217113     6.554799     -0.014689    -0.109366    1.036673    
0.578124     0.994994     17.072823    17.224415    0.050294     0.086560     1.485263    
-0.258773    -1.791240    64.465069    64.520505    -0.024886    -0.172262    6.199535    
1.489416     0.254942     61.323465    61.373656    0.104916     0.017958     4.319697    
-0.532520    -0.132252    58.928345    58.963767    -0.052140    -0.012949    5.769827    
-0.222129    1.192806     112.260040   112.283853   -0.062817    0.337322     31.746772   
-0.162038    0.032455     16.417554    16.535971    -0.011995    0.002402     1.215284    
-0.357711    0.664937     55.867254    55.907022    -0.115586    0.214858     18.052174   
1.350284     1.317505     32.317670    32.432481    0.221948     0.216560     5.312093    
-1.641282    -0.154565    46.110788    46.182220    -0.001527    -0.000144    0.042913    
0.106918     -0.371557    10.348482    10.541135    0.001570     -0.005454    0.151913    
-0.059326    -0.635867    6.716704     7.028294     -0.003193    -0.034225    0.361521    
0.057447     1.497689     26.873518    26.987169    0.001235     0.032196     0.577708    
-0.484786    0.759443     15.177602    15.331220    -0.040318    0.063160     1.262263    
-0.218906    -0.032902    10.642432    10.825217    -0.052924    -0.007954    2.572961    
0.582012     -1.322352    23.847504    23.972187    0.065474     -0.148758    2.682731    
0.179857     1.462573     113.372577   113.399240   0.010634     0.086478     6.703415    
0.486391     -0.485740    81.287241    81.313978    0.007112     -0.007103    1.188596    
2.190348     -0.164784    51.603350    51.687576    0.254404     -0.019139    5.993610    
-0.474220    -0.055318    49.354444    49.395992    -0.010484    -0.001223    1.091155    
-1.246251    0.860348     58.722741    58.775238    -0.195881    0.135227     9.229843    
-0.231436    2.222371     56.968701    57.046475    -0.008818    0.084670     2.170458    
0.770970     -1.240499    46.163142    46.228171    0.126132     -0.202947    7.552339    
0.280353     -0.365551    122.004028   122.020777   0.011860     -0.015464    5.161069    
-1.173701    -1.165309    23.211591    23.353553    -0.281700    -0.279685    5.571006    
1.116948     0.101864     28.732810    28.821992    0.004699     0.000429     0.120889    
0.244618     -0.463872    27.728153    27.802886    0.035009     -0.066388    3.968355    
-1.283022    0.854072     73.485242    73.527759    -0.050882    0.033871     2.914283    
0.541330     0.978238     14.153814    14.333715    0.030191     0.054559     0.789398    
2.180369     0.260403     13.080303    13.408620    0.234607     0.028019     1.407437    
-0.149206    1.054696     66.553819    66.591444    -0.031669    0.223859     14.126064   
0.472727     -0.385218    13.440486    13.597554    0.001431     -0.001166    0.040695    
-0.929399    -0.744128    107.875780   107.900308   -0.223692    -0.179100    25.964058   
-1.284030    0.742609     60.702451    60.752471    -0.015401    0.008907     0.728059    
0.371934     1.600215     35.328008    35.420928    0.014480     0.062299     1.375379    
-0.742905    0.648034     98.435797    98.460413    -0.002394    0.002088     0.317232    
0.454467     -0.199727    35.490020    35.548037    0.098189     -0.043152    7.667751    
0.208876     -0.402463    36.082539    36.139040    0.055942     -0.107790    9.663838    
-1.051082    0.225759     34.735415    34.807754    -0.036902    0.007926     1.219517    
1.431698     0.166525     108.853812   108.881150   0.021108     0.002455     1.604873    
-0.759775    -0.382641    11.079442    11.285064    -0.028080    -0.014142    0.409479    
-1.384255    0.661379     42.904306    42.976831    -0.239295    0.114332     7.416837    
-2.036277    1.250086     35.290241    35.425770    -0.113064    0.069411     1.959477    
-0.332137    0.041578     9.371592     9.581948     -0.002499    0.000313     0.070523    
-0.653461    -0.694457    24.509661    24.607067    -0.108708    -0.115528    4.077377    
0.553345     -1.484461    24.546821    24.676531    0.001336     -0.003584    0.059262    
-1.094851    0.217821     6.744472     7.114001     -0.004504    0.000896     0.027748    
-1.335117    -1.963369    95.863357    95.912958    -0.055849    -0.082129    4.010039    
-0.215098    0.094995     89.420560    89.442533    -0.051271    0.022643     21.314267   
0.151788     -0.614047    25.356092    25.440252    0.002101     -0.008497    0.350888    
-1.226428    -1.217972    55.004515    55.066861    -0.154800    -0.153733    6.942699    
0.987061     1.038726     82.414997    82.450955    0.075785     0.079752     6.327696    
0.409770     0.891097     80.153547    80.183714    0.014947     0.032504     2.923732    
0.919221     -0.857602    55.926687    55.975438    0.016139     -0.015057    0.981900    
0.689738     -1.709724    22.176277    22.339676    0.130387     -0.323204    4.192178    
-0.305550    -0.092596    19.805620    19.905764    -0.004765    -0.001444    0.308840    
-0.248062    -1.137951    94.668046    94.695673    -0.009795    -0.044933    3.738066    
-0.256262    1.042206     20.224003    20.347902    -0.008082    0.032871     0.637854    
