0.127981     0.812412     18.383952    18.507324    0.004014     0.025478     0.576532    
-0.349441    1.241194     89.867281    89.898086    -0.008148    0.028940     2.095380    
-0.629881    0.785583     8.133093     8.428288     -0.022298    0.027810     0.287917    
-0.727397    0.942321     12.161848    12.377503    -0.141192    0.182910     2.360682    
1.118644     1.562305     39.582963    39.678434    0.009995     0.013959     0.353658    
-0.186011    1.991480     85.819779    85.865651    -0.011914    0.127550     5.496558    
-1.868793    -0.127863    70.860676    70.912757    -0.226484    -0.015496    8.587780    
1.259868     -1.095686    32.201957    32.305244    0.033180     -0.028856    0.848067    
-0.390319    -1.425480    37.420120    37.500996    -0.009369    -0.034218    0.898255    
0.315514     1.654357     24.874005    25.008549    0.021864     0.114640     1.723671    
1.257849     -0.360989    112.852568   112.877321   0.031609     -0.009072    2.835949    
-0.254928    -0.710655    36.965581    37.025655    -0.007634    -0.021281    1.106963    
-1.025396    -0.171000    68.662354    68.698432    -0.049586    -0.008269    3.320367    
-1.046136    1.914705     53.219628    53.300696    -0.139128    0.254641     7.077794    
0.068333     -1.303420    62.648356    62.692862    0.005446     -0.103885    4.993179    
-0.145075    -0.637565    102.164841   102.185895   -0.020092    -0.088300    14.149405   
1.130691     0.501038     189.165584   189.179868   0.063442     0.028113     10.613880   
0.208001     0.854607     85.690516    85.717636    0.013474     0.055362     5.551081    
0.748116     1.669664     30.546400    30.664393    0.139498     0.311335     5.695847    
-0.424830    -0.243404    31.723996    31.788781    -0.004505    -0.002581    0.336397    
-0.658256    0.647637     7.860090     8.155287     -0.059605    0.058644     0.711736    
-1.199206    -0.549407    122.352370   122.375314   -0.057868    -0.026512    5.904173    
1.479944     1.059787     67.887023    67.939946    0.003798     0.002719     0.174203    
1.618525     -1.004769    67.828889    67.884183    0.181722     -0.112811    7.615560    
1.017309     0.013937     63.421390    63.460088    0.039640     0.000543     2.471233    
0.754504     -1.706039    34.935609    35.040713    0.201497     -0.455613    9.329864    
-0.462754    0.105076     14.345174    14.487379    -0.027131    0.006160     0.841045    
-0.513232    -0.803598    47.902287    47.952198    -0.094428    -0.147852    8.813429    
0.351418     0.537316     56.151158    56.189320    0.016287     0.024902     2.602374    
-1.010750    0.623508     32.892692    32.972936    -0.019816    0.012224     0.644866    
0.463778     0.883639     13.786300    13.961838    0.072362     0.137872     2.151042    
0.948126     -0.052743    139.577842   139.594952   0.123809     -0.006887    18.226413   
-1.047209    1.069267     32.907319    33.000099    -0.186120    0.190041     5.848612    
0.132243     0.320540     15.963514    16.088162    0.003306     0.008014     0.399122    
-0.820959    -0.247081    60.463973    60.502083    -0.144079    -0.043363    10.611513   
0.249451     -0.873268    73.628536    73.660444    0.008656     -0.030303    2.555001    
-1.866090    -0.498712    55.870234    55.938260    -0.020755    -0.005547    0.621388    
0.852781     1.902722     33.104165    33.228125    0.043366     0.096758     1.683420    
0.889354     -0.132165    46.284991    46.335556    0.098704     -0.014668    5.136911    
1.239211     -0.015178    53.606908    53.657352    0.065757     -0.000805    2.844561    
0.556287     1.271054     15.565652    15.750857    0.067748     0.154797     1.895689    
-0.077997    1.053140     24.752484    24.853080    -0.000928    0.012528     0.294461    
-0.917208    0.085244     36.216172    36.281326    -0.074008    0.006878     2.922211    
-1.242951    -1.104092    24.092199    24.229588    -0.178815    -0.158839    3.465991    
3.397833     0.094962     70.771594    70.880518    0.050281     0.001405     1.047271    
1.037635     -0.356656    94.487004    94.513876    0.097989     -0.033681    8.922901    
-1.229712    0.572401     41.914563    41.982680    -0.063173    0.029406     2.153249    
-0.525600    -0.324195    14.480548    14.626776    -0.003352    -0.002068    0.092359    
-0.541881    0.487275     4.133242     4.635700     -0.040304    0.036243     0.307422    
0.162929     -0.897873    7.521030     7.827743     0.004734     -0.026090    0.218541    
2.134539     -0.196856    32.769142    32.898125    0.063915     -0.005895    0.981217    
3.874820     0.048966     66.897240    67.038289    0.832689     0.010523     14.376044   
0.973083     -0.658305    124.869523   124.890564   0.003949     -0.002671    0.506713    
-1.519174    0.608172     28.411813    28.526896    -0.182332    0.072993     3.410002    
0.153771     -0.358344    67.451893    67.481737    0.028154     -0.065608    12.349633   
-0.269066    -0.062003    6.237657     6.546721     -0.007547    -0.001739    0.174964    
-0.786602    -0.249476    12.230567    12.415422    -0.010440    -0.003311    0.162326    
-1.029318    -0.049107    102.943320   102.967296   -0.423932    -0.020225    42.397927   
0.809653     -0.342792    28.471693    28.553202    0.145998     -0.061813    5.134059    
1.417522     0.068195     40.883542    40.955500    0.092811     0.004465     2.676822    
0.659596     -0.168224    20.100988    20.208613    0.028257     -0.007207    0.861133    
-0.865832    1.377418     64.785828    64.836142    -0.037493    0.059646     2.805410    
1.049922     -1.425842    63.486756    63.541943    0.019424     -0.026378    1.174510    
0.851370     1.420676     27.943460    28.061630    0.027109     0.045237     0.889774    
-0.347412    -1.596538    19.493251    19.660403    -0.009169    -0.042137    0.514482    
-2.263879    -0.429100    56.018836    56.100751    -0.279426    -0.052963    6.914282    
-3.036736    -0.073157    76.034861    76.120970    -0.307074    -0.007398    7.688625    
1.057212     0.347815     83.957221    83.987670    0.009931     0.003267     0.788682    
-0.687520    1.103315     34.386092    34.466915    -0.004145    0.006652     0.207311    
0.745371     -0.120150    115.045944   115.065260   0.103227     -0.016640    15.932874   
0.303877     -0.427675    12.382843    12.549303    0.005629     -0.007923    0.229390    
-0.285978    -0.572510    12.645602    12.813889    -0.039176    -0.078428    1.732320    
-0.013262    0.092819     23.216836    23.300326    -0.000263    0.001837     0.459606    
-1.464824    1.091288     28.698847    28.824215    -0.083016    0.061847     1.626448    
0.257574     0.328904     13.833732    13.979328    0.016355     0.020885     0.878408    
-0.764067    0.392729     45.257472    45.308408    -0.036962    0.018998     2.189354    
0.024078     -1.220989    32.008889    32.092605    0.003929     -0.199259    5.223688    
0.498682     -0.082421    31.265084    31.331069    0.048936     -0.008088    3.068074    
1.114969     0.075872     32.707678    32.785912    0.000445     0.000030     0.013040    
-1.763698    -1.341741    42.968461    43.070576    -0.004447    -0.003383    0.108350    
0.285193     0.412130     77.847643    77.874140    0.024266     0.035067     6.623806    
0.588769     0.605782     48.783449    48.830456    0.005169     0.005319     0.428301    
-1.590047    -0.575963    60.078672    60.134697    -0.437306    -0.158405    16.523256   
-1.398857    -0.501572    59.555138    59.606189    -0.050473    -0.018098    2.148862    
1.709543     -1.118626    99.365365    99.405858    0.010936     -0.007156    0.635645    
1.294149     0.323296     22.157661    22.284888    0.194568     0.048606     3.331286    
0.430044     -0.897144    141.875103   141.892247   0.034818     -0.072636    11.486790   
-0.345890    1.264069     15.456023    15.635892    -0.012370    0.045205     0.552731    
-0.087723    0.546311     26.721040    26.799162    -0.049703    0.309536     15.139932   
-1.376403    -0.969768    11.921799    12.199966    -0.084201    -0.059325    0.729313    
-1.821091    1.982145     19.326093    19.611683    -0.234467    0.255203     2.488247    
-0.299578    -1.769387    14.430141    14.673936    -0.031432    -0.185647    1.514033    
-0.721923    0.538145     37.193929    37.256867    -0.051879    0.038672     2.672831    
-0.249200    1.075035     21.469978    21.588253    -0.084757    0.365639     7.302333    
1.983640     1.342760     16.913293    17.195123    0.233826     0.158281     1.993690    
1.281602     -0.787005    34.851499    34.939431    0.051264     -0.031480    1.394059    
0.358665     2.556676     20.777982    21.030091    0.010732     0.076504     0.621746    
-2.353085    -0.741344    136.948710   136.985074   -0.247356    -0.077930    14.396014   
-0.300895    2.729929     26.771010    26.983421    -0.033292    0.302045     2.962003    
0.622789     -0.355104    48.910604    48.955450    0.055764     -0.031796    4.379403    
-2.191258    -0.181984    47.559648    47.651126    -0.287681    -0.023892    6.243913    
-1.771346    -0.236381    25.888037    26.024199    -0.099590    -0.013290    1.455502    
-0.659904    -1.601013    11.985950    12.269338    -0.036795    -0.089269    0.668309    
0.579646     -0.982526    25.052527    25.155623    0.140280     -0.237781    6.062946    
-0.390007    0.195805     12.991131    13.146668    -0.015079    0.007570     0.502275    
-0.156824    -0.319925    91.476181    91.498052    -0.022161    -0.045210    12.926847   
-0.952448    1.181039     23.693265    23.823261    -0.026649    0.033045     0.662935    
-0.463776    0.322907     4.614337     5.048407     -0.032206    0.022423     0.320429    
2.074449     1.343750     92.385252    92.439271    0.185486     0.120151     8.260576    
1.163179     0.211180     27.742738    27.837602    0.020219     0.003671     0.482240    
0.857210     -0.447810    50.043451    50.091489    0.000821     -0.000429    0.047952    
-1.007913    0.542261     16.125832    16.285802    -0.072161    0.038823     1.154513    
1.378891     1.563143     14.513653    14.794115    0.048569     0.055059     0.511214    
-0.399233    0.304463     26.960310    27.036741    -0.131903    0.100592     8.907442    
0.727416     0.763020     29.791490    29.875059    0.101110     0.106059     4.141002    
1.966173     0.333819     17.746679    17.966547    0.060534     0.010278     0.546379    
-1.002490    -1.205411    82.607834    82.646156    -0.010450    -0.012566    0.861141    
-0.500235    0.381949     65.749810    65.782281    -0.009671    0.007384     1.271140    
1.607089     0.434516     56.424756    56.483622    0.029052     0.007855     1.020016    
0.844042     0.449086     103.813097   103.836160   0.148728     0.079133     18.292853   
1.266469     -2.388016    68.269044    68.350888    0.100693     -0.189864    5.427855    
0.899248     0.752144     45.453089    45.510797    0.033938     0.028386     1.715428    
-0.471572    -1.381850    33.925000    34.013416    -0.017552    -0.051433    1.262712    
0.567433     -1.028042    107.204850   107.229351   0.054100     -0.098015    10.221070   
-0.917246    -0.055464    17.149095    17.286146    -0.020926    -0.001265    0.391241    
-1.046117    1.148948     51.771602    51.832308    -0.096913    0.106440     4.796172    
-0.597099    0.130443     9.884576     10.097194    -0.050960    0.011133     0.843607    
-1.033905    0.073051     20.674604    20.793953    -0.111857    0.007903     2.236752    
-1.287618    -0.659871    47.721604    47.784096    -0.083392    -0.042736    3.090673    
1.492437     1.846287     28.333282    28.500631    0.046317     0.057299     0.879311    
0.934860     0.318364     77.427438    77.458753    0.056791     0.019340     4.703567    
-1.154824    0.378330     25.019275    25.125999    -0.136869    0.044839     2.965261    
1.851595     0.560509     77.537320    77.586426    0.193880     0.058691     8.118893    
-0.101732    -1.107842    17.074847    17.223908    -0.004039    -0.043980    0.677857    
1.345112     0.190366     97.074217    97.103677    0.170510     0.024131     12.305379   
0.810186     -0.147650    71.613045    71.644828    0.094341     -0.017193    8.338905    
0.994640     -0.854052    24.478671    24.592661    0.040819     -0.035049    1.004581    
1.303761     -0.829458    25.688355    25.809965    0.192999     -0.122787    3.802706    
-1.059018    0.214109     14.257963    14.433704    -0.012304    0.002487     0.165648    
-0.135002    1.220020     49.740071    49.794139    -0.011665    0.105417     4.297830    
0.465193     -1.148954    11.929236    12.153934    0.101126     -0.249766    2.593243    
-1.051160    -0.197374    41.295969    41.356692    -0.104994    -0.019715    4.124816    
-0.128643    1.279019     42.534495    42.599421    -0.000554    0.005508     0.183188    
0.525782     -1.575775    14.647647    14.872391    0.024010     -0.071957    0.668876    
-0.132921    0.674519     34.276617    34.339978    -0.001722    0.008738     0.444035    
-0.925139    2.028625     30.886578    31.029452    -0.032468    0.071196     1.083987    
-0.314619    2.330771     39.176348    39.296217    -0.008092    0.059948     1.007627    
0.435464     -0.814010    136.606331   136.623632   0.049193     -0.091956    15.431988   
0.122321     -1.190873    81.386640    81.419244    0.016624     -0.161847    11.060962   
0.940347     1.051111     40.881608    40.953265    0.131486     0.146974     5.716360    
-0.653478    -0.117208    10.044612    10.257191    -0.081844    -0.014680    1.258026    
-0.537848    1.335160     28.168881    28.274242    -0.000454    0.001127     0.023784    
0.188900     0.037022     15.827307    15.950413    0.012190     0.002389     1.021347    
-0.435401    -3.377566    59.254524    59.384940    -0.058920    -0.457062    8.018502    
0.614699     -0.914950    45.091108    45.147513    0.016014     -0.023836    1.174705    
-0.428173    0.367378     99.249616    99.270739    -0.031926    0.027393     7.400318    
-0.651300    0.264224     22.958819    23.053771    -0.056630    0.022974     1.996247    
-0.079989    -1.187109    11.200279    11.434021    -0.003145    -0.046672    0.440346    
-0.052877    0.722143     13.125518    13.292045    -0.003013    0.041152     0.747968    
0.124703     1.338295     171.800221   171.816755   0.000065     0.000698     0.089628    
-1.625985    0.259667     25.743453    25.871057    -0.160092    0.025567     2.534668    
0.862066     -1.420759    135.397507   135.422013   0.062775     -0.103458    9.859509    
-0.811655    0.714149     66.351604    66.389601    -0.013091    0.011518     1.070153    
0.063724     -0.533929    48.619114    48.661919    0.013153     -0.110209    10.035564   
0.178307     -1.488521    50.036156    50.097298    0.003834     -0.032006    1.075879    
-0.563870    0.651720     13.615027    13.783562    -0.079801    0.092234     1.926850    
0.057320     -1.034565    30.348766    30.430185    0.000365     -0.006583    0.193110    
0.682970     -0.708100    105.158813   105.181837   0.094447     -0.097922    14.542209   
0.787757     0.272765     34.262226    34.328851    0.025291     0.008757     1.099987    
1.467003     -1.385638    23.451946    23.620771    0.003419     -0.003230    0.054665    
-1.958342    -0.154612    105.767539   105.804093   -0.040841    -0.003224    2.205765    
-0.433176    -0.143740    49.328490    49.369861    -0.047050    -0.015612    5.357832    
0.062549     -1.661051    16.511611    16.711411    0.006007     -0.159522    1.585721    
1.136886     -0.516685    26.005584    26.109861    0.126313     -0.057406    2.889323    
0.456755     0.020332     96.910668    96.931736    0.071629     0.003188     15.197592   
-0.479296    1.522522     53.741833    53.801555    -0.009199    0.029222     1.031491    
1.452014     0.749676     23.384104    23.523640    0.024784     0.012796     0.399136    
-1.155409    -0.327648    65.616467    65.656972    -0.149827    -0.042488    8.508796    
-1.431738    1.857949     39.058757    39.178608    -0.153189    0.198791     4.179091    
0.195825     0.178630     74.707633    74.734033    0.015352     0.014004     5.856905    
1.444604     1.011189     147.733223   147.756860   0.025666     0.017966     2.624757    
-0.309300    0.411566     18.442699    18.554599    -0.006616    0.008804     0.394520    
-0.507398    0.119146     54.452475    54.490537    -0.056815    0.013341     6.097203    
0.301176     -0.305948    63.850483    63.882263    0.017153     -0.017425    3.636509    
0.065380     -0.376393    53.349534    53.387205    0.015249     -0.087788    12.443041   
-0.077946    0.908647     33.790188    33.859762    -0.002265    0.026404     0.981899    
-1.555773    -0.062253    43.147779    43.220714    -0.047269    -0.001891    1.310949    
0.245113     1.146776     63.531676    63.572981    0.017386     0.081343     4.506430    
0.320482     0.524148     29.094224    29.167212    0.002543     0.004159     0.230866    
-1.064425    1.496960     20.883011    21.055854    -0.120037    0.168815     2.355019    
0.931268     1.164061     20.163886    20.314516    0.107520     0.134397     2.328034    
0.064041     0.828861     31.384041    31.456702    0.009107     0.117874     4.463177    
-0.643093    -0.689998    56.865215    56.907094    -0.009693    -0.010400    0.857066    
-0.067679    1.814524     29.159039    29.281762    -0.005200    0.139403     2.240180    
-0.991325    -1.553196    51.846435    51.916499    -0.111381    -0.174510    5.825234    
0.250391     -0.743426    42.417531    42.470428    0.020018     -0.059434    3.391134    
-0.692028    -0.187015    25.907329    25.991893    -0.045744    -0.012362    1.712516    
-0.938221    0.197329     39.127100    39.188316    -0.209000    0.043957     8.716012    
-0.693866    -0.104615    43.356986    43.407321    -0.096964    -0.014619    6.058932    
2.046739     1.082554     50.160759    50.252739    0.429466     0.227151     10.525193   
1.124849     -3.204948    30.078755    30.333866    0.079910     -0.227681    2.136805    
-0.678495    -0.276163    21.651575    21.753213    -0.039302    -0.015997    1.254161    
1.015389     0.419057     68.816962    68.853873    0.112899     0.046594     7.651646    
0.448484     -0.324314    13.645732    13.798090    0.089686     -0.064855    2.728828    
1.435942     -1.757096    13.605631    13.933322    0.096234     -0.117757    0.911826    
-2.043424    -0.501204    36.256772    36.371078    -0.055382    -0.013584    0.982648    
0.623057     -0.843396    11.086688    11.308807    0.015379     -0.020818    0.273662    
1.268597     -1.447479    47.933851    48.012848    0.014294     -0.016309    0.540095    
0.215200     -0.912500    18.966461    19.091374    0.005886     -0.024958    0.518756    
-0.168431    -2.064304    99.229803    99.270935    -0.000906    -0.011103    0.533704    
0.790126     0.611972     112.454809   112.476477   0.119327     0.092422     16.983224   
0.424508     -0.359680    75.399054    75.426798    0.014437     -0.012233    2.564298    
0.589627     1.181409     34.944287    35.024585    0.011651     0.023345     0.690503    
0.544428     0.626104     52.664209    52.707516    0.018076     0.020788     1.748579    
-0.398246    -1.235658    115.027269   115.051437   -0.045483    -0.141122    13.137005   
0.155598     1.252627     9.756972     10.033281    0.007003     0.056378     0.439138    
0.711477     -0.975549    27.235308    27.333036    0.028269     -0.038762    1.082155    
0.342676     0.153431     100.981398   101.001280   0.013649     0.006111     4.022095    
-0.435835    0.232226     16.557076    16.680996    -0.062492    0.033297     2.374023    
0.126813     0.265748     9.649322     9.852465     0.010158     0.021286     0.772904    
0.958684     1.092839     56.847764    56.900409    0.059881     0.068260     3.550795    
2.048080     1.380639     110.720533   110.765573   0.114116     0.076927     6.169201    
-1.051710    0.087586     23.052870    23.160819    -0.014833    0.001235     0.325136    
-1.468307    0.451709     39.655731    39.734266    -0.044618    0.013726     1.205047    
0.324228     -0.651051    54.686330    54.726580    0.028870     -0.057972    4.869480    
-1.100521    -0.576050    22.494099    22.614209    -0.106694    -0.055847    2.180769    
0.082313     0.819118     34.103737    34.170419    0.000280     0.002782     0.115811    
-0.972644    -1.087414    31.195777    31.291851    -0.081718    -0.091361    2.620958    
-0.223546    -1.734766    52.666062    52.731854    -0.010496    -0.081453    2.472853    
0.961687     0.269428     25.479446    25.574882    0.058385     0.016357     1.546887    
-1.241094    -0.429859    18.764810    18.913438    -0.141686    -0.049074    2.142228    
-0.467307    -0.093461    43.549809    43.596880    -0.014661    -0.002932    1.366303    
-1.719694    0.481045     28.786823    28.909253    -0.000290    0.000081     0.004859    
-0.334569    -0.809037    7.620691     7.919366     -0.014262    -0.034487    0.324850    
0.649952     -0.663211    54.542604    54.586014    0.054348     -0.055457    4.560758    
-1.165568    0.401290     162.802707   162.819274   -0.171186    0.058937     23.910717   
-1.027598    -1.666889    37.571333    37.673791    -0.028233    -0.045798    1.032278    
-1.331415    -0.352851    10.364874    10.639678    -0.051468    -0.013640    0.400669    
0.361036     0.512852     6.749533     7.058648     0.057738     0.082017     1.079410    
1.454191     -0.186789    14.891853    15.092773    0.208029     -0.026721    2.130346    
-1.326265    1.423671     15.958825    16.197064    -0.133805    0.143632     1.610066    
-2.176404    -0.789642    15.820184    16.109421    -0.030743    -0.011154    0.223471    
-0.093846    -1.153446    43.803951    43.863428    -0.007193    -0.088406    3.357368    
1.113444     0.183945     37.237754    37.306821    0.037622     0.006215     1.258230    
0.009028     0.545442     74.518933    74.546925    0.000163     0.009867     1.348016    
-1.479822    -0.152033    39.372074    39.449311    -0.047338    -0.004863    1.259486    
-0.913203    -0.802136    85.947695    85.978827    -0.020622    -0.018114    1.940837    
0.086755     1.211986     86.916105    86.946884    0.000876     0.012233     0.877276    
0.513178     1.254605     58.904949    58.953417    0.014659     0.035839     1.682680    
0.187398     -0.121708    24.650419    24.729902    0.007818     -0.005078    1.028448    
1.125947     0.588804     101.010415   101.037584   0.056657     0.029628     5.082800    
0.580769     0.198001     91.883467    91.906599    0.053490     0.018236     8.462672    
0.470737     0.607684     13.949526    14.108689    0.012150     0.015685     0.360057    
-1.225643    0.902051     16.136517    16.327218    -0.053940    0.039699     0.710159    
0.653197     -0.221950    37.552811    37.610697    0.008610     -0.002926    0.494990    
0.136907     -0.120213    40.495315    40.543540    0.000257     -0.000226    0.076143    
-0.046875    -0.729046    16.702910    16.834365    -0.007347    -0.114260    2.617772    
-0.256647    0.750547     7.825657     8.108332     -0.009376    0.027420     0.285897    
-0.555457    -0.703622    10.450623    10.672117    -0.129196    -0.163658    2.430750    
-0.399793    1.964648     29.970702    30.102119    -0.013952    0.068561     1.045896    
1.824997     -0.453569    31.032617    31.151799    0.041254     -0.010253    0.701484    
0.515664     -1.161407    6.353640     6.771888     0.026523     -0.059736    0.326795    
0.541076     0.362114     15.084218    15.226045    0.062581     0.041882     1.744641    
0.348203     0.002081     22.282079    22.371572    0.014270     0.000085     0.913166    
-0.034588    0.826768     112.643254   112.663492   -0.002910    0.069550     9.475865    
-1.080146    -1.318053    14.808303    15.035451    -0.086931    -0.106078    1.191786    
-0.207635    -2.008967    113.661873   113.696857   -0.008614    -0.083346    4.715465    
-0.727353    0.464194     23.974585    24.070733    -0.074872    0.047783     2.467899    
-1.758343    1.809877     49.941089    50.043529    -0.085020    0.087511     2.414758    
0.514098     -0.874150    48.569837    48.620288    0.040704     -0.069212    3.845563    
-1.469713    1.724833     38.704196    38.820418    -0.031267    0.036694     0.823396    
0.668371     -1.795955    14.967355    15.217386    0.070880     -0.190459    1.587274    
-0.170031    -1.446428    15.290082    15.484916    -0.034380    -0.292464    3.091619    
-0.624366    -0.634091    11.731572    11.928816    -0.072867    -0.074002    1.369139    
1.456342     0.775229     57.487485    57.544832    0.197207     0.104975     7.784509    
-1.982589    0.437827     103.167914   103.206665   -0.172543    0.038104     8.978598    
-0.176948    1.206778     48.867365    48.922202    -0.000007    0.000046     0.001849    
-0.195892    1.298536     29.817774    29.911522    -0.072124    0.478101     10.978450   
-0.331721    0.003473     78.622374    78.647712    -0.006993    0.000073     1.657515    
-1.583236    -2.518686    37.328532    37.498596    -0.104890    -0.166864    2.473034    
-0.165383    3.185927     19.818646    20.170056    -0.007354    0.141661     0.881228    
0.311473     -0.539202    22.931494    23.024251    0.021258     -0.036801    1.565106    
0.841927     -0.349164    34.847851    34.915304    0.067656     -0.028058    2.800334    
-0.997504    -0.528067    37.159860    37.229075    -0.004449    -0.002355    0.165727    
0.982845     -2.365923    23.529273    23.750057    0.027866     -0.067080    0.667118    
1.237405     1.594424     37.865136    37.969947    0.064558     0.083185     1.975508    
3.780125     -0.741431    101.496945   101.589093   0.904398     -0.177388    24.283220   
1.241710     0.876314     95.391737    95.424149    0.053905     0.038042     4.141139    
0.413309     0.946953     37.889092    37.954260    0.001207     0.002765     0.110613    
-0.131210    -1.307430    82.892797    82.926578    -0.013665    -0.136168    8.633215    
2.470846     -0.580776    30.795447    30.962507    0.051986     -0.012219    0.647930    
0.245837     0.035581     68.851096    68.879678    0.008081     0.001170     2.263238    
0.851057     1.718151     89.952752    89.994716    0.006567     0.013258     0.694101    
0.663109     0.920351     147.882433   147.899884   0.030796     0.042742     6.867869    
-0.275433    0.225796     29.433932    29.501833    -0.001277    0.001047     0.136499    
-0.600202    -0.469975    98.545861    98.568467    -0.014998    -0.011744    2.462502    
-1.085603    0.985118     9.919127     10.218269    -0.486559    0.441522     4.445675    
-0.374442    0.184356     73.331824    73.359427    -0.026828    0.013209     5.254052    
0.079832     -0.630214    31.572144    31.639829    0.019599     -0.154720    7.751110    
0.515179     0.123460     58.835005    58.870310    0.161787     0.038771     18.476594   
-0.907515    -1.479437    43.898835    43.977210    -0.100163    -0.163286    4.845128    
0.027087     0.527312     52.252105    52.291837    0.002199     0.042819     4.242971    
0.959271     -1.353483    97.942667    97.976493    0.053987     -0.076173    5.512112    
-0.710252    0.029073     35.464905    35.526607    -0.017122    0.000701     0.854969    
0.503476     0.994954     16.934989    17.085439    0.025979     0.051339     0.873836    
-1.797705    -1.342811    57.510983    57.588393    -0.011528    -0.008611    0.368804    
1.945268     -3.320380    45.566920    45.771477    0.607265     -1.036541    14.224868   
1.403421     0.683591     64.751871    64.800591    0.128705     0.062691     5.938280    
1.159094     0.270850     70.099016    70.136751    0.015166     0.003544     0.917175    
-1.112335    -0.308877    11.801396    12.020008    -0.012543    -0.003483    0.133072    
-0.536320    -0.972772    15.849537    16.009894    -0.005939    -0.010772    0.175505    
-1.128181    0.558054     64.465941    64.508268    -0.194222    0.096072     11.098140   
-1.373862    -0.602725    27.293410    27.405400    -0.112243    -0.049242    2.229845    
-0.360656    2.264978     19.881823    20.110247    -0.080417    0.505033     4.433142    
0.560860     -1.199725    19.830857    19.972275    0.006154     -0.013164    0.217594    
1.501925     1.020551     80.721672    80.766085    0.219699     0.149284     11.807822   
0.328343     -0.012012    5.510604     5.860859     0.011255     -0.000412    0.188895    
0.081299     -0.384038    8.622535     8.853088     0.000434     -0.002049    0.045999    
-0.781499    -1.101154    53.050342    53.104021    -0.182363    -0.256954    12.379301   
0.220307     -1.859942    83.981188    84.025132    0.003342     -0.028216    1.274009    
0.107481     1.811595     18.252364    18.447687    0.002273     0.038315     0.386040    
0.126767     -1.122918    14.995526    15.166337    0.006379     -0.056505    0.754576    
-0.288833    -1.376236    52.306430    52.362344    -0.043315    -0.206388    7.844178    
-0.405688    0.340463     29.572969    29.643143    -0.013132    0.011020     0.957233    
-0.391168    -1.049545    23.323429    23.433136    -0.038343    -0.102877    2.286180    
1.612947     -1.075395    135.547495   135.575649   0.162148     -0.108109    13.626484   
-2.240700    -0.674496    59.661023    59.739336    -0.003427    -0.001032    0.091244    
0.738302     0.051322     54.134283    54.175116    0.177963     0.012371     13.048699   
0.875662     0.957307     53.088327    53.140649    0.062582     0.068417     3.794134    
1.224851     0.672198     104.164794   104.192761   0.048455     0.026592     4.120710    
-1.217725    -0.736794    13.712416    13.925912    -0.008184    -0.004952    0.092154    
-3.003980    -1.552715    108.238043   108.308742   -0.474401    -0.245211    17.093387   
0.774115     -0.412113    20.993000    21.103319    0.097089     -0.051687    2.632930    
0.267352     -1.216838    89.383374    89.413728    0.031126     -0.141667    10.406210   
-0.065216    -0.426056    119.560781   119.577762   -0.001516    -0.009907    2.780107    
-0.249597    -1.021045    126.438304   126.457995   -0.003184    -0.013027    1.613115    
-1.063777    -1.043385    27.243655    27.355291    -0.004959    -0.004864    0.127005    
0.535925     1.106465     79.332353    79.366294    0.020568     0.042464     3.044623    
-1.121046    -0.812533    18.622518    18.777382    -0.022502    -0.016309    0.373791    
1.075031     -1.752695    70.671534    70.728836    0.316464     -0.515953    20.804072   
0.462730     -0.130555    19.172578    19.279364    0.007733     -0.002182    0.320423    
-0.019007    -0.787310    41.952641    42.006181    -0.004236    -0.175484    9.350863    
1.521025     -0.584375    39.565932    39.648366    0.042119     -0.016182    1.095617    
1.094799     -0.772106    12.220921    12.450727    0.270643     -0.190871    3.021111    
1.247955     -1.310503    37.941228    38.035333    0.004952     -0.005200    0.150545    
0.625864     1.330912     53.920360    53.976321    0.062952     0.133869     5.423536    
0.578116     1.627640     31.384661    31.493735    0.020416     0.057479     1.108331    
-0.059087    1.512020     17.937498    18.108520    -0.050330    1.287917     15.278894   
0.135839     -1.069379    54.310802    54.357154    0.006132     -0.048275    2.451749    
-3.194545    -1.155820    75.889290    75.990791    -0.013982    -0.005059    0.332158    
0.273288     2.244223     62.888389    62.959794    0.030092     0.247114     6.924707    
-0.163678    -0.273552    51.043410    51.082348    -0.007512    -0.012555    2.342654    
0.580463     -2.398454    12.778578    13.162695    0.027044     -0.111747    0.595369    
0.111557     -0.065225    7.624449     7.875524     0.002383     -0.001393    0.162846    
0.445323     -1.138700    30.743156    30.830367    0.036092     -0.092289    2.491661    
-1.480373    -0.254374    17.948438    18.118432    -0.070044    -0.012036    0.849237    
-1.660610    0.105577     71.951826    71.997979    -0.141531    0.008998     6.132345    
-0.437678    0.075255     17.921613    18.034866    -0.011175    0.001921     0.457566    
-0.018052    -1.298110    31.383346    31.471809    -0.001612    -0.115934    2.802839    
1.404061     0.816472     98.314545    98.347663    0.048322     0.028099     3.383550    
-2.361796    -0.765863    65.761041    65.837331    -0.022505    -0.007298    0.626612    
-0.012054    0.743410     13.311162    13.476454    -0.000713    0.043993     0.787721    
0.122828     0.138624     127.395169   127.410511   0.004099     0.004626     4.251379    
-1.603426    -0.675300    38.965055    39.053521    -0.092790    -0.039080    2.254910    
0.411932     0.048477     37.044503    37.099086    0.023639     0.002782     2.125796    
0.446979     -0.534639    20.599998    20.705566    0.113151     -0.135341    5.214796    
-0.450958    -0.534154    28.521173    28.597569    -0.037260    -0.044135    2.356567    
0.662927     -1.113177    48.039441    48.097209    0.028745     -0.048268    2.083023    
-0.516335    -1.515728    20.843345    20.997238    -0.011393    -0.033446    0.459928    
0.005204     -0.680786    23.141617    23.235165    0.000764     -0.099960    3.397905    
-1.306455    -0.872190    35.142023    35.232149    -0.059972    -0.040037    1.613160    
-0.200038    -0.646629    36.895205    36.953880    -0.011261    -0.036401    2.076955    
1.830277     -1.813619    24.381954    24.596621    0.162189     -0.160713    2.160593    
1.750088     -1.368348    80.052634    80.107643    0.043416     -0.033946    1.985922    
0.910919     1.602517     32.893635    33.004000    0.007042     0.012389     0.254307    
0.415224     2.446866     19.956087    20.205938    0.023830     0.140426     1.145282    
-1.817265    -0.539033    11.093241    11.424883    -0.004037    -0.001197    0.024642    
-0.193738    -0.267772    57.919811    57.954194    -0.035694    -0.049333    10.670944   
0.536381     0.926288     18.251738    18.388763    0.010255     0.017710     0.348952    
-0.353691    1.372700     42.420870    42.490170    -0.023692    0.091950     2.841539    
0.281584     -1.357131    67.714706    67.757490    0.040574     -0.195550    9.757058    
1.072223     1.384046     45.814045    45.889726    0.004609     0.005950     0.196954    
0.009432     0.240969     99.553767    99.573519    0.001354     0.034581     14.286756   
0.546795     -1.022767    23.583989    23.694399    0.064996     -0.121574    2.803385    
0.297280     0.895934     116.570715   116.591156   0.080971     0.244028     31.750632   
-2.263090    -1.088745    75.080905    75.148681    -0.235889    -0.113483    7.825911    
-2.159104    -1.318164    60.499024    60.583877    -0.019145    -0.011688    0.536446    
-1.909185    0.653139     22.554671    22.730150    -0.014576    0.004986     0.172196    
-0.484594    2.189342     48.942958    49.033826    -0.010323    0.046640     1.042645    
1.181541     -0.896355    11.509389    11.770322    0.088551     -0.067177    0.862571    
1.452406     0.496871     53.910822    53.968584    0.061276     0.020963     2.274463    
-0.351646    -0.093061    10.581623    10.769309    -0.019557    -0.005176    0.588493    
0.304937     0.938679     54.664753    54.709088    0.002270     0.006986     0.406863    
1.772812     -0.654505    93.629682    93.669437    0.119317     -0.044051    6.301624    
-0.355227    0.012967     9.593996     9.800310     -0.048953    0.001787     1.322116    
1.451403     2.432043     76.730838    76.808319    0.021410     0.035876     1.131876    
-0.184135    0.514611     63.447240    63.480122    -0.000468    0.001309     0.161345    
0.553977     0.513800     32.037540    32.106850    0.010065     0.009335     0.582100    
1.621909     0.675235     83.189203    83.231034    0.089240     0.037152     4.577188    
0.384530     1.931392     24.131244    24.291357    0.016606     0.083410     1.042139    
-1.550921    1.078536     24.248709    24.401710    -0.276041    0.191963     4.315906    
0.807137     -0.909816    24.177240    24.287715    0.023055     -0.025988    0.690589    
0.162104     -1.093196    55.247532    55.293636    0.005273     -0.035558    1.796992    
1.849513     -0.184378    81.489551    81.534512    0.035864     -0.003575    1.580183    
1.609442     -0.451686    27.458332    27.579508    0.089046     -0.024990    1.519188    
-0.474366    -0.350422    57.426174    57.462930    -0.016495    -0.012185    1.996874    
1.318975     -1.725901    62.006723    62.075978    0.215512     -0.282000    10.131474   
-0.483283    -0.438812    18.527600    18.643310    -0.013040    -0.011840    0.499910    
-0.254893    0.319356     11.061341    11.242560    -0.041710    0.052258     1.810038    
2.000740     -1.304700    12.685600    13.057741    0.169373     -0.110449    1.073899    
1.182011     -0.925647    14.641277    14.849105    0.126906     -0.099382    1.571954    
-1.841090    -0.769804    12.340116    12.654470    -0.439083    -0.183591    2.943004    
1.778954     -1.754480    111.876666   111.921876   0.059754     -0.058932    3.757872    
-0.354616    -1.332081    19.052256    19.203218    -0.016784    -0.063047    0.901741    
-0.182086    1.092678     122.431487   122.452322   -0.012819    0.076924     8.619131    
-1.248035    -0.702521    34.485497    34.571311    -0.053191    -0.029942    1.469778    
-0.493184    0.701697     20.933401    21.043237    -0.003563    0.005069     0.151232    
0.198678     -2.518276    41.715802    41.838551    0.051426     -0.651837    10.797828   
0.957569     0.383472     83.970146    83.999550    0.088593     0.035478     7.768801    
0.280605     -0.187888    88.289267    88.311855    0.003206     -0.002147    1.008873    
-1.163482    1.441385     61.611814    61.671078    -0.053425    0.066186     2.829119    
-0.903442    -0.944949    47.402163    47.461027    -0.030844    -0.032261    1.618320    
-0.896343    0.656484     28.793201    28.881790    -0.003079    0.002255     0.098911    
-1.299840    0.967144     31.331750    31.435306    -0.020754    0.015442     0.500250    
-0.657073    0.681810     63.020085    63.057931    -0.240909    0.249979     23.105702   
1.159132     0.244337     8.152367     8.469907     0.020950     0.004416     0.147346    
2.931031     1.165194     33.698012    33.902501    0.041827     0.016628     0.480888    
0.015365     1.709807     30.742426    30.852802    0.000260     0.028930     0.520165    
-0.175221    -0.117755    39.029879    39.080058    -0.001223    -0.000822    0.272517    
-0.543348    -0.484756    12.081717    12.262669    -0.019856    -0.017715    0.441504    
0.994318     1.847709     64.037722    64.102321    0.021101     0.039212     1.359008    
-0.674086    1.158263     71.476168    71.515827    -0.013195    0.022673     1.399123    
-2.255076    -0.238022    95.014915    95.062353    -0.040685    -0.004294    1.714203    
1.040358     0.391824     73.511437    73.546191    0.351269     0.132297     24.820603   
-1.631997    -0.220913    20.268279    20.430133    -0.044375    -0.006007    0.551102    
-0.209398    -1.394349    34.467312    34.552259    -0.018312    -0.121939    3.014253    
-1.533454    1.006363     48.090084    48.165292    -0.252118    0.165458     7.906569    
-0.597939    -0.516685    147.285633   147.300907   -0.034915    -0.030171    8.600445    
1.086095     -1.657263    91.427506    91.470159    0.044072     -0.067250    3.710008    
2.915153     -0.416046    32.452388    32.645117    0.060193     -0.008591    0.670092    
1.023022     2.047657     30.053080    30.204338    0.028932     0.057909     0.849914    
1.513695     -0.042478    11.025204    11.301467    0.064747     -0.001817    0.471594    
0.919422     -2.151497    78.231307    78.291038    0.160298     -0.375106    13.639355   
-0.581419    0.704381     35.623814    35.689848    -0.141465    0.171383     8.667618    
0.435259     0.018556     39.283519    39.335221    0.010803     0.000461     0.975014    
-0.317896    -1.297583    14.538450    14.731812    -0.040531    -0.165438    1.853608    
-0.491584    0.584801     47.112967    47.160262    -0.048023    0.057129     4.602489    
-0.705771    0.768028     24.825961    24.925715    -0.000776    0.000844     0.027289    
0.848648     -0.019714    10.254052    10.475740    0.031011     -0.000720    0.374699    
-0.537129    -0.908856    97.908247    97.933724    -0.188386    -0.318761    34.339172   
-0.220702    -0.845606    45.973774    46.024196    -0.005608    -0.021485    1.168104    
-1.348850    0.261322     36.803049    36.881256    -0.004459    0.000864     0.121660    
0.068201     -2.029699    62.474279    62.538266    0.005597     -0.166557    5.126638    
-0.834759    -2.548252    33.843454    34.006539    -0.065168    -0.198937    2.642092    
1.760872     -0.013962    19.057377    19.239528    0.122308     -0.000970    1.323704    
2.081330     0.070905     41.872516    41.970460    0.023179     0.000790     0.466310    
-0.598298    1.088504     99.415204    99.442449    -0.028352    0.051581     4.711011    
-0.388869    0.707536     98.777744    98.800655    -0.022442    0.040833     5.700611    
0.534507     0.151514     30.814032    30.881843    0.026465     0.007502     1.525671    
0.743790     0.626014     26.863819    26.953383    0.006646     0.005593     0.240020    
-0.006538    -0.894644    7.833647     8.126587     -0.001152    -0.157691    1.380771    
-0.985084    -0.475699    5.610789     6.045874     -0.063906    -0.030860    0.363993    
0.451378     -0.548607    24.285315    24.375319    0.108589     -0.131980    5.842373    
-0.860900    0.780645     17.425452    17.574752    -0.000172    0.000156     0.003491    
-1.531428    -0.827219    77.061438    77.106224    -0.200288    -0.108188    10.078475   
-1.134664    0.479098     22.394721    22.514784    -0.009268    0.003913     0.182911    
-0.456962    -0.006222    31.718106    31.782418    -0.061460    -0.000837    4.265965    
-0.737994    -0.711878    46.204207    46.257487    -0.010941    -0.010554    0.684986    
-0.976795    1.027061     34.942492    35.026585    -0.135973    0.142970     4.864090    
1.009618     -0.453979    68.662305    68.699436    0.028935     -0.013011    1.967805    
-0.473658    -1.091336    21.468793    21.591651    -0.053383    -0.122998    2.419619    
1.876658     -0.115149    14.300067    14.556853    0.503939     -0.030921    3.839994    
-1.288985    0.450676     7.853679     8.210957     -0.123224    0.043084     0.750796    
0.002351     2.035332     47.410209    47.494688    0.000193     0.166945     3.888761    
-1.509345    1.538436     25.829331    25.993734    -0.009348    0.009529     0.159980    
-0.038001    0.334425     31.957521    32.019859    -0.002175    0.019143     1.829329    
-0.995468    -1.177285    34.792131    34.881862    -0.057972    -0.068560    2.026153    
0.879453     -0.058126    26.946341    27.032518    0.013637     -0.000901    0.417849    
-0.481308    0.888130     19.816815    19.939949    -0.014749    0.027215     0.607257    
1.194729     1.173133     34.080818    34.178659    0.087832     0.086244     2.505488    
-0.234085    0.602559     91.322566    91.346067    -0.053901    0.138746     21.028003   
-0.228938    0.382401     7.513979     7.780326     -0.013087    0.021860     0.429533    
-1.804995    0.917615     104.153861   104.192138   -0.000012    0.000006     0.000686    
-1.596063    0.564996     39.780793    39.865437    -0.061476    0.021762     1.532252    
-0.925734    -1.711799    143.178495   143.205250   -0.230297    -0.425848    35.618838   
3.671581     -0.518306    115.920892   115.996885   0.984348     -0.138958    31.078302   
-0.813489    -0.777459    4.892084     5.391998     -0.062024    -0.059277    0.372995    
-0.816869    1.913262     68.321100    68.381105    -0.001915    0.004485     0.160166    
1.895882     -3.189253    38.318155    38.547655    0.103903     -0.174786    2.100016    
1.178883     0.514682     85.463094    85.495439    0.079036     0.034506     5.729740    
-0.022413    0.885496     90.447750    90.473505    -0.000281    0.011089     1.132696    
0.193333     -0.045546    173.300045   173.311338   0.014320     -0.003374    12.836572   
1.000908     -1.456132    31.397509    31.508739    0.032045     -0.046620    1.005232    
1.503043     0.560376     22.152745    22.297808    0.033713     0.012569     0.496890    
0.189537     0.866051     35.414200    35.479945    0.045245     0.206739     8.453889    
0.820911     -0.555509    14.417706    14.585187    0.033303     -0.022536    0.584905    
0.425299     -0.729273    16.702047    16.838826    0.069620     -0.119379    2.734057    
-0.034326    0.549678     96.967293    96.988835    -0.006408    0.102615     18.102105   
-0.929077    2.138719     14.218988    14.542760    -0.154712    0.356145     2.367783    
-1.068887    2.416720     27.472155    27.669068    -0.026959    0.060953     0.692880    
-2.822310    0.375386     88.464587    88.532279    -0.073908    0.009830     2.316627    
-1.151356    1.194875     25.335178    25.465654    -0.302336    0.313763     6.652788    
0.827106     -0.054447    30.902266    30.975992    0.056059     -0.003690    2.094457    
-1.337801    -0.044610    51.280272    51.335494    -0.043992    -0.001467    1.686279    
-1.072918    0.003250     70.122832    70.158660    -0.022377    0.000068     1.462491    
-1.392705    0.694080     44.872496    44.942599    -0.064854    0.032321     2.089586    
-0.818507    -2.163322    123.169405   123.206847   -0.244819    -0.647060    36.840558   
0.591977     0.587796     7.369174     7.673045     0.003439     0.003414     0.042805    
-1.624783    -1.685716    30.547574    30.700339    -0.199935    -0.207433    3.758986    
-0.782009    -0.010195    19.457738    19.572689    -0.141402    -0.001843    3.518319    
-0.860747    -1.533158    66.534616    66.586947    -0.025040    -0.044602    1.935588    
-0.753428    0.389445     9.636613     9.872112     -0.057782    0.029867     0.739051    
-1.672093    1.088129     39.571088    39.670214    -0.216573    0.140937     5.125327    
-0.793180    0.434087     46.379184    46.429745    -0.061959    0.033908     3.622889    
-1.252471    2.039590     14.524899    14.851810    -0.099657    0.162287     1.155723    
-0.766672    1.207814     21.014225    21.154650    -0.029452    0.046398     0.807263    
0.338721     1.323503     12.270304    12.502068    0.083907     0.327855     3.039570    
-1.376027    -1.370758    48.034021    48.113559    -0.163332    -0.162706    5.701549    
0.441100     0.389089     52.211106    52.251512    0.088292     0.077881     10.450733   
-0.618386    0.006719     22.911981    23.004702    -0.012168    0.000132     0.450851    
2.165582     0.495954     30.790390    30.933134    0.382009     0.087486     5.431423    
-0.221208    0.215342     14.371451    14.508924    -0.007495    0.007296     0.486919    
-0.389167    0.847116     19.647299    19.767660    -0.024584    0.053514     1.241150    
1.204452     -0.467645    50.576471    50.631253    0.417524     -0.162109    17.532370   
0.395752     -1.050373    27.361209    27.454883    0.001964     -0.005212    0.135769    
-1.310935    -1.003379    39.487389    39.570875    -0.073099    -0.055949    2.201850    
-0.161928    -0.302099    153.898463   153.911434   -0.012054    -0.022488    11.456324   
-0.812509    0.631947     13.714840    13.893571    -0.151404    0.117757     2.555633    
0.300723     0.048391     110.247669   110.265662   0.002345     0.000377     0.859787    
2.108937     -0.136848    41.836354    41.935925    0.008938     -0.000580    0.177318    
0.146859     -0.541938    11.833130    12.008879    0.003125     -0.011533    0.251813    
1.523699     0.856389     106.626331   106.658823   0.008992     0.005054     0.629268    
0.078151     -0.150893    48.700855    48.740918    0.002264     -0.004372    1.411143    
0.428387     2.343036     14.896663    15.213772    0.048531     0.265434     1.687591    
-0.546963    -1.140823    17.456369    17.612507    -0.004788    -0.009987    0.152823    
-0.309691    0.415712     18.891486    19.000840    -0.005102    0.006848     0.311199    
0.873242     0.428385     26.981019    27.070213    0.004975     0.002441     0.153729    
-0.506670    1.022316     27.447411    27.541553    -0.023279    0.046970     1.261064    
-0.552885    -1.275015    35.773145    35.854208    -0.053390    -0.123123    3.454462    
0.325356     -0.367159    55.115908    55.153231    0.015178     -0.017128    2.571203    
0.474589     -1.956438    28.883666    29.020579    0.150304     -0.619612    9.147581    
0.528431     0.141676     25.527807    25.609436    0.044164     0.011841     2.133519    
0.005770     0.931321     70.023418    70.057272    0.001728     0.278903     20.969911   
-0.464184    0.252420     36.163793    36.221183    -0.128795    0.070038     10.034208   
0.328564     0.230807     31.857208    31.920493    0.023859     0.016760     2.313369    
-0.937393    1.093979     22.452790    22.584912    -0.062746    0.073227     1.502910    
-0.532769    1.179701     30.311553    30.402973    -0.060989    0.135048     3.469949    
-0.131687    1.708532     35.320415    35.416707    -0.012551    0.162839     3.366366    
-0.696841    0.163979     19.840420    19.950681    -0.045248    0.010648     1.288295    
0.574127     1.261612     144.712701   144.732726   0.030194     0.066349     7.610505    
0.343643     0.164590     13.427747    13.576617    0.078760     0.037722     3.077506    
-0.167921    -1.682949    23.841262    23.982102    -0.025967    -0.260252    3.686825    
-0.795636    -0.953585    18.082333    18.231514    -0.171838    -0.205951    3.905338    
0.582576     0.233493     136.094978   136.110661   0.096659     0.038740     22.580403   
0.538210     1.033978     27.620334    27.714917    0.010444     0.020064     0.535967    
1.792832     -0.158027    69.973433    70.024249    0.052346     -0.004614    2.043027    
0.118667     0.458590     68.905004    68.934744    0.004716     0.018224     2.738283    
0.329452     -0.479878    54.968505    55.006821    0.002441     -0.003555    0.407255    
0.698691     0.238524     17.040780    17.169980    0.003538     0.001208     0.086298    
-1.498695    0.961172     92.478692    92.516773    -0.037527    0.024068     2.315643    
-0.037123    0.786373     11.289675    11.487014    -0.001624    0.034406     0.493953    
-0.530808    -0.845781    29.320466    29.403431    -0.013223    -0.021069    0.730407    
0.716507     -1.126318    77.958460    77.994734    0.014934     -0.023476    1.624919    
2.381426     1.622423     23.304751    23.564588    0.239160     0.162936     2.340432    
1.332803     -1.624178    41.056168    41.156994    0.118717     -0.144671    3.657004    
1.012730     -0.191909    32.649217    32.724743    0.029720     -0.005632    0.958130    
-0.714218    -0.725557    113.100230   113.121941   -0.050429    -0.051230    7.985762    
-0.186590    -1.599656    45.601360    45.672232    -0.024351    -0.208759    5.951098    
1.088614     0.611797     21.445303    21.571633    0.138227     0.077683     2.723012    
-0.092514    1.151170     9.470917     9.742021     -0.006293    0.078301     0.644198    
2.406440     -0.317545    145.237407   145.271026   0.009756     -0.001287    0.588800    
-1.841260    0.163841     11.339570    11.656667    -0.119954    0.010674     0.738746    
0.693538     -1.251978    24.309953    24.431480    0.017496     -0.031583    0.613260    
-0.276642    0.960960     57.060277    57.102978    -0.010807    0.037540     2.229039    
-0.868620    -2.174129    125.115328   125.152713   -0.000223    -0.000559    0.032170    
-0.224380    -0.201812    19.323327    19.425679    -0.010865    -0.009772    0.935657    
-0.671551    0.401012     16.966281    17.097995    -0.053814    0.032135     1.359585    
1.081715     0.986036     114.691577   114.717807   0.216092     0.196979     22.911722   
0.262039     0.801812     24.740825    24.833343    0.004438     0.013580     0.419035    
-0.625682    0.242107     31.260854    31.329954    -0.017632    0.006823     0.880957    
-1.306233    -0.951336    39.627659    39.709415    -0.010662    -0.007765    0.323451    
0.489612     -1.667934    17.800316    17.992997    0.047167     -0.160683    1.714817    
0.834996     -0.703534    13.472006    13.658773    0.042058     -0.035436    0.678574    
0.220555     1.955904     54.269489    54.340838    0.003520     0.031214     0.866081    
-0.977718    -0.448014    71.567611    71.602756    -0.293309    -0.134401    21.469814   
-1.411884    -0.755413    59.505807    59.559886    -0.070358    -0.037644    2.965317    
-0.772294    1.577571     63.763206    63.817761    -0.097638    0.199446     8.061330    
-0.953645    1.389783     15.754051    15.965777    -0.056308    0.082059     0.930194    
2.649861     1.112710     28.739211    28.949561    0.074760     0.031393     0.810812    
0.288803     1.578581     32.951877    33.049607    0.015285     0.083548     1.744009    
-1.490316    -0.246086    7.223010     7.637305     -0.125976    -0.020802    0.610557    
0.961451     -0.183463    57.736563    57.778402    0.025210     -0.004811    1.513905    
-1.312257    0.948533     26.020065    26.144606    -0.166337    0.120232     3.298205    
0.313380     -1.929942    93.987666    94.028608    0.011226     -0.069134    3.366815    
0.362806     0.978785     67.925415    67.961950    0.007714     0.020811     1.444260    
-0.159147    0.204946     13.593321    13.737564    -0.022002    0.028334     1.879274    
0.326525     2.696679     86.435072    86.500146    0.045983     0.379762     12.172282   
-1.229269    0.056128     14.472408    14.657414    -0.134609    0.006146     1.584778    
-0.454040    0.482066     79.216430    79.243651    -0.042947    0.045598     7.493047    
0.382662     0.014738     75.031412    75.058207    0.009197     0.000354     1.803281    
-0.311460    0.554430     18.411693    18.527541    -0.024449    0.043521     1.445257    
-0.315520    1.013230     27.078930    27.171117    -0.011183    0.035913     0.959800    
-2.483287    0.671152     34.579879    34.731256    -0.658789    0.178049     9.173668    
-1.134315    -0.724522    80.661031    80.696273    -0.095752    -0.061160    6.808913    
-0.367772    0.896104     19.744294    19.865808    -0.001431    0.003487     0.076823    
-0.131527    -1.700258    42.825073    42.904196    -0.034909    -0.451268    11.366273   
2.152843     -0.398867    21.011125    21.216413    0.093545     -0.017332    0.912973    
-0.259921    0.002561     11.053175    11.230103    -0.047719    0.000470     2.029275    
-0.590656    0.081450     7.025525     7.320414     -0.064797    0.008935     0.770726    
0.179143     0.148892     9.271491     9.481021     0.023590     0.019606     1.220875    
-0.572295    -0.171022    43.037676    43.086811    -0.095690    -0.028595    7.196033    
-0.540837    0.325632     93.783642    93.806423    -0.013015    0.007836     2.256825    
2.047760     -0.008522    34.523281    34.639938    0.463104     -0.001927    7.807493    
1.829491     0.052137     20.795140    20.968132    0.027842     0.000793     0.316466    
-0.290888    0.813210     20.327007    20.440354    -0.118397    0.330993     8.273500    
-0.090400    0.343969     39.353833    39.404639    -0.005275    0.020070     2.296196    
2.206821     0.628155     18.949165    19.188811    0.238038     0.067756     2.043944    
-0.665815    -0.373338    39.542281    39.598607    -0.029360    -0.016463    1.743676    
2.437108     0.368369     24.576372    24.777979    0.123991     0.018741     1.250354    
0.251517     0.014957     74.664242    74.690612    0.015138     0.000900     4.493732    
1.553157     0.843278     25.130058    25.268918    0.007412     0.004024     0.119925    
-1.298028    0.171065     71.038088    71.077416    -0.008927    0.001177     0.488579    
0.396190     1.290684     55.566066    55.617312    0.102104     0.332627     14.320155   
0.217174     0.312208     24.219331    24.302172    0.004814     0.006921     0.536855    
1.178703     0.110679     42.503757    42.565784    0.069967     0.006570     2.522990    
-0.241968    -0.539701    14.306382    14.453282    -0.016483    -0.036765    0.974571    
1.426102     1.438240     32.036824    32.161084    0.035955     0.036262     0.807726    
1.845228     2.044732     34.118010    34.285556    0.063532     0.070401     1.174695    
-0.665488    0.747312     7.871297     8.175183     -0.031884    0.035804     0.377117    
1.794744     0.179673     31.683111    31.795407    0.267869     0.026817     4.728760    
-0.677227    1.670829     171.239877   171.260681   -0.025771    0.063580     6.516200    
-1.208645    0.427491     29.353966    29.447816    -0.100971    0.035713     2.452259    
-0.316117    -1.657930    68.563006    68.612021    -0.025870    -0.135678    5.610890    
-0.186104    -0.349324    107.126410   107.145226   -0.008375    -0.015720    4.820692    
-0.353915    -0.694545    49.146334    49.191917    -0.001961    -0.003848    0.272299    
0.487955     0.435669     6.307766     6.640088     0.000929     0.000829     0.012003    
0.695329     -0.123281    11.528124    11.716282    0.117888     -0.020901    1.954505    
-0.325397    -1.499210    60.755452    60.806689    -0.045705    -0.210578    8.533667    
-0.157083    -1.472855    19.127919    19.285907    -0.006233    -0.058438    0.758938    
2.517144     1.300579     17.902569    18.231963    0.906536     0.468397     6.447515    
1.344252     1.491201     68.359808    68.417608    0.053664     0.059530     2.728990    
0.141213     0.451084     42.595827    42.643907    0.012708     0.040593     3.833214    
-0.651415    -1.516383    56.332445    56.390984    -0.115528    -0.268929    9.990495    
-1.458965    1.807313     30.776909    30.927141    -0.319589    0.395895     6.741733    
-2.033508    -0.140699    14.285660    14.563997    -0.134541    -0.009309    0.945170    
-1.180208    -1.979821    54.751036    54.834875    -0.012645    -0.021212    0.586603    
0.702133     -2.047712    60.527346    60.598026    0.057370     -0.167316    4.945615    
-0.984392    1.364989     86.510070    86.548827    -0.128277    0.177872     11.273159   
-0.885687    0.665986     12.624935    12.825440    -0.087917    0.066109     1.253208    
2.433930     2.695912     60.404791    60.545897    0.087938     0.097404     2.182433    
0.041895     1.261136     19.201941    19.343777    0.002066     0.062191     0.946918    
-0.241930    -0.208647    43.992597    44.037774    -0.014220    -0.012264    2.585843    
-0.911423    0.152957     65.562576    65.598631    -0.035680    0.005988     2.566601    
0.426810     0.244962     15.857325    15.986615    0.061025     0.035025     2.267275    
-0.558873    -0.674597    12.731653    12.912682    -0.039529    -0.047714    0.900501    
1.205009     0.225449     18.018763    18.167379    0.039460     0.007383     0.590049    
0.766267     0.778506     23.920500    24.026204    0.010025     0.010185     0.312942    
-0.652053    0.056891     12.053232    12.230444    -0.185226    0.016161     3.423908    
-0.324171    0.832756     20.706607    20.819152    -0.010274    0.026392     0.656235    
-0.077816    -2.622409    32.987682    33.150343    -0.000639    -0.021542    0.270984    
-0.709053    1.468118     16.870605    17.063129    -0.012409    0.025693     0.295243    
-0.556163    2.086591     51.486599    51.569449    -0.112020    0.420271     10.370187   
-0.182641    -0.407320    21.009628    21.106366    -0.004808    -0.010723    0.553085    
0.880514     -0.334065    91.902730    91.928634    0.041850     -0.015878    4.368096    
1.371305     0.048697     15.208675    15.396804    0.063265     0.002247     0.701645    
1.306070     -2.056000    76.638647    76.702608    0.125676     -0.197837    7.374508    
-2.382655    1.617780     34.576916    34.752444    -0.489467    0.332339     7.103102    
-0.965289    0.399088     88.346777    88.374877    -0.018383    0.007600     1.682481    
-0.612239    1.325637     96.154631    96.185862    -0.042299    0.091586     6.643183    
0.099556     -0.457270    16.260919    16.386319    0.000128     -0.000589    0.020962    
-1.592046    0.309806     73.486526    73.530777    -0.051602    0.010042     2.381882    
0.820994     0.272822     79.767156    79.796131    0.001810     0.000601     0.175836    
-0.951701    -0.134688    95.020144    95.045392    -0.081480    -0.011531    8.135207    
-0.177251    0.048596     93.242562    93.263520    -0.013484    0.003697     7.093227    
0.072990     0.567003     30.361670    30.430786    0.002581     0.020048     1.073543    
1.856932     -1.527037    79.647297    79.707885    0.051642     -0.042467    2.215002    
-0.414733    0.349236     12.227953    12.397248    -0.034530    0.029077     1.018084    
-0.759422    -2.053381    33.660299    33.788811    -0.073686    -0.199237    3.266019    
0.730405     -1.957775    55.306747    55.381203    0.071876     -0.192656    5.442499    
-0.878203    1.255998     21.896284    22.037944    -0.122409    0.175069     3.052035    
0.668437     0.007999     58.099867    58.137048    0.025072     0.000300     2.179272    
-0.948254    -1.764073    48.587829    48.668914    -0.083902    -0.156086    4.299061    
0.238190     -0.374122    56.574634    56.610608    0.036582     -0.057458    8.688800    
1.009209     0.497261     13.279182    13.471355    0.054640     0.026922     0.718956    
1.466509     0.870771     13.512535    13.761266    0.119822     0.071147     1.104051    
-1.139657    2.345279     28.865979    29.050281    -0.105151    0.216388     2.663335    
0.331920     0.125931     6.371833     6.678416     0.028474     0.010803     0.546608    
-0.683187    -0.015187    15.367034    15.507664    -0.018658    -0.000415    0.419682    
-2.068903    0.666548     36.858437    36.974910    -0.393177    0.126672     7.004630    
-0.090476    -0.400128    25.070908    25.151415    -0.002051    -0.009070    0.568275    
-1.817329    -1.302727    82.848959    82.902502    -0.397994    -0.285296    18.143872   
1.587792     0.955054     23.147737    23.305061    0.060713     0.036519     0.885113    
-1.767154    1.043659     23.540135    23.711283    -0.011135    0.006576     0.148330    
0.024627     0.493362     63.844462    63.876712    0.004366     0.087474     11.319669   
-0.866159    -0.629405    24.126443    24.230283    -0.005024    -0.003651    0.139943    
-0.135352    -1.232598    20.148428    20.282301    -0.000580    -0.005286    0.086407    
-0.906749    -0.150026    25.234182    25.327526    -0.035011    -0.005793    0.974332    
0.436759     2.018103     10.186397    10.578333    0.039706     0.183467     0.926050    
-0.262743    0.921411     11.520438    11.726614    -0.009487    0.033270     0.415979    
0.464538     -0.783307    18.492041    18.618805    0.045009     -0.075894    1.791674    
-0.068741    0.536015     50.801547    50.842543    -0.007744    0.060383     5.722888    
0.951688     1.175335     42.499006    42.571441    0.010985     0.013566     0.490550    
0.388652     0.674205     30.693067    30.765970    0.006306     0.010939     0.498001    
-1.229539    -0.201739    12.288700    12.507581    -0.029715    -0.004875    0.296984    
-0.996294    -0.245654    10.306581    10.542937    -0.012904    -0.003182    0.133494    
0.656705     -1.687003    43.712477    43.794210    0.030449     -0.078221    2.026815    
-0.124670    0.559885     17.066493    17.189216    -0.008938    0.040140     1.223567    
0.709164     0.498732     27.422140    27.506369    0.033683     0.023688     1.302459    
0.577358     0.932199     35.778905    35.849788    0.020511     0.033118     1.271095    
-1.729279    -0.364148    23.534572    23.682779    -0.024675    -0.005196    0.335813    
0.798726     -0.843839    26.294809    26.393976    0.042126     -0.044505    1.386829    
-0.229004    -0.676265    56.175448    56.214462    -0.004503    -0.013297    1.104573    
-0.023074    -0.372668    138.203760   138.218283   -0.000034    -0.000549    0.203451    
0.877242     -0.918425    11.294690    11.535079    0.220279     -0.230620    2.836142    
0.383072     0.105512     25.976370    26.053879    0.013338     0.003674     0.904445    
2.118553     -0.152844    76.449418    76.504249    0.054479     -0.003930    1.965924    
-0.729043    0.184128     15.203535    15.348871    -0.057302    0.014472     1.194984    
0.081049     -0.172816    11.040088    11.215834    0.006026     -0.012848    0.820763    
0.498583     0.021592     86.551245    86.575066    0.034808     0.001507     6.042558    
-0.087759    0.178718     26.967404    27.039887    -0.004852    0.009880     1.490824    
2.384442     0.019177     19.604050    19.846401    0.170704     0.001373     1.403465    
-0.106616    -0.165981    21.314454    21.406070    -0.003315    -0.005160    0.662665    
0.233952     -0.718747    11.784806    11.971965    0.000220     -0.000675    0.011060    
-2.100083    1.249294     45.394717    45.503037    -0.143035    0.085088     3.091794    
1.665266     0.453887     83.351166    83.392272    0.022825     0.006221     1.142446    
-0.950990    0.676839     86.013251    86.043691    -0.010938    0.007785     0.989320    
-0.274056    0.265323     36.630713    36.685550    -0.013877    0.013435     1.854827    
-0.560787    -0.236646    44.697122    44.744588    -0.012601    -0.005317    1.004351    
1.162964     0.241444     112.567980   112.591455   0.044036     0.009142     4.262389    
0.678738     0.336625     18.257280    18.378717    0.048402     0.024005     1.301950    
-0.260054    -1.339721    65.821936    65.865505    -0.016412    -0.084548    4.153959    
2.295471     -0.715501    84.108232    84.165615    0.326144     -0.101659    11.950221   
0.071667     0.431677     41.885573    41.934087    0.009737     0.058647     5.690545    
1.177758     -1.316313    15.378433    15.604196    0.128280     -0.143372    1.675005    
2.049795     -0.051108    79.454080    79.504906    0.103126     -0.002571    3.997376    
0.987264     1.992837     89.225412    89.274829    0.064886     0.130975     5.864166    
-2.157202    0.904688     52.268582    52.357918    -0.139584    0.058539     3.382082    
-0.690454    0.852628     24.021075    24.126556    -0.003001    0.003706     0.104400    
-0.383100    -0.482049    9.649048     9.867027     -0.007708    -0.009699    0.194141    
-2.315102    -1.645804    62.177481    62.273449    -0.009786    -0.006957    0.262816    
0.361876     0.336936     5.040893     5.434155     0.028526     0.026560     0.397362    
1.621732     -1.290125    88.575231    88.621334    0.090279     -0.071819    4.930849    
0.827430     0.544545     16.726018    16.870560    0.224880     0.147997     4.545807    
-1.168947    -1.108638    21.718422    21.866877    -0.049204    -0.046665    0.914179    
0.573241     -0.886732    52.951056    52.998153    0.030214     -0.046737    2.790900    
-0.886704    0.345044     20.416857    20.533589    -0.020588    0.008012     0.474060    
-1.922950    0.262486     68.620937    68.676594    -0.043766    0.005974     1.561803    
-1.615663    0.868021     18.778075    18.969842    -0.066348    0.035646     0.771136    
-1.113902    -0.874985    47.478862    47.540757    -0.012786    -0.010044    0.545000    
0.622537     -0.612840    56.482087    56.523130    0.017882     -0.017604    1.622457    
0.086301     0.759226     10.614585    10.822580    0.007798     0.068603     0.959125    
-2.004668    -0.138604    24.516483    24.677334    -0.059008    -0.004080    0.721646    
-1.211178    1.136234     76.472278    76.515634    -0.056890    0.053370     3.591947    
-1.422422    0.611945     32.771587    32.867151    -0.113009    0.048618     2.603637    
-0.998466    -0.111767    12.045873    12.246936    -0.030687    -0.003435    0.370216    
-1.098738    1.281412     57.012204    57.071145    -0.080846    0.094287     4.194993    
0.368776     -0.369822    68.163875    68.194293    0.002550     -0.002558    0.471397    
1.084763     -1.183237    11.968629    12.235186    0.003863     -0.004213    0.042619    
0.282662     1.158201     34.503860    34.580524    0.002990     0.012252     0.365007    
-1.869556    0.372703     14.537640    14.793650    -0.085412    0.017027     0.664164    
-0.127740    0.923799     37.204811    37.268521    -0.020579    0.148825     5.993749    
1.235983     0.904358     30.413215    30.515310    0.011833     0.008658     0.291165    
-1.092653    -0.037282    81.717448    81.748465    -0.061869    -0.002111    4.627075    
0.068312     0.314440     9.401820     9.611072     0.007490     0.034477     1.030863    
0.524284     -0.050422    121.291137   121.308253   0.050585     -0.004865    11.702596   
2.334394     -0.209638    83.111268    83.167609    0.049939     -0.004485    1.777969    
0.424440     0.848386     39.824215    39.884119    0.011466     0.022918     1.075800    
-0.953960    0.554006     110.887819   110.910777   -0.155858    0.090513     18.116849   
1.013115     -0.118256    100.094318   100.118869   0.010059     -0.001174    0.993785    
-2.093759    -1.522689    41.621306    41.748180    -0.063130    -0.045911    1.254939    
-1.687731    0.456783     24.905671    25.044450    -0.006436    0.001742     0.094969    
0.681017     -1.226256    164.571869   164.589619   0.064337     -0.115846    15.547353   
-0.207196    1.002970     76.025816    76.058191    -0.000557    0.002695     0.204269    
0.710460     -1.434621    10.551089    10.851881    0.078520     -0.158554    1.166105    
1.702934     0.233950     29.403528    29.519436    0.131363     0.018047     2.268161    
0.474294     0.333528     10.418613    10.618787    0.016183     0.011380     0.355487    
0.090379     -1.533001    35.442503    35.530329    0.003043     -0.051612    1.193260    
-0.283278    0.738920     16.477711    16.613734    -0.026518    0.069171     1.542504    
-0.519885    -0.751484    53.149806    53.194096    -0.025574    -0.036966    2.614474    
-0.829083    0.151459     41.876858    41.931569    -0.033115    0.006050     1.672655    
-0.825768    1.847256     60.844732    60.910185    -0.165740    0.370764     12.212190   
0.830886     -0.247092    46.166879    46.216957    0.031211     -0.009282    1.734166    
2.959195     2.104245     29.729671    30.015212    0.085175     0.060567     0.855714    
-0.483031    -0.441519    13.743898    13.899567    -0.000170    -0.000156    0.004848    
-1.194098    -1.111481    38.259411    38.344735    -0.020352    -0.018944    0.652086    
-0.551427    -0.430550    63.444241    63.478627    -0.006407    -0.005003    0.737175    
-0.267097    0.545646     31.078178    31.146383    -0.005158    0.010538     0.600219    
-2.667184    1.053606     19.636528    19.942220    -1.267225    0.500586     9.329652    
0.093552     -2.316275    29.294992    29.452426    0.000555     -0.013739    0.173761    
0.712514     -0.101041    129.752782   129.769708   0.049260     -0.006986    8.970504    
0.685112     -0.366975    84.445367    84.471883    0.100006     -0.053568    12.326570   
0.156931     -0.579344    8.141163     8.397247     0.009175     -0.033870    0.475950    
1.703346     -1.251841    72.481103    72.538636    0.001472     -0.001082    0.062625    
0.243104     0.181978     19.605880    19.706793    0.004367     0.003269     0.352197    
-1.020280    -0.902404    79.707912    79.743849    -0.018289    -0.016176    1.428816    
-0.456121    2.148455     65.703323    65.769488    -0.017445    0.082171     2.512939    
-0.320895    0.909255     91.129888    91.156245    -0.069928    0.198142     19.858696   
-0.556425    0.679141     30.670048    30.745693    -0.047403    0.057857     2.612838    
-0.257799    -0.583764    7.146156     7.439740     -0.002301    -0.005211    0.063791    
-0.123080    0.800368     5.487699     5.886045     -0.021613    0.140544     0.963636    
-1.458165    -0.007221    76.472412    76.511640    -0.200115    -0.000991    10.494894   
-0.213132    0.009262     11.618500    11.786009    -0.007891    0.000343     0.430141    
-0.516713    0.048372     38.077144    38.131524    -0.047430    0.004440     3.495191    
-0.111920    0.450267     122.282484   122.299207   -0.018728    0.075344     20.461805   
-0.177162    0.671103     25.833653    25.917839    -0.060739    0.230085     8.856973    
2.279968     1.407141     107.584280   107.635638   0.363947     0.224619     17.173469   
-1.144070    0.047389     13.808740    13.995264    -0.006066    0.000251     0.073211    
0.346387     -0.105303    67.892361    67.921857    0.011718     -0.003562    2.296719    
0.854951     -0.045395    24.042019    24.137660    0.008631     -0.000458    0.242719    
-1.290133    1.873061     129.520461   129.555384   -0.056379    0.081854     5.660108    
-1.313556    -0.735199    29.039485    29.145026    -0.038712    -0.021667    0.855817    
-0.337304    -0.076976    68.242561    68.271823    -0.033297    -0.007599    6.736676    
1.593184     -0.660900    85.941700    85.981543    0.023129     -0.009595    1.247651    
0.336067     -0.810148    61.497891    61.535639    0.016924     -0.040799    3.097009    
-0.696660    -0.556581    29.010050    29.090429    -0.182293    -0.145639    7.590965    
-0.019351    -0.789942    32.856852    32.925249    -0.000394    -0.016073    0.668545    
-0.442427    0.422726     39.425106    39.478961    -0.028973    0.027682     2.581770    
-1.023204    -0.254598    16.064229    16.218699    -0.004452    -0.001108    0.069892    
0.180285     0.398938     216.396313   216.405709   0.028810     0.063752     34.580823   
0.751949     1.156326     27.035843    27.142481    0.043263     0.066529     1.555505    
-0.538927    0.685412     32.414069    32.485490    -0.077099    0.098055     4.637178    
0.333274     1.127570     114.336875   114.359863   0.058426     0.197674     20.044379   
0.115406     0.138127     11.596481    11.763746    0.002127     0.002546     0.213769    
0.952286     -0.024165    19.327150    19.450478    0.058424     -0.001483    1.185738    
0.943336     0.616968     92.908352    92.936039    0.016785     0.010978     1.653172    
0.042327     -0.548657    21.277815    21.375761    0.003382     -0.043841    1.700216    
-0.804444    -2.446303    84.997575    85.059357    -0.008303    -0.025248    0.877264    
0.895887     -0.977459    19.455483    19.599715    0.022199     -0.024220    0.482074    
0.384006     0.691349     11.363275    11.559602    0.013194     0.023754     0.390435    
0.347830     -0.118341    67.750193    67.779780    0.059078     -0.020100    11.507222   
0.330654     0.705589     22.187475    22.288252    0.014451     0.030836     0.969659    
-0.963447    1.336030     63.942391    63.993886    -0.054397    0.075433     3.610236    
-0.183959    -0.975746    19.886708    20.008549    -0.007370    -0.039090    0.796698    
-0.586333    1.379423     30.250770    30.351782    -0.002579    0.006067     0.133046    
0.130496     -0.712626    31.067707    31.138436    0.004491     -0.024526    1.069226    
1.386887     -2.093057    47.341565    47.448952    0.476515     -0.719145    16.265905   
-0.482580    -0.688770    12.137228    12.324551    -0.059478    -0.084890    1.495903    
0.503184     0.902163     12.925082    13.114869    0.041380     0.074191     1.062918    
1.248005     1.350326     11.345022    11.660419    0.019613     0.021221     0.178288    
-1.745799    0.039386     40.389549    40.475178    -0.231935    0.005233     5.365889    
0.933267     -0.376216    173.495412   173.509496   0.117134     -0.047219    21.775286   
-0.269205    -0.575398    14.878057    15.021155    -0.038233    -0.081720    2.113032    
0.904772     -0.747851    23.934237    24.043722    0.009380     -0.007753    0.248138    
0.126565     1.144846     108.322946   108.346954   0.001515     0.013708     1.297042    
0.511328     -1.270421    96.967969    96.997615    0.094870     -0.235710    17.991120   
1.394379     -2.204672    42.848247    42.972691    0.254159     -0.401854    7.810107    
0.157844     -0.748035    22.207434    22.307612    0.008363     -0.039634    1.176649    
-0.891320    0.313309     19.155651    19.279692    -0.090401    0.031777     1.942837    
-1.572245    0.309513     11.512999    11.789480    -0.007338    0.001445     0.053736    
-1.437604    1.339189     25.470545    25.621938    -0.051062    0.047567     0.904686    
0.676957     0.270599     11.526489    11.716075    0.010148     0.004057     0.172794    
1.251386     1.487507     48.424127    48.503089    0.000247     0.000293     0.009549    
0.367973     2.575654     55.247977    55.344226    0.000827     0.005791     0.124227    
-0.555842    0.105023     63.118415    63.151637    -0.036022    0.006806     4.090430    
0.525634     -0.027484    79.417180    79.443316    0.055613     -0.002908    8.402412    
-0.193486    0.118711     39.863174    39.912393    -0.001868    0.001146     0.384832    
0.206883     0.598244     60.730591    60.765782    0.004147     0.011993     1.217478    
1.362457     0.228049     14.858937    15.052284    0.204172     0.034174     2.226698    
0.627643     0.345218     10.157632    10.371381    0.024062     0.013235     0.389413    
-0.838363    -1.163569    50.989445    51.047577    -0.208184    -0.288939    12.661786   
-0.869848    -1.341389    57.588227    57.644035    -0.099098    -0.152819    6.560774    
1.272888     0.957150     56.564687    56.621331    0.241799     0.181821     10.745077   
-0.615753    0.470898     90.811772    90.836412    -0.014439    0.011042     2.129471    
0.900750     -1.162131    34.732250    34.819047    0.105812     -0.136517    4.080053    
0.510022     0.864052     23.077446    23.182971    0.046003     0.077936     2.081533    
-0.363284    0.371000     127.276565   127.292846   -0.016396    0.016745     5.744426    
0.763028     -2.069629    51.169124    51.254461    0.005893     -0.015984    0.395193    
0.412636     0.930072     8.113579     8.410733     0.020241     0.045624     0.398001    
-0.814986    -1.213982    11.137873    11.404610    -0.000710    -0.001057    0.009699    
-1.031697    -0.780555    13.055653    13.266450    -0.018526    -0.014016    0.234436    
0.430071     -0.397365    6.087333     6.424441     0.022936     -0.021191    0.324636    
0.161360     -0.702521    13.832274    13.990222    0.082735     -0.360206    7.092282    
0.690145     1.185569     23.450403    23.572828    0.045838     0.078743     1.557535    
-1.919135    -2.207681    104.412004   104.471520   -0.172222    -0.198116    9.369857    
-0.246465    1.073003     34.119724    34.194189    -0.015299    0.066603     2.117878    
0.755967     1.954800     26.433301    26.589229    0.017640     0.045614     0.616807    
-0.561883    0.123786     18.882941    18.993985    -0.004000    0.000881     0.134414    
-0.002513    -1.358449    26.963275    27.069143    -0.000199    -0.107795    2.139571    
0.739498     -1.435827    62.127840    62.179996    0.026023     -0.050526    2.186264    
0.983241     -0.129031    15.003674    15.164716    0.117660     -0.015441    1.795422    
1.170979     -0.348520    44.463624    44.523943    0.088026     -0.026199    3.342478    
1.814819     1.620766     92.911174    92.963873    0.224734     0.200704     11.505434   
0.073527     -0.994732    93.344227    93.370309    0.014418     -0.195064    18.304540   
0.430859     0.401683     53.705214    53.744507    0.090827     0.084677     11.321326   
0.395402     0.777525     124.754202   124.772780   0.090640     0.178235     28.597937   
0.839400     -0.894717    13.571179    13.767969    0.049627     -0.052898    0.802356    
-0.804955    -1.153352    40.647064    40.719000    -0.078949    -0.113120    3.986620    
0.833930     -0.930968    30.505215    30.594203    0.140028     -0.156322    5.122238    
-1.042169    0.644242     56.951785    56.998964    -0.142271    0.087948     7.774750    
0.805005     0.993690     8.451006     8.770970     0.084442     0.104235     0.886481    
0.967980     0.419721     71.386732    71.421661    0.028311     0.012276     2.087867    
-0.266558    -0.860701    97.309083    97.333162    -0.002696    -0.008705    0.984174    
0.438144     -0.546527    41.874184    41.926280    0.012284     -0.015323    1.174011    
-1.862377    0.772083     42.223819    42.317731    -0.075087    0.031129     1.702382    
-1.410819    0.643090     19.138959    19.302297    -0.000123    0.000056     0.001666    
1.982000     1.301942     103.472082   103.517970   0.460175     0.302281     24.023862   
1.258760     -0.547130    44.897870    44.961956    0.015750     -0.006846    0.561775    
1.359637     1.864055     63.463471    63.535898    0.032815     0.044990     1.531718    
-0.051806    -1.970669    19.325440    19.525209    -0.004418    -0.168053    1.648015    
-1.198324    -0.814821    13.689956    13.906465    -0.119879    -0.081514    1.369530    
0.920792     0.549309     108.497196   108.520349   0.014627     0.008726     1.723534    
0.626509     0.354814     21.861953    21.962203    0.095751     0.054227     3.341213    
1.690446     -1.667364    35.738858    35.871697    0.198079     -0.195374    4.187715    
1.048276     -0.188387    29.619730    29.704170    0.094121     -0.016915    2.659458    
0.749673     0.978407     82.698604    82.731211    0.204681     0.267132     22.578986   
0.996432     0.602080     6.994553     7.358947     0.038416     0.023212     0.269664    
1.778618     0.685693     15.781176    16.017307    0.371771     0.143325     3.298619    
0.144032     1.560225     19.057559    19.222917    0.003524     0.038172     0.466256    
0.458352     2.934824     20.781251    21.084559    0.017552     0.112385     0.795787    
-1.135729    -1.071002    10.631080    10.923906    -0.021890    -0.020643    0.204905    
-0.562967    1.395086     114.166861   114.193740   -0.062977    0.156063     12.771394   
-0.549969    0.737708     12.643987    12.829343    -0.043586    0.058465     1.002069    
-0.080502    -1.880451    31.435238    31.552999    -0.000032    -0.000756    0.012643    
0.888390     0.693378     23.983416    24.090438    0.189003     0.147515     5.102417    
0.347456     1.164928     37.851697    37.922338    0.003511     0.011771     0.382477    
0.297813     0.629468     19.855453    19.964942    0.078207     0.165301     5.214134    
0.470927     -0.234105    36.124074    36.181491    0.011251     -0.005593    0.863078    
0.511092     0.827432     14.112652    14.282428    0.022988     0.037216     0.634750    
1.093384     1.143569     22.525667    22.666801    0.080542     0.084239     1.659313    
1.073625     0.419171     24.368142    24.474674    0.073812     0.028818     1.675322    
0.199186     1.400414     20.982675    21.122226    0.003340     0.023484     0.351867    
-0.768715    -0.118651    52.226387    52.269259    -0.053345    -0.008234    3.624220    
-0.280727    -0.209401    50.904659    50.943909    -0.035493    -0.026475    6.435931    
0.823950     0.234127     85.373868    85.400855    0.030018     0.008530     3.110353    
-1.913258    -2.112684    69.448587    69.534921    -0.012793    -0.014127    0.464384    
0.964103     0.501080     24.454386    24.557535    0.071750     0.037291     1.819932    
0.574320     -0.001979    14.038675    14.187642    0.032302     -0.000111    0.789589    
-1.022224    -1.616684    22.853523    23.017756    -0.023563    -0.037266    0.526790    
0.165430     -0.339338    42.566661    42.613825    0.026284     -0.053916    6.763234    
1.621559     0.645696     71.146521    71.195145    0.085836     0.034180     3.766108    
0.533393     -0.988914    24.714948    24.818663    0.050751     -0.094092    2.351544    
0.423197     1.384744     34.277608    34.364604    0.045367     0.148445     3.674577    
-0.969027    0.942619     11.954467    12.190643    -0.137392    0.133647     1.694942    
0.362757     -0.115744    53.616776    53.654250    0.024866     -0.007934    3.675257    
-1.460091    -1.447619    50.543056    50.623147    -0.021102    -0.020922    0.730467    
1.850399     0.665604     37.070419    37.174695    0.341806     0.122951     6.847660    
-1.190190    1.218062     26.639351    26.766214    -0.008259    0.008453     0.184864    
-1.843321    1.373136     13.900212    14.225828    -0.282532    0.210465     2.130531    
-1.147085    -0.631329    28.414497    28.512681    -0.019147    -0.010538    0.474280    
-0.069490    -0.575364    17.159925    17.282183    -0.003323    -0.027510    0.820484    
-0.678819    0.121150     43.168954    43.219313    -0.005604    0.001000     0.356378    
1.986464     0.481821     99.297906    99.338448    0.235802     0.057194     11.787098   
2.420783     -1.084765    24.972525    25.190055    0.484643     -0.217171    4.999518    
1.198965     -1.246933    54.511284    54.574238    0.048580     -0.050523    2.208685    
1.260908     -0.352838    20.471248    20.607313    0.127364     -0.035640    2.067795    
1.030612     -0.052300    36.389287    36.457099    0.096208     -0.004882    3.396945    
0.288674     -0.123916    162.533705   162.545929   0.017419     -0.007477    9.807665    
-0.621801    -0.312607    72.691158    72.721137    -0.014509    -0.007295    1.696217    
-0.461823    1.373376     7.083528     7.493381     -0.031561    0.093858     0.484094    
-0.259832    1.522909     17.127620    17.309451    -0.002491    0.014600     0.164205    
-0.050979    0.231703     13.817734    13.959262    -0.000127    0.000575     0.034319    
-0.575882    -0.786008    47.943439    47.993726    -0.046788    -0.063860    3.895218    
-0.300634    1.054847     71.494700    71.530204    -0.000940    0.003298     0.223563    
0.355738     1.102728     16.114376    16.275461    0.063312     0.196258     2.867952    
0.292564     -0.247815    15.860146    15.986438    0.008157     -0.006910    0.442210    
-0.923515    -0.487521    26.666595    26.759536    -0.040308    -0.021278    1.163892    
1.399122     -0.433244    20.585096    20.730808    0.128773     -0.039875    1.894616    
-0.412446    -1.433825    26.149553    26.265949    -0.092733    -0.322375    5.879356    
-0.062728    1.076749     10.225032    10.468503    -0.001890    0.032450     0.308156    
-0.885162    0.080500     25.335594    25.427490    -0.030285    0.002754     0.866821    
-1.733154    1.192010     40.637230    40.739221    -0.371658    0.255615     8.714266    
1.234822     1.568156     22.148987    22.325691    0.004176     0.005303     0.074897    
-0.473279    -1.521217    63.608387    63.658778    -0.019810    -0.063675    2.662498    
-1.758310    0.914316     36.741977    36.848005    -0.069421    0.036099     1.450643    
-1.725769    2.219804     38.135625    38.289772    -0.239306    0.307812     5.288122    
0.490006     -0.675159    21.953285    22.057144    0.067310     -0.092743    3.015615    
-0.776906    1.040114     9.809229     10.088675    -0.009249    0.012382     0.116776    
0.851694     0.654198     9.101683     9.373844     0.114280     0.087780     1.221256    
1.675806     -0.847834    52.917862    52.987755    0.063930     -0.032344    2.018765    
-2.614505    -0.878036    81.775523    81.845694    -0.295810    -0.099343    9.252250    
-2.167116    -0.429254    76.919462    76.976355    -0.130704    -0.025889    4.639201    
-1.083587    0.371343     12.257264    12.467058    -0.016257    0.005571     0.183899    
0.265121     -0.039957    85.587319    85.610373    0.036597     -0.005516    11.814249   
0.095813     0.029967     12.088652    12.248287    0.008789     0.002749     1.108849    
1.844549     1.215359     52.082398    52.166375    0.310421     0.204534     8.765004    
1.449322     0.234281     46.835105    46.899439    0.369426     0.059717     11.938075   
-0.646178    0.562194     17.783741    17.912845    -0.165450    0.143946     4.553415    
-0.876366    0.410372     10.964605    11.181858    -0.012423    0.005817     0.155427    
0.199108     0.356187     12.072930    12.239162    0.014949     0.026742     0.906428    
-1.692474    -0.747505    32.691541    32.802973    -0.074507    -0.032907    1.439169    
1.477055     0.562862     27.049387    27.166943    0.457586     0.174373     8.379806    
-0.232281    0.126652     92.798315    92.819568    -0.019523    0.010645     7.799431    
1.707709     -2.771019    121.589018   121.648506   0.079826     -0.129530    5.683618    
-0.631470    0.951987     57.521468    57.566477    -0.007645    0.011526     0.696439    
-2.217179    2.463603     50.734356    50.880596    -0.023509    0.026122     0.537952    
-0.436210    0.512502     37.775609    37.832850    -0.013206    0.015515     1.143593    
0.993689     0.306635     56.347193    56.391156    0.091866     0.028348     5.209260    
0.189781     -1.574996    17.967533    18.144526    0.030973     -0.257045    2.932370    
-1.504282    -0.100195    13.827695    14.048238    -0.081610    -0.005436    0.750180    
0.583940     1.909546     16.144157    16.385851    0.058505     0.191318     1.617487    
0.594983     0.070089     23.011706    23.103517    0.025498     0.003004     0.986171    
-0.151175    -0.873716    71.440170    71.472786    -0.034801    -0.201131    16.445664   
0.456986     -0.162689    22.645372    22.735944    0.001943     -0.000692    0.096274    
-0.151354    -0.456509    20.679542    20.778588    -0.005197    -0.015676    0.710110    
-0.012164    -0.692567    26.153283    26.236405    -0.002327    -0.132511    5.004001    
-0.732977    1.146119     59.152828    59.201207    -0.114891    0.179649     9.271948    
-0.676096    1.379235     24.791832    24.917248    -0.021246    0.043342     0.779069    
0.334151     -0.182667    37.162588    37.216635    0.003299     -0.001804    0.366930    
-0.087218    -1.229228    9.892510     10.161463    -0.001135    -0.015990    0.128680    
-0.255682    1.232337     20.323627    20.457487    -0.001936    0.009332     0.153899    
