0.781193     -0.792138    30.468789    30.552575    0.049804     -0.050501    1.942489    
-0.698976    -1.350807    88.547258    88.582194    -0.016900    -0.032661    2.140950    
1.069020     0.517709     130.159465   130.179769   0.086830     0.042051     10.572114   
-2.175808    -1.326663    71.568746    71.641151    -0.004037    -0.002461    0.132777    
0.127981     0.812412     18.383952    18.507324    0.004014     0.025478     0.576532    
-1.720133    1.752677     122.979670   123.019938   -0.091406    0.093136     6.535037    
-0.133951    -3.484829    39.651934    39.853642    -0.021323    -0.554733    6.312005    
-2.175773    0.114824     43.677634    43.776224    -0.062935    0.003321     1.263398    
0.432028     -0.810585    88.104871    88.131645    0.056350     -0.105726    11.491658   
0.759378     -0.605668    47.038995    47.090185    0.044494     -0.035488    2.756138    
-0.970866    0.973130     12.727823    12.952297    -0.514886    0.516087     6.750031    
-2.259546    2.046698     21.378336    21.684158    -0.234132    0.212077     2.215205    
0.437445     -1.156590    19.557130    19.694805    0.079278     -0.209609    3.544340    
-1.357297    -0.801954    65.869635    65.917897    -0.065553    -0.038732    3.181300    
0.154708     -0.756980    16.408519    16.544226    0.000433     -0.002117    0.045880    
-0.416440    -1.299567    56.868685    56.919105    -0.021055    -0.065706    2.875260    
1.505072     0.209791     18.453474    18.620282    0.123756     0.017250     1.517357    
-0.237909    -2.757037    37.200121    37.354809    -0.000376    -0.004362    0.058859    
-1.827872    0.174186     63.199747    63.257050    -0.316335    0.030145     10.937454   
0.736330     1.548346     27.382124    27.506276    0.015462     0.032514     0.574999    
-0.316802    -0.189567    10.417712    10.608486    -0.005878    -0.003517    0.193293    
-1.651052    -1.834022    87.189599    87.246723    -0.158304    -0.175847    8.359779    
-0.914125    2.028023     72.246895    72.307933    -0.004991    0.011074     0.394490    
0.990733     0.021824     43.942602    43.997833    0.125375     0.002762     5.560859    
0.052862     0.235372     16.977555    17.092996    0.001374     0.006116     0.441177    
-3.223410    -0.167174    31.602379    31.827718    -0.407630    -0.021141    3.996412    
1.014563     -1.375292    82.490664    82.531845    0.018969     -0.025713    1.542306    
-0.144422    1.068616     12.003070    12.211119    -0.030516    0.225795     2.536214    
0.174090     -0.438704    36.630739    36.686629    0.007991     -0.020136    1.681308    
-1.855118    -0.329681    53.332618    53.402184    -0.114971    -0.020432    3.305302    
1.666169     0.671297     59.033081    59.093201    0.134507     0.054193     4.765635    
0.463778     0.883639     13.786300    13.961838    0.072362     0.137872     2.151042    
-0.739616    -0.571367    34.829826    34.897926    -0.010004    -0.007728    0.471084    
-0.764975    -1.052702    50.453002    50.508155    -0.023472    -0.032300    1.548052    
0.449073     0.018613     119.181196   119.198298   0.073014     0.003026     19.377584   
-0.132587    0.276490     68.753829    68.782687    -0.030780    0.064188     15.961446   
1.062594     0.013785     67.937669    67.974489    0.185620     0.002408     11.867770   
1.043388     0.663451     15.917782    16.086626    0.020341     0.012934     0.310324    
1.547893     -0.443438    87.074574    87.111704    0.056393     -0.016155    3.172315    
0.299294     -1.958283    25.174040    25.328476    0.058019     -0.379621    4.880090    
-0.124700    -0.966476    62.727858    62.766302    -0.018057    -0.139949    9.083203    
0.650090     1.427530     51.555709    51.617115    0.045278     0.099425     3.590756    
-1.140317    1.076827     23.821189    23.953786    -0.015760    0.014883     0.329233    
0.435560     -0.217807    44.829931    44.875771    0.077687     -0.038848    7.995887    
1.474245     1.734508     19.050758    19.286997    0.179063     0.210675     2.313925    
-0.058839    -0.321512    14.487702    14.624475    -0.000049    -0.000269    0.012122    
0.736740     -0.141443    34.468779    34.533093    0.003553     -0.000682    0.166235    
0.775003     0.370217     45.503341    45.553998    0.035497     0.016957     2.084154    
-2.622180    0.363513     52.272772    52.376766    -0.128545    0.017820     2.562517    
-1.556893    -1.436522    46.994828    47.083716    -0.009887    -0.009123    0.298437    
-1.008153    -0.604766    7.040161     7.404116     -0.040659    -0.024390    0.283929    
-1.000225    -0.162226    14.363697    14.533324    -0.105223    -0.017066    1.511049    
-1.412714    -0.300970    11.991919    12.237950    -0.012387    -0.002639    0.105144    
-1.013537    0.482537     43.612233    43.671065    -0.063654    0.030305     2.739007    
-0.954776    1.101582     34.818713    34.904768    -0.015573    0.017968     0.567927    
-0.392901    0.065761     44.638947    44.684105    -0.044536    0.007454     5.059841    
0.063510     0.779947     25.650817    25.738137    0.009536     0.117103     3.851260    
-0.124078    0.350882     23.664106    23.748755    -0.021461    0.060691     4.093084    
-0.877405    0.498248     111.384527   111.406489   -0.000754    0.000428     0.095732    
-1.173166    -0.404515    34.445300    34.523812    -0.471000    -0.162404    13.829035   
1.927965     1.792807     101.286977   101.340308   0.157223     0.146201     8.259807    
0.554689     1.191529     27.814030    27.914559    0.005658     0.012153     0.283700    
-1.558704    0.143331     43.383546    43.456382    -0.206746    0.019011     5.754377    
-1.761412    0.082689     78.625463    78.669866    -0.193791    0.009097     8.650390    
0.208382     -0.208096    112.033933   112.051612   0.000910     -0.000909    0.489258    
1.614831     -0.448838    20.623352    20.784772    0.267497     -0.074350    3.416267    
2.433280     -1.292457    110.948647   111.000308   0.090349     -0.047990    4.119585    
0.338716     0.119636     23.923971    24.007507    0.009930     0.003507     0.701382    
1.052245     1.109687     25.356571    25.478800    0.175807     0.185404     4.236529    
1.540717     0.248050     21.608893    21.754414    0.124412     0.020030     1.744903    
0.281373     -1.324218    39.449353    39.521628    0.013023     -0.061292    1.825924    
-1.412955    -1.930743    78.416324    78.477506    -0.049013    -0.066975    2.720155    
1.170489     0.135828     31.948184    32.030453    0.033670     0.003907     0.919005    
2.679903     2.006950     45.556231    45.721493    0.300623     0.225133     5.110347    
-0.115581    0.109930     10.908069    11.085412    -0.010417    0.009908     0.983098    
-2.223591    -1.086917    71.698044    71.767752    -0.049733    -0.024310    1.603615    
0.812150     -0.787943    10.833027    11.068418    0.008774     -0.008512    0.117032    
0.393929     1.018215     14.073284    14.252165    0.006628     0.017133     0.236799    
1.183214     0.468650     49.844606    49.899692    0.000886     0.000351     0.037325    
-0.025119    -0.383424    21.428634    21.522289    -0.000634    -0.009674    0.540668    
1.122939     -0.605121    33.278133    33.360699    0.035512     -0.019137    1.052398    
1.706451     -0.171617    99.860246    99.894370    0.166142     -0.016709    9.722509    
-0.340857    0.460247     76.575308    76.602746    -0.023434    0.031642     5.264637    
0.800151     0.681010     4.163371     4.723625     0.155710     0.132525     0.810197    
0.839314     1.975274     96.343291    96.387296    0.004161     0.009792     0.477626    
-0.262493    -0.897233    19.629147    19.749742    -0.007680    -0.026252    0.574324    
-0.608912    -1.066769    10.237403    10.497054    -0.011047    -0.019353    0.185722    
-1.833433    -0.301827    33.669462    33.778102    -0.069958    -0.011517    1.284719    
0.301594     -1.170026    85.377967    85.409204    0.004192     -0.016265    1.186850    
1.433074     0.223891     104.778834   104.807360   0.054046     0.008444     3.951579    
2.300011     1.073414     34.117893    34.268759    0.431013     0.201154     6.393562    
0.799699     0.437686     13.973809    14.141194    0.024679     0.013507     0.431244    
0.229103     1.458874     53.900834    53.956979    0.041525     0.264419     9.769454    
2.226292     2.051190     50.180514    50.310265    0.026517     0.024431     0.597689    
0.578186     0.578537     58.939237    58.977772    0.098828     0.098888     10.074361   
1.414643     -1.001506    17.139291    17.338814    0.094019     -0.066562    1.139104    
0.698589     -1.070521    43.517166    43.580417    0.055419     -0.084925    3.452234    
-0.692347    2.146428     46.503829    46.600081    -0.193543    0.600026     12.999975   
-0.773323    0.715302     41.412198    41.472338    -0.056074    0.051867     3.002806    
-1.333239    -0.314884    44.308988    44.373844    -0.038455    -0.009082    1.278014    
1.462315     -1.745725    12.599667    12.954246    0.007952     -0.009493    0.068518    
0.575479     0.403157     124.069642   124.087247   0.111051     0.077798     23.941971   
-2.274619    0.494730     46.213319    46.313761    -0.047941    0.010427     0.974012    
0.837521     1.328536     16.079173    16.275172    0.021519     0.034134     0.413124    
1.224396     0.106328     73.266025    73.302769    0.086269     0.007492     5.162211    
1.913995     -0.770124    22.747596    22.925631    0.200686     -0.080749    2.385131    
-1.152651    -0.653098    15.577844    15.757516    -0.088440    -0.050111    1.195254    
-0.025309    -0.418961    24.874177    24.955477    -0.001551    -0.025668    1.523965    
-0.676044    0.060227     23.842690    23.933438    -0.020422    0.001819     0.720240    
0.516156     -0.896110    43.656207    43.712799    0.096224     -0.167057    8.138609    
-0.774016    0.606186     60.385942    60.426017    -0.011910    0.009327     0.929141    
1.128345     1.297384     12.959436    13.220374    0.212002     0.243762     2.434919    
-2.118747    1.679200     42.720664    42.851358    -0.029645    0.023495     0.597735    
1.326860     -1.505598    63.602977    63.665069    0.013424     -0.015232    0.643475    
-0.357777    0.990018     12.616439    12.812401    -0.003534    0.009780     0.124636    
0.800870     0.403086     10.055169    10.285195    0.111057     0.055896     1.394355    
-1.318753    0.856758     15.711295    15.912036    -0.000462    0.000300     0.005509    
0.199609     0.815558     47.396645    47.444935    0.001618     0.006611     0.384224    
0.408760     -1.286428    27.986504    28.088100    0.083553     -0.262953    5.720602    
-2.949268    0.426274     55.809873    55.924027    -0.490429    0.070884     9.280527    
-0.341314    0.260954     10.305114    10.500234    -0.014168    0.010832     0.427771    
-0.642830    1.258057     60.651108    60.699488    -0.082548    0.161552     7.788435    
0.817105     1.164012     15.599324    15.787224    0.077182     0.109950     1.473480    
1.101159     2.657130     246.423703   246.448350   0.034411     0.083035     7.700740    
0.999600     -0.390800    64.263276    64.302375    0.001169     -0.000457    0.075158    
-0.705763    1.585708     24.811132    24.949545    -0.019969    0.044867     0.702019    
-0.063784    -0.262456    65.746907    65.776923    -0.016019    -0.065916    16.512314   
0.100299     0.085543     101.100614   101.119862   0.010520     0.008973     10.604440   
-0.894034    0.076659     34.521792    34.589510    -0.010169    0.000872     0.392677    
-1.462788    0.701152     56.078802    56.136782    -0.008000    0.003834     0.306683    
-0.365558    -0.270747    22.129012    22.221050    -0.004964    -0.003677    0.300499    
-0.542657    2.184494     23.941569    24.127581    -0.002713    0.010922     0.119700    
0.508548     -0.218626    29.597658    29.668210    0.011120     -0.004781    0.647193    
0.892939     0.896104     57.439897    57.487538    0.014982     0.015035     0.963763    
-1.558564    -1.636402    101.167848   101.212229   -0.208054    -0.218444    13.504957   
0.922593     0.273737     58.404459    58.445547    0.029027     0.008612     1.837532    
1.412880     0.799068     91.130679    91.166388    0.023103     0.013066     1.490118    
-0.457027    -0.438101    38.453376    38.508932    -0.007506    -0.007195    0.631500    
-1.089846    -1.342731    89.445209    89.483580    -0.219313    -0.270201    17.999294   
0.439043     1.259534     60.838949    60.885400    0.001008     0.002891     0.139644    
1.166427     0.102498     25.667835    25.769823    0.003691     0.000324     0.081220    
-0.079846    -0.476050    73.270797    73.298824    -0.004367    -0.026036    4.007320    
-1.078564    0.524138     13.072955    13.274605    -0.018504    0.008992     0.224283    
-0.239519    1.450538     42.941395    43.011624    -0.022974    0.139130     4.118776    
0.340470     -0.443391    16.742670    16.867260    0.016077     -0.020937    0.790607    
0.581624     1.015684     10.731735    10.973376    0.009381     0.016382     0.173093    
0.521917     -0.798177    6.935391     7.272144     0.001734     -0.002651    0.023038    
-0.478415    1.176301     31.073425    31.161599    -0.021595    0.053096     1.402591    
-0.206903    0.204552     19.125435    19.228673    -0.030706    0.030357     2.838375    
-0.524684    -0.725304    56.129391    56.171032    -0.159512    -0.220503    17.064146   
0.691576     -1.031362    28.295532    28.391091    0.040454     -0.060330    1.655164    
-1.417244    0.101671     156.277971   156.296827   -0.057371    0.004116     6.326205    
-0.515502    1.685426     144.022607   144.046842   -0.005126    0.016761     1.432237    
1.662548     -2.226381    87.985527    88.051399    0.006384     -0.008549    0.337856    
2.256018     0.426844     21.083976    21.299784    0.114250     0.021616     1.067744    
0.327089     0.542893     30.655718    30.725392    0.058960     0.097860     5.525889    
0.313510     -2.490967    38.197611    38.330610    0.049465     -0.393023    6.026796    
-0.762883    -0.105946    65.234460    65.268698    -0.032629    -0.004531    2.790099    
-0.124138    -0.243942    33.528307    33.587159    -0.010104    -0.019855    2.728927    
0.096486     -0.637712    14.968496    15.111148    0.006208     -0.041029    0.963038    
1.912927     1.745238     31.374845    31.543002    0.061461     0.056073     1.008050    
-1.093447    -0.151385    52.497667    52.546156    -0.130467    -0.018063    6.263889    
0.271874     -1.347159    21.073522    21.209833    0.026655     -0.132080    2.066120    
-0.210626    1.427779     8.909452     9.237760     -0.008859    0.060053     0.374737    
0.823122     -0.796939    9.886334     10.145305    0.135188     -0.130887    1.623707    
-1.099507    1.033924     23.679851    23.809415    -0.046396    0.043628     0.999218    
-0.287700    -0.197784    10.429010    10.618903    -0.010260    -0.007053    0.371919    
-0.307824    0.503112     88.216524    88.240455    -0.036973    0.060430     10.595823   
0.557947     2.314728     24.205460    24.401814    0.003751     0.015561     0.162724    
-1.028956    0.565613     69.630248    69.667963    -0.087874    0.048304     5.946523    
-1.439838    0.352962     14.778890    14.982932    -0.031294    0.007671     0.321208    
0.853800     0.020011     11.575472    11.772676    0.013758     0.000322     0.186531    
-0.047531    -0.384611    22.945452    23.032996    -0.000199    -0.001613    0.096228    
-1.309959    0.316817     45.150018    45.213000    -0.055439    0.013408     1.910786    
0.098467     -0.944657    101.052255   101.075889   0.015929     -0.152819    16.347460   
-2.069770    -0.082251    41.776428    41.874045    -0.035371    -0.001406    0.713931    
-0.452571    0.110229     36.555246    36.611172    -0.088899    0.021652     7.180561    
0.168429     -2.668919    192.261409   192.290083   0.003924     -0.062184    4.479585    
-1.043235    0.915241     16.162724    16.341193    -0.139044    0.121984     2.154188    
0.391682     -0.334365    51.681361    51.721400    0.028929     -0.024696    3.817079    
-0.710868    -1.324166    26.225739    26.342420    -0.030004    -0.055891    1.106939    
-0.691765    1.219756     19.050559    19.203258    -0.026767    0.047197     0.737143    
-0.990839    0.175418     41.946621    42.004839    -0.297570    0.052682     12.597441   
0.010221     0.057793     70.909588    70.936930    0.001184     0.006696     8.215997    
0.438461     2.083431     44.371492    44.466136    0.017913     0.085116     1.812738    
-1.398450    -0.709337    87.782712    87.818781    -0.045330    -0.022993    2.845416    
-1.214840    -2.069105    48.137673    48.237616    -0.024182    -0.041186    0.958185    
-0.472371    -1.791192    52.612913    52.682303    -0.037068    -0.140559    4.128644    
-0.240387    -0.174532    15.182480    15.312443    -0.000024    -0.000017    0.001515    
-0.663799    -1.191540    8.573028     8.901245     -0.008695    -0.015607    0.112293    
-1.280355    0.530307     26.711763    26.820025    -0.224850    0.093130     4.690997    
-1.465383    -0.344289    96.294507    96.326387    -0.022984    -0.005400    1.510327    
1.133202     -0.860782    71.190374    71.231800    0.169937     -0.129085    10.675866   
0.256187     -0.209466    51.332180    51.370976    0.033923     -0.027736    6.797144    
1.151912     0.149989     87.622499    87.652306    0.312610     0.040705     23.779318   
-1.353417    0.088800     82.849073    82.883554    -0.015965    0.001047     0.977289    
-1.137308    -0.351048    24.449209    24.557187    -0.002826    -0.000872    0.060761    
1.153398     0.756293     13.665363    13.875136    0.246773     0.161811     2.923749    
-0.141513    -1.224005    10.622837    10.873722    -0.000091    -0.000785    0.006813    
-0.980647    -1.601359    39.793028    39.885913    -0.158609    -0.259002    6.436076    
-0.784152    -0.182721    16.839336    16.973110    -0.157986    -0.036814    3.392693    
-0.242058    1.087709     11.624832    11.842862    -0.008427    0.037868     0.404708    
2.863888     0.515643     64.799722    64.894890    0.076207     0.013721     1.724289    
-1.199393    -1.911626    43.095771    43.199691    -0.119947    -0.191175    4.309866    
1.764090     0.397853     42.630094    42.713818    0.076613     0.017278     1.851380    
0.539117     -0.837156    13.188999    13.372215    0.013721     -0.021306    0.335669    
-0.359370    0.095369     147.011336   147.024984   -0.009381    0.002490     3.837675    
-1.602975    0.748156     39.296521    39.385540    -0.042659    0.019910     1.045773    
3.175276     -0.781333    22.681274    23.000174    0.465843     -0.114629    3.327561    
-0.853591    -2.194819    42.798259    42.908178    -0.033240    -0.085468    1.666605    
-0.550612    0.953537     9.490507     9.754849     -0.043118    0.074671     0.743201    
0.683042     -2.771909    84.475400    84.546545    0.002466     -0.010009    0.305040    
-1.003228    1.975412     11.311102    11.692934    -0.283000    0.557244     3.190747    
0.018958     0.093107     63.583205    63.613740    0.002726     0.013391     9.144586    
0.461813     0.423915     39.431066    39.485148    0.029167     0.026774     2.490397    
0.634431     -1.235449    66.521951    66.565560    0.002208     -0.004300    0.231518    
-0.573983    0.355948     15.216397    15.358054    -0.001071    0.000664     0.028390    
-0.378574    0.436936     25.271605    25.354747    -0.000694    0.000801     0.046345    
1.035206     -0.597923    20.246288    20.376857    0.365615     -0.211175    7.150595    
-0.128204    0.638876     73.828898    73.858010    -0.002758    0.013742     1.588077    
0.396020     0.262809     15.778467    15.907887    0.007482     0.004965     0.298099    
1.008078     -1.028353    68.787793    68.831019    0.126359     -0.128900    8.622293    
-0.099287    -2.399659    56.676049    56.761058    -0.007157    -0.172986    4.085646    
-1.894882    -0.495644    29.269432    29.400865    -0.174269    -0.045584    2.691865    
1.678587     0.390302     38.905201    38.993071    0.077356     0.017987     1.792909    
-2.069209    0.578744     50.226841    50.311302    -0.048368    0.013528     1.174058    
-0.516192    -0.942912    28.349771    28.438355    -0.049866    -0.091089    2.738711    
-1.577754    0.479290     22.513378    22.659350    -0.176941    0.053751     2.524817    
-1.143082    -0.107803    8.765020     9.056422     -0.135580    -0.012787    1.039615    
0.086493     -0.298919    92.928824    92.950191    0.004475     -0.015464    4.807606    
-1.789058    -0.073056    26.035889    26.171521    -0.247014    -0.010087    3.594751    
-0.520535    -0.695372    24.901908    24.994689    -0.027341    -0.036524    1.307966    
-0.488707    -0.828726    88.358705    88.385866    -0.006859    -0.011631    1.240120    
0.277979     1.483861     43.037874    43.109311    0.006657     0.035535     1.030670    
0.174618     0.526802     19.467705    19.574844    0.000413     0.001246     0.046055    
1.393252     -0.225946    44.295540    44.361718    0.022475     -0.003645    0.714535    
0.081957     1.010531     54.189331    54.234550    0.000399     0.004919     0.263805    
0.705468     0.894034     239.437928   239.448727   0.055572     0.070426     18.861407   
-1.532612    1.595754     37.637170    37.753501    -0.162009    0.168684     3.978547    
-0.266084    -0.722050    27.092145    27.174463    -0.033531    -0.090990    3.414065    
1.061770     1.015240     35.672652    35.757113    0.047922     0.045822     1.610065    
-1.323094    -1.436259    93.068024    93.109320    -0.171423    -0.186084    12.058075   
-0.087990    -0.094739    51.800856    51.838406    -0.003586    -0.003861    2.110993    
2.113181     0.030710     24.329181    24.500010    0.447016     0.006496     5.146526    
-0.253728    2.490287     49.318234    49.420938    -0.018808    0.184597     3.655800    
0.555030     -1.246856    26.739374    26.846448    0.000359     -0.000807    0.017315    
-0.195777    -0.883844    54.473539    54.516612    -0.010311    -0.046547    2.868838    
-0.766343    -0.282226    12.453936    12.634968    -0.024199    -0.008912    0.393256    
-0.494227    0.341093     10.842402    11.035997    -0.037535    0.025905     0.823444    
-0.791436    1.221593     83.093693    83.129751    -0.065999    0.101871     6.929323    
1.340477     0.579807     27.971730    28.078919    0.198428     0.085828     4.140599    
-0.085396    1.987921     19.028062    19.232817    -0.002670    0.062160     0.594986    
0.553904     -0.030896    5.187844     5.576418     0.008023     -0.000447    0.075140    
-0.103428    0.362269     132.748829   132.763958   -0.020163    0.070623     25.878739   
-1.724867    -0.288238    58.520001    58.579209    -0.160025    -0.026741    5.429213    
1.730341     1.125803     41.953972    42.050829    0.437024     0.284339     10.596109   
-2.154762    2.234970     34.755805    34.949664    -0.039895    0.041381     0.643505    
1.864714     -0.444194    39.292267    39.388217    0.001418     -0.000338    0.029886    
1.659148     0.491574     26.911479    27.038807    0.051882     0.015372     0.841536    
0.112390     0.005534     141.354895   141.368645   0.003894     0.000192     4.897897    
-1.376623    1.595756     151.070597   151.098120   -0.209844    0.243247     23.028251   
1.872494     -1.443750    32.269261    32.415595    0.055698     -0.042945    0.959869    
-0.965097    -0.856905    54.353892    54.404836    -0.152172    -0.135113    8.570290    
-0.352674    0.519637     7.003539     7.301980     -0.045570    0.067144     0.904951    
0.936009     1.540937     48.953230    49.025955    0.131978     0.217272     6.902416    
-0.418822    -1.938676    45.505811    45.591531    -0.057750    -0.267316    6.274615    
1.302290     -0.030701    76.533546    76.569939    0.197973     -0.004667    11.634586   
0.085134     -1.096820    19.048724    19.181739    0.002326     -0.029965    0.520404    
0.174969     0.068340     34.263094    34.320109    0.013799     0.005390     2.702108    
-0.681467    -1.314699    104.718856   104.747824   -0.007539    -0.014544    1.158442    
-0.342549    1.187922     24.491522    24.601588    -0.003134    0.010868     0.224068    
0.004130     0.295335     26.232530    26.307942    0.000127     0.009063     0.805039    
0.584121     -0.275930    36.895054    36.953177    0.031741     -0.014994    2.004878    
1.359543     0.746181     36.386715    36.472909    0.096385     0.052901     2.579644    
0.207172     1.604661     39.558603    39.640584    0.000482     0.003736     0.092109    
-0.355136    -0.587349    26.589470    26.671070    -0.004212    -0.006966    0.315356    
1.541362     -0.595845    81.231424    81.272074    0.007971     -0.003082    0.420102    
0.967333     -0.995364    78.794366    78.831171    0.095861     -0.098639    7.808367    
1.145462     -2.920338    36.833062    37.018777    0.095621     -0.243785    3.074757    
-1.237817    1.500256     86.696342    86.740495    -0.252553    0.306099     17.688743   
-0.717789    0.127145     45.191579    45.240304    -0.031388    0.005560     1.976180    
-0.301746    0.492872     10.522531    10.720662    -0.076070    0.124253     2.652732    
0.365245     -1.189096    128.494313   128.515411   0.027957     -0.091016    9.835223    
1.556247     2.752020     53.381576    53.511336    0.035035     0.061954     1.201742    
0.031222     0.733733     9.577822     9.805558     0.002446     0.057472     0.750218    
1.207373     -0.249544    16.851409    17.010731    0.085974     -0.017769    1.199947    
-0.099332    -1.405166    22.252956    22.384221    -0.002501    -0.035374    0.560205    
-3.269525    1.693888     51.413538    51.582807    -0.141962    0.073548     2.232358    
-0.663015    -0.792193    49.590488    49.640292    -0.362014    -0.432546    27.076986   
1.207050     -0.817788    38.967614    39.044534    0.092688     -0.062797    2.992292    
0.206624     1.210740     9.941819     10.208982    0.020667     0.121099     0.994387    
0.043927     0.009899     52.075444    52.112656    0.003307     0.000745     3.919859    
-1.084885    -1.002448    52.516712    52.574347    -0.163253    -0.150848    7.902707    
0.940964     -0.384916    7.262127     7.592563     0.056725     -0.023204    0.437787    
0.157433     0.031981     45.032651    45.075940    0.008491     0.001725     2.428865    
-0.425393    -0.662916    29.286102    29.362751    -0.031602    -0.049247    2.175626    
0.584983     -0.629091    9.466389     9.706978     0.002336     -0.002512    0.037802    
0.230818     0.930366     8.831210     9.098576     0.010865     0.043794     0.415704    
-1.298355    0.945300     25.761372    25.886339    -0.018087    0.013168     0.358867    
-1.868816    0.454946     20.789539    20.970917    -0.443422    0.107947     4.932818    
-0.250348    0.676675     7.477259     7.765624     -0.015703    0.042445     0.469022    
0.690235     -0.362568    26.989557    27.072478    0.034450     -0.018096    1.347081    
1.895094     -0.307320    33.438643    33.551507    0.033959     -0.005507    0.599196    
-0.193183    0.860120     85.377936    85.405175    -0.069243    0.308293     30.602036   
1.532441     0.959894     60.239079    60.298352    0.001526     0.000956     0.060004    
0.913990     0.878187     107.379748   107.405269   0.109011     0.104741     12.807083   
-0.139323    1.817829     18.793248    18.983810    -0.000745    0.009725     0.100538    
1.194214     -0.560469    29.518662    29.613623    0.110632     -0.051922    2.734617    
-1.124962    -0.252614    88.671307    88.700648    -0.019291    -0.004332    1.520557    
0.059351     0.243074     9.219861     9.430981     0.000052     0.000215     0.008147    
1.806639     -1.583865    167.723224   167.751982   0.024622     -0.021586    2.285837    
-1.418303    -1.342658    20.667978    20.853167    -0.092611    -0.087671    1.349556    
0.708123     -0.122930    15.221650    15.365224    0.009521     -0.001653    0.204654    
-0.194960    1.432507     18.685307    18.844250    -0.019460    0.142983     1.865041    
1.165082     -0.268207    16.894316    17.050578    0.018217     -0.004194    0.264156    
1.182212     -1.559762    39.881850    39.978336    0.056718     -0.074832    1.913382    
0.739512     0.918688     50.419525    50.471718    0.197948     0.245909     13.496005   
1.014992     -1.555761    52.964362    53.033473    0.001485     -0.002277    0.077506    
0.073365     0.906332     8.854564     9.116199     0.008290     0.102415     1.000560    
1.008647     0.136395     40.113578    40.174744    0.116652     0.015774     4.639206    
-2.547444    -0.255417    29.099338    29.277998    -0.069412    -0.006959    0.792885    
0.200081     0.662302     7.935849     8.205567     0.003265     0.010807     0.129497    
0.491070     0.003167     24.927671    25.010096    0.041483     0.000268     2.105774    
0.769274     0.160369     51.694144    51.737578    0.165893     0.034583     11.147777   
-1.111597    -0.846011    29.917213    30.014429    -0.198453    -0.151038    5.341104    
0.313840     1.361990     17.592514    17.757393    0.010302     0.044710     0.577508    
-2.303772    -0.529211    40.451906    40.568695    -0.187356    -0.043039    3.289786    
0.169388     1.280603     33.928249    34.009847    0.008360     0.063202     1.674480    
-1.216421    0.280345     60.407350    60.452305    -0.007285    0.001679     0.361791    
-1.067646    1.027602     54.920746    54.975987    -0.132579    0.127606     6.819983    
-0.661316    1.212963     69.935094    69.976431    -0.040159    0.073659     4.246909    
-0.608921    -0.282516    211.456703   211.466931   -0.076995    -0.035723    26.737611   
0.131552     0.475249     6.691744     6.992679     0.008875     0.032062     0.451453    
-0.547190    -0.365237    18.715421    18.830155    -0.072728    -0.048544    2.487500    
-0.306967    1.893100     51.659659    51.732711    -0.002989    0.018433     0.502997    
-0.625726    -2.405875    56.838934    56.927315    -0.019733    -0.075870    1.792438    
1.040612     1.057860     54.705083    54.760598    0.035118     0.035700     1.846138    
0.561851     -0.101508    11.892141    12.067475    0.027948     -0.005049    0.591545    
-2.196981    1.863099     15.784303    16.165303    -0.093628    0.079399     0.672674    
1.299851     0.579278     21.315408    21.453362    0.135089     0.060202     2.215227    
-0.117560    -1.354651    47.947259    48.006911    -0.002876    -0.033146    1.173188    
-1.774858    0.798387     39.888453    39.984386    -0.006131    0.002758     0.137797    
1.189096     -0.251724    27.965354    28.060885    0.172353     -0.036486    4.053435    
1.816869     1.158336     21.758503    21.953363    0.124258     0.079220     1.488095    
-1.755971    -0.002332    19.694318    19.870193    -0.035708    -0.000047    0.400484    
0.021497     -0.380364    28.379628    28.450367    0.001856     -0.032833    2.449698    
0.294827     0.662667     8.803356     9.049866     0.008175     0.018375     0.244104    
-0.897718    -1.220766    37.010437    37.093714    -0.069077    -0.093935    2.847853    
1.127754     -0.091508    28.666527    28.756303    0.154864     -0.012566    3.936518    
0.230863     -0.898003    129.182450   129.200774   0.051788     -0.201444    28.978715   
-1.248378    -0.873964    21.937135    22.077932    -0.169507    -0.118668    2.978660    
1.458541     -0.275005    13.986122    14.201744    0.295836     -0.055779    2.836804    
-0.807283    1.255876     25.365946    25.485978    -0.008845    0.013760     0.277923    
0.617925     -0.865092    11.077844    11.301495    0.000461     -0.000646    0.008269    
-0.050133    -0.217156    9.858319     10.055400    -0.004841    -0.020971    0.952035    
-0.481322    0.751528     76.220486    76.251124    -0.006981    0.010900     1.105454    
-0.513503    1.818341     20.262321    20.445211    -0.013830    0.048973     0.545723    
-1.465534    -0.902566    25.160901    25.296409    -0.047706    -0.029380    0.819031    
0.417495     0.206537     23.345294    23.432769    0.019530     0.009661     1.092052    
-0.022101    -1.740189    95.996643    96.032594    -0.001335    -0.105114    5.798584    
-0.273499    0.745978     27.251453    27.334007    -0.007209    0.019662     0.718280    
0.154723     0.307643     19.424645    19.527170    0.020741     0.041240     2.603926    
-1.620931    1.665148     27.118659    27.289133    -0.117396    0.120599     1.964075    
0.332617     -1.253401    22.540323    22.663247    0.002047     -0.007715    0.138749    
-0.296301    -1.164994    7.887312     8.217642     -0.021123    -0.083050    0.562272    
0.498539     -1.199921    23.308358    23.427395    0.017318     -0.041683    0.809692    
2.032234     1.275180     41.815192    41.930195    0.152535     0.095712     3.138557    
-1.181294    0.438889     58.471922    58.518618    -0.004036    0.001499     0.199773    
0.088439     0.737200     52.214063    52.256431    0.002777     0.023147     1.639480    
0.867505     -0.864444    14.942874    15.121649    0.264882     -0.263947    4.562618    
-0.163671    1.619767     43.987376    44.061487    -0.004893    0.048422     1.314979    
0.745991     -0.540660    65.181517    65.217743    0.003553     -0.002575    0.310428    
1.978617     0.225557     14.562443    14.829211    0.072357     0.008249     0.532542    
0.046959     -1.024018    90.077314    90.104651    0.000895     -0.019527    1.717692    
-0.447411    1.305217     13.102715    13.321406    -0.003198    0.009328     0.093643    
-0.153428    0.356255     24.757880    24.839042    -0.001499    0.003480     0.241824    
1.779194     -0.952456    160.831312   160.856018   0.194680     -0.104218    17.598219   
1.082505     0.366592     8.342218     8.647182     0.066574     0.022545     0.513047    
0.959987     -1.163264    27.833353    27.943609    0.075209     -0.091135    2.180573    
0.574612     -1.874427    61.216989    61.279999    0.044011     -0.143568    4.688801    
-0.309278    -0.286301    98.667108    98.687642    -0.008345    -0.007725    2.662130    
-0.774319    1.128922     50.354185    50.411239    -0.087881    0.128127     5.714958    
1.407689     -0.773798    32.496689    32.595860    0.051196     -0.028142    1.181856    
0.760833     -0.329103    34.826722    34.892158    0.022167     -0.009588    1.014683    
0.766283     -0.366616    8.977093     9.229559     0.210640     -0.100778    2.467675    
-1.570484    -0.751478    51.853471    51.920021    -0.020979    -0.010039    0.692686    
-0.218878    -0.310190    19.438020    19.541128    -0.001294    -0.001834    0.114913    
-0.232540    -1.452422    12.199344    12.444378    -0.003007    -0.018780    0.157736    
0.298336     1.049872     216.209306   216.221021   0.013621     0.047932     9.871075    
0.063091     -1.010992    22.009451    22.120510    0.001515     -0.024279    0.528562    
0.297763     1.082702     30.616983    30.700741    0.004320     0.015708     0.444197    
0.298915     -0.973273    12.406241    12.602634    0.124611     -0.405735    5.171878    
0.415224     2.446866     19.956087    20.205938    0.023830     0.140426     1.145282    
-0.331938    0.324203     35.603620    35.661016    -0.020083    0.019615     2.154098    
-1.078873    1.369193     52.533797    52.599557    -0.048441    0.061477     2.358766    
-0.772128    -0.613329    81.859332    81.888934    -0.023512    -0.018676    2.492681    
0.676573     0.312820     76.306495    76.335520    0.018849     0.008715     2.125916    
-0.329730    -0.979166    101.029645   101.054103   -0.013689    -0.040651    4.194317    
0.794261     -1.051598    13.877906    14.078634    0.080521     -0.106610    1.406930    
2.890102     -1.122164    74.957657    75.047566    0.079975     -0.031052    2.074220    
-0.138593    0.968456     15.261722    15.419216    -0.000564    0.003942     0.062123    
-0.642781    -2.416654    55.613872    55.704857    -0.027705    -0.104163    2.397068    
1.443040     -0.113374    45.826484    45.891576    0.292273     -0.022963    9.281683    
-1.226259    -2.350282    27.741753    27.937562    -0.149799    -0.287110    3.388923    
-0.421001    -1.109150    15.658201    15.825981    -0.077405    -0.203929    2.878920    
-0.620734    0.957839     54.420312    54.467862    -0.025573    0.039461     2.242000    
-1.064815    -0.117745    11.563947    11.779113    -0.003733    -0.000413    0.040541    
-1.922668    -0.358745    44.857889    44.943637    -0.105978    -0.019774    2.472589    
-2.520334    1.382948     40.942586    41.090570    -0.518913    0.284736     8.429690    
-0.009811    -0.491258    39.598397    39.650339    -0.000182    -0.009136    0.736409    
-1.243647    -0.876410    52.218025    52.277259    -0.009127    -0.006432    0.383220    
0.625157     -2.135256    52.551511    52.635410    0.071039     -0.242637    5.971610    
0.797732     -0.883441    15.776457    15.943286    0.168303     -0.186386    3.328475    
-0.424055    1.199950     17.370184    17.527633    -0.004050    0.011461     0.165902    
-0.146021    -1.328592    24.244180    24.360658    -0.042064    -0.382729    6.984037    
2.195044     0.154072     107.155447   107.196113   0.017495     0.001228     0.854033    
-0.596043    -1.684151    23.290235    23.441451    -0.081489    -0.230253    3.184183    
0.771016     -0.213061    98.678396    98.701269    0.016409     -0.004535    2.100147    
-0.385118    -2.102369    32.535122    32.664620    -0.009583    -0.052314    0.809576    
1.349636     -0.169342    30.058446    30.153529    0.023890     -0.002998    0.532068    
-0.090458    0.746527     6.764966     7.085563     -0.001149    0.009481     0.085912    
-0.712856    0.002892     9.798702     10.019864    -0.145787    0.000591     2.003947    
0.028181     0.857659     8.321517     8.594124     0.001283     0.039049     0.378874    
1.789879     -0.379857    13.131316    13.403521    0.099693     -0.021157    0.731394    
-0.596804    1.069763     23.681385    23.794611    -0.001685    0.003020     0.066850    
0.125865     0.133796     10.910683    11.088359    0.001550     0.001647     0.134327    
-0.112280    0.419760     43.619261    43.665819    -0.010108    0.037788     3.926783    
1.816091     0.539912     63.072421    63.131569    0.047149     0.014017     1.637468    
-1.007565    0.701648     21.408617    21.533958    -0.214332    0.149256     4.554094    
2.072857     -1.841574    27.385764    27.596072    0.132639     -0.117839    1.752372    
-2.956205    0.699536     60.648906    60.756837    -0.182442    0.043172     3.742933    
-0.985294    0.166290     48.995997    49.045705    -0.225302    0.038025     11.203680   
-1.419473    -0.288116    20.704184    20.847928    -0.179592    -0.036452    2.619495    
1.283175     -0.201554    16.866317    17.030407    0.235083     -0.036926    3.089980    
-0.443040    0.800876     15.248694    15.402445    -0.000964    0.001743     0.033183    
0.383830     0.775498     41.495550    41.551225    0.036907     0.074567     3.989970    
0.014801     0.899683     15.792809    15.940434    0.001218     0.074067     1.300157    
0.282409     0.869495     46.713002    46.763397    0.000456     0.001404     0.075418    
1.006083     1.330117     31.605428    31.710557    0.006204     0.008202     0.194893    
1.328028     1.997755     47.252710    47.354495    0.022059     0.033183     0.784874    
-0.345496    1.453204     13.045267    13.277240    -0.021520    0.090517     0.812562    
-1.398095    0.266403     63.948862    63.994980    -0.046892    0.008935     2.144846    
-0.938850    -3.224095    78.960314    79.056198    -0.104313    -0.358221    8.773069    
2.226314     -0.581554    50.194078    50.285336    0.068463     -0.017884    1.543559    
-1.123719    -1.035213    25.210240    25.333092    -0.021981    -0.020250    0.493142    
-0.710999    1.208545     34.291753    34.376815    -0.098772    0.167892     4.763823    
0.275377     1.154724     94.040516    94.068607    0.030795     0.129130     10.516326   
0.365939     -0.516856    22.219143    22.315159    0.018972     -0.026797    1.151963    
1.455839     1.336777     19.124135    19.326508    0.131872     0.121087     1.732286    
-0.726993    -0.787064    11.216752    11.438464    -0.144337    -0.156263    2.226964    
-1.856224    0.908152     187.240570   187.262320   -0.168800    0.082585     17.027198   
0.329965     0.922795     19.344734    19.469313    0.004311     0.012057     0.252756    
0.740773     0.824849     36.680794    36.750303    0.033382     0.037171     1.652988    
0.448532     -0.549630    47.024741    47.071270    0.003839     -0.004704    0.402490    
2.152298     -1.629970    29.425384    29.614479    0.054849     -0.041538    0.749875    
-0.347243    -0.307080    6.650535     6.951219     -0.003892    -0.003442    0.074550    
-1.551662    1.195949     39.346211    39.444102    -0.219102    0.168874     5.555870    
-0.079282    2.329575     67.997208    68.065619    -0.005519    0.162164     4.733357    
2.546361     0.316355     30.360212    30.531974    0.152699     0.018971     1.820628    
0.593300     0.836776     21.340528    21.455658    0.015939     0.022480     0.573316    
1.153182     -1.321459    17.501220    17.698693    0.000781     -0.000895    0.011858    
-0.122956    -1.295190    56.092025    56.141632    -0.005486    -0.057787    2.502636    
-1.372316    -1.196238    9.739841     10.102163    -0.121363    -0.105791    0.861360    
-0.446402    -0.537994    76.538064    76.566565    -0.013960    -0.016825    2.393552    
-0.041493    -1.259626    47.961766    48.018687    -0.002882    -0.087488    3.331218    
-1.399191    -0.081213    70.052843    70.094508    -0.165820    -0.009625    8.302075    
-1.043801    -1.608262    11.068898    11.404888    -0.137107    -0.211251    1.453941    
-1.244351    -0.933052    32.101723    32.199605    -0.037047    -0.027779    0.955745    
-1.101370    0.321075     23.827665    23.936346    -0.016541    0.004822     0.357867    
0.855267     -1.761388    62.461387    62.523066    0.048692     -0.100278    3.556017    
-0.399354    0.696047     31.345006    31.417007    -0.058812    0.102506     4.616127    
-1.407627    0.564857     48.235078    48.299050    -0.116164    0.046615     3.980601    
-0.554306    -0.193110    89.031846    89.055540    -0.058950    -0.020537    9.468465    
-0.105035    -0.130420    27.507585    27.578437    -0.012788    -0.015878    3.348951    
0.072679     0.632454     27.801299    27.878172    0.008652     0.075289     3.309543    
0.412779     -0.069110    9.294741     9.510117     0.042462     -0.007109    0.956133    
2.143382     -1.518438    44.315200    44.436602    0.200355     -0.141938    4.142417    
0.045193     0.413762     55.927177    55.963357    0.002861     0.026195     3.540767    
-0.758739    -0.088760    80.571338    80.599002    -0.095021    -0.011116    10.090389   
2.858849     1.464971     162.514495   162.558160   0.222851     0.114196     12.668207   
1.295573     -0.793908    21.812955    21.954243    0.088505     -0.054234    1.490115    
-1.094506    0.467484     63.012707    63.054681    -0.124916    0.053354     7.191635    
-0.311082    1.621894     106.176608   106.207694   -0.014716    0.076724     5.022696    
0.885050     1.839074     116.140331   116.174941   0.271319     0.563782     35.603721   
-0.280175    -0.822947    28.072708    28.155064    -0.003608    -0.010597    0.361504    
0.913819     -1.189989    51.460793    51.520281    0.058465     -0.076134    3.292419    
-0.408994    0.832362     43.526205    43.580565    -0.061947    0.126071     6.592550    
-0.719761    -0.678635    56.032709    56.076002    -0.019270    -0.018169    1.500134    
0.426138     0.921634     23.698423    23.801706    0.027655     0.059812     1.537974    
0.497820     -1.635830    26.423466    26.551804    0.065323     -0.214652    3.467253    
0.051316     0.903450     43.224152    43.278414    0.003093     0.054461     2.605586    
-0.794743    -1.099380    16.125619    16.301865    -0.048821    -0.067534    0.990587    
0.549185     1.857557     14.866645    15.120985    0.002365     0.008000     0.064028    
1.066468     -1.565292    35.560972    35.665743    0.065340     -0.095902    2.178739    
-0.776030    -0.366437    124.758879   124.777359   -0.022168    -0.010468    3.563828    
1.579833     -0.758335    18.174967    18.365057    0.203334     -0.097602    2.339225    
-0.742171    1.071940     90.600332    90.631093    -0.068148    0.098428     8.319105    
1.191382     -0.896132    87.186248    87.221208    0.121410     -0.091322    8.884891    
0.709636     0.271805     26.716971    26.800167    0.004547     0.001741     0.171179    
2.034283     -0.320218    11.134345    11.493016    0.296166     -0.046620    1.621019    
1.099004     0.375060     13.566941    13.758100    0.137180     0.046816     1.693454    
-0.602831    1.737094     24.022669    24.173218    -0.032034    0.092309     1.276563    
-1.357525    0.409245     37.272377    37.351243    -0.006273    0.001891     0.172222    
1.567461     0.794927     30.672317    30.785627    0.197972     0.100400     3.873940    
0.670367     -0.200902    27.078252    27.158726    0.025202     -0.007553    1.017992    
0.158379     0.739693     12.703102    12.876955    0.021388     0.099892     1.715502    
-1.020629    1.680146     134.513877   134.542642   -0.023625    0.038892     3.113687    
0.983052     1.473044     19.536694    19.715314    0.172476     0.258446     3.427712    
-0.429319    0.493755     69.504979    69.535928    -0.013967    0.016063     2.261126    
0.291606     -0.786280    36.412583    36.475395    0.024831     -0.066953    3.100574    
0.587127     0.736117     19.397310    19.519661    0.033305     0.041756     1.100307    
2.145832     0.189074     22.030965    22.223382    1.037131     0.091384     10.648083   
1.295323     -0.278851    55.283222    55.334124    0.323916     -0.069731    13.824432   
-0.291015    0.943714     33.450760    33.523180    -0.007940    0.025748     0.912663    
-0.852646    -1.465992    91.020349    91.057427    -0.160225    -0.275482    17.104103   
1.310516     1.108784     14.197834    14.436077    0.026477     0.022401     0.286848    
0.641685     -1.774972    51.691494    51.763382    0.050601     -0.139968    4.076206    
0.078954     0.425686     26.417587    26.494363    0.009110     0.049120     3.048315    
2.064261     -0.166830    30.647375    30.780278    0.219288     -0.017722    3.255692    
-0.714378    1.146648     10.209134    10.484584    -0.018213    0.029233     0.260275    
-1.398258    0.110128     17.976443    18.138211    -0.067222    0.005294     0.864228    
0.998134     0.724993     30.973308    31.060306    0.003729     0.002708     0.115703    
-1.552393    0.883866     31.386507    31.498872    -0.183681    0.104580     3.713684    
-0.207455    1.393673     125.488444   125.511792   -0.001671    0.011224     1.010625    
-0.013098    2.042717     69.208753    69.266870    -0.000123    0.019218     0.651119    
1.257652     1.030618     25.985635    26.110764    0.017393     0.014253     0.359380    
-0.847844    0.275699     49.123178    49.170687    -0.020198    0.006568     1.170234    
-0.809127    -0.968423    70.522647    70.561401    -0.006822    -0.008165    0.594569    
-1.889254    -1.368761    42.070416    42.181010    -0.030799    -0.022314    0.685843    
0.228390     -0.736938    41.683213    41.736799    0.025420     -0.082021    4.639359    
-0.132123    -2.487437    167.347605   167.377718   -0.003885    -0.073148    4.921189    
-1.430477    -0.976395    73.392164    73.438984    -0.145824    -0.099535    7.481673    
-0.010790    1.052204     80.920209    80.950988    -0.000670    0.065355     5.026164    
1.834729     -1.212132    179.010733   179.035061   0.182417     -0.120516    17.798057   
1.145907     2.176852     39.346645    39.472589    0.049617     0.094256     1.703673    
-2.710521    0.513190     23.625069    23.866904    -0.114140    0.021610     0.994851    
0.562631     1.568937     19.427915    19.598391    0.033056     0.092179     1.141444    
0.184895     -0.652854    39.244755    39.299951    0.000551     -0.001944    0.116865    
0.945197     -0.900203    66.962882    67.004524    0.019320     -0.018400    1.368708    
-1.792819    0.973632     68.936954    68.995223    -0.459995    0.249811     17.687611   
-0.830212    0.265682     34.745959    34.812591    -0.004101    0.001313     0.171650    
-0.816224    1.051477     81.665021    81.699586    -0.011773    0.015166     1.177879    
2.028085     -0.911425    23.887117    24.071002    0.078064     -0.035082    0.919447    
-1.495329    -0.961772    21.247096    21.412030    -0.007155    -0.004602    0.101667    
-0.910242    -0.082457    52.247955    52.293012    -0.027360    -0.002479    1.570486    
-1.381897    -0.503354    38.133471    38.212558    -0.026826    -0.009771    0.740263    
-0.633844    1.351472     18.388168    18.553380    -0.007323    0.015615     0.212456    
-0.529549    -1.549286    70.688106    70.734461    -0.010601    -0.031016    1.415128    
-3.225314    2.707559     48.154080    48.377928    -0.161706    0.135748     2.414280    
0.007030     -1.547228    26.054717    26.174744    0.000149     -0.032714    0.550888    
-1.153712    -0.626800    25.691795    25.800527    -0.039266    -0.021333    0.874409    
1.304691     -1.588793    23.048557    23.223639    0.098598     -0.120068    1.741827    
-0.601560    1.922570     26.341967    26.492119    -0.003621    0.011572     0.158548    
1.546932     -0.886078    85.596384    85.637573    0.059662     -0.034174    3.301279    
-3.072126    0.354894     93.419552    93.491452    -0.096047    0.011095     2.920667    
0.100328     -1.066385    9.983595     10.232026    0.013983     -0.148629    1.391479    
-1.480724    -1.731722    141.459749   141.491791   -0.053982    -0.063133    5.157171    
-0.634047    0.855266     30.148896    30.231844    -0.054137    0.073026     2.574234    
0.163951     -1.920798    132.303205   132.331891   0.014758     -0.172902    11.909353   
0.899052     -0.517117    23.275216    23.381324    0.180081     -0.103579    4.662042    
0.126207     0.981450     14.732864    14.896691    0.000558     0.004340     0.065146    
-0.714150    1.142010     19.755027    19.898498    -0.027434    0.043870     0.758891    
0.128497     0.543012     40.840827    40.892047    0.000699     0.002956     0.222307    
-0.257524    0.477321     31.527345    31.593394    -0.075228    0.139435     9.209783    
0.992764     -1.104410    21.025784    21.169881    0.050994     -0.056729    1.080007    
1.423960     -1.482705    13.811935    14.102148    0.000585     -0.000609    0.005676    
1.565794     0.862202     81.217228    81.260742    0.075060     0.041332     3.893335    
-1.572370    -0.267958    15.371676    15.579073    -0.060697    -0.010344    0.593380    
0.683621     -1.233905    16.145077    16.325695    0.138146     -0.249348    3.262601    
-0.976437    0.818715     114.950027   114.973942   -0.022848    0.019157     2.689709    
0.373524     -1.408278    25.518879    25.636125    0.042298     -0.159473    2.889753    
-0.543876    1.823220     14.166116    14.428226    -0.035213    0.118043     0.917177    
-1.157818    -0.343113    42.397922    42.460770    -0.028322    -0.008393    1.037131    
1.182751     -0.019199    137.419663   137.438852   0.026877     -0.000436    3.122702    
-1.173725    0.037115     9.029067     9.315472     -0.010470    0.000331     0.080544    
-1.099945    -0.889892    128.835565   128.858370   -0.028605    -0.023142    3.350450    
1.635191     -0.228774    51.263732    51.328076    0.130873     -0.018310    4.102896    
-0.504837    -0.684729    15.503179    15.650790    -0.013302    -0.018042    0.408487    
-0.524683    -0.795386    43.605293    43.660102    -0.005795    -0.008785    0.481591    
0.118604     -0.471446    53.933608    53.971709    0.001280     -0.005087    0.581901    
0.645872     -0.652470    40.143204    40.201924    0.044458     -0.044912    2.763197    
-0.440674    -0.694032    142.063141   142.079157   -0.016149    -0.025434    5.206104    
1.665850     -1.207961    24.243812    24.410481    0.221693     -0.160757    3.226397    
0.348375     -1.858352    96.648328    96.686861    0.061491     -0.328012    17.059113   
0.692284     -1.318778    40.724582    40.799326    0.024822     -0.047285    1.460189    
0.017610     0.968340     29.607769    29.688936    0.000410     0.022550     0.689474    
-1.671087    0.103005     90.445005    90.481916    -0.003503    0.000216     0.189587    
0.396223     0.245263     52.708316    52.747120    0.001862     0.001152     0.247650    
-0.285235    0.773007     20.715856    20.825478    -0.041787    0.113244     3.034841    
0.201382     2.298852     28.939139    29.097663    0.024397     0.278495     3.505841    
0.025960     -0.234843    11.953038    12.116348    0.003670     -0.033203    1.689946    
-0.055223    -0.672681    77.210391    77.238430    -0.000896    -0.010913    1.252557    
-2.126999    -0.376499    138.498427   138.529257   -0.252343    -0.044667    16.431180   
0.277136     1.358958     98.924918    98.954222    0.011099     0.054427     3.961990    
-0.364326    0.106606     31.206739    31.271067    -0.000472    0.000138     0.040393    
1.412175     -1.032300    33.842006    33.944311    0.002523     -0.001845    0.060469    
-0.407660    0.447728     13.903845    14.055550    -0.040978    0.045005     1.397599    
0.290432     -0.148530    14.402381    14.539943    0.011861     -0.006066    0.588170    
1.110053     -0.180126    101.838966   101.864197   0.338569     -0.054939    31.061120   
-0.766154    1.187415     22.818943    22.947245    -0.018601    0.028829     0.554019    
-2.401487    -1.437983    65.131265    65.221098    -0.065522    -0.039234    1.777049    
-0.173383    0.176770     13.986361    14.126378    -0.045274    0.046159     3.652171    
0.623714     0.415694     81.936576    81.963646    0.015517     0.010342     2.038417    
-0.008848    -0.131281    42.277751    42.323758    -0.001380    -0.020483    6.596448    
0.698143     0.876104     39.490895    39.555792    0.125164     0.157069     7.079998    
0.359974     1.061632     28.967588    29.056028    0.045739     0.134894     3.680693    
-0.453060    -0.439742    49.838719    49.881575    -0.006629    -0.006434    0.729219    
-0.938360    -1.735374    14.671849    14.934194    -0.088029    -0.162798    1.376385    
0.055870     1.342390     20.820261    20.956224    0.013163     0.316279     4.905444    
-1.210205    0.270159     54.176255    54.226185    -0.125348    0.027982     5.611366    
-0.839470    0.217644     115.148369   115.168459   -0.092942    0.024096     12.748633   
1.381779     -0.827773    55.992633    56.050374    0.002977     -0.001784    0.120655    
0.775637     -0.247721    17.605720    17.734129    0.022133     -0.007069    0.502377    
-0.141518    -1.717109    25.480853    25.614787    -0.006837    -0.082957    1.231028    
-0.834253    0.695608     7.110991     7.457949     -0.013512    0.011266     0.115172    
0.865514     0.513599     10.400083    10.632477    0.019878     0.011795     0.238852    
0.341921     -1.906248    19.242176    19.439315    0.038962     -0.217217    2.192647    
-0.610385    -0.525087    72.969379    73.000367    -0.009560    -0.008224    1.142845    
0.360738     -0.437245    132.406974   132.422819   0.081599     -0.098904    29.950340   
-1.101293    -0.994884    14.385563    14.595274    -0.040511    -0.036596    0.529166    
-1.558895    -0.129336    10.000834    10.312057    -0.204910    -0.017001    1.314566    
-0.966498    -1.521624    22.488102    22.645952    -0.074507    -0.117301    1.733596    
0.531694     -2.636643    26.186112    26.397386    0.058710     -0.291139    2.891478    
1.131011     0.350659     70.564671    70.602053    0.046137     0.014304     2.878500    
0.467173     -1.284243    25.298159    25.411401    0.007465     -0.020521    0.404243    
-1.879886    -1.888790    96.733248    96.789967    -0.001507    -0.001514    0.077534    
0.059448     0.820971     25.787149    25.875269    0.000132     0.001828     0.057433    
2.093200     0.775114     29.206818    29.358056    0.133445     0.049415     1.861982    
-1.034750    1.076073     51.477497    51.536747    -0.118439    0.123169     5.892191    
-1.859230    -0.754704    35.371292    35.482807    -0.128533    -0.052175    2.445311    
2.096062     -0.492787    129.158055   129.191000   0.232147     -0.054578    14.304768   
-1.274191    0.040097     45.873726    45.933635    -0.008385    0.000264     0.301887    
-0.121303    2.408112     44.587857    44.696372    -0.003492    0.069323     1.283571    
-0.652916    1.529702     31.636282    31.741071    -0.008681    0.020339     0.420636    
-0.651622    1.701335     79.884437    79.929453    -0.105335    0.275023     12.913405   
0.721252     2.030898     182.291448   182.314815   0.041138     0.115836     10.397336   
0.407879     1.577912     45.411810    45.483664    0.036755     0.142189     4.092156    
-0.611705    -1.168905    54.442503    54.494051    -0.021527    -0.041135    1.915898    
-1.710119    1.241100     29.002333    29.145757    -0.014373    0.010431     0.243763    
1.527124     -2.135693    46.158914    46.275410    0.185838     -0.259896    5.617149    
1.406313     1.243585     72.031438    72.082780    0.060173     0.053210     3.082047    
1.608482     -1.076462    33.270393    33.384727    0.117549     -0.078669    2.431425    
0.307996     1.520226     46.897281    46.964197    0.030346     0.149784     4.620661    
-1.455123    0.241113     38.833140    38.910965    -0.085658    0.014193     2.285966    
1.843442     -2.483482    31.754352    31.965290    0.002707     -0.003647    0.046629    
-0.644797    1.260189     112.552083   112.578196   -0.057164    0.111722     9.978305    
-2.026572    -0.844124    23.164374    23.351289    -0.083538    -0.034796    0.954861    
1.141641     -0.389913    32.870583    32.951564    0.640357     -0.218706    18.437415   
0.262013     -0.722778    10.542848    10.752565    0.019615     -0.054110    0.789279    
0.126407     -0.838731    27.586105    27.669253    0.000720     -0.004780    0.157202    
-2.375428    -1.358810    53.419710    53.525969    -0.070791    -0.040494    1.591972    
-0.453575    -0.877436    5.600113     6.017628     -0.006715    -0.012990    0.082910    
0.876302     0.044555     72.421346    72.453407    0.059642     0.003032     4.929078    
0.138403     -0.099359    42.668739    42.714462    0.008430     -0.006052    2.598956    
-0.577454    0.738048     17.735297    17.868796    -0.033848    0.043262     1.039576    
-1.997030    0.998027     24.848272    25.025902    -0.379044    0.189429     4.716291    
-0.695166    -0.753305    22.888085    22.995437    -0.007177    -0.007777    0.236293    
0.207489     -0.063810    25.896538    25.972153    0.003805     -0.001170    0.474897    
1.175946     -0.601692    89.298501    89.329962    0.264346     -0.135257    20.073766   
-0.790567    -0.551274    11.206684    11.419002    -0.067913    -0.047357    0.962707    
0.457484     1.324304     14.488265    14.688358    0.034868     0.100933     1.104238    
-0.790788    -0.838975    75.579716    75.614136    -0.003755    -0.003984    0.358862    
-0.046780    -1.008747    22.445747    22.554518    -0.006472    -0.139554    3.105243    
0.717216     0.025990     8.696839     8.945671     0.015309     0.000555     0.185638    
0.460753     -0.156935    35.336075    35.394210    0.009804     -0.003339    0.751877    
0.747796     -0.768908    11.731284    11.943551    0.146339     -0.150471    2.295741    
0.937329     0.547671     75.795242    75.828571    0.066413     0.038805     5.370387    
-1.437980    1.496882     82.986117    83.035409    -0.020847    0.021701     1.203085    
-0.471056    1.235776     23.479982    23.599439    -0.002632    0.006904     0.131171    
0.448299     2.053316     56.844287    56.917177    0.005662     0.025933     0.717925    
-0.002918    1.093629     13.156225    13.347555    -0.000171    0.063998     0.769886    
2.160187     0.343936     34.149798    34.276352    0.169098     0.026923     2.673228    
1.765258     -0.245100    50.900347    50.969564    0.004694     -0.000652    0.135339    
-1.362576    0.890004     26.417939    26.541122    -0.204127    0.133331     3.957663    
-0.846294    -1.304677    30.359991    30.463460    -0.018246    -0.028129    0.654574    
0.178967     -0.827736    33.491834    33.560320    0.009072     -0.041961    1.697807    
-1.667455    0.928910     51.607691    51.680480    -0.273677    0.152461     8.470307    
-1.032568    0.823814     17.693691    17.851793    -0.070555    0.056291     1.209003    
1.755963     -0.554732    40.185783    40.276088    0.114323     -0.036116    2.616326    
-0.339634    -1.501868    56.881732    56.936608    -0.002094    -0.009259    0.350665    
0.075654     0.288022     28.928340    28.996767    0.002136     0.008132     0.816755    
1.825469     -1.480278    44.745425    44.850324    0.064415     -0.052234    1.578927    
-0.209386    0.202061     61.033791    61.066221    -0.009968    0.009619     2.905562    
0.206428     0.171395     17.587081    17.698937    0.003358     0.002788     0.286083    
1.539594     -0.155079    57.755405    57.809655    0.204767     -0.020626    7.681498    
-0.727099    0.322166     71.585088    71.616564    -0.162640    0.072063     16.012408   
-0.408553    1.164442     44.116538    44.177672    -0.011102    0.031644     1.198871    
-0.764225    -0.025776    41.972021    42.025114    -0.012107    -0.000408    0.664939    
0.479840     0.013968     54.860610    54.898014    0.011029     0.000321     1.260963    
-2.318519    0.127915     67.043222    67.112297    -0.205532    0.011339     5.943234    
-0.586268    1.629078     18.792987    18.974956    -0.062182    0.172788     1.993277    
0.727832     -0.469720    33.167457    33.237110    0.033978     -0.021929    1.548398    
1.139074     0.538818     99.899636    99.926974    0.006473     0.003062     0.567704    
1.242727     1.285046     84.543362    84.585169    0.004360     0.004508     0.296597    
-0.062467    0.561954     14.054955    14.203395    -0.011579    0.104170     2.605369    
-1.193217    0.857080     60.753887    60.803520    -0.070632    0.050734     3.596285    
0.155529     -0.198453    17.607184    17.718675    0.000223     -0.000284    0.025211    
0.360061     -1.961622    23.871961    24.035870    0.083393     -0.454325    5.528912    
-0.595437    0.224956     21.008403    21.110024    -0.063539    0.024005     2.241802    
0.881199     -1.396547    11.526196    11.809107    0.015113     -0.023952    0.197681    
-0.248733    -0.537889    29.315081    29.387074    -0.023785    -0.051435    2.803210    
-0.499266    -0.438571    8.320282     8.575760     -0.013031    -0.011447    0.217158    
-0.338352    -0.711684    225.241921   225.251901   -0.004558    -0.009588    3.034603    
-0.029549    0.959852     23.797258    23.897837    -0.001985    0.064473     1.598466    
1.416928     -0.629197    26.817545    26.934351    0.181169     -0.080449    3.428905    
1.993836     -1.017470    53.671016    53.753731    0.124895     -0.063735    3.361971    
0.590153     0.699238     37.354354    37.417375    0.003113     0.003688     0.197038    
-1.625774    0.468123     26.620841    26.747082    -0.059241    0.017058     0.970029    
0.191479     2.870059     72.328161    72.412097    0.030838     0.462231     11.648655   
0.060956     1.035744     22.867681    22.975689    0.000515     0.008746     0.193102    
-0.880022    2.189764     74.553045    74.616358    -0.215047    0.535104     18.218219   
1.872969     -1.246694    73.994485    74.054851    0.022403     -0.014912    0.885055    
-0.470356    -0.632783    7.592643     7.883199     -0.000271    -0.000364    0.004373    
2.114680     0.912833     60.390459    60.466418    0.050061     0.021610     1.429628    
0.935082     -1.325637    50.345416    50.409994    0.112119     -0.158948    6.036567    
-0.872759    -1.150443    20.674351    20.817996    -0.092216    -0.121556    2.184450    
-2.293524    0.754110     34.852260    34.991198    -0.029739    0.009778     0.451908    
-2.437840    0.935267     61.281213    61.368395    -0.092895    0.035639     2.335161    
-0.086535    0.493718     61.253522    61.287194    -0.013368    0.076272     9.462774    
0.739985     -0.967820    71.863104    71.900382    0.021537     -0.028168    2.091564    
2.646283     1.117166     54.585629    54.696588    0.318821     0.134595     6.576406    
0.329332     0.082424     45.262433    45.306490    0.060864     0.015233     8.364940    
-1.371346    -0.969450    31.151191    31.258472    -0.173652    -0.122760    3.944639    
0.791991     0.372456     41.971567    42.026817    0.167163     0.078613     8.858805    
1.129858     0.377567     19.747181    19.880776    0.044554     0.014889     0.778697    
0.478601     2.545844     139.377276   139.415245   0.043273     0.230185     12.601950   
-0.474054    -0.824554    41.884050    41.941068    -0.012465    -0.021681    1.101324    
-0.712947    0.760851     77.907411    77.939251    -0.004314    0.004604     0.471427    
-0.922992    -0.050698    59.151342    59.191306    -0.028898    -0.001587    1.851989    
0.093165     0.471711     84.238259    84.262628    0.008192     0.041478     7.407086    
-0.704796    -1.681901    18.353284    18.548410    -0.033108    -0.079008    0.862153    
-0.186254    0.485828     92.141614    92.164108    -0.001211    0.003158     0.599036    
0.560569     -1.001465    22.630625    22.745050    0.052493     -0.093779    2.119174    
-1.273358    -0.774320    50.696439    50.756526    -0.253165    -0.153948    10.079296   
0.996377     0.600998     46.897446    46.953161    0.032795     0.019782     1.543611    
-0.697517    1.580160     106.235416   106.267690   -0.005862    0.013280     0.892849    
0.430374     -1.603919    50.546177    50.611745    0.000297     -0.001105    0.034826    
-0.636882    -0.651980    86.485065    86.512265    -0.051522    -0.052744    6.996463    
0.611297     0.195670     31.724473    31.791966    0.035393     0.011329     1.836813    
-1.714943    -0.396238    86.211692    86.252123    -0.058837    -0.013594    2.957784    
1.203452     1.092673     104.752362   104.783465   0.031960     0.029018     2.781862    
-1.014924    -1.352285    12.656623    12.919899    -0.125503    -0.167220    1.565089    
0.734109     1.956351     66.502993    66.564925    0.064892     0.172932     5.878530    
1.816132     0.179574     80.396461    80.441261    0.186722     0.018463     8.265805    
-1.907328    -1.800501    26.367031    26.570190    -0.088864    -0.083887    1.228458    
-0.660651    -0.664061    18.054822    18.185955    -0.175935    -0.176843    4.808105    
-0.292459    -1.279301    45.009259    45.071394    -0.074249    -0.324785    11.426818   
-2.011886    0.130825     41.749900    41.844879    -0.265533    0.017267     5.510232    
0.427811     0.006323     12.422753    12.585023    0.000993     0.000015     0.028825    
0.968509     0.433859     99.470677    99.495813    0.069211     0.031004     7.108351    
-0.512984    0.404794     92.668711    92.691919    -0.005226    0.004124     0.943992    
1.214080     1.258476     9.128035     9.500196     0.007435     0.007707     0.055897    
-2.206625    0.279332     34.089873    34.219025    -0.006795    0.000860     0.104981    
0.671106     -0.637390    10.311165    10.538108    0.066665     -0.063315    1.024265    
-1.576982    -0.469061    54.079351    54.140170    -0.078758    -0.023426    2.700838    
-0.207451    1.323191     88.910993    88.942867    -0.009686    0.061781     4.151313    
-0.367710    -0.037646    21.917703    22.009028    -0.013954    -0.001429    0.831724    
2.366194     -0.900038    38.594477    38.727478    0.165694     -0.063025    2.702592    
0.402742     1.679576     28.638799    28.758284    0.048693     0.203068     3.462549    
-0.024533    -0.964333    16.574425    16.718763    -0.000185    -0.007285    0.125219    
0.461869     -0.335921    60.296612    60.331439    0.053806     -0.039133    7.024307    
2.570956     -1.740183    45.274764    45.423752    0.102250     -0.069209    1.800635    
1.512432     -1.676737    20.963313    21.176268    0.366401     -0.406206    5.078567    
-0.116135    0.705405     40.684532    40.738400    -0.010876    0.066061     3.810118    
0.577255     0.621408     112.534734   112.555145   0.018002     0.019378     3.509367    
0.548791     1.111716     58.814146    58.860138    0.065106     0.131889     6.977465    
-0.115230    0.730646     13.544318    13.706590    -0.003535    0.022415     0.415517    
0.991196     0.041919     25.708067    25.802401    0.019467     0.000823     0.504898    
1.786406     0.156448     33.390705    33.496714    0.135512     0.011868     2.532922    
0.986288     -1.046385    35.097713    35.182269    0.013134     -0.013934    0.467369    
-1.225143    1.157334     63.564589    63.617391    -0.046060    0.043511     2.389771    
0.044294     0.217300     10.695041    10.876950    0.003012     0.014779     0.727367    
-1.135576    -1.268232    68.802656    68.851858    -0.211255    -0.235933    12.799579   
0.135784     0.100428     9.968814     10.162713    0.000645     0.000477     0.047382    
0.416547     0.360958     111.068989   111.087799   0.003402     0.002948     0.907190    
0.057566     -0.235613    84.269092    84.292430    0.002278     -0.009322    3.334236    
-1.463636    -0.245314    60.930253    60.980104    -0.013845    -0.002321    0.576362    
-1.389233    -0.273730    111.190120   111.216557   -0.050987    -0.010046    4.080887    
-0.973406    -1.336977    56.680860    56.739139    -0.082925    -0.113898    4.828676    
0.982885     0.942694     38.100885    38.176002    0.049638     0.047609     1.924199    
0.166939     -1.111538    9.205747     9.480724     0.001355     -0.009021    0.074715    
-0.197621    1.345944     47.100504    47.161245    -0.026787    0.182439     6.384350    
-0.609931    1.580475     29.615267    29.728924    -0.008060    0.020885     0.391346    
-0.336297    -0.166105    17.044751    17.162144    -0.009670    -0.004776    0.490105    
0.382482     2.290483     30.685170    30.835810    0.011539     0.069101     0.925737    
-0.712052    -0.267293    48.903523    48.949034    -0.057143    -0.021450    3.924534    
-0.207433    -0.448415    10.815771    11.004543    -0.004070    -0.008798    0.212196    
-0.329673    0.107420     46.793167    46.835837    -0.008802    0.002868     1.249308    
0.395978     -0.867169    8.229863     8.515538     0.012902     -0.028256    0.268160    
-0.166494    1.149554     49.625210    49.677818    -0.038428    0.265326     11.453880   
0.400869     -1.882739    88.386835    88.429706    0.018736     -0.087998    4.131138    
-0.199880    -0.281845    12.531512    12.689884    -0.000729    -0.001028    0.045701    
2.129989     -0.045576    78.334322    78.388008    0.243432     -0.005209    8.952662    
-2.149761    -1.644818    19.818324    20.098950    -0.275923    -0.211114    2.543695    
-1.522443    0.039331     9.708752     10.022684    -0.225335    0.005821     1.436979    
0.754426     0.290849     12.360231    12.542090    0.101437     0.039106     1.661907    
-0.115370    2.427096     73.543462    73.609917    -0.010834    0.227914     6.906019    
2.034572     -0.817987    66.293835    66.359295    0.530144     -0.213141    17.274027   
0.890235     0.199757     62.095342    62.133234    0.002854     0.000640     0.199052    
-1.519759    -0.581143    36.676841    36.765650    -0.111094    -0.042481    2.681066    
-0.185295    -0.311010    19.812837    19.913677    -0.018920    -0.031757    2.023047    
-1.367845    1.813923     29.047289    29.202419    -0.310488    0.411744     6.593470    
0.894720     -1.863534    40.764160    40.863981    0.017916     -0.037316    0.816264    
-1.063497    1.745026     42.137302    42.232728    -0.022800    0.037410     0.903351    
0.447213     0.434367     32.246986    32.313027    0.005420     0.005265     0.390833    
1.006517     0.453129     86.276672    86.306185    0.062693     0.028224     5.373934    
1.576990     0.711737     16.739028    16.942948    0.035222     0.015896     0.373860    
-1.194998    -0.318246    85.358472    85.390122    -0.059421    -0.015825    4.244412    
-1.171514    2.480259     131.699926   131.743196   -0.038637    0.081799     4.343461    
-0.361097    0.184875     27.007525    27.082207    -0.054181    0.027740     4.052383    
0.175240     0.154921     9.375706     9.582981     0.024785     0.021911     1.326040    
1.091337     -0.064089    58.370211    58.413625    0.224784     -0.013200    12.022593   
1.450618     1.901352     18.333836    18.593653    0.008035     0.010532     0.101550    
1.078017     0.755595     51.676364    51.730596    0.021214     0.014869     1.016914    
0.124830     1.421072     118.371116   118.396077   0.009242     0.105207     8.763407    
2.152872     2.232787     48.394024    48.533254    0.355308     0.368498     7.986917    
-0.512230    -1.436916    94.523078    94.555879    -0.008562    -0.024019    1.580016    
0.357174     0.741329     87.410601    87.436636    0.012705     0.026370     3.109356    
-0.699799    -0.078621    10.129791    10.343283    -0.042738    -0.004801    0.618638    
-1.133589    1.527230     52.831350    52.902211    -0.110194    0.148459     5.135640    
-0.574277    -0.474713    30.793505    30.865354    -0.000688    -0.000569    0.036902    
-0.373056    -0.883783    21.346364    21.458388    -0.003690    -0.008741    0.211131    
0.341566     1.847795     47.563262    47.641053    0.025851     0.139849     3.599795    
0.674123     0.960161     62.353187    62.395282    0.072480     0.103235     6.704099    
0.019185     -1.089324    22.203200    22.316900    0.002158     -0.122535    2.497584    
1.106099     2.337988     46.007402    46.122074    0.000486     0.001027     0.020207    
0.169594     0.158447     32.049880    32.111114    0.008609     0.008043     1.626976    
-0.739791    -0.352061    16.171516    16.311472    -0.033374    -0.015882    0.729535    
-0.522926    -0.349679    36.873269    36.931134    -0.014752    -0.009865    1.040237    
-0.707104    -0.494718    20.615323    20.727066    -0.098307    -0.068780    2.866109    
0.312640     -0.200203    40.419973    40.469581    0.035013     -0.022421    4.526705    
0.917971     -0.052419    16.418932    16.562056    0.118772     -0.006782    2.124366    
-0.594295    2.072066     38.910873    39.020221    -0.013329    0.046472     0.872696    
-0.409842    1.483668     39.811626    39.889970    -0.004164    0.015074     0.404493    
-1.448758    -0.306437    25.288626    25.408312    -0.044678    -0.009450    0.779880    
-1.157360    -1.507623    50.750769    50.824482    -0.120399    -0.156836    5.279536    
-0.836315    -0.772948    79.475145    79.507676    -0.023737    -0.021939    2.255742    
-0.047325    -2.246388    72.173276    72.235069    -0.003180    -0.150936    4.849351    
0.171919     0.132265     14.600359    14.734059    0.010064     0.007743     0.854731    
1.356011     0.947383     10.374425    10.688308    0.001404     0.000981     0.010740    
0.125854     0.847602     70.364882    70.397626    0.010482     0.070594     5.860500    
-2.411258    1.278340     79.555758    79.626892    -0.068031    0.036067     2.244591    
-0.935035    0.203282     28.401284    28.485497    -0.219345    0.047687     6.662520    
-1.313418    -0.760396    14.007438    14.226263    -0.047231    -0.027344    0.503709    
1.360517     -0.387880    53.684553    53.739256    0.005897     -0.001681    0.232671    
-0.056949    -0.240909    25.416030    25.493348    -0.000229    -0.000969    0.102193    
-0.162050    -1.696444    134.313680   134.338914   -0.017703    -0.185326    14.672938   
0.364230     1.969930     104.768096   104.805736   0.034516     0.186680     9.928310    
1.331573     0.927307     56.684687    56.742063    0.215937     0.150379     9.192388    
0.119334     -0.776904    77.510486    77.539462    0.011519     -0.074993    7.481944    
-1.584714    -0.341631    127.887299   127.912721   -0.211386    -0.045570    17.058933   
1.160406     0.007856     64.894350    64.934569    0.147582     0.000999     8.253360    
0.864313     1.389421     24.667906    24.800364    0.062569     0.100582     1.785738    
1.184813     0.489960     30.982585    31.071520    0.267266     0.110523     6.988943    
-1.051582    0.153154     20.292933    20.415860    -0.003627    0.000528     0.069998    
0.124533     0.902849     35.482341    35.548588    0.010388     0.075310     2.959728    
0.934741     0.677853     25.287089    25.389861    0.056631     0.041067     1.532004    
-0.523627    -0.608388    48.301285    48.348045    -0.112171    -0.130328    10.347072   
0.028508     0.540157     71.939249    71.968209    0.002411     0.045680     6.083757    
-0.384848    0.434062     218.144585   218.154237   -0.050882    0.057389     28.841731   
1.323215     0.486630     8.550241     8.886466     0.152487     0.056079     0.985327    
0.630515     1.385051     94.857643    94.890270    0.057272     0.125810     8.616328    
-0.363849    -1.488731    50.142031    50.204053    -0.012167    -0.049781    1.676676    
0.671397     0.311543     4.419742     4.894579     0.046331     0.021499     0.304994    
-0.422476    -0.541783    20.708812    20.813501    -0.028151    -0.036101    1.379911    
-1.143027    -0.407617    69.309722    69.348289    -0.211937    -0.075579    12.851214   
-1.104370    -1.154253    28.328689    28.441897    -0.022971    -0.024008    0.589230    
-1.802224    0.335744     12.468837    12.755689    -0.028453    0.005301     0.196858    
2.612378     -1.113062    104.872229   104.929133   0.024691     -0.010520    0.991201    
-0.733549    -1.052626    18.157000    18.308405    -0.198954    -0.285495    4.924577    
0.216007     0.168511     36.164177    36.218748    0.015465     0.012065     2.589162    
1.358626     1.844050     75.906714    75.966773    0.004025     0.005464     0.224898    
-1.107369    0.843217     19.406932    19.556105    -0.014203    0.010815     0.248911    
-1.111561    -0.406437    61.591896    61.634709    -0.068900    -0.025193    3.817792    
0.018926     -0.466963    81.165320    81.190532    0.000951     -0.023454    4.076711    
-1.086807    0.568995     61.922761    61.966186    -0.056690    0.029680     3.229985    
-1.684634    -0.509656    57.333873    57.394649    -0.182420    -0.055188    6.208363    
-0.309857    -0.801272    198.690590   198.702198   -0.005870    -0.015181    3.764340    
0.106376     -1.024846    6.397871     6.772690     0.006621     -0.063784    0.398188    
2.613245     0.489732     104.966700   105.018817   0.367150     0.068805     14.747371   
0.422302     1.050533     77.337170    77.370503    0.004162     0.010353     0.762133    
0.918103     0.604492     118.665213   118.686630   0.027776     0.018288     3.590056    
-0.758143    -0.017839    17.145270    17.274558    -0.008130    -0.000191    0.183861    
-1.012386    -2.364801    126.914736   126.956065   -0.027084    -0.063264    3.395271    
-0.077829    -1.362154    137.497941   137.518800   -0.000557    -0.009744    0.983591    
-0.441195    0.496371     23.162728    23.255709    -0.013633    0.015337     0.715707    
-0.036165    -0.738355    45.876194    45.924357    -0.002147    -0.043828    2.723195    
-0.005490    0.200485     70.056186    70.084124    -0.000054    0.001976     0.690538    
-1.043254    -0.494503    27.195242    27.290823    -0.114254    -0.054156    2.978342    
1.714963     -0.158946    49.261429    49.330819    0.010994     -0.001019    0.315790    
-1.280685    0.603629     37.438749    37.517188    -0.052062    0.024539     1.521951    
2.278177     1.278155     33.739681    33.897859    0.184689     0.103618     2.735234    
0.512664     0.326512     6.199378     6.532739     0.086317     0.054975     1.043789    
-0.146313    2.322621     15.774115    16.065915    -0.014645    0.232486     1.578933    
-0.560336    0.372894     14.438439    14.587546    -0.003151    0.002097     0.081201    
0.816417     -0.449037    33.542993    33.613621    0.029861     -0.016424    1.226844    
-0.616148    0.527379     96.157802    96.181369    -0.004743    0.004060     0.740225    
1.012458     -0.457193    14.049063    14.229731    0.025677     -0.011595    0.356298    
1.234402     0.716178     39.117731    39.193220    0.007815     0.004534     0.247646    
-0.091150    -0.061639    88.576529    88.598469    -0.000655    -0.000443    0.636296    
1.303790     -0.454986    134.837719   134.859158   0.145988     -0.050946    15.098090   
1.286367     -0.708718    52.153233    52.211030    0.121745     -0.067075    4.935897    
0.052353     0.511445     27.936888    28.010873    0.002730     0.026667     1.456635    
0.992811     -1.499846    22.847863    23.002935    0.040698     -0.061482    0.936590    
0.108173     0.805575     77.551942    77.581179    0.005728     0.042656     4.106466    
1.093705     -0.137695    128.690358   128.710133   0.215352     -0.027112    25.339348   
-1.708005    -1.245175    109.061311   109.099552   -0.060609    -0.044185    3.870075    
-0.666373    2.369906     50.212082    50.310919    -0.008891    0.031622     0.669977    
1.324354     0.210497     62.391937    62.437385    0.052805     0.008393     2.487726    
0.771538     -0.019342    18.486805    18.607325    0.038989     -0.000977    0.934209    
0.824738     0.076896     6.047198     6.413241     0.056579     0.005275     0.414849    
1.760717     -0.308953    17.902269    18.098667    0.099576     -0.017473    1.012454    
-1.755938    1.077828     26.014328    26.169930    -0.033143    0.020344     0.491010    
-2.288554    -0.438422    45.307946    45.410512    -0.057066    -0.010932    1.129772    
0.695518     0.990946     53.126215    53.176455    0.074830     0.106615     5.715796    
-0.441955    -0.158069    5.946768     6.281664     -0.024990    -0.008938    0.336259    
0.839153     0.588047     27.572657    27.661821    0.032773     0.022966     1.076859    
2.262356     0.719856     26.289818    26.470095    0.471810     0.150125     5.482688    
-0.761919    -0.393693    16.504125    16.643215    -0.036665    -0.018945    0.794209    
-0.251815    1.608425     17.872597    18.054227    -0.006888    0.043994     0.488850    
2.289473     0.152591     68.157401    68.224418    0.173311     0.011551     5.159467    
-0.670174    0.140724     10.235931    10.445964    -0.132008    0.027719     2.016231    
-0.201738    -2.034719    128.171318   128.202740   -0.033710    -0.340001    21.417389   
-0.329330    -1.108161    29.320194    29.408931    -0.062965    -0.211870    5.605757    
0.740793     0.843456     39.183127    39.248600    0.029163     0.033205     1.542555    
-0.584324    -0.055518    97.213796    97.235496    -0.039272    -0.003731    6.533606    
-0.316185    -1.034639    45.827318    45.882333    -0.026404    -0.086401    3.826952    
0.314923     1.470533     41.107851    41.182424    0.046763     0.218361     6.104156    
-0.863080    0.317062     46.943317    46.993568    -0.195546    0.071836     10.635861   
-1.090597    -0.393296    41.203962    41.267245    -0.054423    -0.019626    2.056176    
-1.929351    -1.151963    40.054735    40.165982    -0.029481    -0.017603    0.612055    
-0.819571    0.807070     84.266413    84.297250    -0.082373    0.081117     8.469404    
0.036168     -1.520263    14.370172    14.583871    0.002826     -0.118801    1.122959    
0.125213     0.763381     33.434643    33.501474    0.005050     0.030787     1.348397    
-1.202251    -0.699571    11.483053    11.733297    -0.085023    -0.049473    0.812078    
-0.900587    -1.252945    84.972235    85.009039    -0.001283    -0.001786    0.121099    
1.628806     0.643313     10.336948    10.667442    0.060638     0.023950     0.384830    
-0.915986    0.887802     19.186854    19.329706    -0.117283    0.113674     2.456682    
-0.694552    0.927713     27.496890    27.591610    -0.044806    0.059848     1.773852    
-0.259576    2.032449     56.149313    56.221157    -0.023294    0.182388     5.038735    
-1.127314    2.245413     65.762054    65.839467    -0.043483    0.086610     2.536575    
0.907612     1.261675     17.434341    17.613824    0.026588     0.036960     0.510734    
-0.931652    0.560941     18.618281    18.753613    -0.018825    0.011335     0.376210    
-0.241581    -0.411305    56.537069    56.573339    -0.027038    -0.046034    6.327712    
-0.634182    2.462078     34.051088    34.202567    -0.035485    0.137762     1.905276    
-1.597172    -0.257249    114.563868   114.592199   -0.084871    -0.013670    6.087698    
-0.090134    -1.248203    22.449141    22.570003    -0.006684    -0.092557    1.664658    
-0.455447    -0.973012    75.940955    75.974060    -0.061762    -0.131948    10.298198   
-0.995343    1.405913     90.723709    90.761411    -0.001408    0.001989     0.128320    
1.028967     -1.013299    21.537845    21.675776    0.006878     -0.006774    0.143977    
-1.242872    0.141415     63.869409    63.911979    -0.138463    0.015754     7.115429    
0.704538     1.247330     16.625255    16.802567    0.072322     0.128040     1.706604    
-0.502148    0.279857     87.856541    87.880471    -0.005391    0.003004     0.943165    
-0.005220    -1.365867    47.064712    47.125659    -0.000714    -0.186940    6.441535    
-1.406238    0.801474     37.751284    37.837207    -0.101541    0.057873     2.725939    
-0.517746    -1.561688    86.239619    86.277771    -0.026095    -0.078711    4.346599    
-0.588624    -0.264392    20.569305    20.673356    -0.031524    -0.014160    1.101595    
0.211252     -1.632166    131.622309   131.647316   0.009414     -0.072738    5.865774    
-1.685013    -0.133571    19.721888    19.891831    -0.008269    -0.000655    0.096782    
3.189094     0.291618     27.394825    27.651523    0.470479     0.043022     4.041487    
0.173564     -1.055477    13.376092    13.562409    0.019197     -0.116743    1.479493    
-1.131612    -2.482779    40.865629    41.003894    -0.065679    -0.144100    2.371841    
-0.307873    0.361413     38.808405    38.861198    -0.008969    0.010529     1.130628    
-0.715617    -2.314551    21.547411    21.772348    -0.032778    -0.106017    0.986968    
-0.668548    -1.263860    16.064935    16.248119    -0.062060    -0.117322    1.491279    
-0.124174    1.518081     44.775345    44.844470    -0.003423    0.041843     1.234153    
0.765900     1.541646     46.535206    46.608622    0.099689     0.200660     6.056999    
0.497480     0.537570     9.063322     9.303506     0.038306     0.041393     0.697876    
-2.240287    -1.068178    39.853384    39.979083    -0.041694    -0.019880    0.741712    
-0.968542    -0.684575    10.274527    10.528417    -0.019247    -0.013604    0.204172    
-0.308646    -0.595442    8.045425     8.309852     -0.023654    -0.045633    0.616579    
0.671829     0.877129     17.511387    17.656283    0.137108     0.179006     3.573762    
-1.188419    -2.544163    19.340101    19.641781    -0.022665    -0.048521    0.368845    
-0.262619    2.518150     69.880031    69.953582    -0.053194    0.510058     14.154383   
0.640285     -0.560293    42.652623    42.706499    0.085337     -0.074676    5.684732    
1.417333     -0.365908    29.561095    29.662704    0.142684     -0.036836    2.975942    
0.344615     -0.238262    22.628161    22.717485    0.018552     -0.012827    1.218190    
0.756688     -1.783192    58.252262    58.317693    0.006004     -0.014149    0.462205    
0.492317     -0.817246    73.697296    73.729754    0.065706     -0.109072    9.835891    
-0.791796    2.037952     82.941046    82.993206    -0.197258    0.507709     20.662845   
-0.406367    0.074701     16.741659    16.862052    -0.006958    0.001279     0.286656    
0.510736     -0.505540    117.643569   117.662231   0.083253     -0.082406    19.176490   
0.385258     -0.845859    17.061200    17.199518    0.005222     -0.011465    0.231249    
1.181513     0.246724     75.672380    75.707601    0.203197     0.042432     13.014168   
1.461738     0.325665     21.667158    21.807875    0.013322     0.002968     0.197469    
-0.854434    -0.412274    20.289397    20.406729    -0.044454    -0.021450    1.055617    
-0.540581    0.641554     19.650542    19.766704    -0.001371    0.001627     0.049820    
1.843049     -0.120056    52.751805    52.820821    0.301191     -0.019620    8.620691    
0.458026     1.456870     30.846554    30.947005    0.028001     0.089063     1.885746    
3.197602     -1.525548    59.346923    59.485159    0.227312     -0.108449    4.218871    
-1.923943    -0.453602    48.993101    49.072458    -0.704441    -0.166084    17.938549   
-0.577086    0.417517     31.542631    31.612021    -0.017493    0.012656     0.956139    
-0.769217    -2.061924    66.238585    66.304361    -0.095469    -0.255910    8.221008    
0.632916     -0.829923    42.146825    42.205677    0.014384     -0.018861    0.957847    
-0.822162    0.121592     35.578748    35.642853    -0.002915    0.000431     0.126157    
-2.800080    -0.489905    52.501853    52.615587    -0.262594    -0.045944    4.923672    
-0.371038    -1.060058    11.789262    12.005125    -0.011759    -0.033595    0.373626    
-1.002795    0.025045     26.884691    26.975318    -0.098314    0.002455     2.635788    
-0.290224    -0.852709    14.126653    14.291557    -0.009888    -0.029052    0.481300    
-1.270836    0.219848     11.604961    11.841175    -0.048340    0.008363     0.441434    
