-2.270158    0.169039     30.350410    30.499255    -0.045268    0.003371     0.605200    
0.627608     1.026144     66.363985    66.404068    0.006529     0.010674     0.690345    
-2.214567    -0.198525    85.938712    85.990004    -0.055655    -0.004989    2.159749    
0.627871     0.650605     36.153490    36.218328    0.032980     0.034174     1.899025    
0.689596     -0.289569    16.510425    16.644172    0.027665     -0.011617    0.662366    
-0.514849    1.093187     9.767841     10.037221    -0.026175    0.055577     0.496591    
-1.162111    1.257911     39.072848    39.159868    -0.004203    0.004550     0.141318    
-1.469661    -0.128123    26.225075    26.340194    -0.154975    -0.013511    2.765425    
1.303912     0.281928     76.333379    76.370409    0.055367     0.011971     3.241259    
-1.544560    0.252773     122.453919   122.479741   -0.048560    0.007947     3.849903    
-0.036148    -1.217703    43.405250    43.466939    -0.003279    -0.110451    3.937051    
1.375760     0.513044     103.041250   103.070510   0.022236     0.008292     1.665444    
0.448957     0.402708     96.147188    96.169228    0.130362     0.116933     27.917917   
1.325629     -0.451925    17.586648    17.751807    0.181863     -0.062000    2.412718    
1.870348     0.833487     36.767561    36.877112    0.128602     0.057309     2.528071    
0.026101     -1.587393    88.448181    88.484327    0.000923     -0.056125    3.127246    
-1.006137    1.444227     40.649274    40.734955    -0.015987    0.022949     0.645910    
1.457984     -0.140122    44.688869    44.756176    0.057852     -0.005560    1.773244    
-1.879062    0.569908     8.867890     9.293551     -0.031827    0.009653     0.150200    
0.258287     -2.213427    86.801061    86.851973    0.049794     -0.426714    16.733872   
1.895236     -0.859016    84.984362    85.032621    0.167633     -0.075980    7.516856    
-0.429252    -0.403502    12.485683    12.653629    -0.013571    -0.012757    0.394733    
0.801595     0.242709     38.469237    38.528673    0.007243     0.002193     0.347618    
2.107101     -2.262486    45.538725    45.685984    0.069681     -0.074820    1.505951    
-0.548203    0.299763     37.658523    37.715112    -0.018068    0.009880     1.241175    
-0.496725    -0.551744    5.121591     5.536859     -0.006367    -0.007072    0.065644    
0.875326     2.000456     41.086626    41.191671    0.060744     0.138823     2.851234    
0.741299     1.455559     123.453169   123.479666   0.001380     0.002710     0.229839    
0.053269     -0.004979    41.403887    41.450689    0.020023     -0.001871    15.562814   
-1.338248    -0.781572    30.645428    30.747666    -0.005766    -0.003367    0.132039    
-1.438453    -0.179833    29.154617    29.256933    -0.082399    -0.010301    1.670072    
0.757088     -0.102403    14.716327    14.867041    0.020239     -0.002738    0.393406    
0.223770     0.918521     14.719584    14.880688    0.085823     0.352282     5.645430    
0.192114     -2.714394    20.419742    20.694097    0.011501     -0.162503    1.222471    
-0.668577    0.604006     84.479333    84.507068    -0.098585    0.089063     12.456855   
-1.634485    1.593450     63.088699    63.160664    -0.089941    0.087683     3.471594    
0.220201     0.012834     39.562074    39.611631    0.012990     0.000757     2.333783    
-0.298654    -1.957420    14.120243    14.393642    -0.005329    -0.034930    0.251976    
-0.261948    -0.762034    14.239446    14.397434    -0.020243    -0.058890    1.100433    
-0.348207    0.216435     15.881386    16.008168    -0.008084    0.005025     0.368726    
0.776780     0.169011     19.116561    19.234080    0.004013     0.000873     0.098752    
0.523323     -1.379691    11.966018    12.216299    0.114644     -0.302249    2.621399    
-0.466892    1.258807     45.200135    45.262895    -0.022498    0.060657     2.178006    
-0.620762    0.423944     69.014273    69.046433    -0.033605    0.022950     3.736130    
-1.023669    -0.398547    16.852317    17.002420    -0.081719    -0.031816    1.345314    
0.021782     0.079184     27.144605    27.216012    0.001447     0.005261     1.803356    
-0.466448    1.040223     42.658979    42.719587    -0.010654    0.023760     0.974385    
1.903157     -0.139906    72.455493    72.507345    0.086928     -0.006390    3.309457    
0.886755     0.249991     66.415673    66.451226    0.099468     0.028042     7.449896    
-1.110056    0.625507     22.350654    22.473322    -0.099486    0.056060     2.003129    
0.601503     -0.580739    17.520917    17.650965    0.009639     -0.009306    0.280757    
-0.573423    -2.311808    23.895294    24.094258    -0.086511    -0.348778    3.605033    
-0.854703    1.529847     18.334714    18.523165    -0.087709    0.156992     1.881500    
0.982347     -0.780943    91.477304    91.507087    0.142102     -0.112968    13.232670   
1.215649     0.576580     10.284304    10.557089    0.109500     0.051936     0.926364    
1.133107     1.551479     100.785991   100.823519   0.009880     0.013527     0.878757    
-2.815784    -0.824883    66.249031    66.343184    -0.222085    -0.065060    5.225166    
0.041058     -1.184631    31.345426    31.429536    0.001170     -0.033765    0.893421    
-0.370056    -0.807425    32.248317    32.320547    -0.018416    -0.040181    1.604824    
-0.047786    -0.151538    12.354675    12.511523    -0.003422    -0.010853    0.884831    
0.149558     -1.194631    110.675078   110.699130   0.008566     -0.068421    6.338779    
1.137302     0.288609     67.620638    67.659459    0.182837     0.046398     10.870960   
-0.189779    2.026624     25.791915    25.946889    -0.063789    0.681197     8.669287    
-1.319791    -1.039708    25.570828    25.701459    -0.091239    -0.071876    1.767745    
0.453044     1.358389     27.591508    27.698677    0.021568     0.064668     1.313540    
-0.075406    1.542511     15.231744    15.435867    -0.001026    0.020980     0.207172    
0.103707     -1.935899    37.386063    37.488013    0.000420     -0.007848    0.151565    
0.134400     -0.896863    60.280389    60.319339    0.000111     -0.000740    0.049707    
0.859731     -0.257507    16.605030    16.745370    0.025160     -0.007536    0.485952    
-0.463684    -1.533952    79.190431    79.231101    -0.024933    -0.082484    4.258228    
0.150087     0.356840     120.914421   120.931064   0.013922     0.033100     11.215858   
-1.024559    0.545311     10.370778    10.619561    -0.062550    0.033292     0.633145    
-1.036158    0.605628     54.154575    54.203628    -0.086097    0.050323     4.499838    
-0.041258    -0.293878    16.205410    16.327227    -0.000155    -0.001107    0.061046    
-0.872721    0.468961     16.248971    16.397731    -0.110585    0.059424     2.058961    
-0.609355    -0.499013    14.910925    15.060909    -0.093882    -0.076882    2.297291    
-0.936865    -1.461320    35.127206    35.225115    -0.478589    -0.746502    17.944421   
-0.441369    1.465347     39.427233    39.505996    -0.063359    0.210351     5.659791    
-0.090971    -0.175443    5.602269     5.941332     -0.001251    -0.002414    0.077070    
0.949905     -0.458234    119.610282   119.631128   0.120726     -0.058238    15.201604   
0.204910     1.845390     30.472816    30.592726    0.013621     0.122665     2.025564    
-0.324132    -2.114344    17.492951    17.732845    -0.024213    -0.157942    1.306727    
0.323315     -0.741604    114.507640   114.527416   0.014359     -0.032937    5.085571    
1.676599     -0.570050    26.804593    26.935053    0.056573     -0.019235    0.904457    
0.757113     0.773709     66.423966    66.461944    0.090183     0.092160     7.912048    
1.322414     -1.555877    12.367848    12.688898    0.129117     -0.151911    1.207561    
-0.001887    1.590935     44.785279    44.856742    -0.000086    0.072690     2.046235    
-1.804534    2.374636     136.972188   137.018796   -0.097894    0.128822     7.430619    
0.487889     -0.018650    100.374694   100.395182   0.002325     -0.000089    0.478254    
0.154759     0.560963     12.737340    12.901683    0.009920     0.035957     0.816448    
1.676409     -0.686110    21.430192    21.596509    0.175775     -0.071940    2.246999    
0.215173     -0.943268    23.731337    23.832485    0.024944     -0.109347    2.751034    
0.500873     -0.071957    14.378979    14.521916    0.117626     -0.016899    3.376787    
-0.545475    0.684668     47.107639    47.156876    -0.000210    0.000264     0.018153    
0.400107     0.136085     59.441661    59.475748    0.006754     0.002297     1.003418    
-0.397051    2.478226     31.216412    31.378951    -0.001428    0.008910     0.112239    
-0.279298    0.064182     55.296691    55.332459    -0.045898    0.010547     9.087164    
-1.049564    1.204305     74.767439    74.810406    -0.035134    0.040313     2.502802    
-1.763508    -0.931379    158.497283   158.522052   -0.353462    -0.186678    31.767832   
2.319365     -1.365703    29.819414    30.005283    0.004849     -0.002855    0.062345    
0.185327     -1.332065    16.438931    16.610904    0.011406     -0.081986    1.011779    
1.372163     -0.112298    40.085200    40.157112    0.087942     -0.007197    2.569050    
0.175809     0.289062     29.900375    29.967012    0.007491     0.012317     1.274029    
-1.433710    0.618064     93.303390    93.337211    -0.037704    0.016254     2.453737    
0.034613     -0.959321    38.646057    38.708063    0.006900     -0.191229    7.703605    
-0.258398    -0.054913    20.839639    20.934071    -0.004217    -0.000896    0.340107    
0.735693     -0.817900    6.455214     6.837759     0.079737     -0.088647    0.699639    
0.930050     0.441354     9.010341     9.280139     0.032954     0.015638     0.319258    
-0.460725    0.868753     8.412325     8.695353     -0.075750    0.142836     1.383113    
1.326906     0.987096     36.232112    36.323215    0.069252     0.051517     1.890979    
0.502453     0.215390     7.435499     7.711060     0.042485     0.018212     0.628710    
1.717171     0.812766     37.108318    37.209024    0.028647     0.013559     0.619059    
-1.683082    2.488532     29.927482    30.142241    -0.100276    0.148264     1.783047    
-0.043876    1.882791     12.517618    12.810641    -0.007258    0.311470     2.070787    
1.028484     1.178129     40.784776    40.862191    0.007781     0.008913     0.308560    
1.491358     0.361906     117.845561   117.871991   0.167375     0.040617     13.225784   
0.296321     0.383317     9.114543     9.337269     0.028745     0.037184     0.884167    
-1.553933    -0.683321    45.560880    45.634968    -0.117276    -0.051571    3.438506    
0.031921     0.155404     18.498851    18.603968    0.003671     0.017872     2.127385    
0.027690     -1.488018    66.357608    66.403479    0.001927     -0.103555    4.618016    
-0.457303    1.312167     95.946050    95.976301    -0.026213    0.075215     5.499711    
0.942930     0.210391     100.246138   100.270118   0.062692     0.013988     6.664965    
-1.012623    -0.476579    128.650172   128.670099   -0.008434    -0.003969    1.071472    
1.250052     0.935166     16.259793    16.452750    0.124528     0.093160     1.619776    
-0.443081    0.199312     4.793851     5.204999     -0.157458    0.070830     1.703592    
1.101159     2.657130     246.423703   246.448350   0.034411     0.083035     7.700740    
-0.482281    -1.000513    87.362528    87.391761    -0.005984    -0.012414    1.083944    
1.250692     -0.008160    10.648860    10.901260    0.032484     -0.000212    0.276578    
-0.097287    0.838356     9.994940     10.221843    -0.001670    0.014391     0.171571    
-1.559819    0.979452     38.618742    38.712718    -0.172547    0.108347     4.272009    
1.389745     -0.040398    15.624860    15.809625    0.021976     -0.000639    0.247074    
-0.332698    1.066948     69.955843    69.992456    -0.030794    0.098756     6.475054    
-0.974777    -0.735580    9.484008     9.762819     -0.374528    -0.282624    3.643943    
0.354451     -1.458330    29.174123    29.278948    0.052278     -0.215090    4.302916    
1.307766     0.064087     45.446533    45.507984    0.037880     0.001856     1.316391    
0.423031     -0.121753    196.010476   196.020854   0.013494     -0.003884    6.252466    
0.297379     -0.611595    23.617187    23.708837    0.016151     -0.033216    1.282646    
-0.561528    1.160552     58.332027    58.379470    -0.108393    0.224023     11.259939   
1.638154     -0.536793    26.983522    27.110092    0.007693     -0.002521    0.126724    
-1.639146    -0.849788    25.584325    25.726282    -0.010626    -0.005509    0.165854    
-0.306437    0.689743     112.289574   112.309363   -0.003082    0.006938     1.129532    
-2.012076    1.029680     17.343756    17.600838    -0.073958    0.037848     0.637504    
-0.778178    0.042489     27.494554    27.575946    -0.039791    0.002173     1.405899    
1.794130     0.620170     58.133677    58.197963    0.008737     0.003020     0.283106    
-0.347291    1.882629     58.689096    58.753296    -0.019937    0.108076     3.369166    
0.050692     0.314905     85.240207    85.263530    0.002928     0.018191     4.924110    
0.405609     0.277502     62.101444    62.134578    0.069822     0.047769     10.690136   
0.529765     -1.232270    32.852295    32.938539    0.003114     -0.007244    0.193123    
0.946991     -0.363803    109.806494   109.828822   0.086598     -0.033268    10.041347   
0.358972     -2.264889    68.422644    68.489355    0.036212     -0.228474    6.902237    
-1.941829    0.249138     82.257931    82.304768    -0.189130    0.024265     8.011745    
-1.054816    -1.415671    81.517551    81.560425    -0.049126    -0.065932    3.796509    
0.718226     -0.125145    13.025372    13.193437    0.016133     -0.002811    0.292586    
-0.147880    0.334245     18.918080    19.023730    -0.012278    0.027750     1.570651    
0.361403     -0.334523    107.665177   107.684297   0.012228     -0.011318    3.642824    
0.706560     -0.545248    72.323514    72.355802    0.159028     -0.122721    16.278167   
-0.758523    0.009156     117.014651   117.033666   -0.069203    0.000835     10.675765   
-1.738010    2.495408     176.826759   176.863861   -0.201007    0.288603     20.450674   
-0.889720    0.923130     33.430582    33.513020    -0.050151    0.052034     1.884380    
-0.252320    -1.050799    18.379307    18.515986    -0.015820    -0.065882    1.152335    
-1.208792    1.421903     63.364931    63.422965    -0.146225    0.172005     7.665140    
-2.289651    -0.088060    112.867155   112.907572   -0.100889    -0.003880    4.973258    
0.296151     1.644447     24.719457    24.853941    0.004302     0.023889     0.359099    
-0.179259    -1.462019    50.868325    50.927704    -0.012440    -0.101462    3.530183    
0.330017     1.499375     57.586248    57.640333    0.039797     0.180810     6.944339    
-1.238442    0.308505     42.655172    42.719639    -0.052412    0.013056     1.805202    
-0.409426    -1.625685    17.460544    17.650950    -0.041951    -0.166573    1.789066    
-0.761131    1.282212     37.064568    37.146744    -0.053686    0.090441     2.614345    
1.264225     -1.261765    30.639533    30.754613    0.372273     -0.371548    9.022333    
1.021348     -1.639663    48.445789    48.524232    0.014934     -0.023975    0.708384    
-1.782717    -0.382134    72.895388    72.944751    -0.115634    -0.024787    4.728272    
0.255444     -1.436811    165.456061   165.474206   0.038502     -0.216566    24.938610   
1.596291     -0.686347    37.194404    37.286967    0.060400     -0.025970    1.407349    
-0.954511    -1.353467    56.512386    56.570908    -0.021959    -0.031137    1.300109    
-0.700026    -0.625653    38.800052    38.861297    -0.013739    -0.012280    0.761521    
0.214766     1.090659     12.299498    12.505529    0.001490     0.007566     0.085318    
-4.221101    0.044369     51.847882    52.056676    -0.322953    0.003395     3.966842    
-0.362532    0.965397     12.716891    12.909597    -0.031005    0.082565     1.087608    
-1.346657    0.576979     70.064740    70.107697    -0.065094    0.027890     3.386738    
1.028293     -1.720262    61.101951    61.166495    0.134514     -0.225032    7.992914    
-0.504683    2.030833     29.911341    30.048997    -0.022360    0.089976     1.325228    
-0.240387    -0.174532    15.182480    15.312443    -0.000024    -0.000017    0.001515    
1.206757     0.067447     26.395139    26.496021    0.120429     0.006731     2.634126    
1.402572     0.848664     46.301540    46.372351    0.002657     0.001608     0.087724    
1.003672     -1.651903    69.698678    69.753256    0.050108     -0.082470    3.479670    
-0.652272    1.006353     26.745412    26.844556    -0.036798    0.056774     1.508861    
0.334967     -1.042528    94.044673    94.071646    0.023946     -0.074528    6.723015    
0.312841     0.458195     84.587130    84.611851    0.004895     0.007170     1.323570    
0.408438     -1.575832    69.248241    69.295338    0.029239     -0.112809    4.957251    
0.769824     0.736643     19.172682    19.302900    0.174521     0.166998     4.346483    
1.680219     0.555850     25.388823    25.526445    0.086013     0.028455     1.299686    
0.953718     -0.633753    26.734391    26.831210    0.029607     -0.019674    0.829944    
1.180942     1.094523     14.326641    14.550609    0.136120     0.126159     1.651347    
0.342484     0.296628     5.591217     5.944909     0.000781     0.000676     0.012742    
0.437523     1.416181     107.610365   107.638574   0.113082     0.366026     27.812934   
0.954037     0.905191     52.964150    53.017033    0.018639     0.017684     1.034733    
-2.305210    0.295764     67.198870    67.267857    -0.064256    0.008244     1.873111    
0.152667     -2.174754    27.795949    27.950717    0.013916     -0.198233    2.533656    
-0.767282    1.256870     9.143573     9.468280     -0.014928    0.024453     0.177895    
0.255649     1.344192     135.441167   135.462382   0.003899     0.020500     2.065623    
0.453948     -1.460138    113.989084   114.016333   0.030656     -0.098606    7.697892    
0.131325     0.281094     38.294853    38.346669    0.018605     0.039823     5.425307    
0.060904     1.061206     75.875436    75.908410    0.003767     0.065635     4.692873    
-0.080153    -0.488404    154.260537   154.273890   -0.008095    -0.049325    15.579074   
1.289271     -1.568920    29.900763    30.034219    0.176847     -0.215206    4.101429    
0.189338     0.541160     33.086357    33.149822    0.002366     0.006763     0.413458    
0.662975     -0.343185    162.483440   162.497078   0.073838     -0.038222    18.096488   
0.327643     1.185092     53.329605    53.380085    0.025111     0.090826     4.087220    
0.729518     -1.527399    19.537978    19.709711    0.084172     -0.176232    2.254301    
0.769685     -0.973229    12.313399    12.531334    0.030993     -0.039189    0.495819    
-0.044950    0.092536     85.647869    85.670550    -0.000308    0.000634     0.586945    
1.768809     1.196100     22.981415    23.164191    0.143965     0.097352     1.870482    
0.356116     -0.306638    13.403996    13.555918    0.007559     -0.006509    0.284512    
1.507427     -1.431267    62.589309    62.654748    0.064869     -0.061592    2.693419    
-0.843922    -1.205726    28.189878    28.296822    -0.164925    -0.235630    5.509041    
-0.841557    -0.449475    106.593171   106.615615   -0.079549    -0.042487    10.075849   
-0.697876    0.142522     54.423745    54.463991    -0.014220    0.002904     1.108970    
-0.094097    2.098529     32.578574    32.705521    -0.004199    0.093649     1.453858    
-1.537865    -1.765922    69.825701    69.892682    -0.205245    -0.235682    9.319021    
0.027825     0.712566     11.806475    11.990677    0.000359     0.009203     0.152489    
-0.697143    1.963727     73.444555    73.500476    -0.106316    0.299473     11.200463   
2.463181     1.740954     104.518235   104.580278   0.020022     0.014151     0.849561    
0.794036     -0.330779    24.388548    24.482976    0.006303     -0.002626    0.193591    
0.756194     -0.995643    24.386666    24.497909    0.226909     -0.298760    7.317638    
0.755547     1.741292     40.740743    40.832414    0.090635     0.208884     4.887231    
1.462724     -0.140343    92.955821    92.988273    0.012330     -0.001183    0.783597    
-0.987125    -1.349645    28.520111    28.636823    -0.084044    -0.114909    2.428205    
-0.735988    -0.665750    78.760966    78.791812    -0.079151    -0.071598    8.470310    
-1.090459    -0.225864    45.808040    45.863838    -0.046530    -0.009638    1.954646    
-0.464958    -0.784223    13.070134    13.248945    -0.012952    -0.021846    0.364085    
-0.673424    -0.544965    57.436497    57.476748    -0.258505    -0.209194    22.047985   
1.404906     2.918303     88.803918    88.884763    0.198538     0.412408     12.549575   
-0.365485    -0.178474    104.179841   104.199231   -0.017383    -0.008488    4.954928    
-1.998801    -0.809155    32.190058    32.322202    -0.245980    -0.099578    3.961431    
0.291587     -1.682120    60.486990    60.543088    0.034773     -0.200600    7.213319    
-0.146857    -0.358807    33.757963    33.817530    -0.043720    -0.106818    10.049868   
0.549965     -1.236246    18.590264    18.743096    0.112573     -0.253047    3.805245    
-0.382851    1.505870     110.003200   110.031782   -0.019270    0.075794     5.536748    
-1.007951    1.371099     17.751928    17.941621    -0.038185    0.051942     0.672507    
0.005429     0.511141     5.866172     6.208722     0.000155     0.014634     0.167953    
1.384025     -0.513369    8.830737     9.167112     0.052658     -0.019532    0.335982    
0.190571     0.254289     7.758248     8.010390     0.003827     0.005107     0.155801    
0.195062     -0.087083    17.218194    17.331670    0.037074     -0.016551    3.272565    
-0.352485    -1.902619    33.057708    33.172748    -0.009911    -0.053499    0.929539    
0.181323     -0.279477    11.032289    11.211483    0.005252     -0.008094    0.319520    
0.769560     -1.062370    22.525027    22.648899    0.080757     -0.111484    2.363763    
0.254647     0.563298     15.218244    15.357476    0.001741     0.003850     0.104023    
-0.762949    -0.311119    10.036358    10.260717    -0.089860    -0.036644    1.182084    
-1.133553    -0.673047    103.427154   103.454285   -0.026248    -0.015585    2.394934    
0.699668     1.240589     97.804601    97.834777    0.024483     0.043410     3.422349    
0.394007     0.136823     72.172398    72.200443    0.062027     0.021539     11.361748   
0.614887     -2.116298    44.767706    44.865123    0.004390     -0.015109    0.319612    
-1.516696    -0.881874    36.356276    36.451774    -0.101587    -0.059067    2.435113    
-0.029685    -0.387865    76.113414    76.139858    -0.005272    -0.068878    13.516448   
1.713666     0.579351     158.237526   158.260109   0.017367     0.005871     1.603603    
-1.052035    1.221893     34.227079    34.321534    -0.107992    0.125429     3.513443    
-0.675790    0.875505     22.076151    22.191318    -0.024935    0.032304     0.814551    
-0.404454    -0.017647    64.004843    64.036386    -0.036929    -0.001611    5.844028    
0.185275     1.608803     15.539761    15.747434    0.000048     0.000414     0.003997    
0.042129     -2.003716    31.972651    32.095826    0.002851     -0.135612    2.163913    
-1.397220    0.128618     198.827364   198.842059   -0.041136    0.003787     5.853676    
-0.619186    -0.285714    64.829267    64.862731    -0.037179    -0.017156    3.892634    
0.507374     -1.764862    84.226861    84.269872    0.026853     -0.093406    4.457725    
-0.939231    -0.396882    11.213032    11.430079    -0.060906    -0.025737    0.727129    
-0.779811    0.204825     45.196792    45.246823    -0.085170    0.022371     4.936310    
1.342783     -1.516401    78.455762    78.506586    0.088679     -0.100144    5.181288    
0.556807     -0.664826    72.921806    72.953525    0.055309     -0.066039    7.243515    
-1.333155    -1.652850    63.028289    63.094765    -0.088864    -0.110174    4.201289    
-0.970967    0.883569     127.559225   127.581168   -0.057790    0.052589     7.592103    
3.103920     0.413939     58.575227    58.691889    0.196755     0.026239     3.713043    
0.300407     -1.443432    44.963293    45.030505    0.072087     -0.346371    10.789543   
-1.281302    1.790806     59.081261    59.155043    -0.183704    0.256754     8.470670    
0.854045     0.052605     77.665418    77.695072    0.073573     0.004532     6.690607    
2.082247     -0.223386    127.624129   127.656488   0.109202     -0.011715    6.693180    
-0.257350    -1.807559    94.850583    94.888574    -0.005461    -0.038359    2.012881    
-1.644651    1.135225     22.728501    22.900946    -0.035898    0.024779     0.496099    
1.684078     1.721448     63.142364    63.218925    0.078027     0.079758     2.925522    
0.073887     0.317014     8.389606     8.623595     0.004231     0.018153     0.480397    
-2.755609    -1.544997    43.451785    43.610927    -0.097289    -0.054548    1.534106    
1.579528     1.478340     60.062343    60.133521    0.033068     0.030950     1.257428    
-1.670344    0.688953     42.375491    42.459650    -0.380600    0.156983     9.655569    
0.815120     -0.605117    5.918764     6.319597     0.001658     -0.001231    0.012039    
0.720864     0.742225     89.120583    89.148325    0.007114     0.007325     0.879544    
-0.464321    -1.577025    28.343310    28.459107    -0.068301    -0.231977    4.169246    
1.656877     -0.583433    9.449400     9.810797     0.054860     -0.019318    0.312877    
0.020300     -2.548213    123.986226   124.028033   0.001487     -0.186644    9.081395    
-0.140044    -1.191378    59.238025    59.282861    -0.001352    -0.011499    0.571734    
0.224881     0.727672     76.725297    76.754324    0.014851     0.048054     5.066756    
0.559881     -0.806397    28.909434    28.993001    0.039980     -0.057584    2.064378    
-0.380104    -1.579627    9.284645     9.629085     -0.026763    -0.111223    0.653739    
1.250249     -0.819519    21.580788    21.721881    0.018690     -0.012251    0.322605    
-0.626151    2.885000     92.946824    93.014528    -0.079439    0.366017     11.792057   
1.596235     -2.701367    28.445269    28.685426    0.017334     -0.029334    0.308889    
0.844752     -0.727589    10.495712    10.736755    0.037874     -0.032621    0.470570    
1.003973     -0.184734    18.113037    18.248264    0.044543     -0.008196    0.803621    
0.577193     0.675274     14.059780    14.224680    0.048452     0.056685     1.180227    
1.887570     0.872948     112.329662   112.366155   0.103746     0.047979     6.173922    
0.718466     0.957042     82.345881    82.378099    0.028531     0.038005     3.270062    
-0.862264    1.186143     131.424567   131.447489   -0.069716    0.095903     10.625991   
1.035660     0.010970     10.892855    11.117642    0.071502     0.000757     0.752044    
0.914037     -0.280004    55.434854    55.478030    0.068494     -0.020982    4.154042    
-1.526057    0.457918     28.324109    28.437100    -0.041240    0.012375     0.765420    
-0.079258    -1.790812    81.242852    81.286464    -0.008429    -0.190457    8.640353    
0.259791     0.932323     33.766863    33.838037    0.004672     0.016765     0.607208    
-1.010164    1.117742     20.092347    20.244682    -0.031063    0.034371     0.617853    
0.030533     -0.249076    34.536597    34.593561    0.001492     -0.012168    1.687237    
0.519855     -1.778512    48.614170    48.689278    0.107161     -0.366617    10.021170   
1.381272     -0.550559    10.910259    11.185693    0.026000     -0.010363    0.205369    
-0.094241    0.582702     145.439402   145.453921   -0.008844    0.054685     13.648998   
0.493083     -0.328032    12.222117    12.393782    0.019400     -0.012906    0.480877    
1.598761     -0.433172    40.857482    40.938399    0.033690     -0.009128    0.860960    
-1.550290    0.435568     57.018027    57.074719    -0.288139    0.080955     10.597457   
-1.093326    -0.281428    8.321915     8.625763     -0.035067    -0.009026    0.266914    
-0.821016    -1.891933    18.155826    18.378314    -0.087111    -0.200737    1.926357    
-0.601615    0.850487     53.080588    53.127291    -0.048257    0.068220     4.257758    
-0.054055    -0.424663    15.442754    15.573595    -0.000960    -0.007546    0.274393    
0.495805     0.775686     118.346439   118.366389   0.006917     0.010822     1.651143    
0.942699     1.609721     35.708318    35.811155    0.026869     0.045880     1.017759    
-0.215124    0.525151     12.285695    12.455333    -0.019462    0.047511     1.111493    
-2.440220    -0.090444    46.429105    46.534929    -0.334905    -0.012413    6.372112    
-0.653202    -1.588452    18.194505    18.381099    -0.108850    -0.264701    3.031947    
-0.190561    0.477603     38.516868    38.570566    -0.016475    0.041291     3.329943    
-0.280520    0.590256     13.768142    13.923498    -0.003846    0.008093     0.188772    
1.062381     -1.119711    30.433449    30.536080    0.089759     -0.094603    2.571289    
0.330466     0.720223     43.456966    43.508744    0.013704     0.029867     1.802114    
1.432113     -1.444813    21.084507    21.273689    0.079700     -0.080406    1.173391    
-0.452849    0.689354     23.715562    23.811407    -0.078454    0.119427     4.108592    
1.497217     -0.625508    61.493198    61.546090    0.018882     -0.007888    0.775501    
1.207480     -1.128467    76.726568    76.769607    0.201780     -0.188576    12.821642   
-1.257093    0.775495     29.951811    30.052747    -0.115198    0.071065     2.744738    
1.020185     0.474246     65.082382    65.121863    0.078680     0.036575     5.019356    
-0.436487    0.158073     11.643638    11.817985    -0.028939    0.010480     0.771959    
-0.815524    0.242175     72.469525    72.501246    -0.016670    0.004950     1.481348    
-0.771395    -0.340017    7.049738     7.367796     -0.102333    -0.045107    0.935219    
0.490725     -1.437642    63.263744    63.312588    0.052861     -0.154862    6.814730    
0.939105     -0.101914    24.328985    24.426763    0.059391     -0.006445    1.538618    
1.538928     -1.418995    67.164647    67.226085    0.127389     -0.117461    5.559732    
0.533524     1.190003     48.190135    48.247951    0.004564     0.010179     0.412197    
-0.786447    1.014463     80.218419    80.252833    -0.022072    0.028471     2.251318    
0.772529     1.199596     10.460495    10.739308    0.055456     0.086114     0.750912    
-0.207791    -0.325056    78.132628    78.158373    -0.062903    -0.098403    23.652728   
0.513763     -2.916195    60.521388    60.625750    0.056776     -0.322270    6.688249    
0.968340     1.620213     51.498194    51.570357    0.012636     0.021142     0.671990    
-0.279274    -1.656656    116.680308   116.709004   -0.020492    -0.121557    8.561373    
-0.406239    0.178211     53.572398    53.610386    -0.003224    0.001414     0.425192    
2.304821     0.128012     44.252376    44.356244    0.106646     0.005923     2.047589    
0.659109     -1.367539    12.991040    13.226741    0.013078     -0.027134    0.257763    
-0.082709    -2.371138    24.888300    25.078508    -0.017521    -0.502302    5.272340    
-0.122898    0.814732     67.247874    67.281724    -0.003915    0.025951     2.142025    
-1.124868    0.624400     15.461472    15.639286    -0.019096    0.010600     0.262475    
-1.596235    0.638103     9.826042     10.167654    -0.387413    0.154870     2.384820    
2.968171     -0.209187    101.613106   101.675720   0.115273     -0.008124    3.946300    
0.458429     0.945629     30.756264    30.837106    0.010219     0.021078     0.685565    
0.340962     0.730935     23.078415    23.176253    0.004451     0.009543     0.301299    
-0.373135    1.397542     54.984881    55.039118    -0.002158    0.008083     0.318002    
-0.744284    0.540135     8.431334     8.706781     -0.064030    0.046467     0.725340    
1.469783     0.128479     29.766004    29.867486    0.026003     0.002273     0.526615    
-0.661709    -0.022830    17.801183    17.921926    -0.061893    -0.002135    1.665041    
0.306755     -1.619260    108.442449   108.472835   0.026398     -0.139348    9.332178    
-1.356727    0.433508     117.276250   117.301417   -0.027171    0.008682     2.348665    
0.118199     -0.258738    8.682380     8.907278     0.005614     -0.012289    0.412369    
0.516105     1.295522     87.008773    87.042210    0.041947     0.105296     7.071808    
-0.549241    -0.432087    72.809823    72.839781    -0.015144    -0.011913    2.007512    
1.281462     0.375261     12.280405    12.508647    0.008874     0.002599     0.085038    
0.827976     1.654861     27.717334    27.848693    0.006246     0.012485     0.209104    
1.727267     -1.020151    41.597294    41.692134    0.066051     -0.039011    1.590689    
0.523774     -0.654092    88.924113    88.949845    0.101880     -0.127229    17.296798   
-0.226692    -0.059681    8.297484     8.531010     -0.010137    -0.002669    0.371024    
-0.682805    -0.871408    11.470787    11.691000    -0.061896    -0.078992    1.039815    
-0.277542    1.861137     45.850909    45.931706    -0.005857    0.039275     0.967573    
-1.458493    0.656278     19.734094    19.896415    -0.296126    0.133248     4.006726    
0.855240     3.344570     104.868659   104.943929   0.021969     0.085913     2.693800    
0.526847     0.352245     65.868257    65.900712    0.044956     0.030057     5.620527    
1.527972     -1.738263    53.722125    53.807973    0.048028     -0.054638    1.688628    
-1.100489    0.738959     17.446048    17.606722    -0.077953    0.052344     1.235793    
-2.111755    -0.763529    11.769842    12.142760    -0.032103    -0.011607    0.178927    
-0.042408    0.312171     44.389388    44.434131    -0.000243    0.001786     0.254029    
-0.826963    0.446137     15.351964    15.506149    -0.018592    0.010030     0.345153    
-1.423140    1.295053     101.490744   101.528068   -0.053939    0.049084     3.846629    
-1.158073    1.866580     18.116912    18.355454    -0.351313    0.566245     5.495941    
-0.490144    -0.797109    10.891584    11.107528    -0.000889    -0.001446    0.019759    
0.135839     -1.069379    54.310802    54.357154    0.006132     -0.048275    2.451749    
-0.420615    -0.042001    24.066837    24.150906    -0.024912    -0.002488    1.425401    
1.809046     -1.429104    130.999484   131.034555   0.549974     -0.434466    39.825550   
-0.894916    0.733444     61.281796    61.324321    -0.004320    0.003541     0.295842    
0.320846     -0.793402    19.332460    19.451257    0.024293     -0.060072    1.463755    
-0.287850    1.237177     32.036338    32.121883    -0.001134    0.004874     0.126198    
0.449832     -2.238150    106.412806   106.455493   0.026008     -0.129403    6.152460    
0.548652     0.632054     45.320046    45.370497    0.026959     0.031057     2.226869    
1.696770     -0.334023    56.199581    56.260630    0.107191     -0.021101    3.550341    
-1.292666    0.012441     41.518240    41.584978    -0.050852    0.000489     1.633290    
1.869544     -1.715541    36.498980    36.639988    0.054785     -0.050272    1.069560    
0.637101     1.918523     27.908853    28.051126    0.061508     0.185222     2.694433    
0.178021     1.337835     25.754649    25.865003    0.004003     0.030086     0.579193    
-0.103708    -1.230323    79.816209    79.850026    -0.004147    -0.049202    3.191913    
0.026258     -0.535635    46.319147    46.364059    0.004400     -0.089766    7.762498    
-1.023809    -0.455052    10.975517    11.206792    -0.019883    -0.008837    0.213149    
-2.718861    1.240249     103.940742   104.002324   -0.119692    0.054599     4.575774    
1.142631     0.445962     24.135578    24.246764    0.258282     0.100806     5.455644    
-0.981542    -0.719113    26.929459    27.028712    -0.017180    -0.012587    0.471345    
-2.360801    1.147797     28.813610    28.999826    -0.080640    0.039206     0.984210    
0.265740     -0.248606    8.525198     8.757076     0.062157     -0.058149    1.994060    
-1.254693    0.779000     30.296438    30.396220    -0.036458    0.022635     0.880323    
-1.498525    -2.502809    33.834920    34.017443    -0.121540    -0.202994    2.744226    
0.156067     -0.370477    45.711022    45.755154    0.003118     -0.007402    0.913268    
0.417976     0.160675     8.310376     8.552066     0.014232     0.005471     0.282976    
1.249864     0.582935     20.263998    20.406041    0.055029     0.025666     0.892189    
0.542831     0.070690     36.715837    36.772644    0.111461     0.014515     7.538940    
-1.277298    -0.907936    8.599241     8.959785     -0.026695    -0.018976    0.179722    
1.861550     -0.255339    101.095845   101.132464   0.167632     -0.022993    9.103628    
-0.596376    -0.416712    61.216760    61.252722    -0.039778    -0.027794    4.083105    
-0.383583    -1.555513    30.138897    30.245576    -0.035498    -0.143954    2.789178    
1.020407     1.426737     30.172845    30.287825    0.079576     0.111263     2.353009    
0.162093     -0.009879    61.386937    61.418706    0.036892     -0.002248    13.971706   
0.825179     0.133270     42.654548    42.708127    0.180286     0.029117     9.319197    
-2.134526    -0.448395    37.210023    37.325836    -0.001965    -0.000413    0.034256    
-1.689033    0.056874     58.856332    58.913487    -0.045109    0.001519     1.571859    
-0.309593    -1.179780    20.126911    20.259695    -0.040376    -0.153862    2.624864    
0.604140     -1.629164    18.215038    18.403308    0.124681     -0.336223    3.759173    
-0.715044    -0.218809    41.468665    41.522094    -0.068353    -0.020917    3.964119    
0.253826     -0.003499    17.179694    17.293967    0.019320     -0.000266    1.307667    
-2.005369    0.766393     34.447903    34.570824    -0.539877    0.206325     9.273912    
0.751369     1.893274     52.146806    52.223686    0.048331     0.121782     3.354269    
0.088724     -0.541007    9.886941     10.095896    0.006218     -0.037917    0.692931    
-1.227725    -0.124239    23.077206    23.193859    -0.286169    -0.028959    5.379043    
-0.925995    -0.266338    9.095807     9.356124     -0.034708    -0.009983    0.340930    
0.362024     -0.418596    39.682972    39.735620    0.004051     -0.004684    0.444041    
-1.646518    -0.374642    48.280889    48.350497    -0.287889    -0.065505    8.441769    
-0.754817    1.724928     59.527859    59.590151    -0.003829    0.008751     0.301988    
-1.199973    -0.432863    72.884675    72.922412    -0.043857    -0.015821    2.663835    
1.921491     -1.078257    68.257908    68.321824    0.248638     -0.139525    8.832478    
1.163732     0.182536     33.142450    33.221748    0.222604     0.034916     6.339632    
-0.470476    -2.029005    69.010589    69.070070    -0.001681    -0.007251    0.246622    
-0.371220    -0.404633    32.317390    32.381943    -0.047991    -0.052310    4.177942    
0.069321     0.834976     6.445357     6.791139     0.002061     0.024831     0.191673    
0.458404     0.932987     20.229933    20.352045    0.064566     0.131411     2.849382    
2.331216     -1.901948    34.638481    34.824578    0.095728     -0.078101    1.422375    
-0.950650    -1.413398    33.248049    33.349800    -0.026587    -0.039528    0.929846    
-1.232645    0.740806     99.586447    99.616282    -0.270163    0.162365     21.826711   
0.251937     0.368030     10.873514    11.059258    0.003646     0.005326     0.157345    
0.814456     0.402431     22.105011    22.211073    0.004641     0.002293     0.125970    
1.279486     -2.229000    17.782158    18.074447    0.204506     -0.356271    2.842202    
1.061983     -1.416237    17.028454    17.233013    0.072851     -0.097153    1.168142    
-0.338894    0.079452     9.441514     9.650819     -0.023741    0.005566     0.661412    
0.596075     1.731560     20.247272    20.424999    0.083047     0.241247     2.820922    
2.602716     -0.483833    86.069490    86.132690    0.238836     -0.044399    7.898108    
0.826932     -1.123780    18.754713    18.909281    0.010181     -0.013835    0.230894    
-0.721835    -3.327979    50.986646    51.138141    -0.076317    -0.351854    5.390611    
-0.700610    -0.330368    5.434692     5.831880     -0.018429    -0.008690    0.142952    
0.339110     1.837685     84.343676    84.387337    0.002267     0.012286     0.563879    
0.274747     0.528688     109.970835   109.990065   0.032825     0.063163     13.138438   
-0.207752    -1.333491    36.745847    36.823275    -0.003470    -0.022271    0.613691    
1.546197     0.210489     81.463628    81.502348    0.110453     0.015036     5.819392    
-0.826826    0.861583     75.515554    75.550644    -0.069276    0.072188     6.327080    
0.163898     0.280837     60.599630    60.632465    0.027936     0.047867     10.328920   
-0.081492    0.666359     29.026058    29.100476    -0.015697    0.128352     5.590892    
0.469650     -1.018112    46.927352    46.982001    0.050592     -0.109675    5.055187    
-0.754167    0.552014     44.524241    44.577533    -0.030191    0.022098     1.782394    
-0.118769    -0.332325    8.259473     8.498141     -0.006219    -0.017401    0.432476    
-0.834672    -0.857870    63.158200    63.200204    -0.008817    -0.009063    0.667205    
0.684896     -0.458541    13.002563    13.176530    0.014235     -0.009531    0.270254    
-0.943131    -1.778788    20.677734    20.868571    -0.023608    -0.044525    0.517591    
0.089540     -1.384434    16.180899    16.359130    0.002475     -0.038270    0.447289    
-0.027482    0.173781     7.619465     7.871604     -0.002962    0.018732     0.821317    
2.006690     0.890611     29.661703    29.807912    0.279355     0.123984     4.129266    
-0.911220    2.131968     68.413069    68.480644    -0.216846    0.507352     16.280490   
-0.189825    1.282662     46.563901    46.623525    -0.047876    0.323504     11.744035   
0.672859     0.927726     33.395088    33.472679    0.025735     0.035483     1.277285    
-0.094737    -0.393193    21.069106    21.164730    -0.006826    -0.028329    1.518023    
0.986872     -1.102715    15.751260    15.942617    0.024705     -0.027605    0.394308    
0.133991     -0.043068    13.630665    13.772792    0.002913     -0.000936    0.296377    
0.658089     1.253431     78.420692    78.458167    0.083046     0.158174     9.896133    
-0.731765    0.397887     23.118235    23.216837    -0.055829    0.030356     1.763785    
1.802697     2.339444     63.496584    63.595707    0.376143     0.488138     13.248928   
0.300186     0.496607     79.640102    79.666540    0.046503     0.076932     12.337429   
0.155594     1.496632     121.598468   121.623708   0.006776     0.065182     5.295898    
0.405433     0.600533     30.895785    30.966910    0.008329     0.012337     0.634701    
-0.713565    1.615253     60.090718    60.148878    -0.053705    0.121568     4.522568    
0.491193     -0.468722    16.385698    16.517477    0.115741     -0.110446    3.860985    
-0.765703    -0.145328    9.904739     10.128486    -0.246944    -0.046869    3.194336    
1.115619     -0.553808    18.764199    18.908237    0.014012     -0.006956    0.235674    
1.841442     -1.099536    38.083359    38.194464    0.199465     -0.119102    4.125184    
-0.122814    -0.231514    33.369451    33.428489    -0.012196    -0.022990    3.313609    
2.295514     1.313781     75.893659    75.965241    0.062860     0.035977     2.078269    
-1.620788    -1.333158    47.196811    47.284439    -0.106268    -0.087409    3.094484    
0.363680     -0.185751    17.787016    17.900270    0.015479     -0.007906    0.757047    
0.751217     -0.959231    98.241110    98.268383    0.122207     -0.156047    15.981757   
-2.825411    -0.132029    49.376617    49.496724    -0.059704    -0.002790    1.043379    
-1.076319    -2.214996    67.827719    67.900950    -0.175445    -0.361055    11.056252   
0.559225     0.078819     7.617103     7.887595     0.032567     0.004590     0.443583    
-0.604516    1.482334     38.164728    38.248976    -0.172501    0.422990     10.890461   
0.534644     -1.302727    27.438073    27.544614    0.080345     -0.195770    4.123303    
-0.811539    0.746511     16.547302    16.700420    -0.024871    0.022878     0.507114    
0.804727     2.471021     25.066767    25.277882    0.004320     0.013266     0.134571    
-0.193741    0.682699     9.031221     9.270464     -0.005795    0.020421     0.270144    
0.967970     0.081354     108.367481   108.389711   0.051654     0.004341     5.782877    
1.191382     -0.896132    87.186248    87.221208    0.121410     -0.091322    8.884891    
-0.206851    0.173914     6.297267     6.603299     -0.011599    0.009752     0.353125    
-0.393252    0.671308     27.152230    27.234608    -0.010139    0.017307     0.700017    
-0.051935    -3.040800    27.799425    28.034481    -0.004136    -0.242184    2.214079    
0.576419     -0.922879    106.303876   106.327668   0.010338     -0.016552    1.906629    
-1.247556    -0.218138    22.079937    22.203661    -0.271663    -0.047501    4.808036    
1.178151     0.058102     21.360811    21.483729    0.311558     0.015365     5.648799    
1.235644     2.228450     92.834075    92.889898    0.135540     0.244443     10.183143   
0.441170     -0.010873    7.415583     7.685087     0.013447     -0.000331    0.226021    
0.963012     1.056619     29.538383    29.638401    0.019680     0.021592     0.603629    
0.094997     -0.346396    7.945496     8.193587     0.002416     -0.008810    0.202087    
-2.220118    -0.293866    63.357959    63.428079    -0.128240    -0.016974    3.659725    
1.365873     1.182850     39.034728    39.126074    0.100192     0.086767     2.863344    
0.371175     0.182774     31.049518    31.114605    0.024287     0.011959     2.031647    
1.823190     1.844339     44.388696    44.507942    0.135293     0.136863     3.293944    
-1.396494    -0.511158    50.202952    50.263534    -0.039584    -0.014489    1.423003    
0.432395     -0.877781    18.407237    18.538037    0.031547     -0.064042    1.342979    
0.380362     1.122312     121.043909   121.065714   0.011895     0.035098     3.785361    
-0.802644    0.100238     97.607926    97.631125    -0.126363    0.015781     15.366725   
-0.524986    -1.220192    20.926258    21.060572    -0.021354    -0.049631    0.851165    
0.299190     0.893988     7.027961     7.359070     0.011332     0.033861     0.266190    
0.186221     0.511792     33.409742    33.472115    0.003208     0.008817     0.575602    
0.895889     1.582913     109.270348   109.303212   0.122719     0.216827     14.967844   
0.984229     -1.026802    96.032806    96.063509    0.019270     -0.020104    1.880217    
1.477371     -0.331704    31.773667    31.870574    0.037945     -0.008519    0.816068    
1.003240     0.518206     43.705891    43.764767    0.019956     0.010308     0.869391    
-0.615802    -1.405504    18.628298    18.794763    -0.000627    -0.001430    0.018959    
0.415328     -0.401611    52.258331    52.298584    0.026581     -0.025703    3.344581    
0.131427     -0.387992    93.978458    93.999964    0.020401     -0.060226    14.587776   
2.113654     -0.045189    92.069441    92.114746    0.162194     -0.003468    7.065050    
0.854307     -0.134603    96.553019    96.576955    0.021839     -0.003441    2.468211    
1.752894     0.213021     58.487277    58.547029    0.118341     0.014381     3.948580    
1.022285     1.389333     20.656650    20.821802    0.022525     0.030613     0.455154    
-1.147427    0.795832     139.787465   139.808298   -0.129859    0.090068     15.820360   
-0.504973    1.570627     59.969493    60.024469    -0.016027    0.049848     1.903277    
2.008643     -1.722407    25.639952    25.851178    0.143719     -0.123238    1.834542    
-1.188635    -0.192348    22.600139    22.717638    -0.012028    -0.001946    0.228698    
0.316817     -0.146951    68.752913    68.781974    0.018187     -0.008436    3.946842    
-0.043443    0.764039     12.013273    12.197513    -0.002013    0.035397     0.556556    
-0.498607    1.448439     155.698721   155.718699   -0.000070    0.000203     0.021795    
1.175865     -0.758383    26.597113    26.706539    0.132073     -0.085181    2.987382    
-0.747109    0.758299     78.671130    78.702953    -0.089343    0.090681     9.407913    
0.094653     -0.109483    26.563648    26.636878    0.007670     -0.008872    2.152606    
-1.512013    0.855288     47.970277    48.042066    -0.125526    0.071005     3.982455    
-0.956130    0.268854     14.407651    14.575384    -0.204424    0.057482     3.080403    
-0.525932    0.258606     7.519083     7.794552     -0.035646    0.017528     0.509624    
-0.389167    0.847116     19.647299    19.767660    -0.024584    0.053514     1.241150    
1.263052     1.004452     25.837959    25.963038    0.051469     0.040931     1.052899    
-0.629713    1.987463     51.696345    51.775801    -0.202140    0.637981     16.594671   
0.534029     0.299300     37.241017    37.298030    0.012854     0.007204     0.896396    
1.788029     -0.101098    39.884788    39.973473    0.263276     -0.014886    5.872789    
2.378169     -0.482763    47.040074    47.143740    0.096648     -0.019619    1.911700    
1.135957     1.539735     115.820562   115.853091   0.111784     0.151518     11.397374   
-0.178897    -1.112550    52.602693    52.651572    -0.025010    -0.155537    7.353955    
0.503077     -0.148515    6.388713     6.705650     0.055300     -0.016325    0.702266    
-0.652739    -0.886424    11.414282    11.634974    -0.041094    -0.055805    0.718594    
-0.764724    0.873072     17.967770    18.112503    -0.049021    0.055967     1.151788    
0.032750     1.687919     28.033684    28.153375    0.002573     0.132627     2.202733    
0.691920     -1.239954    40.515578    40.588216    0.032059     -0.057451    1.877211    
-1.007690    1.514256     29.872063    29.992058    -0.004143    0.006226     0.122818    
-1.677266    -1.498176    87.445670    87.496731    -0.040915    -0.036547    2.133153    
0.015851     -0.061616    63.496676    63.527213    0.000576     -0.002238    2.306638    
-1.399879    1.189663     38.671692    38.765315    -0.003253    0.002765     0.089866    
-1.140501    -1.338255    103.769951   103.803513   -0.096003    -0.112649    8.734931    
-0.747296    1.675263     37.928359    38.023682    -0.013292    0.029798     0.674640    
0.076385     -0.572538    45.804487    45.850405    0.003616     -0.027105    2.168430    
-0.450983    1.257846     18.755863    18.906161    -0.004456    0.012429     0.185329    
-1.132268    0.431538     57.537107    57.583521    -0.074279    0.028310     3.774529    
-1.207477    0.064110     77.827479    77.861760    -0.144920    0.007694     9.340735    
1.089471     1.752631     17.157666    17.393077    0.041551     0.066842     0.654363    
0.213442     -0.542439    71.573747    71.603184    0.031900     -0.081070    10.697050   
-0.230682    -0.511139    72.157876    72.186900    -0.014085    -0.031209    4.405853    
-1.985270    0.061231     22.370505    22.544612    -0.179802    0.005546     2.026055    
-0.364326    0.106606     31.206739    31.271067    -0.000472    0.000138     0.040393    
-1.686429    1.745527     51.905270    51.999259    -0.103482    0.107108     3.184994    
-0.517016    1.107551     33.044104    33.125243    -0.015305    0.032787     0.978210    
-1.186116    -0.402646    25.071453    25.179787    -0.017125    -0.005813    0.361984    
0.042893     -0.912619    83.597818    83.625982    0.003228     -0.068677    6.290951    
-0.663728    0.470188     15.656201    15.800418    -0.127717    0.090476     3.012630    
1.356058     0.459412     80.629961    80.666694    0.030790     0.010431     1.830754    
-0.141047    0.620316     8.981728     9.216891     -0.004403    0.019364     0.280380    
-2.699530    0.801092     26.421148    26.643596    -0.795000    0.235918     7.780919    
0.235179     -2.094624    18.508623    18.731974    0.026199     -0.233338    2.061831    
-0.964443    -0.341774    97.657926    97.683123    -0.411640    -0.145875    41.681974   
0.229716     0.278605     55.132580    55.168893    0.019313     0.023423     4.635109    
-0.257894    0.341163     16.725235    16.846107    -0.006103    0.008073     0.395785    
0.054455     0.328584     28.782701    28.851859    0.007016     0.042333     3.708238    
-1.434673    0.274955     9.754774     10.058054    -0.240227    0.046039     1.633377    
-0.462087    2.442258     47.577506    47.683039    -0.010520    0.055600     1.083145    
0.317369     -0.716815    28.008628    28.088658    0.001202     -0.002716    0.106123    
-0.826647    0.401222     95.675256    95.699915    -0.001218    0.000591     0.140950    
0.321679     1.093184     84.212975    84.243686    0.060756     0.206471     15.905433   
-1.014403    -1.274218    24.207963    24.342413    -0.105680    -0.132747    2.521975    
0.231546     0.340799     20.255421    20.355018    0.013083     0.019255     1.144449    
-0.743066    1.397894     22.578490    22.719362    -0.037484    0.070517     1.138982    
0.640367     1.301203     18.934216    19.091430    0.011512     0.023391     0.340371    
0.450544     1.022628     29.472028    29.558826    0.003034     0.006886     0.198457    
-1.578608    0.901228     82.428424    82.471960    -0.078966    0.045081     4.123256    
0.489102     0.429946     14.098658    14.250304    0.064332     0.056551     1.854406    
0.773319     0.375145     97.446789    97.470459    0.031674     0.015365     3.991290    
-0.385722    1.133775     65.565759    65.606234    -0.033714    0.099099     5.730834    
0.352954     -0.052584    26.898807    26.973100    0.002672     -0.000398    0.203609    
0.416939     -0.934246    42.792074    42.849541    0.012471     -0.027945    1.279995    
-1.171023    0.348231     55.685701    55.733875    -0.140608    0.041813     6.686334    
0.066141     -0.521093    42.408851    42.457762    0.000978     -0.007706    0.627134    
-1.350419    0.625249     63.676311    63.724109    -0.017426    0.008068     0.821673    
-1.105361    0.788675     143.762531   143.782419   -0.046465    0.033153     6.043165    
2.040996     0.447085     11.328297    11.686352    0.021281     0.004662     0.118118    
0.765914     -0.616499    46.574476    46.626425    0.283879     -0.228500    17.262406   
0.345649     1.207228     12.161220    12.383339    0.063021     0.220108     2.217294    
-0.896700    1.576183     51.761932    51.831081    -0.097686    0.171709     5.638930    
1.227114     3.041631     33.826381    34.041979    0.046725     0.115816     1.288006    
0.573190     -0.372275    97.238636    97.260961    0.000547     -0.000355    0.092806    
0.273821     1.160067     6.874482     7.249427     0.007097     0.030068     0.178183    
0.770879     1.439599     51.271765    51.335519    0.053479     0.099870     3.556907    
-0.263660    -0.324665    54.689417    54.726431    -0.029235    -0.035999    6.064038    
-1.786217    -1.836534    34.408891    34.560240    -0.045519    -0.046801    0.876857    
0.560394     -1.413400    37.337427    37.420184    0.125265     -0.315939    8.346075    
0.524232     -0.229489    7.040213     7.332601     0.080260     -0.035135    1.077854    
-0.224858    -0.967166    33.178640    33.251813    -0.001404    -0.006038    0.207150    
0.449349     1.898408     28.214695    28.350482    0.005562     0.023498     0.349227    
0.891553     1.016366     47.173841    47.234247    0.048787     0.055618     2.581444    
-0.851725    -0.309791    75.689423    75.720440    -0.020739    -0.007543    1.842969    
-1.124114    -0.762932    66.564778    66.607734    -0.187713    -0.127400    11.115504   
1.417787     1.108163     30.800476    30.915730    0.016097     0.012582     0.349707    
-1.698748    -0.208552    17.382008    17.576643    -0.076367    -0.009375    0.781410    
-0.951113    -0.215742    41.962657    42.020123    -0.101787    -0.023088    4.490805    
-2.899882    3.400429     40.922924    41.213262    -0.078367    0.091894     1.105911    
-1.745252    0.446467     28.914937    29.037799    -0.065655    0.016796     1.087758    
-0.345653    0.169819     89.492216    89.514692    -0.011698    0.005747     3.028741    
0.459815     -0.228654    52.656700    52.695984    0.063240     -0.031447    7.242034    
-1.621442    -0.991444    59.929377    59.991809    -0.251368    -0.153701    9.290684    
-0.456731    -1.310809    88.339110    88.371942    -0.029500    -0.084664    5.705737    
-0.354812    -2.046548    34.353359    34.472344    -0.002127    -0.012268    0.205938    
-3.145978    -2.124259    40.106042    40.333351    -0.712231    -0.480920    9.079775    
-0.079914    0.336524     21.643194    21.735281    -0.000866    0.003649     0.234665    
-0.389307    -0.819561    126.565601   126.584160   -0.016744    -0.035248    5.443456    
0.854930     -0.310711    113.836590   113.857242   0.025452     -0.009250    3.389042    
0.979212     0.758517     33.521932    33.602516    0.052232     0.040460     1.788081    
0.429573     0.763757     8.800331     9.060278     0.002054     0.003652     0.042082    
1.160326     -0.442134    39.541059    39.609496    0.275239     -0.104878    9.379480    
0.985923     1.189071     83.771081    83.808442    0.008888     0.010720     0.755212    
-0.004333    -0.386341    17.798859    17.911550    -0.000189    -0.016861    0.776795    
0.926908     -0.496208    78.678105    78.709749    0.049710     -0.026611    4.219462    
-0.803342    0.409888     20.141189    20.257241    -0.025095    0.012804     0.629182    
-0.795050    1.950698     78.260873    78.313961    -0.072329    0.177463     7.119693    
1.081500     1.361136     119.918508   119.947263   0.044248     0.055689     4.906312    
0.385372     -0.493030    10.442537    10.644864    0.025584     -0.032731    0.693244    
-1.003283    0.247469     29.635872    29.719147    -0.091436    0.022553     2.700907    
-0.815351    -0.791227    63.051801    63.092752    -0.019071    -0.018507    1.474763    
0.769464     0.947629     78.931251    78.965229    0.007065     0.008700     0.724681    
-0.623531    1.171191     38.695485    38.768234    -0.010958    0.020583     0.680058    
-0.916837    -0.699616    14.949019    15.122109    -0.061744    -0.047115    1.006732    
0.851599     0.573862     17.738606    17.877014    0.025488     0.017176     0.530912    
0.893197     -0.039041    23.856178    23.953946    0.106201     -0.004642    2.836485    
0.474342     -2.716094    40.020664    40.163798    0.001751     -0.010024    0.147699    
-1.145691    -0.234985    31.463315    31.546521    -0.087915    -0.018032    2.414349    
0.603381     1.182788     23.514188    23.633769    0.036001     0.070572     1.402989    
1.754969     -0.288018    111.998070   112.029485   0.028551     -0.004686    1.822047    
-0.604491    0.957541     32.516210    32.595416    -0.144923    0.229565     7.795565    
-1.795805    -1.183010    21.074570    21.275264    -0.007205    -0.004746    0.084548    
-0.827880    0.768621     52.092421    52.141840    -0.011789    0.010945     0.741767    
-0.156558    0.722123     14.101555    14.257446    -0.000383    0.001766     0.034485    
1.385459     0.955741     136.714132   136.738663   0.034612     0.023877     3.415427    
-1.854808    -1.704514    44.110408    44.226109    -0.097337    -0.089450    2.314839    
1.294911     -1.537167    22.396051    22.572056    0.124835     -0.148189    2.159068    
3.033075     -0.290860    120.443711   120.498326   0.609220     -0.058422    24.192187   
0.244400     -0.901070    46.150806    46.202203    0.028102     -0.103609    5.306632    
-0.257560    -0.111929    69.912133    69.940405    -0.011567    -0.005027    3.139737    
-1.768181    -1.766145    17.860765    18.141874    -0.054443    -0.054380    0.549941    
-0.578363    -0.306111    16.808943    16.936461    -0.004262    -0.002256    0.123864    
1.169294     0.123859     29.400138    29.489416    0.074368     0.007878     1.869883    
-1.285343    0.351286     15.492450    15.673751    -0.022915    0.006263     0.276200    
-1.524331    1.808812     20.726756    20.953967    -0.123662    0.146740     1.681463    
0.702316     0.813082     41.140368    41.201446    0.029669     0.034348     1.737966    
0.209414     -0.200223    59.675256    59.708417    0.006894     -0.006592    1.964567    
-0.334275    0.674377     10.432281    10.643024    -0.052046    0.105000     1.624298    
0.802678     0.734241     6.058071     6.462088     0.033031     0.030215     0.249298    
0.193015     -0.022467    10.258628    10.447591    0.010759     -0.001252    0.571823    
-0.379424    0.732045     8.794487     9.049741     -0.050104    0.096669     1.161338    
-0.976149    0.901008     11.408062    11.652618    -0.053669    0.049538     0.627220    
-0.037815    -1.978877    35.743189    35.852027    -0.003217    -0.168327    3.040380    
0.976979     -0.901824    116.812160   116.836311   0.107286     -0.099033    12.827621   
-1.281905    0.569457     16.426169    16.603058    -0.060593    0.026917     0.776427    
0.426810     0.244962     15.857325    15.986615    0.061025     0.035025     2.267275    
0.280109     0.466330     9.250389     9.473151     0.016456     0.027396     0.543439    
0.429153     0.464044     17.214484    17.338192    0.021757     0.023526     0.872720    
-0.394852    1.125074     54.850817    54.899078    -0.016235    0.046261     2.255346    
1.407288     -1.047549    38.052047    38.143296    0.040834     -0.030396    1.104131    
-0.277126    0.205988     25.991058    26.067782    -0.039262    0.029183     3.682295    
-0.462574    -0.969368    41.578016    41.638444    -0.007194    -0.015075    0.646590    
-1.377172    0.815277     69.334126    69.380525    -0.020224    0.011972     1.018179    
1.020981     0.148784     12.474187    12.670629    0.034744     0.005063     0.424498    
0.732737     -0.615210    15.396464    15.551252    0.012109     -0.010166    0.254428    
-2.467127    -1.419257    129.833594   129.879707   -0.427982    -0.246204    22.522725   
-1.813353    0.803234     24.068506    24.230175    -0.002577    0.001141     0.034204    
2.344183     2.115621     17.216466    17.613991    0.218024     0.196766     1.601242    
0.746699     1.408373     81.421550    81.460940    0.017100     0.032254     1.864660    
-1.071950    0.888423     23.096653    23.222160    -0.075914    0.062917     1.635674    
-0.193958    1.377357     13.334278    13.550374    -0.014936    0.106063     1.026806    
0.190637     0.165255     63.365383    63.396454    0.019058     0.016521     6.334658    
0.888571     0.606449     71.435451    71.470665    0.095425     0.065127     7.671543    
1.751665     -0.972336    68.075484    68.133400    0.015371     -0.008532    0.597358    
0.414223     -1.549808    26.787194    26.907289    0.189521     -0.709091    12.256079   
-0.489785    0.028375     99.453593    99.474282    -0.042611    0.002469     8.652475    
-0.992448    0.313271     61.293951    61.334383    -0.008167    0.002578     0.504375    
-1.105955    0.411538     73.604891    73.640665    -0.165964    0.061757     11.045458   
0.007823     0.942728     23.150615    23.253273    0.000510     0.061435     1.508650    
0.001448     0.923235     87.213931    87.241029    0.000008     0.004863     0.459380    
-1.189071    0.178934     21.381240    21.505308    -0.031967    0.004811     0.574820    
-1.895284    -0.938480    142.806440   142.835665   -0.285724    -0.141481    21.528847   
0.235224     0.377496     8.697888     8.928944     0.027202     0.043655     1.005866    
-0.654758    0.074780     13.330215    13.490881    -0.016393    0.001872     0.333754    
0.497033     -0.527194    43.834231    43.884390    0.113243     -0.120115    9.987143    
0.708973     1.662885     27.486625    27.616251    0.055366     0.129861     2.146533    
0.344728     -2.692383    64.958107    65.044587    0.030237     -0.236157    5.697677    
-0.039674    -0.657589    17.077827    17.203521    -0.000656    -0.010874    0.282412    
-0.285083    -1.659169    69.594971    69.643156    -0.009524    -0.055432    2.325115    
0.611832     -0.714444    13.423287    13.599424    0.004721     -0.005512    0.103569    
-1.363514    -2.529181    57.602074    57.707277    -0.001408    -0.002611    0.059470    
1.522749     -1.592295    61.406427    61.477462    0.232192     -0.242796    9.363367    
0.781422     -2.364377    170.508708   170.538252   0.023066     -0.069790    5.032980    
2.296644     0.753730     38.852426    38.977284    0.131432     0.043134     2.223443    
0.066987     0.099215     99.340502    99.360076    0.001616     0.002394     2.397135    
0.254938     -0.124295    15.721406    15.846703    0.002475     -0.001207    0.152616    
-1.748548    2.007161     63.788131    63.873991    -0.325222    0.373323     11.864320   
1.739852     1.399787     101.413828   101.457508   0.014524     0.011686     0.846613    
1.356241     -0.038458    6.224079     6.667457     0.000502     -0.000014    0.002304    
0.290213     0.030348     124.350613   124.366535   0.015006     0.001569     6.429802    
1.376036     -0.239295    23.749368    23.871702    0.080621     -0.014020    1.391466    
0.526123     -1.895242    20.580715    20.767992    0.206162     -0.742652    8.064568    
-1.071144    0.849231     45.262209    45.325612    -0.075641    0.059971     3.196303    
-0.918626    -0.339545    40.986984    41.045913    -0.041848    -0.015468    1.867157    
0.496397     0.055028     60.258595    60.292808    0.068606     0.007605     8.328252    
0.376268     1.549327     46.906025    46.974377    0.017252     0.071038     2.150693    
-1.096483    0.033318     56.718194    56.762945    -0.049459    0.001503     2.558397    
0.459662     0.432661     15.364383    15.502829    0.040707     0.038316     1.360664    
-0.284493    0.999359     41.456282    41.515996    -0.014616    0.051343     2.129860    
0.184270     -0.168775    9.370345     9.578139     0.028605     -0.026200    1.454592    
2.520561     -1.325079    25.305119    25.540812    0.214468     -0.112748    2.153151    
-0.525855    -0.869229    47.219338    47.271270    -0.123217    -0.203675    11.064276   
-0.165561    -0.661986    71.457279    71.487644    -0.001045    -0.004179    0.451055    
-0.725646    0.405378     36.823263    36.885208    -0.039749    0.022206     2.017082    
-0.357452    0.248362     27.670924    27.744269    -0.054012    0.037528     4.181124    
-0.750071    -0.794291    35.124224    35.196300    -0.019737    -0.020900    0.924220    
0.705782     1.950238     12.468885    12.792560    0.079492     0.219654     1.404363    
-0.231831    -0.119512    7.425094     7.686026     -0.032291    -0.016646    1.034214    
2.813834     -1.133825    52.055647    52.181113    0.067492     -0.027196    1.248589    
-1.183917    0.979057     108.971995   109.000601   -0.069464    0.057444     6.393728    
-0.547441    0.372999     15.710738    15.847431    -0.007962    0.005425     0.228493    
1.094797     0.538147     49.265700    49.320101    0.069105     0.033969     3.109713    
0.437768     -1.006859    40.236493    40.299575    0.004017     -0.009239    0.369219    
0.834581     -0.545986    50.978143    51.025882    0.080834     -0.052882    4.937507    
3.044589     1.576939     20.322860    20.703861    0.193934     0.100448     1.294522    
1.065561     -0.576245    42.121666    42.185035    0.050239     -0.027169    1.985955    
-0.728140    1.380285     31.773946    31.873091    -0.084298    0.159798     3.678529    
-0.439438    0.128464     15.788025    15.916856    -0.053784    0.015723     1.932355    
2.066918     -0.733427    32.824176    32.956206    0.143348     -0.050866    2.276474    
0.791385     -2.599953    39.105485    39.249203    0.000291     -0.000957    0.014395    
1.273850     0.186284     9.529333     9.815321     0.049566     0.007248     0.370790    
-0.016463    0.067436     4.231625     4.667593     -0.000082    0.000336     0.021099    
0.311227     -1.318790    64.063366    64.107923    0.038497     -0.163129    7.924359    
0.592451     -1.018753    27.687910    27.782804    0.106813     -0.183671    4.991862    
-0.635307    2.131115     72.853986    72.914494    -0.119348    0.400347     13.686203   
-0.423304    -0.572715    40.652098    40.705960    -0.015946    -0.021575    1.531414    
0.991621     -0.742711    142.391875   142.410870   0.049029     -0.036722    7.040345    
0.094578     0.493956     74.210309    74.238116    0.004460     0.023291     3.499194    
0.961561     0.217542     60.307272    60.347444    0.050244     0.011367     3.151230    
1.594784     1.369391     17.070466    17.311682    0.122756     0.105407     1.313975    
0.160902     0.830491     82.475018    82.502843    0.009069     0.046811     4.648746    
0.106655     -1.868910    69.761415    69.814283    0.003901     -0.068357    2.551579    
-0.315771    2.030885     37.606461    37.713990    -0.014885    0.095730     1.772655    
-1.020680    -0.851603    6.781187     7.185156     -0.084284    -0.070322    0.559967    
0.346852     0.592821     108.393063   108.413112   0.083149     0.142113     25.984376   
1.145518     0.625739     57.472236    57.520750    0.072428     0.039564     3.633797    
-0.636235    -0.237164    7.625373     7.904575     -0.015943    -0.005943    0.191080    
-0.215210    -1.551875    101.849367   101.880435   -0.015822    -0.114093    7.487901    
0.841849     -1.221899    11.338904    11.603769    0.001988     -0.002885    0.026773    
-0.812859    0.465014     17.945973    18.077884    -0.002942    0.001683     0.064956    
-1.258243    2.493302     67.083460    67.170420    -0.126217    0.250108     6.729278    
-0.533082    0.970782     14.958060    15.127627    -0.010065    0.018329     0.282421    
1.011189     -1.331217    21.562940    21.717043    0.327929     -0.431714    6.992866    
0.316836     0.635572     23.718694    23.810832    0.004298     0.008622     0.321755    
0.309751     1.016586     57.361178    57.404782    0.009351     0.030689     1.731647    
0.835532     0.194186     127.746585   127.764630   0.047112     0.010949     7.203050    
-0.347744    -1.794202    91.125751    91.165331    -0.014537    -0.075006    3.809499    
-0.145683    0.834183     26.331299    26.418352    -0.020736    0.118737     3.747972    
2.500520     0.713582     121.864818   121.908452   0.443921     0.126683     21.634831   
0.470693     -0.884609    14.769887    14.934142    0.040185     -0.075523    1.260970    
2.230100     1.075459     44.504679    44.616940    0.117411     0.056621     2.343098    
-0.075036    -0.506526    32.720486    32.783644    -0.003169    -0.021391    1.381817    
-0.498036    -0.893922    57.395164    57.438027    -0.008582    -0.015403    0.988970    
-1.258403    -2.241883    37.772382    37.910915    -0.068939    -0.122818    2.069295    
-3.040117    0.865742     59.366951    59.483625    -0.246770    0.070273     4.818893    
-2.233036    0.954471     52.616319    52.709102    -0.296746    0.126839     6.992131    
0.718549     -1.206424    51.779261    51.835688    0.211367     -0.354880    15.231306   
-1.065263    0.803448     64.358310    64.402231    -0.026680    0.020123     1.611881    
1.182352     2.163418     12.304268    12.702295    0.031375     0.057408     0.326502    
-1.120663    -0.305333    24.756982    24.862265    -0.153684    -0.041872    3.395091    
0.008107     0.903943     16.502277    16.643836    0.000373     0.041589     0.759251    
-1.374635    -0.870040    26.893997    27.014970    -0.114487    -0.072461    2.239872    
0.817315     0.315349     19.260853    19.380992    0.126359     0.048754     2.977778    
0.940952     1.268195     40.505807    40.584345    0.038716     0.052180     1.666616    
-1.447689    -3.174183    83.191673    83.288058    -0.120575    -0.264370    6.928840    
2.878347     1.391002     73.002461    73.098933    0.193315     0.093422     4.902990    
0.573151     -0.026394    8.300470     8.549968     0.083293     -0.003836    1.206258    
0.412080     1.921475     66.679748    66.737738    0.020047     0.093476     3.243829    
-0.832008    -0.018828    22.607747    22.708539    -0.003961    -0.000090    0.107627    
-0.508948    -0.073636    19.371468    19.478018    -0.006605    -0.000956    0.251386    
-0.254700    0.532834     16.342367    16.471087    -0.025311    0.052951     1.624031    
-0.045385    1.604607     30.144441    30.251266    -0.001624    0.057430     1.078897    
0.757184     -0.308855    69.649499    69.682109    0.022813     -0.009305    2.098406    
0.416255     1.428042     51.095055    51.154591    0.059132     0.202863     7.258394    
-1.327293    0.395371     103.469388   103.497378   -0.116518    0.034708     9.083216    
1.203745     1.578157     25.584132    25.736401    0.163184     0.213941     3.468277    
0.242447     -1.408403    38.206130    38.283491    0.016622     -0.096558    2.619365    
1.898628     -1.597037    49.007422    49.109649    0.281676     -0.236932    7.270620    
-0.258255    1.450266     32.554605    32.647316    -0.047607    0.267346     6.001205    
1.116791     0.200472     103.486505   103.511444   0.054587     0.009799     5.058268    
1.003787     0.544017     71.228367    71.264709    0.028015     0.015183     1.987915    
-1.303148    2.461990     34.980032    35.145941    -0.086188    0.162833     2.313533    
1.659573     -0.631890    132.522249   132.548764   0.176401     -0.067166    14.086222   
-0.681969    -0.595784    99.142611    99.166286    -0.060650    -0.052985    8.817081    
0.125830     0.230424     11.035731    11.212994    0.011599     0.021240     1.017255    
-0.850518    -1.135895    65.816476    65.861195    -0.035078    -0.046847    2.714456    
-0.545519    0.670483     66.725523    66.760150    -0.073205    0.089975     8.954179    
-0.512938    -0.172617    61.146249    61.180321    -0.012406    -0.004175    1.478940    
-0.482691    0.140638     24.094447    24.179953    -0.067776    0.019747     3.383166    
0.249837     -0.748487    13.063187    13.234216    0.023692     -0.070979    1.238779    
-0.768618    0.366005     7.124737     7.440535     -0.199250    0.094880     1.846959    
-0.647321    -3.000622    62.903713    63.009323    -0.138264    -0.640916    13.435881   
-1.683757    -1.659140    81.557278    81.615270    -0.449798    -0.443222    21.787178   
1.905852     -0.045012    21.035685    21.213423    0.011257     -0.000266    0.124244    
-0.036802    0.278055     40.883266    40.931590    -0.000539    0.004073     0.598847    
-0.764780    -0.720163    150.667509   150.684029   -0.039927    -0.037598    7.865903    
-1.404338    1.180334     48.324304    48.399159    -0.079715    0.067000     2.743057    
0.531587     0.176324     16.179283    16.308213    0.022897     0.007595     0.696882    
-1.107471    -1.533386    79.992604    80.039174    -0.076857    -0.106415    5.551383    
1.667756     -0.426360    115.801698   115.831219   0.096954     -0.024786    6.732039    
0.615554     0.059258     23.560033    23.650212    0.032201     0.003100     1.232495    
-0.137493    -0.157221    16.448745    16.567431    -0.000698    -0.000798    0.083518    
0.115928     -1.312849    19.976294    20.116269    0.020043     -0.226985    3.453801    
1.388610     0.649215     37.002309    37.086325    0.151445     0.070805     4.035557    
0.700210     0.797224     15.783056    15.940692    0.026949     0.030683     0.607446    
-1.979036    -0.608800    12.551155    12.872205    -0.316064    -0.097229    2.004494    
-0.280919    1.382739     13.360448    13.578196    -0.033774    0.166241     1.606273    
-0.727049    0.383367     31.833891    31.905283    -0.000424    0.000223     0.018546    
-0.105412    0.889152     47.519447    47.568629    -0.017109    0.144316     7.712775    
-2.928564    2.246433     50.077396    50.251801    -0.399336    0.306322     6.828509    
0.327181     -0.134138    47.856667    47.898440    0.023965     -0.009825    3.505368    
1.345535     1.695657     21.982551    22.176412    0.014225     0.017926     0.232399    
0.324362     1.194585     17.331990    17.487283    0.049143     0.180989     2.625934    
0.432040     0.099773     20.782981    20.880706    0.005952     0.001375     0.286330    
-0.237358    -0.728508    8.392310     8.654067     -0.003494    -0.010725    0.123552    
0.105886     1.394635     54.286791    54.340472    0.009539     0.125637     4.890478    
1.239561     -1.926009    56.437603    56.518351    0.042015     -0.065282    1.912949    
0.571548     1.584563     123.001871   123.029154   0.075338     0.208867     16.213357   
0.889397     1.249209     55.580315    55.636300    0.020249     0.028441     1.265391    
2.269020     -0.387851    16.844530    17.114672    0.565330     -0.096634    4.196843    
2.559226     -0.497131    88.258784    88.319220    0.015971     -0.003102    0.550770    
-0.415525    0.576432     55.921051    55.960198    -0.018719    0.025967     2.519162    
0.762515     -1.608522    20.858041    21.026212    0.021390     -0.045122    0.585109    
0.180952     2.665169     56.860067    56.956808    0.008007     0.117935     2.516084    
0.115078     -0.067708    7.104472     7.373351     0.007007     -0.004123    0.432573    
0.534238     0.063108     17.079465    17.200944    0.024335     0.002875     0.777991    
-0.562783    0.878948     11.877345    12.084517    -0.017816    0.027825     0.376001    
0.821096     0.905701     59.689390    59.734351    0.007085     0.007815     0.515011    
0.206697     0.380271     163.621856   163.634270   0.034123     0.062777     27.011607   
-0.002262    -1.629896    69.716491    69.763319    -0.000148    -0.106923    4.573481    
0.878591     -0.028908    24.940491    25.033493    0.019804     -0.000652    0.562171    
-1.170042    -0.159020    24.453162    24.560667    -0.023936    -0.003253    0.500254    
0.149085     1.539007     100.560889   100.592038   0.004437     0.045804     2.992911    
-1.362491    -0.684615    82.525670    82.563226    -0.020522    -0.010312    1.243010    
-0.244066    -0.784993    23.498352    23.594984    -0.029830    -0.095944    2.872036    
-0.322975    0.389441     32.361806    32.425568    -0.007197    0.008679     0.721183    
-0.080846    -1.047748    100.720265   100.744980   -0.010941    -0.141793    13.630594   
1.124374     -0.914083    8.537960     8.880962     0.041308     -0.033583    0.313676    
-1.144553    0.617176     24.158671    24.273591    -0.055852    0.030117     1.178892    
1.356829     1.432069     46.958317    47.040943    0.038686     0.040832     1.338889    
1.750234     -0.344034    73.274840    73.322976    0.143803     -0.028267    6.020401    
-0.966277    -0.271029    49.396419    49.445812    -0.008842    -0.002480    0.452029    
0.920206     0.281335     48.024228    48.074186    0.178992     0.054723     9.341343    
-0.801823    0.559832     22.301264    22.409321    -0.035034    0.024461     0.974420    
-0.615519    0.437317     74.402710    74.432576    -0.003838    0.002727     0.463885    
0.276739     1.832464     126.095364   126.124345   0.002790     0.018475     1.271273    
-0.697942    0.847513     55.762364    55.807899    -0.046044    0.055912     3.678715    
1.942138     0.422304     27.194088    27.337586    0.050286     0.010934     0.704110    
1.002609     0.498515     27.729616    27.821939    0.035675     0.017738     0.986673    
0.132795     1.496259     12.468970    12.712458    0.000645     0.007264     0.060535    
-2.127059    -0.224057    30.071512    30.211676    -0.054129    -0.005702    0.765248    
1.132727     -0.321954    16.110224    16.272707    0.084352     -0.023975    1.199692    
-1.806841    1.324987     40.777537    40.886462    -0.108290    0.079411     2.443927    
1.435237     -1.237371    133.817863   133.845756   0.040721     -0.035107    3.796742    
-0.148022    1.914085     95.879849    95.919268    -0.001127    0.014573     0.730011    
-0.924231    0.005743     28.637955    28.720405    -0.004235    0.000026     0.131210    
0.352983     0.757327     22.353388    22.455446    0.009153     0.019638     0.579651    
-0.796051    0.546526     57.441867    57.483697    -0.025321    0.017384     1.827136    
-0.009096    -1.795531    140.214262   140.239574   -0.000161    -0.031736    2.478322    
0.034806     -0.428136    19.341522    19.446181    0.000339     -0.004169    0.188330    
-0.915170    -0.278677    37.196933    37.261266    -0.029872    -0.009096    1.214125    
-0.780881    1.962324     68.524853    68.585646    -0.208508    0.523972     18.297255   
-1.199925    -0.927042    22.226606    22.365067    -0.018591    -0.014363    0.344375    
-0.756111    0.394851     75.654908    75.685320    -0.017857    0.009325     1.786711    
0.633944     1.382288     16.454207    16.641168    0.027615     0.060214     0.716767    
0.633387     0.518344     87.090814    87.116903    0.033540     0.027448     4.611755    
0.392954     0.254848     66.780461    66.811109    0.067130     0.043537     11.408330   
-1.687697    0.552367     56.185293    56.247805    -0.093011    0.030442     3.096451    
1.954899     0.616935     78.067948    78.119663    0.670524     0.211607     26.777053   
-0.130108    -1.030136    86.775469    86.804004    -0.005464    -0.043264    3.644445    
0.000575     -0.731165    8.034115     8.304009     0.000038     -0.048633    0.534389    
-0.037195    1.026486     10.648615    10.877638    -0.004892    0.135018     1.400652    
0.625424     0.361315     34.961707    35.024529    0.006082     0.003514     0.339994    
-0.111576    0.718274     17.327155    17.453757    -0.010385    0.066856     1.612780    
0.795096     0.652833     117.260816   117.281850   0.018462     0.015159     2.722843    
-0.230244    -1.326207    70.194240    70.234736    -0.017905    -0.103135    5.458786    
-0.971833    0.056163     18.004933    18.138362    -0.010518    0.000608     0.194873    
0.705138     0.568293     29.922715    30.001067    0.050584     0.040768     2.146562    
-1.878131    0.260809     41.002185    41.093181    -0.051664    0.007174     1.127898    
-1.140242    1.913077     35.547591    35.671644    -0.051434    0.086295     1.603487    
0.926767     -1.710724    25.232423    25.383767    0.153598     -0.283528    4.181915    
-1.559048    1.588781     45.713509    45.809985    -0.012365    0.012600     0.362549    
1.227292     0.395725     15.990786    16.163014    0.208152     0.067116     2.712079    
-1.541985    0.242272     48.947246    49.011674    -0.048820    0.007670     1.549702    
0.693088     -0.314186    16.181399    16.318447    0.054097     -0.024523    1.262988    
0.037775     0.727010     53.737851    53.778820    0.004756     0.091537     6.766067    
1.220289     -2.175806    20.340252    20.586987    0.142417     -0.253933    2.373856    
0.813171     0.455122     29.927284    30.006427    0.033701     0.018862     1.240305    
-1.096051    -1.022651    198.793192   198.808590   -0.096241    -0.089796    17.455443   
-0.371495    0.156920     34.422161    34.480759    -0.024451    0.010328     2.265615    
-0.639704    0.972612     96.000954    96.028191    -0.079088    0.120246     11.868777   
1.287498     0.124004     15.292842    15.473170    0.207220     0.019958     2.461345    
-1.285773    -1.616516    73.472789    73.528172    -0.005261    -0.006614    0.300636    
-0.292736    -0.606727    8.402159     8.655925     -0.022434    -0.046498    0.643918    
-1.362699    0.705065     38.018630    38.100462    -0.177684    0.091934     4.957293    
-1.258226    1.083312     78.999708    79.041669    -0.081132    0.069854     5.094021    
-2.907780    -0.622510    67.101693    67.196390    -0.012259    -0.002624    0.282887    
0.489630     1.039254     34.224657    34.300464    0.023547     0.049979     1.645914    
1.805114     -1.055388    117.744258   117.779275   0.080642     -0.047149    5.260136    
-1.670631    0.846891     51.629266    51.700718    -0.086036    0.043614     2.658851    
1.632520     0.045307     20.086143    20.248340    0.056165     0.001559     0.691043    
0.707375     -0.253842    70.192324    70.223942    0.108051     -0.038774    10.721787   
-0.802859    -0.381352    115.807873   115.828013   -0.017028    -0.008088    2.456262    
-1.495671    -3.321039    68.435213    68.560336    -0.019946    -0.044289    0.912654    
-1.739170    2.515307     33.727408    33.922920    -0.132786    0.192044     2.575096    
0.630138     -0.450563    29.172913    29.249511    0.034797     -0.024880    1.610942    
-0.523336    -0.535174    34.413584    34.477964    -0.010460    -0.010697    0.687828    
-1.414605    1.245868     126.725678   126.754983   -0.095673    0.084261     8.570721    
0.177280     0.756247     66.548359    66.581997    0.029155     0.124368     10.944185   
-1.258649    -0.254990    18.751682    18.898406    -0.095260    -0.019299    1.419202    
-0.461823    1.373376     7.083528     7.493381     -0.031561    0.093858     0.484094    
0.182238     2.018293     8.565162     9.019072     0.002031     0.022495     0.095462    
0.432733     -1.880398    16.749209    16.974514    0.011916     -0.051781    0.461223    
0.479679     2.484190     24.466067    24.675184    0.014776     0.076524     0.753666    
-0.472661    1.868939     64.238460    64.297520    -0.026789    0.105927     3.640866    
0.577372     0.675998     47.242826    47.292175    0.005586     0.006540     0.457071    
0.730385     0.774973     14.773755    14.942317    0.049735     0.052771     1.006005    
0.523346     -0.953668    19.678561    19.806668    0.230981     -0.420906    8.685233    
-2.315302    -1.167104    40.582403    40.712763    -0.250335    -0.126190    4.387857    
-2.322347    0.666192     75.155812    75.220397    -0.025973    0.007451     0.840531    
-0.125934    0.367143     43.974296    44.020044    -0.000514    0.001500     0.179646    
1.319748     -1.900940    35.854631    35.983119    0.289513     -0.417009    7.865427    
0.921800     1.650849     146.533211   146.558629   0.132733     0.237712     21.099864   
-0.121268    0.134556     83.740422    83.763751    -0.014778    0.016397     10.204909   
2.465862     1.166904     145.160122   145.199098   0.005120     0.002423     0.301418    
-0.864593    -0.649282    33.144124    33.220129    -0.163028    -0.122429    6.249686    
1.865565     -2.411457    86.915689    86.991422    0.179960     -0.232618    8.384222    
-0.345747    0.398956     24.214868    24.300483    -0.009303    0.010734     0.651524    
-1.757770    0.914045     36.747297    36.853277    -0.069400    0.036088     1.450853    
2.453381     -1.303955    24.431843    24.667981    0.105166     -0.055895    1.047286    
-1.706025    0.692576     63.353419    63.410732    -0.057645    0.023401     2.140642    
-0.097060    0.422901     39.171426    39.223256    -0.006646    0.028958     2.682244    
-0.285090    1.751627     124.538578   124.566777   -0.011122    0.068332     4.858333    
0.311290     0.173065     41.780674    41.828537    0.014590     0.008111     1.958185    
0.364181     0.373303     55.473817    55.511182    0.006733     0.006901     1.025550    
-0.032725    -1.110210    45.789232    45.844982    -0.001904    -0.064599    2.664312    
0.733532     -1.191899    58.300045    58.350055    0.221764     -0.360340    17.625515   
0.444513     0.665122     12.828565    13.003346    0.018896     0.028275     0.545345    
-0.441056    0.821907     38.676493    38.737787    -0.007053    0.013144     0.618503    
1.017730     -0.352808    12.862890    13.057149    0.095454     -0.033090    1.206420    
1.803429     -0.427160    70.661031    70.712737    0.202823     -0.048041    7.946889    
0.866603     -0.759048    13.498751    13.690083    0.128217     -0.112304    1.997188    
0.661519     -0.525982    21.095056    21.203552    0.045002     -0.035782    1.435060    
0.592684     0.799859     49.170672    49.220128    0.080002     0.107966     6.637150    
-1.363262    -0.020025    16.662738    16.833914    -0.048579    -0.000714    0.593761    
-1.721850    -0.200466    15.967207    16.181211    -0.178954    -0.020835    1.659493    
1.372518     0.308064     109.006967   109.033813   0.104794     0.023521     8.322880    
-0.140653    1.464527     37.302957    37.383823    -0.005671    0.059045     1.503934    
0.429875     0.200937     11.750394    11.923585    0.069969     0.032706     1.912571    
-0.050281    0.488270     69.928096    69.957519    -0.006861    0.066625     9.541720    
1.163377     0.694067     49.257101    49.315029    0.144791     0.086382     6.130438    
0.216083     -0.922230    69.935546    69.969656    0.006697     -0.028582    2.167436    
-0.605254    1.827003     19.572787    19.765455    -0.070619    0.213169     2.283690    
1.543711     0.967466     17.228630    17.436160    0.011582     0.007259     0.129260    
0.175808     0.359396     11.047483    11.228620    0.012813     0.026193     0.805161    
-0.990910    -0.635501    20.610622    20.737851    -0.005997    -0.003846    0.124729    
1.630458     -0.174976    18.611357    18.786872    0.021863     -0.002346    0.249560    
-0.318094    0.626464     12.011254    12.191752    -0.018900    0.037223     0.713682    
-0.319254    0.451451     15.035138    15.173531    -0.011474    0.016225     0.540373    
0.436096     -0.515670    140.322968   140.338400   0.106251     -0.125638    34.188372   
0.635111     -1.698132    31.235710    31.350144    0.003807     -0.010180    0.187257    
-1.086006    -1.277662    11.835730    12.114920    -0.006558    -0.007715    0.071469    
2.272375     -0.057646    60.946805    61.020939    0.166159     -0.004215    4.456512    
-0.332365    1.222683     57.969474    58.016724    -0.026157    0.096225     4.562171    
0.260421     -3.249312    26.628748    26.899647    0.002292     -0.028595    0.234338    
