-0.079732    -1.184897    58.382349    58.427596    -0.009270    -0.137768    6.788116    
0.503018     0.903338     22.676165    22.784918    0.009658     0.017344     0.435392    
0.795302     2.551377     28.908360    29.098287    0.028471     0.091335     1.034873    
0.959483     1.043629     32.395008    32.485709    0.047057     0.051183     1.588769    
0.703686     3.304597     59.987958    60.115270    0.029224     0.137239     2.491285    
0.649119     0.719374     49.907672    49.955876    0.164363     0.182152     12.637080   
-1.385680    0.600711     173.134965   173.152742   -0.014714    0.006379     1.838424    
-2.198604    -0.199087    85.329700    85.380948    -0.055254    -0.005003    2.144444    
-0.398009    -0.868244    11.978716    12.176898    -0.046909    -0.102331    1.411813    
1.115667     0.835165     18.543213    18.699409    0.009372     0.007016     0.155778    
-0.404449    -1.861612    65.011908    65.069596    -0.075143    -0.345872    12.078662   
1.941844     1.018995     50.568638    50.654429    0.041776     0.021922     1.087916    
1.684441     0.609571     52.553988    52.621341    0.114909     0.041584     3.585116    
-1.125766    0.266557     82.472217    82.503818    -0.009098    0.002154     0.666521    
-2.004629    -1.588954    36.246359    36.389790    -0.007652    -0.006065    0.138361    
-1.138532    1.158486     32.625053    32.724721    -0.075855    0.077184     2.173649    
0.380030     2.424488     28.258413    28.432999    0.075641     0.482567     5.624514    
0.068333     -1.303420    62.648356    62.692862    0.005446     -0.103885    4.993179    
1.025742     -0.587050    30.371608    30.458272    0.256864     -0.147008    7.605589    
1.760950     1.363855     19.212272    19.440869    0.092322     0.071503     1.007252    
-1.072266    0.552819     22.539553    22.657488    -0.026861    0.013848     0.564624    
-0.825788    -2.527483    25.697067    25.909155    -0.088466    -0.270769    2.752920    
-4.168436    2.192288     67.570787    67.763325    -0.307743    0.161850     4.988546    
-0.209911    0.773284     82.729768    82.757063    -0.000309    0.001138     0.121802    
-2.282024    -0.416179    51.147924    51.238325    -0.235288    -0.042910    5.273595    
-1.862239    1.915371     53.983469    54.085362    -0.009877    0.010158     0.286307    
1.849204     0.519570     64.351626    64.410374    0.148627     0.041760     5.172162    
-0.882231    -2.158442    58.362560    58.442284    -0.039202    -0.095911    2.593368    
1.431518     1.390241     24.368423    24.529105    0.009373     0.009103     0.159556    
-0.648800    -0.721398    114.520840   114.541866   -0.061386    -0.068254    10.835286   
-0.543921    -0.175714    10.424870    10.624481    -0.125480    -0.040536    2.404968    
-0.848907    -0.052636    51.595558    51.640100    -0.069864    -0.004332    4.246254    
1.258764     -1.001404    13.112669    13.356808    0.164437     -0.130817    1.712959    
-0.865126    0.019367     124.483313   124.501883   -0.007154    0.000160     1.029444    
0.388860     -0.087182    41.248437    41.297304    0.013414     -0.003007    1.422861    
-0.347594    -0.389078    31.326985    31.393107    -0.006411    -0.007176    0.577801    
1.127421     0.182209     104.368967   104.393776   0.108380     0.017516     10.033094   
1.801751     -0.468808    16.319081    16.542474    0.033706     -0.008770    0.305290    
-0.315802    -1.076402    41.266086    41.328237    -0.005226    -0.017811    0.682821    
-0.018795    -2.214947    54.730305    54.810469    -0.001024    -0.120640    2.980957    
-1.624852    0.892082     39.809954    39.901671    -0.194693    0.106891     4.770117    
-1.295086    0.467819     20.560867    20.700732    -0.394740    0.142591     6.266919    
0.409244     -1.045027    11.408609    11.631461    0.051923     -0.132589    1.447479    
1.680006     -0.882743    64.612808    64.670639    0.023564     -0.012382    0.906279    
-0.465404    -1.017283    63.678948    63.719187    -0.018185    -0.039750    2.488225    
0.596900     -0.476563    39.615575    39.671805    0.080214     -0.064043    5.323712    
1.390741     -0.154058    22.128343    22.259749    0.208664     -0.023115    3.320098    
-1.101395    1.763083     28.033155    28.178968    -0.015511    0.024829     0.394782    
-0.911042    -0.440231    126.596164   126.615511   -0.052262    -0.025254    7.262187    
-0.442396    -0.041847    19.167827    19.273765    -0.023647    -0.002237    1.024569    
0.298637     0.934837     93.088067    93.114050    0.016972     0.053130     5.290479    
-0.198168    0.443017     43.477749    43.524994    -0.018826    0.042087     4.130401    
0.916044     2.797954     51.582205    51.703641    0.017109     0.052259     0.963428    
1.012058     -0.877372    45.430390    45.492740    0.070901     -0.061466    3.182707    
-0.684515    1.070158     33.319017    33.401282    -0.023918    0.037393     1.164225    
-0.566666    1.774968     47.345712    47.423233    -0.026469    0.082910     2.211551    
0.933556     -0.268892    29.800709    29.881450    0.007163     -0.002063    0.228665    
-1.085806    0.572174     25.502262    25.607551    -0.046612    0.024562     1.094763    
-0.307117    2.029007     35.932174    36.044518    -0.024269    0.160339     2.839484    
-0.803302    -1.569641    23.124104    23.274626    -0.105400    -0.205950    3.034077    
-0.110431    0.132757     30.049594    30.114496    -0.011897    0.014303     3.237406    
0.494708     -1.822616    36.580128    36.681704    0.017142     -0.063156    1.267549    
1.617123     -1.113183    46.035915    46.119786    0.142374     -0.098006    4.053069    
1.542103     0.093880     64.299828    64.348502    0.143120     0.008713     5.967579    
1.253653     0.929687     31.850348    31.949266    0.416213     0.308656     10.574313   
-1.393120    0.694981     9.836457     10.151582    -0.031565    0.015747     0.222870    
-0.384402    -0.057561    75.203449    75.230212    -0.036006    -0.005392    7.044042    
-0.318192    0.976051     24.279195    24.380488    -0.010469    0.032115     0.798854    
-1.207604    0.256741     68.772855    68.812097    -0.033332    0.007087     1.898275    
-1.446780    -1.680938    69.162300    69.225843    -0.084063    -0.097668    4.018577    
-0.229696    0.053058     195.930247   195.940278   -0.008061    0.001862     6.875945    
1.425775     0.297061     9.430281     9.743009     0.029731     0.006194     0.196642    
-0.729235    -0.804895    22.353496    22.466272    -0.061149    -0.067493    1.874408    
-1.812781    -1.159599    108.419654   108.458873   -0.031881    -0.020394    1.906745    
-0.446792    -0.358963    81.749898    81.775603    -0.076525    -0.061482    14.001794   
0.202532     -1.200779    15.386344    15.559480    0.004769     -0.028277    0.362337    
0.693233     1.754021     115.057662   115.089955   0.005319     0.013459     0.882835    
-0.637871    0.514340     74.176717    74.207356    -0.134391    0.108364     15.628041   
-1.486642    -0.292978    49.803091    49.865005    -0.099470    -0.019603    3.332292    
2.607834     -0.166502    78.121548    78.190024    0.255000     -0.016281    7.638906    
-0.851968    0.387992     26.802007    26.890498    -0.099015    0.045092     3.114915    
-0.537569    -0.722154    62.289083    62.326682    -0.013391    -0.017989    1.551642    
0.322617     0.396323     35.116282    35.175125    0.010615     0.013040     1.155420    
-1.073407    0.302742     22.260104    22.374786    -0.031348    0.008841     0.650090    
2.215544     0.721765     64.020159    64.092787    0.264777     0.086257     7.650966    
0.274994     0.751444     28.872836    28.950923    0.010306     0.028161     1.082049    
0.578714     0.152821     6.154664     6.489461     0.065822     0.017381     0.700017    
-1.372512    0.412808     38.058887    38.136702    -0.101051    0.030393     2.802078    
-0.748481    1.591044     16.209214    16.422704    -0.199528    0.424136     4.321010    
-2.222897    0.316098     39.554095    39.666643    -0.513065    0.072958     9.129452    
-0.123620    0.323436     20.419253    20.516841    -0.004417    0.011556     0.729579    
-1.256456    0.375943     97.282787    97.311539    -0.065225    0.019516     5.050166    
1.831907     0.109055     34.354847    34.460097    0.054976     0.003273     1.030995    
-2.456863    0.274539     53.137830    53.231715    -0.010461    0.001169     0.226252    
-0.069541    -1.732365    20.758879    20.923956    -0.001284    -0.031983    0.383247    
-0.951709    0.157892     30.842671    30.920479    -0.148914    0.024705     4.825967    
0.545895     1.924974     83.782781    83.829785    0.003115     0.010983     0.478032    
0.357966     0.429962     5.565415     5.929739     0.044184     0.053071     0.686949    
0.037908     0.591358     22.141935    22.237162    0.000854     0.013323     0.498851    
-0.787088    1.149717     24.822525    24.939407    -0.250898    0.366492     7.912605    
0.070538     -0.437106    11.379059    11.556556    0.006610     -0.040959    1.066269    
1.014444     -0.390141    16.941600    17.090175    0.113897     -0.043803    1.902127    
0.804556     -1.275595    28.173750    28.282673    0.065937     -0.104541    2.308970    
-2.118747    1.679200     42.720664    42.851358    -0.029645    0.023495     0.597735    
0.780578     2.546040     47.853892    47.968339    0.008573     0.027964     0.525602    
-0.385929    0.040905     20.314754    20.413593    -0.008009    0.000849     0.421588    
0.289030     -0.273674    10.388988    10.581326    0.008570     -0.008115    0.308046    
-0.435241    -0.186116    7.825891     8.083538     -0.005598    -0.002394    0.100649    
0.332098     -2.260409    10.576828    10.998363    0.004269     -0.029058    0.135965    
1.004071     -0.799274    20.360708    20.495863    0.032527     -0.025893    0.659596    
1.367121     0.292852     12.139079    12.376872    0.011370     0.002436     0.100961    
-1.489008    0.333879     18.522964    18.689670    -0.010100    0.002265     0.125645    
1.201819     1.520467     11.016481    11.357552    0.202641     0.256369     1.857507    
-2.313800    1.427360     54.440778    54.544149    -0.085235    0.052581     2.005476    
-0.229341    0.243483     7.045695     7.323158     -0.066397    0.070491     2.039820    
0.207492     0.011364     77.076883    77.102296    0.007208     0.000395     2.677728    
-0.881183    1.090986     67.265522    67.308930    -0.115813    0.143387     8.840628    
-0.722886    -1.013026    41.454120    41.519487    -0.113051    -0.158426    6.482963    
1.352901     -0.899699    31.385597    31.489212    0.210908     -0.140257    4.892805    
0.619512     -1.281752    34.295848    34.381780    0.073948     -0.152995    4.093698    
1.639846     -0.328924    88.998289    89.035767    0.076828     -0.015410    4.169640    
2.079855     -1.460412    41.782329    41.905806    0.035285     -0.024776    0.708851    
-0.825804    0.553228     181.984111   181.997471   -0.019611    0.013138     4.321674    
1.307766     0.064087     45.446533    45.507984    0.037880     0.001856     1.316391    
-0.553864    -1.042190    77.308509    77.342572    -0.032781    -0.061684    4.575624    
-1.612143    0.169084     35.108974    35.201457    -0.097723    0.010249     2.128199    
2.065878     0.235570     78.751548    78.803582    0.105772     0.012061     4.032047    
-0.345484    1.746070     25.228941    25.368140    -0.024386    0.123249     1.780819    
0.230653     2.131743     33.365990    33.492712    0.010937     0.101079     1.582079    
-0.189144    0.561765     16.623128    16.749767    -0.012980    0.038550     1.140730    
-1.169451    -0.387322    21.119541    21.246826    -0.292093    -0.096741    5.275005    
-1.428105    2.070702     32.854037    33.008938    -0.064344    0.093297     1.480262    
-3.600946    -0.286211    76.316640    76.427438    -0.681923    -0.054201    14.452343   
-1.842249    -0.299732    59.191385    59.253512    -0.041461    -0.006746    1.332143    
-0.540954    -0.453207    13.984212    14.139702    -0.045057    -0.037749    1.164772    
0.985028     -0.681442    59.941730    59.986003    0.085158     -0.058912    5.182108    
-0.840009    2.459750     23.857139    24.078912    -0.048100    0.140850     1.366105    
-0.862861    1.460906     33.201262    33.302816    -0.004771    0.008078     0.183592    
2.817307     -0.812605    107.944581   108.002338   0.038538     -0.011116    1.476558    
-2.639303    0.052153     56.684778    56.780346    -0.061150    0.001208     1.313334    
-0.539113    0.451569     27.712651    27.791375    -0.047276    0.039599     2.430173    
-0.061524    -2.134001    34.701039    34.822332    -0.000748    -0.025945    0.421885    
-0.450591    -0.289556    15.746783    15.878381    -0.013631    -0.008759    0.476352    
0.568532     -0.717943    44.221079    44.274343    0.154376     -0.194946    12.007499   
-1.769317    -2.388418    19.282383    19.609189    -0.290776    -0.392521    3.168935    
-0.991476    1.229892     24.922481    25.049964    -0.008048    0.009983     0.202297    
-1.552885    -1.454281    24.581328    24.751627    -0.375908    -0.352038    5.950415    
-0.211804    0.430181     7.466710     7.736706     -0.023781    0.048299     0.838335    
-1.116115    0.133836     37.014275    37.083624    -0.330888    0.039677     10.973406   
0.463352     0.971598     72.694208    72.728822    0.000324     0.000679     0.050802    
0.565698     -0.736487    57.249304    57.290664    0.075531     -0.098334    7.643819    
0.138314     -2.287707    37.975905    38.095893    0.000607     -0.010041    0.166675    
1.128347     -0.927485    71.791884    71.833717    0.032897     -0.027041    2.093096    
0.032091     -0.194006    12.277660    12.436018    0.000572     -0.003459    0.218908    
-0.896345    -0.974745    20.944689    21.078627    -0.045970    -0.049991    1.074164    
0.019824     1.075210     82.491445    82.521936    0.002072     0.112361     8.620469    
-1.041834    0.836937     165.636500   165.653587   -0.011743    0.009434     1.866974    
0.986704     -0.341881    16.601354    16.750235    0.160826     -0.055724    2.705899    
-2.492657    -0.078760    20.164722    20.413488    -0.028368    -0.000896    0.229487    
1.436092     1.024200     60.866062    60.923426    0.199222     0.142082     8.443641    
-0.826507    1.466999     146.401906   146.424821   -0.060146    0.106755     10.653787   
-0.404713    -0.489292    13.911684    14.064605    -0.006400    -0.007737    0.219994    
0.234203     -1.907443    33.599350    33.711785    0.004534     -0.036925    0.650433    
0.061756     -0.435364    23.240407    23.327769    0.001041     -0.007341    0.391889    
1.411031     -0.260569    25.624812    25.740335    0.036183     -0.006682    0.657088    
0.525782     -1.575775    14.647647    14.872391    0.024010     -0.071957    0.668876    
0.744153     1.407329     24.262376    24.394102    0.015633     0.029564     0.509687    
-3.533262    -0.011548    28.511539    28.796994    -0.526534    -0.001721    4.248846    
-1.309125    1.159941     15.380764    15.604555    -0.034790    0.030825     0.408740    
0.974332     1.477297     54.299002    54.363483    0.094384     0.143107     5.259995    
-0.803740    0.468462     17.447008    17.582335    -0.116175    0.067713     2.521833    
-0.108395    1.113170     62.701329    62.742191    -0.001466    0.015051     0.847793    
0.130471     -1.327663    25.702774    25.812541    0.000302     -0.003072    0.059473    
-0.074742    0.019605     64.720784    64.750759    -0.004976    0.001305     4.309084    
0.527824     -1.408564    13.604279    13.828015    0.037063     -0.098908    0.955284    
0.134366     -2.634465    77.316511    77.386538    0.002615     -0.051278    1.504910    
0.863580     1.674407     41.832363    41.921009    0.216034     0.418871     10.464813   
-0.411281    -0.381109    7.548835     7.821398     -0.034304    -0.031787    0.629623    
-0.182429    -0.650366    49.935005    49.978355    -0.004150    -0.014794    1.135852    
-1.773877    1.379664     22.507165    22.704571    -0.044395    0.034529     0.563287    
-0.225756    2.393908     20.237893    20.475083    -0.036562    0.387699     3.277576    
1.790756     0.902919     19.092123    19.297829    0.023604     0.011902     0.251658    
1.210631     0.383733     17.931207    18.083584    0.011355     0.003599     0.168177    
0.282493     -0.206721    7.305255     7.573919     0.017389     -0.012725    0.449689    
0.838882     -2.723430    44.384974    44.519902    0.042943     -0.139416    2.272117    
0.224704     -0.188701    24.464134    24.544956    0.003062     -0.002572    0.333385    
1.977095     0.863626     110.491117   110.529709   0.191005     0.083434     10.674450   
-0.424542    1.930990     65.002208    65.062054    -0.042171    0.191809     6.456789    
1.927340     -0.174943    91.106155    91.147966    0.134994     -0.012253    6.381210    
1.238824     -0.299598    53.236771    53.288396    0.108657     -0.026278    4.669388    
-1.371668    -0.181198    21.190577    21.326740    -0.115613    -0.015273    1.786083    
0.018075     -3.064884    72.405940    72.497510    0.001513     -0.256520    6.060131    
-0.493349    0.574094     110.575896   110.596007   -0.021209    0.024680     4.753646    
1.193392     -2.304975    59.419980    59.509210    0.114609     -0.221361    5.706473    
-0.757554    0.777287     12.948441    13.142113    -0.177730    0.182360     3.037845    
0.370347     0.118439     7.135770     7.412513     0.001390     0.000444     0.026775    
2.797126     -2.362825    81.168936    81.275322    0.039815     -0.033633    1.155390    
1.265654     1.978161     80.870415    80.928449    0.270245     0.422381     17.267631   
2.131850     -0.784534    20.794368    21.010497    0.116780     -0.042976    1.139090    
0.195825     0.178630     74.707633    74.734033    0.015352     0.014004     5.856905    
-0.733161    2.773790     78.276802    78.354094    -0.014576    0.055147     1.556246    
-0.242473    -2.010788    50.302306    50.381535    -0.014104    -0.116965    2.926014    
-0.359936    -1.158523    91.201437    91.230745    -0.080815    -0.260118    20.477014   
1.922219     -0.059118    70.001537    70.055610    0.221201     -0.006803    8.055500    
2.477671     -2.572273    128.102339   128.167234   0.007465     -0.007750    0.385942    
-1.191214    1.708287     19.042320    19.256743    -0.015777    0.022626     0.252207    
-0.303128    1.694907     35.966617    36.061574    -0.005555    0.031059     0.659080    
-0.837510    0.088400     36.170831    36.234145    -0.055430    0.005851     2.393951    
0.699409     -0.019848    13.923442    14.079302    0.055024     -0.001561    1.095386    
0.470150     0.409700     67.249035    67.280730    0.018273     0.015923     2.613714    
1.508738     0.317372     18.093688    18.265638    0.048200     0.010139     0.578042    
1.542186     0.451259     12.416870    12.674210    0.072579     0.021237     0.584369    
-2.600246    0.237958     16.837445    17.152038    -0.423852    0.038788     2.744577    
1.588252     0.999466     84.114334    84.158289    0.014752     0.009283     0.781282    
-0.750681    -2.314080    154.655257   154.686916   -0.002672    -0.008236    0.550431    
-0.489149    1.000429     35.547063    35.618938    -0.004699    0.009610     0.341466    
2.215123     -1.600342    46.592007    46.713574    0.895161     -0.646719    18.828446   
0.347718     -1.193853    12.125093    12.346620    0.005215     -0.017906    0.181855    
-1.019980    -1.395043    51.413051    51.479737    -0.008248    -0.011281    0.415757    
-2.503636    0.229743     42.041085    42.162172    -0.371343    0.034076     6.235597    
-0.686765    -2.050846    186.854057   186.876941   -0.073738    -0.220199    20.062533   
-0.489332    -0.240307    43.681178    43.728909    -0.040923    -0.020097    3.653067    
0.908860     -1.317405    22.495364    22.637976    0.028075     -0.040696    0.694901    
1.674176     0.018846     13.721828    13.963049    0.042753     0.000481     0.350409    
0.775765     0.053547     35.372784    35.436048    0.022667     0.001565     1.033570    
-0.113387    0.561647     8.506602     8.750173     -0.004150    0.020555     0.311323    
-0.462494    1.337810     13.770985    13.982798    -0.026866    0.077713     0.799956    
0.535644     1.313354     163.121144   163.139187   0.046815     0.114785     14.256573   
-2.554245    0.080056     64.489543    64.570169    -0.037250    0.001167     0.940489    
-1.093673    0.306951     10.658790    10.898399    -0.093626    0.026277     0.912467    
-0.322596    0.330739     7.612781     7.876728     -0.019819    0.020319     0.467700    
0.862354     0.221338     7.628080     7.928128     0.011283     0.002896     0.099802    
-0.414460    -1.759580    23.518153    23.669524    -0.053053    -0.225235    3.010442    
-0.350430    -0.208686    47.070959    47.113867    -0.000872    -0.000519    0.117093    
-0.776615    0.530387     45.136363    45.189054    -0.017326    0.011833     1.006968    
0.787417     0.052165     11.775781    11.965230    0.061756     0.004091     0.923563    
0.019527     -0.039488    33.631694    33.689283    0.001576     -0.003186    2.713746    
-0.242591    0.858271     39.695797    39.754581    -0.019043    0.067372     3.115994    
-2.051323    -0.568467    57.546823    57.619814    -0.116193    -0.032200    3.259633    
0.562684     -1.028829    123.521424   123.542674   0.032508     -0.059439    7.136201    
0.041539     0.665796     26.830377    26.910762    0.000371     0.005939     0.239318    
0.497946     0.111687     11.455967    11.635057    0.000336     0.000075     0.007736    
0.783523     -0.431533    121.010368   121.029683   0.030129     -0.016594    4.653219    
0.403459     0.551375     88.778544    88.802993    0.006192     0.008463     1.362607    
1.372351     -1.280415    14.011279    14.272830    0.063410     -0.059162    0.647392    
0.727380     -0.398787    85.055411    85.082231    0.006450     -0.003536    0.754217    
-0.439932    -0.883311    29.992735    30.073458    -0.018930    -0.038008    1.290544    
0.600746     0.426490     108.087104   108.107538   0.009345     0.006634     1.681318    
-1.165568    0.401290     162.802707   162.819274   -0.171186    0.058937     23.910717   
-1.262281    -0.650834    40.000894    40.074473    -0.032806    -0.016915    1.039598    
-0.239283    0.332020     6.352885     6.663452     -0.020022    0.027782     0.531574    
-0.490667    -1.148386    22.054451    22.177315    -0.013929    -0.032600    0.626068    
-1.653452    -0.284460    16.289894    16.493951    -0.070377    -0.012108    0.693361    
-2.042995    -1.158675    63.256039    63.330228    -0.220532    -0.125074    6.828209    
0.762568     -0.154146    12.198370    12.380648    0.021097     -0.004265    0.337472    
1.112260     -0.675266    15.131524    15.314408    0.039525     -0.023996    0.537705    
1.483536     0.131548     48.583438    48.646106    0.148749     0.013190     4.871286    
1.710117     1.020817     38.372112    38.474154    0.101584     0.060638     2.279365    
0.792214     -0.118418    37.413373    37.473685    0.103757     -0.015509    4.900064    
-0.472335    -0.854843    13.429299    13.607898    -0.044545    -0.080619    1.266504    
0.536708     1.084150     10.640166    10.888137    0.013498     0.027266     0.267598    
0.479531     -0.318761    71.785612    71.814906    0.010416     -0.006924    1.559283    
-0.293028    -1.427658    22.369728    22.503417    -0.000792    -0.003859    0.060465    
-1.417821    -3.291141    144.846269   144.903963   -0.076083    -0.176609    7.772743    
1.088919     1.655374     67.931395    67.988789    0.190687     0.289882     11.895855   
1.083969     0.595156     20.193203    20.326574    0.046187     0.025359     0.860423    
0.132706     0.050783     21.419314    21.510047    0.025768     0.009861     4.159099    
-1.194667    1.155139     29.776766    29.887996    -0.046459    0.044922     1.157985    
1.413986     0.451020     20.486644    20.634445    0.057408     0.018312     0.831765    
-0.709216    0.697010     12.988542    13.174445    -0.038385    0.037724     0.702982    
-0.150869    1.194090     76.979833    77.014403    -0.002585    0.020460     1.318979    
0.930074     -0.201725    36.216418    36.282360    0.587101     -0.127337    22.861295   
-0.328223    0.752307     8.184110     8.457441     -0.069975    0.160387     1.744796    
-1.111933    0.368220     31.390514    31.473979    -0.000920    0.000305     0.025965    
0.462146     0.710016     15.670482    15.816341    0.033033     0.050750     1.120095    
0.184034     2.159141     31.785124    31.919662    0.027182     0.318909     4.694726    
1.990019     1.251638     42.151754    42.263129    0.462554     0.290927     9.797616    
-0.045805    -1.766751    35.010808    35.110613    -0.004404    -0.169861    3.366049    
-1.233908    -0.944045    18.722020    18.889223    -0.126178    -0.096537    1.914498    
-0.487478    0.169927     26.443080    26.521274    -0.027984    0.009755     1.518009    
-0.587953    0.812331     110.104875   110.127036   -0.043542    0.060158     8.153947    
1.076485     -1.080006    10.714782    11.000306    0.106223     -0.106571    1.057292    
0.150263     -0.693639    29.938824    30.011861    0.007575     -0.034968    1.509285    
-0.952235    -0.337471    5.505615     5.933581     -0.098918    -0.035056    0.571923    
0.624387     -0.785187    64.268707    64.306672    0.002713     -0.003412    0.279265    
-0.818514    -0.619255    70.770499    70.805310    -0.039875    -0.030168    3.447663    
1.485941     0.608275     61.453597    61.506077    0.053690     0.021978     2.220456    
-1.615791    -0.324171    22.220735    22.368547    -0.021775    -0.004369    0.299455    
0.420900     0.052211     31.603265    31.667352    0.000227     0.000028     0.017052    
-1.268731    0.691906     89.575358    89.608639    -0.110762    0.060405     7.820088    
0.093496     -0.642765    8.466401     8.716466     0.001819     -0.012506    0.164730    
2.930422     0.877753     53.763828    53.886752    0.272472     0.081614     4.998979    
0.900512     0.911306     44.973453    45.034741    0.052240     0.052866     2.608982    
-1.050667    -0.432032    102.416973   102.442188   -0.104691    -0.043049    10.205085   
-0.675690    -1.377696    46.725873    46.792486    -0.022925    -0.046743    1.585337    
-0.251210    -0.045074    96.939290    96.959610    -0.007497    -0.001345    2.893083    
2.275558     1.517251     70.267617    70.348370    0.213993     0.142682     6.607949    
1.504985     -0.571034    86.792989    86.830230    0.103318     -0.039202    5.958361    
-0.188934    -0.050043    15.182554    15.310882    -0.001147    -0.000304    0.092210    
-0.382079    1.194209     65.511308    65.552869    -0.015330    0.047914     2.628437    
0.621567     -1.611332    60.858249    60.914564    0.034394     -0.089163    3.367586    
0.963363     -0.563908    32.414288    32.493185    0.086564     -0.050670    2.912604    
-0.274930    0.250515     12.041526    12.207033    -0.010912    0.009943     0.477917    
1.126880     -2.566457    57.203412    57.305863    0.180288     -0.410605    9.151919    
0.177963     -0.448333    38.504088    38.557391    0.018123     -0.045656    3.921091    
-0.274553    -0.263206    18.493102    18.601464    -0.029359    -0.028146    1.977534    
2.470722     0.412146     20.498361    20.744447    0.464121     0.077421     3.850579    
0.913216     -0.062326    17.989561    18.120075    0.076668     -0.005233    1.510293    
0.479214     -0.437441    14.261949    14.411771    0.032123     -0.029323    0.956025    
-0.331737    0.052172     26.187595    26.263622    -0.003343    0.000526     0.263905    
0.449775     -1.638808    68.770463    68.819616    0.033674     -0.122695    5.148729    
0.103707     1.283700     26.574699    26.678610    0.005641     0.069822     1.445433    
-0.436487    0.158073     11.643638    11.817985    -0.028939    0.010480     0.771959    
1.194930     -0.226647    16.936199    17.093537    0.002032     -0.000385    0.028796    
-0.360432    -0.115627    37.213461    37.267411    -0.011821    -0.003792    1.220491    
-0.653352    -1.235415    8.692373     9.021387     -0.033593    -0.063521    0.446936    
-1.558400    -1.047566    18.175694    18.378161    -0.014926    -0.010033    0.174079    
0.508260     -0.476108    31.069082    31.139169    0.004405     -0.004126    0.269251    
-1.394083    -0.496304    70.206206    70.249385    -0.146057    -0.051997    7.355454    
-1.549759    -0.971228    32.428608    32.539739    -0.303874    -0.190437    6.358548    
-1.644347    1.723967     14.295550    14.625787    -0.166496    0.174558     1.447476    
1.319815     0.353993     49.809165    49.866773    0.254792     0.068339     9.615725    
1.156623     -0.042410    35.066597    35.140870    0.003744     -0.000137    0.113513    
-1.750037    -0.693296    19.636476    19.824465    -0.086694    -0.034345    0.972759    
-1.236551    -0.147109    26.935432    27.035960    -0.041138    -0.004894    0.896086    
0.092298     0.994030     65.820745    65.857741    0.001038     0.011183     0.740500    
1.792479     -0.478779    61.856993    61.916110    0.021146     -0.005648    0.729745    
0.838479     -1.492284    10.706539    11.019750    0.299837     -0.533635    3.828620    
-2.197929    -0.025072    29.098763    29.247983    -0.587118    -0.006697    7.772951    
0.014960     -2.035696    47.524746    47.609040    0.000452     -0.061468    1.435023    
1.377938     0.516177     77.470884    77.509857    0.073232     0.027433     4.117292    
-1.647640    -1.318040    59.861615    59.931126    -0.032751    -0.026199    1.189903    
-0.513545    2.431474     42.473664    42.591817    -0.036410    0.172391     3.011374    
-1.307463    -0.139430    50.778866    50.834015    -0.169543    -0.018080    6.584642    
-1.000192    1.246342     124.698943   124.724717   -0.026182    0.032626     3.264246    
1.071415     0.629388     27.899609    27.996557    0.062478     0.036702     1.626924    
0.589968     0.878651     66.024932    66.062748    0.012933     0.019262     1.447421    
1.393197     -0.216985    65.362768    65.407603    0.268876     -0.041876    12.614492   
-1.624700    1.383185     68.200410    68.262169    -0.290781    0.247556     12.206188   
-1.392502    0.357912     51.263897    51.321821    -0.268935    0.069124     9.900636    
-0.557568    -0.976987    74.262871    74.297472    -0.112299    -0.196775    14.957251   
-0.663492    0.489777     29.343138    29.420653    -0.055875    0.041246     2.471078    
-1.962261    0.104143     58.819705    58.885430    -0.161322    0.008562     4.835717    
0.620885     -0.027631    23.222411    23.313979    0.004847     -0.000216    0.181279    
0.370728     0.201516     55.367384    55.403973    0.017491     0.009508     2.612274    
0.857247     -0.513356    38.269490    38.333109    0.158661     -0.095013    7.082986    
1.763598     0.825814     42.186484    42.277259    0.121518     0.056901     2.906786    
1.335487     1.472120     45.283877    45.370201    0.029983     0.033051     1.016680    
1.338552     -0.960877    28.605982    28.720936    0.026586     -0.019084    0.568156    
-0.189684    -0.661973    60.321667    60.357706    -0.048607    -0.169631    15.457488   
-0.191935    -0.445499    20.761186    20.859940    -0.001553    -0.003605    0.167978    
-0.040653    -0.451419    19.482256    19.586697    -0.000207    -0.002303    0.099389    
0.563105     -0.086759    10.617730    10.813684    0.063199     -0.009737    1.191670    
-1.846318    0.106901     19.846218    20.029170    -0.270404    0.015656     2.906597    
0.541966     -0.756734    75.678919    75.710238    0.020494     -0.028616    2.861799    
-1.634184    0.224282     22.089828    22.238622    -0.055355    0.007597     0.748250    
1.290579     -1.004638    9.667921     10.000927    0.049116     -0.038234    0.367932    
0.212484     0.291753     8.244626     8.484049     0.002348     0.003224     0.091103    
1.255868     1.056666     38.107872    38.193961    0.055079     0.046343     1.671310    
0.095662     -0.857539    17.686988    17.817099    0.000656     -0.005882    0.121313    
0.173708     -1.187204    79.261987    79.295505    0.009006     -0.061549    4.109197    
-0.351002    -1.120440    7.682012     8.016661     -0.034772    -0.110998    0.761029    
-1.106088    1.333088     32.336629    32.442766    -0.087198    0.105094     2.549250    
-0.012804    1.057953     25.221741    25.320557    -0.000095    0.007811     0.186224    
-0.958108    1.046069     9.668455     9.968260     -0.028308    0.030906     0.285657    
-0.027666    -2.519018    25.785645    25.983084    -0.002118    -0.192870    1.974290    
-0.695651    -0.527901    77.774465    77.804274    -0.086250    -0.065452    9.642887    
-0.179410    -0.124060    9.538460     9.741907     -0.011034    -0.007630    0.586652    
-1.241257    -2.093750    79.141425    79.203312    -0.688817    -1.161896    43.918382   
-2.426437    -0.822214    58.201592    58.291199    -0.071500    -0.024228    1.715029    
0.560609     -0.057354    49.511537    49.553858    0.013079     -0.001338    1.155082    
-0.500681    -0.489581    143.177942   143.193186   -0.032657    -0.031933    9.338817    
1.623474     -2.867011    45.469571    45.631264    0.021390     -0.037775    0.599088    
1.934623     -0.711684    35.821000    35.934221    0.245157     -0.090185    4.539261    
0.330732     0.110894     25.746843    25.824341    0.007998     0.002682     0.622608    
-1.603426    -0.675300    38.965055    39.053521    -0.092790    -0.039080    2.254910    
-1.516690    1.722589     102.302953   102.347627   -0.128812    0.146299     8.688535    
0.252726     -2.578417    31.127893    31.297488    0.007939     -0.080993    0.977792    
-1.263177    -0.015026    70.186872    70.225835    -0.225676    -0.002684    12.539428   
-0.324616    -1.452987    30.627923    30.727206    -0.018458    -0.082618    1.741538    
0.287096     1.100692     29.248824    29.337052    0.014791     0.056707     1.506871    
2.474833     0.803506     31.859483    32.026114    0.106674     0.034634     1.373255    
-0.349396    0.586268     23.620452    23.712159    -0.011934    0.020025     0.806796    
-3.105360    1.427526     132.276389   132.335177   -0.083576    0.038420     3.560031    
-0.169294    1.001103     128.819140   128.838180   -0.016512    0.097643     12.564446   
-2.994951    0.117924     55.157893    55.274332    -0.119878    0.004720     2.207786    
0.688487     2.256795     46.814916    46.915653    0.016716     0.054794     1.136654    
2.826435     -0.384888    60.492352    60.591554    0.002971     -0.000405    0.063595    
1.682718     1.432879     65.833421    65.899916    0.020038     0.017063     0.783952    
-1.612679    0.178806     29.085441    29.197098    -0.238955    0.026494     4.309676    
0.118315     -0.889909    9.980844     10.212646    0.013649     -0.102660    1.151388    
1.593680     0.096047     31.321009    31.423393    0.300868     0.018133     5.913042    
-0.238548    1.765345     94.543830    94.581098    -0.001417    0.010487     0.561616    
-1.058779    -0.747274    54.595712    54.646557    -0.116879    -0.082492    6.026838    
-0.266424    -0.639647    22.129344    22.227527    -0.038032    -0.091310    3.158971    
-0.330867    0.819477     27.627393    27.711528    -0.041467    0.102703     3.462476    
-0.520330    -0.189510    46.646068    46.690869    -0.008007    -0.002916    0.717836    
-1.367482    -1.108970    54.202990    54.267292    -0.294532    -0.238853    11.674399   
-0.704081    1.735248     48.693076    48.768816    -0.007277    0.017934     0.503249    
-0.791119    -0.770077    18.578659    18.715245    -0.043816    -0.042651    1.028982    
-0.459026    -0.589718    25.410570    25.497656    -0.031018    -0.039849    1.717064    
-1.279291    0.910058     10.393145    10.693793    -0.244251    0.173755     1.984334    
-0.454404    0.682947     21.063266    21.170948    -0.017879    0.026872     0.828769    
-1.227725    -0.124239    23.077206    23.193859    -0.286169    -0.028959    5.379043    
1.514503     -1.038745    40.080940    40.171251    0.338945     -0.232470    8.970084    
0.000115     0.483546     31.989809    32.053965    0.000003     0.014679     0.971122    
-1.044994    0.898509     80.918381    80.954052    -0.046636    0.040099     3.611219    
1.753038     -1.546413    79.046325    79.105379    0.073175     -0.064550    3.299530    
0.206705     -0.969002    17.374510    17.513716    0.017993     -0.084350    1.512415    
-1.298908    -0.614517    127.810799   127.834034   -0.028455    -0.013462    2.799926    
0.712244     0.300141     14.455267    14.609144    0.114980     0.048453     2.333572    
-1.147799    1.316500     99.084404    99.119345    -0.337496    0.387101     29.134554   
0.290774     0.420295     57.955531    57.991204    0.007561     0.010929     1.507087    
1.766066     -0.598763    39.976854    40.068708    0.052381     -0.017759    1.185708    
-0.517824    1.357244     31.997960    32.091349    -0.022382    0.058665     1.383058    
0.710279     -0.803981    18.165438    18.303250    0.005299     -0.005998    0.135511    
0.006725     -0.831726    38.354872    38.414359    0.000562     -0.069531    3.206417    
-0.397478    0.682045     42.145725    42.199055    -0.018752    0.032177     1.988323    
-1.608187    -0.052163    150.705584   150.727028   -0.002161    -0.000070    0.202521    
0.919103     -1.460311    19.851704    20.023545    0.054255     -0.086203    1.171856    
1.071117     -0.642130    18.587445    18.733064    0.255451     -0.153142    4.432934    
-0.847137    0.222102     12.796625    12.976730    -0.133812    0.035083     2.021324    
-1.023218    -0.447004    52.062786    52.111951    -0.135690    -0.059278    6.904113    
-0.860567    -0.476356    121.524211   121.544133   -0.014322    -0.007928    2.022405    
-2.593722    1.605629     36.158188    36.339991    -0.049780    0.030816     0.693960    
-0.949360    0.484733     37.813378    37.879583    -0.013570    0.006929     0.540505    
-0.664669    -0.126060    96.332767    96.355253    -0.004818    -0.000914    0.698344    
0.028715     0.053908     45.131308    45.174258    0.004286     0.008046     6.735915    
0.935403     -1.594611    39.931441    40.022652    0.141927     -0.241947    6.058711    
-1.415586    0.070375     43.149284    43.217410    -0.260793    0.012965     7.949379    
0.132058     0.695610     13.431080    13.593020    0.010029     0.052829     1.020032    
-0.832969    0.481594     70.344782    70.378896    -0.080529    0.046559     6.800711    
-0.132392    0.584984     26.368450    26.448627    -0.024202    0.106937     4.820223    
0.018076     1.887286     28.629537    28.759130    0.001109     0.115783     1.756386    
1.107773     0.607861     26.262424    26.366390    0.018825     0.010330     0.446295    
-0.215315    0.019787     22.192119    22.280302    -0.029089    0.002673     2.998191    
-0.010444    -0.486203    9.610995     9.822560     -0.000116    -0.005412    0.106976    
-1.141564    -0.163727    98.466783    98.493209    -0.121122    -0.017372    10.447468   
-0.156841    1.421727     39.294314    39.369582    -0.023125    0.209626     5.793725    
-0.607684    -0.009836    5.174452     5.569495     -0.051858    -0.000839    0.441576    
-0.074111    1.441353     19.232860    19.387131    -0.004870    0.094716     1.263849    
-0.559019    -1.033396    13.793963    13.983160    -0.038721    -0.071579    0.955450    
0.289667     -0.203740    13.191979    13.342739    0.000964     -0.000678    0.043906    
-0.895093    0.642522     57.896947    57.940879    -0.001348    0.000968     0.087223    
-0.307985    0.171381     6.455039     6.757715     -0.159570    0.088794     3.344423    
0.753057     0.702268     31.339705    31.418344    0.298222     0.278108     12.410974   
-0.977928    -2.340890    20.101183    20.356046    -0.091143    -0.218171    1.873427    
-0.568810    -0.065229    7.235667     7.520481     -0.182495    -0.020928    2.321469    
0.407939     -0.403994    23.445863    23.535358    0.008762     -0.008677    0.503583    
1.150510     -1.489039    49.130635    49.206048    0.016552     -0.021422    0.706828    
-0.251043    0.742477     32.894014    32.962182    -0.000462    0.001367     0.060544    
0.659850     -0.090065    82.050096    82.076408    0.063918     -0.008724    7.947967    
0.225043     -1.027020    11.319021    11.536924    0.008330     -0.038014    0.418961    
0.875569     1.612302     31.982357    32.095362    0.054796     0.100904     2.001573    
-0.822613    0.916193     26.222859    26.325451    -0.041740    0.046488     1.330553    
1.202568     -0.033540    74.203911    74.239765    0.020078     -0.000560    1.238900    
0.850383     -0.785560    59.762558    59.806175    0.065433     -0.060445    4.598459    
0.375160     1.036054     11.770970    11.985193    0.057768     0.159533     1.812510    
0.439981     1.518512     9.855641     10.173892    0.014230     0.049113     0.318760    
-0.744468    1.021110     31.904270    31.989909    -0.100193    0.137424     4.293781    
-2.537005    1.169627     43.833058    43.966082    -0.044673    0.020595     0.771836    
1.487833     -0.417756    48.851206    48.915268    0.169971     -0.047725    5.580803    
0.014228     -0.739417    11.801303    11.987187    0.001698     -0.088266    1.408745    
0.154578     -0.063742    78.357233    78.382133    0.007339     -0.003026    3.720179    
-0.021915    -0.593504    27.228565    27.306088    -0.000323    -0.008738    0.400876    
1.180082     -0.224075    28.751511    28.843840    0.102005     -0.019369    2.485240    
-0.758616    1.327311     11.316911    11.588127    -0.093160    0.162998     1.389752    
-0.934544    -1.945149    31.255956    31.392144    -0.008483    -0.017656    0.283708    
-1.748154    -0.077632    9.696192     10.047545    -0.017882    -0.000794    0.099181    
-0.974900    -2.177666    71.912561    71.979053    -0.129510    -0.289290    9.553149    
-0.118257    0.157010     28.759570    28.827529    -0.000711    0.000945     0.173007    
0.834675     -1.016585    76.625927    76.662492    0.087108     -0.106093    7.996832    
-0.662526    1.159710     97.293722    97.322799    -0.018682    0.032702     2.743508    
1.492774     -2.133859    32.465466    32.629177    0.760924     -1.087710    16.548892   
0.510134     0.765875     56.564346    56.606069    0.016816     0.025247     1.864617    
1.440089     1.028694     17.951496    18.145612    0.235831     0.168460     2.939761    
-0.455884    -0.860042    21.609689    21.720983    -0.013378    -0.025239    0.634151    
-0.629550    1.184153     89.997230    90.028745    -0.023964    0.045075     3.425754    
-0.710685    0.855216     32.117425    32.196900    -0.097529    0.117363     4.407545    
0.441902     -1.385967    13.437444    13.658551    0.032398     -0.101613    0.985174    
0.648020     -0.338939    4.988038     5.412050     0.057072     -0.029851    0.439300    
0.209895     0.986294     113.108926   113.130548   0.001657     0.007786     0.892861    
2.361324     0.937316     57.656989    57.746496    0.146153     0.058015     3.568658    
-0.700625    1.289846     30.271118    30.370547    -0.085883    0.158110     3.710657    
-0.721918    -0.152734    42.797250    42.848852    -0.047973    -0.010150    2.843999    
0.213012     -1.296159    46.519989    46.580143    0.007401     -0.045034    1.616300    
1.103397     0.397307     28.619538    28.711117    0.156798     0.056459     4.066961    
-0.537561    -0.537223    16.033901    16.172153    -0.028598    -0.028580    0.852992    
0.070195     -1.367094    91.486901    91.518314    0.003441     -0.067013    4.484559    
-0.592583    0.247323     88.222726    88.247020    -0.019208    0.008017     2.859624    
1.836683     0.495712     56.133902    56.200614    0.115644     0.031212     3.534376    
-1.723000    -0.966495    38.456808    38.557799    -0.037494    -0.021032    0.836853    
1.295021     3.804152     77.754392    77.883047    0.208672     0.612979     12.528886   
0.313988     -0.436220    35.182571    35.241696    0.050837     -0.070628    5.696372    
0.643129     -1.838042    16.914831    17.139967    0.064450     -0.184195    1.695081    
-0.791284    1.379963     79.169574    79.210018    -0.067712    0.118086     6.774706    
-0.045144    0.374328     140.671963   140.686240   -0.008036    0.066636     25.041890   
-0.623414    -1.389749    48.050315    48.114735    -0.013233    -0.029499    1.019935    
-1.613948    -0.588867    43.088001    43.167145    -0.062589    -0.022836    1.670957    
-0.248269    -0.160138    22.785479    22.872260    -0.042198    -0.027219    3.872852    
0.673467     1.790583     49.706405    49.782139    0.026845     0.071373     1.981311    
-0.971149    -0.861492    20.914905    21.047411    -0.041734    -0.037021    0.898788    
0.420505     0.499699     14.902705    15.046331    0.015859     0.018846     0.562046    
1.159719     -0.105671    6.767262     7.143311     0.079020     -0.007200    0.461102    
0.523907     -1.198853    20.133048    20.271317    0.026051     -0.059612    1.001103    
0.473169     -1.097373    48.776555    48.830886    0.065069     -0.150908    6.707621    
1.287464     1.959928     69.942870    70.009849    0.092422     0.140695     5.020900    
0.645532     -0.391406    31.758532    31.828434    0.012548     -0.007608    0.617339    
-0.372852    -0.650284    9.295186     9.530862     -0.055748    -0.097229    1.389792    
1.599513     0.137697     94.187655    94.221902    0.079485     0.006843     4.680490    
0.917688     0.457878     80.552993    80.583568    0.057384     0.028631     5.037027    
0.629205     1.301936     66.840720    66.885333    0.082308     0.170309     8.743575    
0.312671     0.231794     12.188349    12.352421    0.003093     0.002293     0.120586    
0.140716     -2.072018    23.978363    24.148497    0.020322     -0.299232    3.462847    
1.097856     0.378641     31.598202    31.680751    0.089785     0.030966     2.584157    
-1.343526    -0.008546    63.108438    63.153425    -0.063009    -0.000401    2.959655    
0.126207     0.981450     14.732864    14.896691    0.000558     0.004340     0.065146    
0.229620     2.190773     50.054781    50.141882    0.031847     0.303853     6.942437    
1.095612     0.759181     35.691594    35.770680    0.038413     0.026618     1.251380    
1.070013     0.435187     98.904415    98.930746    0.019022     0.007737     1.758270    
0.158317     -0.046335    104.734795   104.753423   0.000344     -0.000101    0.227468    
-0.465399    0.275477     27.951102    28.025552    -0.013112    0.007761     0.787466    
1.166376     0.462527     19.176310    19.317872    0.072016     0.028558     1.184005    
1.218965     0.347513     29.733999    29.826034    0.000863     0.000246     0.021052    
0.753037     0.523514     44.214797    44.268096    0.051820     0.036025     3.042628    
1.533359     1.824156     113.049907   113.092154   0.071896     0.085531     5.300676    
1.868176     -1.105640    33.154889    33.284142    0.016074     -0.009513    0.285272    
0.543405     1.121200     7.111223     7.483103     0.006012     0.012405     0.078678    
0.700292     -1.313187    15.011881    15.213362    0.100841     -0.189096    2.161679    
1.745270     -0.199988    82.705120    82.747192    0.065318     -0.007485    3.095313    
-0.514193    -0.705749    15.185163    15.337099    -0.006308    -0.008658    0.186289    
-1.243867    -1.092404    84.063893    84.103232    -0.000073    -0.000064    0.004907    
1.258950     0.166951     39.205009    39.274935    0.094857     0.012579     2.953953    
0.189921     -0.315199    21.269488    21.363555    0.000484     -0.000803    0.054178    
0.759073     -0.862194    11.774500    11.993055    0.104583     -0.118791    1.622257    
-0.511293    -1.092577    27.900949    27.996304    -0.083169    -0.177723    4.538483    
0.315660     -1.345315    15.851990    16.033404    0.005381     -0.022934    0.270235    
-0.916303    0.014847     41.473423    41.530225    -0.170312    0.002760     7.708608    
1.691673     0.575408     11.409917    11.715546    0.102201     0.034763     0.689318    
1.844963     1.352930     15.243697    15.539613    0.057059     0.041842     0.471444    
-0.322037    -1.085233    17.675285    17.820553    -0.015091    -0.050857    0.828307    
-0.550037    -0.531785    9.648080     9.876525     -0.043889    -0.042433    0.769849    
0.861485     0.531946     39.702373    39.764035    0.044608     0.027544     2.055789    
-1.412374    0.076874     11.618881    11.869038    -0.144608    0.007871     1.189615    
0.298499     1.046070     25.165561    25.265862    0.016338     0.057256     1.377430    
-0.620467    0.741567     34.924244    34.993037    -0.033165    0.039639     1.866785    
0.316363     0.578089     71.304551    71.334762    0.027705     0.050625     6.244364    
0.830904     2.513314     92.482627    92.541441    0.020493     0.061986     2.280905    
0.891174     -1.382452    14.988774    15.206698    0.043647     -0.067709    0.734112    
0.059003     -0.983009    22.429766    22.537505    0.007177     -0.119577    2.728437    
-0.484975    1.452805     10.328927    10.625796    -0.101819    0.305011     2.168520    
-1.719032    1.104574     31.021686    31.151166    -0.038371    0.024656     0.692444    
0.585320     1.234427     119.226347   119.250422   0.037958     0.080054     7.731916    
-0.514921    -0.723095    18.079124    18.207627    -0.150661    -0.211571    5.289778    
-1.295468    0.865367     61.712492    61.763530    -0.143421    0.095804     6.832160    
-0.413838    0.859405     92.164779    92.190733    -0.002956    0.006138     0.658234    
2.480820     0.429555     34.468787    34.616632    0.079922     0.013839     1.110446    
0.206043     0.650713     79.585429    79.612696    0.003389     0.010702     1.308962    
-1.912527    0.415715     29.949377    30.077745    -0.046517    0.010111     0.728433    
-1.039910    -0.069474    65.614853    65.652647    -0.103020    -0.006883    6.500222    
0.294260     -0.316135    5.193981     5.571259     0.001417     -0.001522    0.025004    
-0.538428    1.405638     63.921688    63.969703    -0.015941    0.041615     1.892473    
2.023557     0.023632     56.320517    56.391231    0.184804     0.002158     5.143534    
1.236597     0.783263     23.774041    23.900265    0.002650     0.001678     0.050945    
1.331741     -0.390304    9.603794     9.901196     0.570632     -0.167240    4.115089    
0.165311     0.994919     38.331429    38.395189    0.014038     0.084487     3.255038    
2.185634     -0.300807    104.971831   105.013464   0.004504     -0.000620    0.216320    
0.716507     -1.126318    77.958460    77.994734    0.128233     -0.201577    13.952224   
0.486539     -0.710173    132.084904   132.102376   0.047965     -0.070011    13.021327   
-0.849227    1.260917     87.434382    87.469750    -0.059390    0.088182     6.114681    
1.730722     0.908497     39.122795    39.221025    0.090316     0.047409     2.041590    
0.839216     -0.702998    48.183563    48.236181    0.028206     -0.023628    1.619469    
0.565584     1.472623     54.685744    54.743895    0.027332     0.071166     2.642743    
0.087515     1.086760     33.093105    33.169523    0.009239     0.114727     3.493558    
-0.019867    1.153067     9.123564     9.404484     -0.003006    0.174479     1.380550    
-1.699392    -0.956834    43.715292    43.803027    -0.028188    -0.015871    0.725121    
1.468092     0.547806     67.120546    67.167686    0.042053     0.015692     1.922648    
1.995794     0.080692     19.879366    20.076201    0.180566     0.007300     1.798547    
0.255146     -0.550081    38.600891    38.655807    0.007777     -0.016766    1.176531    
-1.043812    -0.366896    59.542462    59.585266    -0.074238    -0.026094    4.234775    
-0.704364    -0.632082    146.870252   146.886492   -0.050383    -0.045213    10.505615   
0.546620     -0.828732    38.994832    39.057105    0.107725     -0.163322    7.684888    
-3.498690    -0.455828    35.684260    35.912254    -0.512312    -0.066747    5.225235    
-0.413887    -0.920435    32.624666    32.699577    -0.012197    -0.027126    0.961463    
-2.543493    -0.651494    80.890703    80.957239    -0.447013    -0.114499    14.216363   
-0.147993    -1.507647    103.661275   103.691030   -0.017801    -0.181346    12.468829   
1.317947     0.900244     18.286739    18.461506    0.016840     0.011503     0.233663    
0.241779     1.078489     24.305287    24.409906    0.016919     0.075471     1.700848    
-1.013090    1.112074     95.680510    95.712580    -0.071270    0.078234     6.731062    
-0.808925    -0.333229    32.154897    32.226972    -0.032475    -0.013378    1.290904    
-0.346567    -1.504115    94.078288    94.111538    -0.004410    -0.019138    1.197030    
0.838710     0.259293     17.868107    17.997635    0.035485     0.010970     0.755983    
-0.048055    -0.871604    65.964080    65.999218    -0.002221    -0.040277    3.048225    
-1.348138    0.608108     63.884921    63.932350    -0.017396    0.007847     0.824365    
1.513892     -0.614319    116.881467   116.909459   0.042815     -0.017374    3.305596    
1.238532     0.656114     13.084924    13.306188    0.006635     0.003515     0.070098    
-1.157223    0.052170     8.055668     8.373209     -0.013050    0.000588     0.090841    
-2.072107    -0.559998    23.853351    24.030491    -0.053900    -0.014567    0.620478    
-1.554558    0.669934     19.395621    19.568611    -0.268420    0.115675     3.348970    
-0.295269    1.147527     58.703162    58.748108    -0.015067    0.058558     2.995587    
-0.926187    -0.458491    50.497198    50.546117    -0.046531    -0.023035    2.536967    
-1.238151    0.318454     95.518867    95.547702    -0.030284    0.007789     2.336304    
-0.037448    0.480785     7.468193     7.738308     -0.000068    0.000870     0.013511    
0.590407     -0.283718    43.948959    43.997897    0.067002     -0.032198    4.987543    
0.344970     -0.947990    23.213697    23.318842    0.000890     -0.002446    0.059886    
0.727193     -1.784476    14.865197    15.118274    0.240404     -0.589933    4.914310    
-0.312816    -0.453383    49.075038    49.117591    -0.000887    -0.001285    0.139101    
0.413183     0.113826     40.612895    40.662832    0.008455     0.002329     0.831025    
-0.602504    -1.770281    83.720539    83.764554    -0.028436    -0.083551    3.951295    
-1.473604    0.750371     105.989357   106.020533   -0.009903    0.005043     0.712250    
-0.691652    0.849447     88.032578    88.061398    -0.108923    0.133773     13.863615   
-0.769547    -1.103863    26.447227    26.554500    -0.144936    -0.207901    4.981059    
1.417787     1.108163     30.800476    30.915730    0.016097     0.012582     0.349707    
2.266833     -0.335093    39.742604    39.857250    0.078361     -0.011584    1.373834    
-0.325328    -0.810506    109.222895   109.244123   -0.020330    -0.050648    6.825325    
-2.144644    0.598189     31.763553    31.902282    -0.089080    0.024846     1.319332    
1.712654     1.823951     31.259344    31.421036    0.089727     0.095558     1.637699    
-0.418198    -0.626396    57.484424    57.523049    -0.002431    -0.003641    0.334142    
0.783728     -0.631190    9.878882     10.123235    0.009665     -0.007784    0.121823    
-0.096755    0.808784     9.067075     9.313984     -0.028512    0.238333     2.671891    
0.784699     2.356461     44.691449    44.803674    0.019682     0.059105     1.120959    
-1.244495    1.979470     27.415235    27.585089    -0.098748    0.157067     2.175341    
-0.743595    -2.302277    72.111040    72.178463    -0.045964    -0.142312    4.457441    
-0.331599    -1.085923    74.237171    74.271945    -0.023288    -0.076262    5.213516    
-1.120200    -0.070932    19.134013    19.267727    -0.010011    -0.000634    0.171002    
-0.153565    -0.383834    8.132967     8.378008     -0.023807    -0.059505    1.260830    
-0.246827    -2.019120    20.219283    20.416467    -0.012502    -0.102272    1.024143    
0.179105     -1.222479    117.834733   117.857651   0.002750     -0.018770    1.809223    
-2.276930    1.132510     22.427107    22.656502    -0.002593    0.001290     0.025536    
-1.268168    -3.003263    71.860987    71.961825    -0.011391    -0.026975    0.645446    
1.260500     0.555402     74.529953    74.568667    0.025941     0.011430     1.533813    
1.213068     0.734486     28.502951    28.606017    0.019154     0.011597     0.450049    
0.238726     -0.022714    25.612457    25.689111    0.022779     -0.002167    2.443909    
-0.676876    0.888396     18.068355    18.209552    -0.080969    0.106271     2.161354    
1.877387     0.589525     62.262266    62.324448    0.006708     0.002106     0.222458    
-0.707587    0.017877     89.064023    89.088586    -0.043907    0.001109     5.526557    
-1.118090    -2.944830    29.624712    29.856669    -0.010336    -0.027222    0.273849    
-0.515614    2.841584     41.120564    41.268828    -0.000137    0.000755     0.010931    
-0.829916    -1.373644    27.954467    28.069607    -0.016142    -0.026717    0.543714    
-0.492432    2.070839     33.239460    33.365664    -0.013899    0.058448     0.938167    
2.151550     1.284854     22.021800    22.251172    0.295410     0.176412     3.023617    
-1.025165    -2.913958    62.267929    62.375572    -0.116589    -0.331395    7.081533    
-0.096721    1.068548     9.226101     9.494579     -0.001377    0.015208     0.131306    
-0.474904    0.878285     21.326226    21.440144    -0.066970    0.123855     3.007394    
0.498173     -0.566638    4.845880     5.284577     0.019656     -0.022357    0.191196    
-0.831185    -0.095384    62.219151    62.255905    -0.239346    -0.027467    17.916452   
-0.430817    -0.978018    63.363417    63.402995    -0.019960    -0.045311    2.935594    
0.067839     0.524030     41.320412    41.370649    0.004178     0.032274     2.544864    
-0.572281    0.607026     50.319900    50.365299    -0.027639    0.029317     2.430278    
1.207338     0.192939     40.856515    40.922178    0.040230     0.006429     1.361392    
1.426102     1.438240     32.036824    32.161084    0.035955     0.036262     0.807726    
0.361925     1.402294     37.335157    37.415054    0.018324     0.070997     1.890245    
-0.391685    1.291385     44.249285    44.313601    -0.002852    0.009404     0.322237    
0.470388     0.982137     12.080892    12.288562    0.043550     0.090930     1.118491    
1.299757     2.556455     124.657778   124.706301   0.026992     0.053091     2.588810    
0.121025     1.297244     22.510862    22.634296    0.007616     0.081637     1.416640    
0.133524     1.220729     29.968135    30.057813    0.009356     0.085533     2.099784    
-0.179359    0.428725     14.416668    14.557859    -0.028539    0.068218     2.293947    
-0.946684    0.649309     55.097110    55.144213    -0.216495    0.148489     12.600053   
-0.491195    -0.269762    42.839827    42.888691    -0.007804    -0.004286    0.680596    
1.400533     0.585387     25.226176    25.348354    0.114525     0.047869     2.062813    
1.019680     -0.292165    15.404101    15.565551    0.018839     -0.005398    0.284599    
-0.170756    0.383984     29.725942    29.794013    -0.042262    0.095036     7.357151    
-1.082630    0.666420     53.352763    53.404199    -0.029993    0.018463     1.478094    
1.054696     0.743977     27.457269    27.557983    0.036821     0.025973     0.958579    
-0.850821    -1.758233    16.781059    17.008650    -0.002157    -0.004457    0.042540    
-1.569812    -0.588443    25.379619    25.510989    -0.165083    -0.061881    2.668941    
-0.764225    -0.025776    41.972021    42.025114    -0.012107    -0.000408    0.664939    
0.633094     1.142745     19.191987    19.336856    0.020955     0.037824     0.635236    
1.155722     0.134729     29.637655    29.725736    0.200968     0.023428     5.153670    
3.581233     -2.299198    149.131618   149.205315   0.075538     -0.048497    3.145606    
-0.622307    0.792072     20.627783    20.745964    -0.001772    0.002255     0.058734    
0.909679     -0.526247    28.442629    28.530029    0.052065     -0.030119    1.627886    
-0.464425    -0.910429    18.101520    18.236901    -0.052849    -0.103602    2.059857    
0.389193     0.418751     12.832435    12.995120    0.003347     0.003601     0.110341    
0.493285     -0.366024    84.896137    84.921177    0.017958     -0.013325    3.090583    
-1.208379    3.296457     54.713111    54.860972    -0.022205    0.060576     1.005421    
-1.261505    0.500887     11.757096    11.997772    -0.001092    0.000433     0.010175    
-1.427126    -0.035365    21.853340    21.988209    -0.043464    -0.001077    0.665564    
0.048750     -1.641012    47.927904    47.996399    0.001136     -0.038244    1.116964    
-0.540729    -0.343227    15.803848    15.938844    -0.112126    -0.071172    3.277104    
0.616548     0.928219     32.223901    32.303196    0.009491     0.014289     0.496059    
0.054953     2.295528     64.546739    64.617559    0.010888     0.454814     12.788667   
-0.017860    0.002386     8.160062     8.394158     -0.001276    0.000170     0.582988    
0.369384     -1.815982    24.694136    24.841689    0.002518     -0.012379    0.168332    
-0.461717    -1.507160    74.322728    74.365500    -0.029582    -0.096563    4.761811    
-0.338352    -0.711684    225.241921   225.251901   -0.004558    -0.009588    3.034603    
1.507717     -0.272048    10.901176    11.182925    0.126418     -0.022810    0.914031    
1.362365     0.612235     24.883979    25.006364    0.057172     0.025692     1.044257    
0.883392     1.848663     41.680166    41.776897    0.027294     0.057119     1.287806    
-1.373311    0.237454     56.530913    56.582342    -0.018621    0.003220     0.766522    
0.757418     1.009265     34.086045    34.166149    0.048707     0.064902     2.191954    
3.502696     -0.744219    28.125173    28.420469    0.497087     -0.105616    3.991396    
0.856200     -0.658541    18.897944    19.030870    0.008575     -0.006595    0.189268    
0.836015     -1.432777    44.629148    44.703328    0.016500     -0.028278    0.880812    
-0.481672    -0.040438    25.930593    26.009695    -0.000395    -0.000033    0.021249    
-0.017706    -0.133341    6.457517     6.752227     -0.000469    -0.003529    0.170917    
0.732737     -0.615210    15.396464    15.551252    0.012109     -0.010166    0.254428    
0.441688     -0.163946    11.471022    11.648230    0.005704     -0.002117    0.148128    
0.424365     -1.179987    32.929064    33.011675    0.010742     -0.029868    0.833510    
-0.570041    1.558546     64.387687    64.439143    -0.014012    0.038311     1.582746    
0.835730     -1.945127    60.832779    60.901428    0.071334     -0.166028    5.192430    
-0.148065    0.408452     45.207170    45.252094    -0.000488    0.001345     0.148846    
-0.192531    -0.716226    39.153243    39.209711    -0.017973    -0.066859    3.654910    
-0.678897    -0.994540    14.077794    14.265666    -0.052085    -0.076302    1.080055    
2.116655     0.357837     26.922439    27.079530    0.246580     0.041686     3.136339    
-1.341797    2.680313     30.612468    30.821788    -0.023074    0.046092     0.526426    
-1.238591    0.057218     61.471520    61.515528    -0.150538    0.006954     7.471230    
-1.399887    2.646982     78.304594    78.386546    -0.009294    0.017574     0.519893    
0.719663     0.561470     20.423721    20.538659    0.000257     0.000201     0.007296    
0.485939     0.235396     33.660526    33.722359    0.001956     0.000947     0.135483    
0.726777     -0.739515    27.545678    27.635384    0.043381     -0.044142    1.644196    
1.648239     0.174322     16.112896    16.317091    0.178154     0.018842     1.741602    
-0.389171    1.394485     30.951341    31.047649    -0.025703    0.092101     2.044230    
0.624365     -0.765466    45.521793    45.575041    0.004577     -0.005611    0.333669    
2.083775     -0.088400    29.253071    29.393317    0.286806     -0.012167    4.026332    
-0.286006    0.195446     20.255099    20.353476    -0.077702    0.053099     5.502931    
-1.239403    1.839006     37.269150    37.386930    -0.002229    0.003308     0.067033    
-0.231229    -0.886223    58.389187    58.429538    -0.042557    -0.163106    10.746325   
0.311457     0.502071     8.318559     8.568690     0.004449     0.007172     0.118837    
-0.423979    0.273587     70.180515    70.209930    -0.037361    0.024108     6.184300    
-1.195165    0.646181     85.410232    85.443716    -0.039658    0.021442     2.834110    
0.985873     -0.080130    11.257958    11.471483    0.121059     -0.009839    1.382405    
2.480707     -1.811696    109.785657   109.846263   0.035627     -0.026019    1.576694    
-0.106246    -0.238844    115.008743   115.025885   -0.002298    -0.005167    2.487865    
1.209787     1.798395     38.378076    38.489602    0.032865     0.048855     1.042573    
0.167988     -0.085207    12.194555    12.353850    0.000301     -0.000153    0.021837    
1.187845     1.170910     39.464795    39.549046    0.010903     0.010748     0.362249    
1.274438     0.047157     14.221357    14.413478    0.256289     0.009483     2.859904    
1.321554     -0.080698    91.707551    91.738230    0.097996     -0.005984    6.800338    
0.389133     -1.508454    39.294255    39.374361    0.035497     -0.137603    3.584461    
0.382741     2.794005     30.408224    30.602091    0.005777     0.042171     0.458964    
0.035339     0.662727     17.713516    17.834911    0.000625     0.011726     0.313426    
-1.952823    0.165572     28.721861    28.855869    -0.480982    0.040781     7.074217    
-1.254379    -0.430808    70.764424    70.804222    -0.008401    -0.002885    0.473936    
-1.706843    -0.049013    35.595032    35.690292    -0.278557    -0.007999    5.809106    
-0.512186    -1.002764    15.677353    15.840525    -0.019497    -0.038172    0.596792    
0.548313     -0.232961    20.546688    20.649365    0.002315     -0.000984    0.086759    
-0.348846    0.555984     15.068170    15.210375    -0.019199    0.030600     0.829306    
-0.285687    -0.524850    63.001873    63.035450    -0.003083    -0.005664    0.679849    
0.723379     0.510105     24.458689    24.553735    0.211871     0.149405     7.163735    
0.679740     -1.481884    21.590208    21.740976    0.125934     -0.274545    3.999972    
0.474415     0.920147     22.470583    22.580385    0.002173     0.004214     0.102917    
-0.401067    -1.029592    21.589612    21.707308    -0.097879    -0.251268    5.268860    
0.345823     1.146195     83.247219    83.279095    0.015329     0.050806     3.689968    
-2.081604    -1.112439    22.154079    22.366242    -0.050211    -0.026834    0.534387    
-0.735668    -1.721408    13.889159    14.152319    -0.120881    -0.282852    2.282185    
1.195121     -0.561907    15.803598    15.980385    0.017037     -0.008010    0.225288    
-1.358358    0.515560     95.924410    95.955606    -0.021897    0.008311     1.546299    
-1.535751    -1.517359    44.692103    44.787497    -0.039543    -0.039069    1.150743    
0.805193     1.592569     17.675816    17.874396    0.078499     0.155262     1.723239    
-0.365834    -0.649770    68.034816    68.067372    -0.002699    -0.004793    0.501890    
1.608286     1.064159     97.807592    97.846406    0.041834     0.027680     2.544115    
-1.053468    0.342389     14.890556    15.060897    -0.038914    0.012648     0.550044    
-0.177473    -0.332658    9.183644     9.399810     -0.004536    -0.008502    0.234700    
0.052041     1.743635     39.685901    39.772964    0.000554     0.018556     0.422338    
-1.264756    -0.348159    14.212311    14.407830    -0.231535    -0.063736    2.601803    
0.568532     0.418001     19.009157    19.123833    0.001929     0.001418     0.064491    
-1.820907    -0.579868    30.389044    30.512635    -0.334633    -0.106564    5.584682    
-0.005073    -1.908916    32.386446    32.502320    -0.000886    -0.333395    5.656340    
-1.495330    -1.356325    18.988034    19.196250    -0.063261    -0.057381    0.803308    
-1.122264    -1.461304    148.389842   148.414336   -0.160023    -0.208367    21.158869   
0.762599     -1.184747    66.279747    66.323939    0.034314     -0.053309    2.982353    
1.100401     0.305447     72.299239    72.335047    0.122534     0.034013     8.050831    
-0.868108    2.504515     32.429062    32.596706    -0.057521    0.165951     2.148774    
0.520222     -0.774520    51.455879    51.501970    0.021477     -0.031975    2.124273    
0.864716     1.140629     30.757846    30.853992    0.082212     0.108444     2.924261    
0.866232     -0.533787    45.460125    45.514099    0.039381     -0.024267    2.066733    
0.131383     0.214332     13.554922    13.699418    0.000136     0.000221     0.013982    
-2.428888    0.224774     150.084172   150.116900   -0.278882    0.025808     17.232486   
-0.267724    -0.819207    15.907869    16.052353    -0.020034    -0.061303    1.190416    
-0.010805    1.423424     53.090970    53.146517    -0.000101    0.013292     0.495773    
-0.825187    1.344336     98.521703    98.553990    -0.016120    0.026262     1.924658    
0.804158     2.499545     40.367112    40.500285    0.100624     0.312769     5.051148    
-0.561545    0.309883     14.885519    15.028805    -0.001694    0.000935     0.044912    
-0.157010    -1.064437    13.305405    13.493200    -0.016961    -0.114986    1.437320    
0.815216     -1.032626    36.816098    36.892153    0.139743     -0.177011    6.310966    
-1.032941    0.277431     82.304538    82.335022    -0.040891    0.010983     3.258160    
-0.055100    0.644969     40.498081    40.551060    -0.001362    0.015941     1.000959    
1.185699     -0.012293    19.966017    20.097831    0.038283     -0.000397    0.644655    
-1.426567    -0.454534    20.695995    20.843245    -0.034293    -0.010926    0.497504    
0.178178     2.010184     54.930817    55.003111    0.002771     0.031258     0.854175    
0.180080     -0.194552    64.472885    64.503474    0.010719     -0.011581    3.837724    
-0.201161    -0.954380    28.790511    28.874206    -0.008178    -0.038798    1.170405    
-0.203643    -0.162449    6.205604     6.515546     -0.006213    -0.004956    0.189333    
-1.916169    0.767473     75.395264    75.449198    -0.073210    0.029323     2.880596    
-1.198525    0.170613     33.821959    33.900818    -0.062067    0.008835     1.751520    
-1.674936    -0.638589    197.454269   197.472218   -0.330021    -0.125824    38.905442   
1.057545     0.758406     60.007247    60.053628    0.086892     0.062314     4.930425    
0.483876     -0.462457    13.947558    14.101678    0.025413     -0.024288    0.732530    
1.559308     0.010234     19.470022    19.631309    0.062523     0.000410     0.780681    
0.910901     0.822610     51.281950    51.334392    0.098810     0.089233     5.562805    
1.077997     -1.155544    20.339388    20.495439    0.059859     -0.064165    1.129399    
-1.208353    1.343034     152.977878   153.001209   -0.126430    0.140522     16.006123   
0.655327     -1.198478    55.484323    55.536032    0.047567     -0.086991    4.027311    
-0.801351    1.211202     44.140282    44.208016    -0.015182    0.022947     0.836259    
-0.339800    -0.766479    48.441882    48.489111    -0.023543    -0.053105    3.356268    
-1.249405    1.396255     20.739787    20.917081    -0.082725    0.092448     1.373211    
1.253208     -0.224786    54.132226    54.182967    0.012534     -0.002248    0.541385    
-0.310824    0.192948     50.647908    50.687468    -0.005325    0.003305     0.867660    
1.906108     0.098340     16.449742    16.676687    0.027009     0.001393     0.233086    
0.078200     -3.087387    57.541276    57.657709    0.005327     -0.210310    3.919654    
0.301209     -1.107320    7.748609     8.076681     0.004665     -0.017151    0.120018    
-0.853032    0.285682     23.509417    23.608832    -0.028509    0.009548     0.785713    
-1.808702    0.251279     21.733124    21.898360    -0.198322    0.027552     2.383011    
0.573171     1.255220     11.699284    11.943714    0.001101     0.002412     0.022477    
1.053070     -0.755044    74.467281    74.504563    0.056872     -0.040777    4.021646    
1.002910     0.213591     43.711596    43.767911    0.107997     0.023000     4.707015    
-0.918150    -0.933199    14.481092    14.672792    -0.069802    -0.070946    1.100917    
0.507747     -0.852520    27.140952    27.230329    0.110626     -0.185744    5.913363    
-0.232233    -0.422533    4.547174     4.978375     -0.023000    -0.041846    0.450340    
-0.239155    1.528048     26.580397    26.698026    -0.022762    0.145436     2.529865    
-1.041770    -0.635080    7.474848     7.825402     -0.259853    -0.158410    1.864480    
0.274593     1.357332     11.892029    12.133139    0.004859     0.024019     0.210442    
-1.661302    1.544262     45.650579    45.749262    -0.052028    0.048363     1.429678    
0.101476     -0.235078    60.022133    60.054950    0.009376     -0.021721    5.545940    
-0.277924    1.508792     76.942627    76.983093    -0.000983    0.005337     0.272162    
1.357099     1.313039     19.276361    19.468406    0.006164     0.005964     0.087561    
0.294828     -0.844157    9.315777     9.563377     0.064011     -0.183278    2.022582    
0.056473     -0.431244    63.888622    63.920420    0.001229     -0.009384    1.390190    
1.399290     0.664573     39.070458    39.150674    0.156541     0.074347     4.370884    
-0.206811    -0.756672    13.311021    13.478633    -0.008853    -0.032391    0.569816    
-1.094287    -0.008182    24.668167    24.770768    -0.007493    -0.000056    0.168906    
0.072576     -0.302529    59.353243    59.386692    0.005570     -0.023217    4.554935    
-0.383324    1.788128     24.726759    24.872312    -0.065731    0.306623     4.240079    
-0.347836    2.570399     42.501003    42.625558    -0.000418    0.003089     0.051075    
-1.616565    -0.190952    8.622652     8.993043     -0.051392    -0.006070    0.274120    
-0.729254    0.950517     52.097411    52.148351    -0.004812    0.006271     0.343737    
0.873595     1.369500     97.831853    97.865137    0.079012     0.123864     8.848369    
1.868291     1.677388     21.776207    22.008687    0.005314     0.004771     0.061933    
-0.602279    -1.059901    23.485979    23.599837    -0.041141    -0.072400    1.604295    
1.090721     0.613369     32.995914    33.078258    0.067510     0.037964     2.042266    
-0.687484    -0.629173    13.284076    13.461431    -0.041790    -0.038245    0.807490    
-0.228683    -0.409753    44.059279    44.105728    -0.016800    -0.030102    3.236777    
-0.771732    -0.163238    19.066172    19.183745    -0.039541    -0.008364    0.976893    
-0.182205    0.971612     15.005601    15.166418    -0.004349    0.023190     0.358141    
0.570325     -0.475129    65.916328    65.949892    0.011486     -0.009569    1.327512    
-0.596734    0.836209     16.664761    16.812036    -0.053479    0.074941     1.493501    
-1.380055    1.041415     46.116234    46.190595    -0.073484    0.055452     2.455551    
1.725430     -1.624166    150.913133   150.944571   0.021337     -0.020085    1.866230    
-0.721269    -0.872593    8.925722     9.210055     -0.283836    -0.343386    3.512485    
-0.766892    0.817817     113.278786   113.301436   -0.043907    0.046823     6.485598    
-0.672609    -0.736206    143.336118   143.353103   -0.054765    -0.059943    11.670592   
0.703402     -1.413042    25.507757    25.632247    0.249513     -0.501238    9.048179    
-0.764780    -0.720163    150.667509   150.684029   -0.039927    -0.037598    7.865903    
-2.617342    1.210544     51.909873    52.027163    -0.212579    0.098320     4.216099    
-0.981581    0.672525     8.623350     8.924847     -0.159339    0.109171     1.399822    
-0.509562    0.755921     6.564646     6.913798     -0.006830    0.010133     0.087997    
-0.305213    -0.078912    69.949526    69.977929    -0.021178    -0.005476    4.853696    
-0.515996    -1.118308    21.293509    21.419742    -0.021856    -0.047369    0.901939    
0.756591     0.483486     55.361483    55.403744    0.019762     0.012629     1.446043    
0.686173     -0.914270    18.652467    18.790855    0.019361     -0.025797    0.526291    
0.217192     -1.031921    65.610490    65.648483    0.030530     -0.145052    9.222511    
0.101123     0.222470     17.546670    17.658434    0.020273     0.044601     3.517762    
0.223709     -0.105909    25.932248    26.008032    0.044439     -0.021038    5.151323    
-0.814544    -0.317974    84.449716    84.477180    -0.038323    -0.014960    3.973207    
1.140253     -1.606660    97.927996    97.967591    0.001960     -0.002761    0.168293    
-0.143460    -0.047783    40.025045    40.073708    -0.025953    -0.008644    7.240784    
-1.364525    -0.975164    85.420745    85.459883    -0.024142    -0.017253    1.511288    
-0.372769    -0.673381    20.514861    20.623454    -0.006118    -0.011051    0.336673    
0.110051     -0.291822    8.183341     8.422547     0.004702     -0.012468    0.349630    
1.427658     0.399358     36.235044    36.318743    0.012216     0.003417     0.310041    
-1.835799    -0.153729    22.772611    22.931649    -0.091161    -0.007634    1.130834    
-1.035830    -0.542800    85.747413    85.777977    -0.016510    -0.008652    1.366755    
0.191727     0.923359     76.555048    76.586159    0.018362     0.088431     7.331781    
0.511328     -1.270421    96.967969    96.997615    0.094870     -0.235710    17.991120   
-1.329037    0.406172     21.638446    21.772198    -0.307030    0.093833     4.998853    
-0.602058    1.118666     27.589456    27.688751    -0.093870    0.174418     4.301631    
-0.740561    2.008213     49.773050    49.857926    -0.000684    0.001854     0.045958    
0.405561     -0.752813    6.638348     6.976663     0.018148     -0.033687    0.297053    
0.763773     -0.331546    50.801783    50.846724    0.216208     -0.093854    14.380910   
1.055564     1.005684     22.832435    22.963463    0.436875     0.416231     9.449856    
-0.002262    -1.629896    69.716491    69.763319    -0.000148    -0.106923    4.573481    
1.301761     -2.189788    109.263619   109.311039   0.005327     -0.008961    0.447149    
0.277018     -0.114603    46.545780    46.588351    0.032309     -0.013366    5.428720    
0.000762     -0.087665    26.470774    26.544010    0.000105     -0.012125    3.661105    
-0.386108    0.304697     131.053284   131.068990   -0.047171    0.037225     16.010810   
-1.324641    -0.703356    29.435242    29.539089    -0.347619    -0.184578    7.724539    
-0.180673    -1.210914    24.672811    24.781475    -0.005638    -0.037790    0.769977    
-1.548558    -0.242729    33.296946    33.391892    -0.121078    -0.018978    2.603401    
0.661840     -0.987693    225.947544   225.959247   0.313879     -0.468415    107.156121  
-0.973719    0.194405     18.824757    18.953426    -0.134733    0.026900     2.604780    
0.276590     1.370809     101.140429   101.169249   0.021524     0.106676     7.870696    
-0.654067    0.915040     35.731384    35.803238    -0.001162    0.001626     0.063484    
-0.597563    -0.820085    30.602106    30.682136    -0.012938    -0.017757    0.662600    
1.084128     1.364443     34.786550    34.885757    0.147196     0.185256     4.723105    
0.267731     0.642377     102.996657   103.017817   0.086056     0.206477     33.105792   
0.436391     -0.125341    45.293896    45.338925    0.033108     -0.009509    3.436302    
0.964801     -2.016320    47.838179    47.930811    0.104336     -0.218051    5.173360    
-0.168536    -0.731413    20.699996    20.806926    -0.002621    -0.011375    0.321926    
0.303672     -0.020649    32.614769    32.675537    0.019902     -0.001353    2.137465    
2.329690     -1.314750    28.655275    28.847110    0.152237     -0.085914    1.872518    
-1.587956    0.870344     14.272572    14.521032    -0.102555    0.056209     0.921765    
-0.289062    0.371883     35.903986    35.960993    -0.008679    0.011166     1.078011    
-0.870490    0.132906     57.996258    58.036336    -0.023154    0.003535     1.542624    
-0.824814    1.628069     20.852001    21.024078    -0.010733    0.021186     0.271351    
0.281237     0.839462     44.808330    44.860285    0.013983     0.041737     2.227808    
-1.826395    1.430125     60.321566    60.398239    -0.010605    0.008304     0.350244    
0.434496     -0.640838    24.090762    24.183449    0.009408     -0.013875    0.521606    
2.206250     0.077847     45.055500    45.152482    0.053375     0.001883     1.090012    
0.138528     0.647497     37.035551    37.093739    0.000866     0.004047     0.231505    
0.157653     0.567798     17.794294    17.912541    0.010360     0.037311     1.169302    
-1.974066    0.642380     44.808585    44.899820    -0.045335    0.014752     1.029031    
-1.058015    -0.472354    18.448313    18.589183    -0.003699    -0.001651    0.064496    
-1.003815    -1.847644    136.473292   136.503684   -0.148433    -0.273209    20.180184   
-0.834407    -0.002792    94.314357    94.338587    -0.244724    -0.000819    27.661582   
1.457512     -0.508414    37.876908    37.959424    0.035661     -0.012440    0.926745    
-1.537645    -0.035057    61.115863    61.166897    -0.335176    -0.007642    13.322041   
0.445483     -1.375302    23.107357    23.236067    0.015363     -0.047428    0.796865    
1.146613     -0.034637    7.644639     7.976928     0.070892     -0.002141    0.472645    
-0.812477    -1.417449    24.343114    24.477162    -0.006171    -0.010767    0.184904    
-2.829488    2.102865     61.106441    61.239694    -1.254760    0.932533     27.098171   
2.364969     0.173811     134.045385   134.080809   0.035062     0.002577     1.987324    
0.219244     0.917920     11.369057    11.576747    0.024197     0.101305     1.254733    
-0.924231    0.005743     28.637955    28.720405    -0.004235    0.000026     0.131210    
-0.810104    0.740882     50.557474    50.607691    -0.023931    0.021886     1.493521    
-2.037876    0.631557     38.128203    38.238549    -0.154560    0.047900     2.891781    
-0.835453    -1.951239    89.700857    89.747558    -0.022796    -0.053240    2.447513    
1.422580     0.474211     49.966422    50.027662    0.468000     0.156006     16.437939   
-0.214611    1.075085     30.749255    30.831696    -0.002785    0.013954     0.399103    
-2.082234    -1.710416    50.135127    50.246065    -0.080271    -0.065937    1.932738    
-0.530115    0.261988     108.982635   109.002015   -0.020813    0.010286     4.278896    
0.730764     1.802258     19.693367    19.886825    0.035019     0.086367     0.943737    
1.209656     -1.379502    28.952068    29.076855    0.030771     -0.035092    0.736485    
0.544511     0.304800     12.345405    12.516924    0.015475     0.008662     0.350850    
1.079903     -1.289867    31.427520    31.534012    0.165887     -0.198141    4.827682    
-1.564648    0.847245     91.490101    91.528572    -0.030446    0.016486     1.780287    
0.045612     -0.448929    51.396069    51.435731    0.002435     -0.023969    2.744064    
1.236266     -0.457036    18.370565    18.522685    0.093032     -0.034393    1.382426    
-1.445407    2.877096     106.568323   106.635122   -0.134169    0.267064     9.892127    
0.596933     -1.136673    35.234253    35.312546    0.028836     -0.054909    1.702041    
0.432016     0.637162     137.919380   137.935575   0.018757     0.027663     5.987972    
-1.467427    0.739897     28.956909    29.070231    -0.138990    0.070081     2.742711    
0.100642     -0.364290    74.460443    74.487417    0.000215     -0.000778    0.159050    
-1.809114    0.822334     47.824559    47.906289    -0.066492    0.030224     1.757745    
-0.395723    -0.152286    10.799090    10.985221    -0.045659    -0.017571    1.246011    
-0.571015    0.764083     60.990190    61.029404    -0.015383    0.020584     1.643033    
0.690526     2.055157     54.678408    54.756769    0.106310     0.316403     8.418040    
-1.070275    0.182159     22.520447    22.632370    -0.091155    0.015514     1.918056    
0.556531     -1.530650    31.182792    31.287283    0.076188     -0.209543    4.268855    
0.518858     0.003189     22.307375    22.400070    0.032691     0.000201     1.405499    
0.299342     -0.115630    14.750512    14.884741    0.004752     -0.001836    0.234173    
0.608133     1.151203     115.090507   115.114703   0.069708     0.131958     13.192409   
-0.633819    -0.932740    23.046356    23.157746    -0.024736    -0.036402    0.899425    
0.184326     -0.714763    51.426652    51.469606    0.037562     -0.145656    10.479868   
-0.209666    -0.745209    34.651550    34.716051    -0.022142    -0.078699    3.659420    
0.330710     1.834883     37.140344    37.239176    0.013757     0.076330     1.545018    
0.157455     -1.422853    107.445058   107.472623   0.004012     -0.036254    2.737692    
0.446177     -1.426620    56.220770    56.275077    0.022828     -0.072992    2.876497    
0.696141     -1.488604    180.687587   180.705781   0.020223     -0.043244    5.248950    
-1.383932    -0.266071    40.515765    40.588030    -0.088267    -0.016970    2.584094    
0.970525     -0.285012    9.079359     9.345205     0.043816     -0.012867    0.409906    
1.366245     -0.131446    28.428869    28.529974    0.082022     -0.007891    1.706711    
0.540528     0.716597     69.078104    69.111975    0.023250     0.030823     2.971264    
-0.150644    1.327433     63.834795    63.879111    -0.006374    0.056169     2.701084    
-0.638454    0.425656     14.940545    15.089189    -0.242485    0.161664     5.674421    
0.518295     0.818664     82.746474    82.775556    0.054587     0.086221     8.714816    
-0.021342    -2.098889    49.973616    50.056399    -0.001297    -0.127583    3.037686    
0.354299     0.212060     10.889396    11.073590    0.023488     0.014058     0.721898    
-0.553201    0.728732     26.701670    26.789759    -0.052619    0.069315     2.539787    
-0.404997    -0.950200    7.699546     8.014042     -0.061216    -0.143625    1.163802    
-0.646824    0.009228     134.169611   134.185610   -0.001490    0.000021     0.309115    
1.525965     1.073914     33.826030    33.934601    0.087176     0.061351     1.932422    
0.297862     2.163209     32.317907    32.451352    0.018696     0.135775     2.028454    
-0.340781    0.340045     81.656958    81.682100    -0.038201    0.038119     9.153629    
0.154534     -2.106966    21.509298    21.702259    0.019364     -0.264014    2.695224    
-0.913470    0.518356     19.318569    19.446984    -0.188296    0.106850     3.982180    
0.064690     0.389957     92.138890    92.160763    0.005019     0.030258     7.149330    
-0.282997    0.418402     6.784507     7.082346     -0.003523    0.005209     0.084469    
1.117360     -0.483664    27.409958    27.507511    0.014900     -0.006450    0.365511    
-1.154272    0.483894     11.797716    12.026119    -0.064645    0.027101     0.660733    
-0.367323    0.057628     11.305743    11.481857    -0.112853    0.017705     3.473470    
-1.158533    -1.561165    71.818798    71.872068    -0.091039    -0.122679    5.643634    
-0.924416    -0.495283    40.925593    40.986327    -0.090614    -0.048549    4.011659    
1.062850     -1.104956    22.648031    22.785058    0.071166     -0.073986    1.516469    
-0.552675    1.082850     10.752302    10.998407    -0.010036    0.019663     0.195248    
1.239778     0.423284     84.184246    84.217448    0.005321     0.001817     0.361327    
1.109881     -2.161472    94.497588    94.549315    0.058928     -0.114761    5.017256    
0.172718     1.348639     84.172051    84.206043    0.014905     0.116386     7.263979    
-0.003859    -0.167137    121.206993   121.223093   -0.000226    -0.009796    7.104007    
-0.204805    -1.131768    22.049648    22.167201    -0.003014    -0.016656    0.324491    
-1.053052    -0.301135    7.823574     8.141429     -0.058660    -0.016775    0.435812    
-0.273647    -0.475501    13.662555    13.814534    -0.000462    -0.000802    0.023053    
-0.079142    -1.488464    13.461440    13.686018    -0.002391    -0.044960    0.406608    
0.159489     -0.306219    116.238231   116.255411   0.017827     -0.034228    12.992498   
-0.517238    -1.995961    36.859954    36.970022    -0.108611    -0.419116    7.739935    
0.355404     -0.241472    73.198077    73.225802    0.018408     -0.012507    3.791251    
2.267803     -0.018224    23.420218    23.611963    0.053298     -0.000428    0.550425    
-1.943953    0.359840     29.387230    29.519361    -0.088711    0.016421     1.341065    
0.850817     -0.193265    36.373128    36.436803    0.034802     -0.007905    1.487827    
-1.819874    0.524831     34.118479    34.227664    -0.094907    0.027370     1.779284    
-0.180496    -1.297171    9.672967     9.957734     -0.011030    -0.079269    0.591110    
-1.145478    -0.440441    12.090234    12.310761    -0.024986    -0.009607    0.263723    
-1.444532    0.635068     35.639661    35.728845    -0.091976    0.040436     2.269248    
1.019624     -1.206857    34.594797    34.686756    0.033945     -0.040178    1.151718    
1.417296     0.399339     20.113787    20.263454    0.023546     0.006634     0.334158    
-0.266101    1.962059     72.914203    72.967639    -0.027740    0.204536     7.600996    
0.586795     -1.462956    37.862286    37.946175    0.045227     -0.112758    2.918254    
0.969218     1.095484     30.746918    30.844568    0.024533     0.027730     0.778285    
-1.050912    1.383653     13.567883    13.819599    -0.045614    0.060056     0.588902    
