0.095741     -0.029404    17.354166    17.465740    0.000451     -0.000139    0.081834    
-0.922310    0.870899     58.630849    58.677598    -0.069950    0.066051     4.446710    
-0.672532    0.013683     9.550171     9.774109     -0.083446    0.001698     1.184964    
0.043920     0.594838     26.648667    26.727929    0.005322     0.072078     3.229107    
0.357791     2.097511     46.203982    46.294821    0.001393     0.008164     0.179833    
-1.528244    1.760801     33.573239    33.711619    -0.245022    0.282308     5.382769    
0.595404     0.323020     26.104857    26.187733    0.016028     0.008695     0.702727    
-0.149750    0.865514     96.948521    96.972482    -0.013072    0.075552     8.462730    
-1.448010    0.833810     53.221659    53.284256    -0.000321    0.000185     0.011789    
0.806261     1.070456     50.201010    50.257460    0.024526     0.032562     1.527078    
1.958238     -2.072990    57.244603    57.349381    0.001863     -0.001972    0.054447    
1.968488     0.485925     32.021764    32.146219    0.116632     0.028791     1.897276    
1.431739     0.470438     51.311304    51.371160    0.048951     0.016084     1.754319    
0.122074     1.192508     134.294101   134.313877   0.029586     0.289016     32.547481   
0.458135     1.190152     12.095473    12.320786    0.000684     0.001778     0.018069    
-1.945095    -0.031358    31.330002    31.452001    -0.101635    -0.001639    1.637061    
-0.551880    0.418198     9.717657     9.939178     -0.009905    0.007505     0.174404    
1.684441     0.609571     52.553988    52.621341    0.114909     0.041584     3.585116    
-1.026943    -0.798545    40.459929    40.528670    -0.001537    -0.001195    0.060554    
0.606128     -0.272988    50.399492    50.442301    0.181780     -0.081870    15.114991   
-2.199464    2.269273     58.180849    58.299858    -0.263112    0.271463     6.959909    
1.573255     0.236800     74.218284    74.261429    0.011253     0.001694     0.530882    
1.760950     1.363855     19.212272    19.440869    0.092322     0.071503     1.007252    
-2.701680    -1.626095    55.700407    55.824309    -0.053797    -0.032380    1.109134    
-1.163494    -1.157703    101.888145   101.920376   -0.047061    -0.046826    4.121143    
-0.616497    -0.540885    21.934031    22.037452    -0.037177    -0.032617    1.322697    
0.401389     0.157769     9.209967     9.427855     0.001429     0.000562     0.032788    
-0.856963    -1.267222    12.637985    12.881532    -0.006109    -0.009033    0.090088    
-1.848578    -0.014887    27.881184    28.011655    -0.287484    -0.002315    4.335984    
-0.606842    2.028121     82.307908    82.358656    -0.053474    0.178715     7.252837    
2.507737     -0.667393    17.971331    18.264114    0.129052     -0.034345    0.924833    
-1.256998    0.538298     26.752990    26.860142    -0.237234    0.101593     5.049099    
0.702655     -0.301996    43.353799    43.405205    0.046928     -0.020169    2.895471    
0.706136     1.451079     44.662426    44.734903    0.039351     0.080865     2.488922    
0.244724     -0.434799    19.792953    19.896856    0.011552     -0.020524    0.934292    
0.843301     -0.321070    9.005642     9.262332     0.002410     -0.000917    0.025734    
0.092944     -0.217427    99.543429    99.563172    0.004535     -0.010608    4.856487    
2.107101     -2.262486    45.538725    45.685984    0.069681     -0.074820    1.505951    
0.156223     -0.290184    36.593257    36.647647    0.003026     -0.005620    0.708713    
1.194984     1.397549     48.735084    48.809471    0.068738     0.080390     2.803356    
0.881848     0.635859     31.318544    31.399174    0.011145     0.008036     0.395799    
0.742191     1.913635     36.493576    36.604220    0.019594     0.050521     0.963449    
0.166677     0.056048     15.650778    15.775067    0.025423     0.008549     2.387168    
0.666759     -0.115299    13.811678    13.967651    0.014830     -0.002565    0.307203    
-0.885043    -0.009627    10.072152    10.300805    -0.039313    -0.000428    0.447401    
0.044694     -0.412876    34.708263    34.766520    0.001489     -0.013756    1.156430    
-1.341060    0.228095     52.553271    52.607715    -0.174760    0.029724     6.848466    
3.195642     -0.143684    49.596107    49.738129    0.250037     -0.011242    3.880556    
-2.277322    0.215443     90.989421    91.039455    -0.377476    0.035711     15.081873   
-0.710171    1.390607     30.727703    30.830258    -0.020001    0.039164     0.865401    
0.666159     -0.882866    25.413508    25.513615    0.094304     -0.124982    3.597642    
-0.563131    -0.130359    51.729773    51.770440    -0.014197    -0.003286    1.304150    
0.170191     1.707802     30.676459    30.787426    0.007235     0.072600     1.304080    
-0.657378    -1.960281    44.818444    44.909272    -0.038772    -0.115616    2.643368    
0.682766     -1.003983    31.231301    31.316821    0.002032     -0.002988    0.092947    
0.278109     -0.313289    29.040639    29.110293    0.010329     -0.011635    1.078557    
-1.197967    2.423523     28.049301    28.247953    -0.096596    0.195417     2.261716    
-0.265626    0.589915     14.854968    14.998786    -0.014384    0.031945     0.804425    
-0.916268    1.217269     18.982178    19.144695    -0.184108    0.244590     3.814147    
-1.392704    0.011092     31.245324    31.338235    -0.031262    0.000249     0.701373    
-0.019486    -1.918836    36.827840    36.930300    -0.000561    -0.055235    1.060121    
1.397876     -0.562634    113.273802   113.300926   0.072505     -0.029183    5.875300    
-0.941414    1.760374     20.739476    20.928115    -0.000180    0.000336     0.003959    
-0.851603    -0.562488    10.124233    10.364201    -0.004663    -0.003080    0.055440    
0.906780     0.029332     69.704343    69.738035    0.021130     0.000683     1.624237    
1.829492     0.301829     27.443417    27.576335    0.125510     0.020707     1.882721    
0.308010     -1.490426    56.854799    56.909220    0.002826     -0.013674    0.521636    
1.342895     0.065515     10.389981    10.659940    0.007967     0.000389     0.061643    
0.798556     0.540253     34.480085    34.549686    0.055095     0.037274     2.378889    
1.052245     1.109687     25.356571    25.478800    0.175807     0.185404     4.236529    
0.174866     -1.370161    34.650343    34.733688    0.006461     -0.050627    1.280316    
0.277114     0.179391     51.199750    51.238641    0.013722     0.008883     2.535236    
-1.462488    0.214270     32.043437    32.137853    -0.113104    0.016571     2.478144    
0.370151     -0.132074    30.352987    30.419291    0.015899     -0.005673    1.303724    
0.457129     1.623715     84.392659    84.432465    0.010513     0.037341     1.940799    
-3.932074    1.653726     43.160328    43.415261    -0.831627    0.349760     9.128335    
1.960742     0.572383     19.869074    20.070555    0.149353     0.043599     1.513459    
-1.119422    0.178060     68.575053    68.612664    -0.001994    0.000317     0.122163    
1.991081     1.625912     55.497579    55.591944    0.129481     0.105734     3.609030    
1.218095     -0.602999    27.469804    27.573763    0.054585     -0.027021    1.230968    
0.836325     0.409460     56.047333    56.089621    0.082883     0.040579     5.554489    
0.745906     0.727793     52.777206    52.824185    0.012931     0.012617     0.914963    
1.059001     -1.028561    20.991908    21.135623    0.303381     -0.294661    6.013739    
-0.847831    0.794824     30.509338    30.594856    -0.195078    0.182882     7.019915    
1.247249     1.224139     120.674208   120.702915   0.210243     0.206348     20.341546   
0.803315     1.425790     76.420305    76.463168    0.082359     0.146178     7.834913    
-0.817431    -0.360928    72.854581    72.886647    -0.082477    -0.036417    7.350878    
-1.037000    0.553878     21.817918    21.938064    -0.164201    0.087702     3.454700    
-1.526149    0.449416     22.312268    22.455363    -0.103248    0.030404     1.509485    
0.065213     -0.214568    12.093550    12.254763    0.010637     -0.034998    1.972584    
0.516914     -0.684467    140.593171   140.609567   0.018361     -0.024312    4.993815    
0.549029     1.856957     148.804776   148.830394   0.016919     0.057223     4.585527    
0.458049     0.642198     17.697446    17.824050    0.098184     0.137657     3.793503    
-0.798684    0.366290     24.080942    24.177237    -0.017609    0.008076     0.530936    
-0.867085    0.426666     46.002967    46.055204    -0.026342    0.012962     1.397582    
1.706319     -0.984041    24.376629    24.535176    0.013690     -0.007895    0.195574    
-1.197107    -0.529396    12.108108    12.336716    -0.003804    -0.001682    0.038474    
-1.156005    0.789680     184.839240   184.855023   -0.046001    0.031424     7.355371    
-1.858042    -0.512713    12.110834    12.420243    -0.090209    -0.024892    0.587985    
0.545895     1.924974     83.782781    83.829785    0.003115     0.010983     0.478032    
-0.575405    1.988620     53.469937    53.546193    -0.000112    0.000386     0.010374    
0.581807     1.236710     48.970631    49.029232    0.139911     0.297400     11.776315   
-0.037820    1.512286     43.798236    43.868541    -0.000681    0.027212     0.788106    
-1.367477    -0.529216    40.585776    40.659934    -0.681559    -0.263764    20.228210   
-4.137731    -0.459996    179.172020   179.231192   -0.151772    -0.016873    6.572047    
0.363633     -1.661410    120.048899   120.077082   0.007513     -0.034328    2.480441    
-1.085643    2.467580     53.978469    54.081583    -0.172253    0.391518     8.564484    
-0.319238    2.064008     58.916607    58.986470    -0.041800    0.270252     7.714282    
0.661230     1.312861     46.416208    46.481180    0.148245     0.294338     10.406315   
1.867845     0.687490     46.710221    46.794030    0.280865     0.103377     7.023738    
1.102001     -0.163620    19.180644    19.313551    0.041239     -0.006123    0.717778    
0.405996     0.524205     48.923123    48.967198    0.029920     0.038631     3.605356    
-0.395120    1.521876     51.874672    51.935814    -0.000201    0.000775     0.026402    
-0.576923    -0.513807    51.230444    51.274069    -0.004202    -0.003742    0.373103    
1.032178     -0.281998    51.699308    51.747833    0.130101     -0.035545    6.516457    
-0.476198    0.607928     21.068058    21.173907    -0.031131    0.039743     1.377323    
1.461163     0.069298     90.288897    90.322199    0.118185     0.005605     7.302916    
0.540367     0.955173     196.975988   196.988881   0.033533     0.059274     12.223579   
-0.071895    -0.371995    124.690393   124.706506   -0.007682    -0.039748    13.323308   
0.996887     -0.449352    119.155840   119.177116   0.096365     -0.043437    11.518342   
0.334422     0.555566     28.161316    28.237478    0.018053     0.029991     1.520204    
-0.323258    1.641568     38.817655    38.903528    -0.018281    0.092832     2.195175    
-1.487450    -0.025574    40.233048    40.308637    -0.133471    -0.002295    3.610169    
0.171317     1.776951     35.057609    35.158183    0.001076     0.011165     0.220280    
0.637659     -0.861341    8.140614     8.443522     0.034615     -0.046757    0.441906    
-1.031943    1.797114     11.921647    12.259492    -0.124659    0.217091     1.440135    
-1.433212    -2.221751    47.100188    47.215389    -0.068709    -0.106512    2.258006    
-1.660045    -0.646831    72.437991    72.486630    -0.095227    -0.037105    4.155326    
-0.599975    0.797553     81.846170    81.875922    -0.020250    0.026918     2.762375    
-0.276027    2.089917     38.534534    38.642324    -0.020474    0.155014     2.858205    
0.563678     0.142163     8.661550     8.901423     0.005494     0.001386     0.084421    
1.488331     0.500811     76.060574    76.102245    0.027311     0.009190     1.395709    
0.031465     -0.066558    15.670906    15.794229    0.001139     -0.002409    0.567279    
-0.690220    1.134738     39.957228    40.027729    -0.038294    0.062957     2.216884    
2.509061     -0.327726    56.278632    56.369869    0.051586     -0.006738    1.157081    
0.848576     -0.128674    18.897339    19.018964    0.017179     -0.002605    0.382565    
2.260537     0.401284     76.780713    76.840249    0.176094     0.031260     5.981167    
0.357372     0.787772     17.901296    18.029966    0.030112     0.066376     1.508337    
-0.756959    0.958166     79.755132    79.788766    -0.001963    0.002484     0.206792    
-1.442037    0.272655     108.725166   108.752887   -0.073764    0.013947     5.561591    
2.240560     -0.044286    45.400891    45.498768    0.177160     -0.003502    3.589833    
0.099148     -1.005757    35.702786    35.771291    0.001064     -0.010789    0.382980    
-0.536744    -1.319996    144.430674   144.451116   -0.035983    -0.088491    9.682500    
0.634748     -0.579672    23.065875    23.165674    0.026664     -0.024351    0.968939    
0.571682     -1.052251    27.064016    27.161921    0.076197     -0.140249    3.607222    
-1.242402    -0.378296    59.329037    59.375889    -0.027274    -0.008305    1.302419    
-0.705454    0.558588     56.830287    56.871488    -0.005906    0.004677     0.475802    
0.463352     0.971598     72.694208    72.728822    0.000324     0.000679     0.050802    
0.565698     -0.736487    57.249304    57.290664    0.075531     -0.098334    7.643819    
-0.666823    0.916249     52.664930    52.713887    -0.134955    0.185436     10.658633   
0.936085     -1.144362    30.120091    30.220534    0.026607     -0.032527    0.856124    
-0.481935    1.031514     11.037717    11.269536    -0.031399    0.067204     0.719119    
-1.147178    0.394924     13.815795    14.007966    -0.094855    0.032654     1.142367    
-0.263534    -0.242899    65.544362    65.574895    -0.003002    -0.002767    0.746744    
-0.338771    -1.835090    95.912183    95.950530    -0.021753    -0.117836    6.158795    
-0.526718    0.605391     22.696233    22.795567    -0.001005    0.001155     0.043289    
-1.442791    0.723463     22.634920    22.777612    -0.057251    0.028707     0.898168    
1.189251     0.269881     10.820678    11.065676    0.131651     0.029876     1.197854    
0.608222     -0.796563    50.935937    50.983812    0.062341     -0.081646    5.220827    
0.500576     0.450852     187.444613   187.456159   0.013484     0.012144     5.049051    
0.335198     -0.942989    10.350869    10.583810    0.018986     -0.053412    0.586291    
-0.108395    1.113170     62.701329    62.742191    -0.001466    0.015051     0.847793    
-0.355376    0.104383     56.393301    56.428863    -0.013546    0.003979     2.149639    
0.260441     -0.636321    26.381343    26.463615    0.031832     -0.077774    3.224439    
-0.319293    -0.461645    15.301646    15.437953    -0.017514    -0.025322    0.839325    
-2.592509    0.596152     56.657100    56.753664    -0.309210    0.071103     6.757531    
-0.950470    0.220703     51.913406    51.959877    -0.092296    0.021431     5.041074    
0.903269     1.806195     21.257991    21.444239    0.215655     0.431228     5.075332    
0.475808     -0.634332    47.770852    47.817968    0.078846     -0.105115    7.916131    
-1.089580    -0.259279    63.844831    63.884988    -0.146933    -0.034965    8.609671    
-0.478146    1.198368     59.529452    59.575963    -0.020603    0.051637     2.565097    
0.861438     -0.399670    31.038575    31.115429    0.156817     -0.072756    5.650302    
-0.600485    -0.591616    39.152316    39.210832    -0.056512    -0.055677    3.684630    
-0.780208    0.164301     124.819039   124.837106   -0.028736    0.006051     4.597278    
-1.167226    -2.080669    24.935460    25.126554    -0.217851    -0.388336    4.653960    
1.399856     1.693507     16.425072    16.687885    0.000307     0.000371     0.003599    
0.324026     -1.343930    46.346493    46.408873    0.006781     -0.028126    0.969943    
-0.376125    1.093412     9.646408     9.912878     -0.028511    0.082882     0.731210    
1.880887     -0.762647    20.074891    20.273025    0.030176     -0.012236    0.322074    
-0.667913    1.799994     35.347307    35.454100    -0.039159    0.105530     2.072347    
0.126889     0.327278     17.861611    17.973183    0.005905     0.015230     0.831188    
1.555994     0.740379     13.727236    13.974306    0.089710     0.042686     0.791438    
-0.249550    -0.245230    24.444452    24.526080    -0.013470    -0.013236    1.319408    
-0.777129    0.782267     14.084135    14.263719    -0.143193    0.144140     2.595125    
0.434262     1.319710     18.302726    18.460632    0.038730     0.117698     1.632324    
0.480442     -0.669558    22.467482    22.568603    0.144986     -0.202056    6.780125    
-0.799498    0.964975     20.147492    20.282179    -0.306937    0.370465     7.734856    
0.696424     -0.057088    14.232663    14.385128    0.123864     -0.010153    2.531382    
-1.622358    -1.453594    94.271986    94.317693    -0.069231    -0.062029    4.022886    
-1.059458    0.277037     74.414424    74.448510    -0.303363    0.079326     21.307653   
0.672191     -0.729612    29.364890    29.447511    0.002440     -0.002649    0.106607    
0.921884     -1.453170    21.013612    21.175656    0.068247     -0.107579    1.555644    
-0.514263    0.138341     70.163659    70.193287    -0.072991    0.019635     9.958559    
-0.752025    1.405981     41.136079    41.214006    -0.034220    0.063978     1.871867    
0.273224     0.454210     33.307420    33.369749    0.000494     0.000822     0.060247    
-1.614542    0.137612     49.387300    49.453069    -0.042107    0.003589     1.288017    
0.359476     0.425201     90.532537    90.555647    0.018582     0.021979     4.679673    
-1.441622    -0.564446    57.338329    57.392994    -0.010414    -0.004078    0.414214    
0.041254     -0.847990    38.132520    38.192732    0.000241     -0.004948    0.222505    
0.840717     -1.044941    21.112087    21.246032    0.056614     -0.070366    1.421680    
0.232798     -2.266769    86.263680    86.316221    0.057488     -0.559767    21.302386   
-1.404792    -0.829005    27.111662    27.231927    -0.096911    -0.057190    1.870330    
-1.949150    -0.621871    17.448764    17.678242    -0.117576    -0.037512    1.052538    
-2.167835    -0.424316    72.154337    72.214977    -0.047319    -0.009262    1.574969    
0.096251     0.407009     10.094663    10.293303    0.003763     0.015911     0.394627    
1.015865     -0.024210    22.992457    23.098930    0.027462     -0.000654    0.621566    
0.079735     1.492845     27.456810    27.567850    0.000278     0.005197     0.095589    
-0.405000    0.192666     82.187977    82.212770    -0.008784    0.004179     1.782663    
0.440253     0.212157     51.360839    51.400871    0.011008     0.005305     1.284191    
-0.069887    -1.276631    53.058807    53.110701    -0.003206    -0.058569    2.434219    
0.410939     -0.659283    53.431038    53.472930    0.114282     -0.183346    14.859135   
0.276468     1.044363     44.218851    44.275828    0.010774     0.040698     1.723154    
-1.007790    0.359920     108.031208   108.054440   -0.068115    0.024326     7.301642    
0.873568     -0.724149    23.268602    23.379271    0.248199     -0.205746    6.611105    
0.717274     -0.116361    97.497481    97.520058    0.045754     -0.007422    6.219182    
1.840116     0.952697     169.032591   169.056753   0.082536     0.042732     7.581714    
-0.390605    -0.287332    10.418564    10.613979    -0.016811    -0.012366    0.448397    
0.663110     0.627736     125.149388   125.168199   0.005788     0.005479     1.092409    
0.593287     0.044733     26.560144    26.639635    0.022711     0.001712     1.016719    
1.150148     0.058684     12.452213    12.659338    0.058211     0.002970     0.630228    
1.738215     -0.598054    41.428266    41.515723    0.065671     -0.022595    1.565188    
-0.593455    0.540061     25.356753    25.445702    -0.013940    0.012686     0.595605    
-1.646361    -2.953556    27.175773    27.455994    -0.050226    -0.090105    0.829062    
0.280898     1.010707     26.438262    26.532190    0.004864     0.017503     0.457834    
1.111952     -2.249181    22.563979    22.788229    0.054776     -0.110797    1.111526    
2.744001     -0.387789    58.514688    58.613339    0.070424     -0.009953    1.501764    
-1.511843    -0.694583    116.832958   116.861385   -0.073211    -0.033635    5.657638    
1.485981     0.575695     85.435073    85.472605    0.271560     0.105207     15.613091   
-0.189351    0.745921     19.786020    19.898587    -0.004497    0.017715     0.469892    
1.717591     -1.095162    45.275549    45.364080    0.018888     -0.012043    0.497886    
0.635937     1.708048     13.621883    13.883533    0.008231     0.022109     0.176318    
-0.244639    -0.088976    117.121267   117.138098   -0.021596    -0.007854    10.338974   
-0.585498    -0.263852    12.672308    12.840357    -0.041534    -0.018717    0.898937    
0.009893     1.285784     106.271041   106.297049   0.000439     0.056996     4.710791    
-0.113387    0.561647     8.506602     8.750173     -0.004150    0.020555     0.311323    
1.871428     -2.033162    26.356536    26.574008    0.134978     -0.146644    1.900988    
1.339354     -0.294795    56.424779    56.475759    0.025263     -0.005561    1.064302    
0.429484     -0.032922    21.058519    21.154709    0.005044     -0.000387    0.247295    
0.863453     0.309355     21.436596    21.546319    0.103802     0.037190     2.577060    
0.014837     -0.459602    20.801506    20.899499    0.000173     -0.005354    0.242330    
-0.587961    -1.153034    17.911587    18.065854    -0.038164    -0.074843    1.162631    
1.449476     0.316381     83.363954    83.400388    0.393424     0.085874     22.627045   
-0.503840    -0.915926    11.773135    11.982255    -0.005287    -0.009611    0.123538    
-0.127979    -0.499704    74.150983    74.178901    -0.002106    -0.008222    1.219990    
0.787417     0.052165     11.775781    11.965230    0.061756     0.004091     0.923563    
0.102533     -0.942041    22.582733    22.688163    0.004203     -0.038619    0.925786    
-0.103812    -0.007721    136.709281   136.723493   -0.000721    -0.000054    0.948929    
0.039318     -0.194337    36.584609    36.638066    0.003191     -0.015772    2.969169    
1.218064     -0.284439    27.228464    27.328168    0.024435     -0.005706    0.546224    
0.061661     -0.046473    20.906403    20.999014    0.001978     -0.001490    0.670495    
0.862404     1.892771     101.172253   101.212776   0.014619     0.032084     1.714976    
0.259617     -0.861534    28.509380    28.591421    0.004555     -0.015117    0.500252    
-1.111527    -0.601120    59.443329    59.489337    -0.048089    -0.026007    2.571724    
-1.217475    0.196817     62.728473    62.771469    -0.129470    0.020930     6.670752    
0.900101     -0.821275    50.548617    50.601603    0.096866     -0.088383    5.439879    
0.050018     -1.378679    17.992218    18.152083    0.001376     -0.037934    0.495056    
0.155432     0.801872     17.021094    17.154001    0.008133     0.041959     0.890657    
-0.467668    1.363373     20.948502    21.090097    -0.023149    0.067486     1.036932    
0.716714     -0.172621    20.204862    20.313908    0.004197     -0.001011    0.118320    
0.615379     1.248099     10.757932    11.024723    0.042735     0.086675     0.747089    
0.720604     1.261298     37.669766    37.749124    0.110766     0.193877     5.790313    
0.099866     -0.495341    17.286321    17.405378    0.013127     -0.065109    2.272159    
-1.499954    0.240769     64.707350    64.755107    -0.124750    0.020024     5.381646    
2.830081     0.548402     89.885503    89.953259    0.107920     0.020912     3.427628    
0.104624     0.361554     11.724145    11.894208    0.009504     0.032842     1.064980    
-0.368554    1.204508     56.323087    56.371551    -0.036703    0.119953     5.609037    
-1.075763    0.814417     22.182315    22.310325    -0.001958    0.001482     0.040366    
-1.319000    1.407834     66.166463    66.223844    -0.022518    0.024035     1.129598    
-1.111931    -1.088752    54.270234    54.328216    -0.042275    -0.041394    2.063336    
2.944492     -0.305410    47.703133    47.835417    0.471697     -0.048926    7.641871    
-1.152931    0.806500     34.565461    34.650047    -0.340072    0.237888     10.195538   
-0.160921    -1.588974    88.388983    88.425324    -0.029206    -0.288389    16.042068   
-0.067462    -0.119570    12.990282    13.139301    -0.006255    -0.011086    1.204454    
-1.080146    -1.318053    14.808303    15.035451    -0.086931    -0.106078    1.191786    
1.269232     -0.338745    9.812390     10.093743    0.035231     -0.009403    0.272366    
1.081462     -0.812389    41.722235    41.790542    0.019114     -0.014358    0.737412    
0.816613     0.833828     18.261447    18.404280    0.140986     0.143959     3.152800    
-0.125238    0.430277     83.913511    83.937794    -0.004850    0.016662     3.249532    
0.339158     -0.813012    17.826126    17.956105    0.001246     -0.002986    0.065481    
-0.579268    -0.740039    20.912984    21.026438    -0.152982    -0.195441    5.523020    
-0.177295    -0.777710    49.288978    49.334720    -0.005828    -0.025566    1.620267    
-0.307059    -0.996613    101.492371   101.516815   -0.001653    -0.005365    0.546361    
0.360554     0.772088     18.569420    18.692898    0.084398     0.180730     4.346713    
0.832587     -0.542012    66.287496    66.324159    0.044169     -0.028754    3.516580    
0.408161     -1.139604    25.345892    25.451021    0.013084     -0.036532    0.812518    
-0.066805    0.963126     79.160724    79.191081    -0.007486    0.107919     8.870024    
0.194600     -0.044073    98.564751    98.584608    0.014469     -0.003277    7.328605    
-1.197300    2.368927     24.211588    24.436065    -0.320087    0.633310     6.472734    
1.265441     1.817248     26.958177    27.120509    0.061775     0.088712     1.316007    
-0.681330    1.140533     30.897884    30.989018    -0.041398    0.069299     1.877372    
-0.510115    0.911315     76.289281    76.321819    -0.076311    0.136328     11.412518   
-0.833888    -0.380285    12.712358    12.896472    -0.119746    -0.054609    1.825496    
1.888860     0.075649     22.817298    22.979938    0.017835     0.000714     0.215446    
2.226815     1.464195     68.145392    68.225889    0.153926     0.101211     4.710464    
-1.199858    -2.157124    162.765225   162.795842   -0.050790    -0.091311    6.889870    
0.881348     -0.329754    55.214466    55.257558    0.032408     -0.012125    2.030302    
-0.565455    -0.774656    31.695802    31.771349    -0.033781    -0.046279    1.893558    
0.254135     -0.916903    19.469981    19.592356    0.024170     -0.087204    1.851733    
0.654725     1.370369     21.102594    21.248553    0.147262     0.308227     4.746450    
-0.594493    -0.367969    11.161224    11.355029    -0.014363    -0.008890    0.269658    
-0.356450    -1.203664    79.683316    79.717511    -0.002546    -0.008596    0.569047    
-1.746051    -0.904923    104.004412   104.041627   -0.203965    -0.105709    12.149307   
-1.544165    1.691288     31.001645    31.148384    -0.035755    0.039162     0.717847    
1.088670     0.011584     19.610173    19.738773    0.090666     0.000965     1.633167    
0.474852     -0.658766    55.430877    55.471763    0.033096     -0.045914    3.863368    
-1.149233    1.432376     13.605255    13.869043    -0.095135    0.118574     1.126264    
-1.250008    0.728054     68.703099    68.746515    -0.117429    0.068395     6.454146    
-0.026508    1.504107     65.386080    65.432999    -0.001420    0.080577     3.502808    
-0.458876    -0.227521    61.078955    61.112814    -0.032427    -0.016078    4.316215    
-0.825522    -2.259080    39.575905    39.697760    -0.073357    -0.200746    3.516781    
1.046052     0.850018     5.956587     6.416591     0.005545     0.004506     0.031573    
1.130036     -0.776428    12.702412    12.926950    0.006254     -0.004297    0.070304    
0.032398     1.137820     18.425558    18.565339    0.002572     0.090339     1.462921    
2.449731     0.546818     150.016717   150.050627   0.015156     0.003383     0.928144    
-1.347814    0.215105     51.891884    51.947141    -0.052319    0.008350     2.014321    
-0.175640    0.340788     10.453881    10.644509    -0.026520    0.051456     1.578448    
1.639937     -0.340579    43.386392    43.463311    0.300200     -0.062345    7.942127    
2.248341     0.262241     73.779764    73.840723    0.137083     0.015989     4.498395    
-1.800545    0.401485     19.557789    19.742979    -0.176869    0.039438     1.921173    
0.060407     -0.325739    18.199164    18.308311    0.003660     -0.019738    1.102745    
0.570385     -1.654706    88.216551    88.255868    0.003802     -0.011029    0.587972    
-0.291254    1.379168     93.839185    93.870413    -0.018358    0.086930     5.914749    
-0.296748    1.795956     44.914362    44.994315    -0.016884    0.102183     2.555464    
0.159443     -0.250644    127.811367   127.826870   0.012334     -0.019389    9.887176    
-0.904015    -1.507278    9.311274     9.678012     -0.046321    -0.077231    0.477099    
-0.094868    -1.480650    18.004290    18.172252    -0.007309    -0.114080    1.387180    
-0.330366    -0.685092    26.862385    26.945152    -0.087138    -0.180700    7.085238    
-0.035257    -0.028810    26.637240    26.709916    -0.002007    -0.001640    1.516560    
-1.329279    -1.072605    52.837070    52.901308    -0.349412    -0.281943    13.888655   
-0.144538    -0.237226    27.714219    27.785429    -0.014529    -0.023847    2.785913    
0.182884     -0.755544    143.988375   144.003928   0.016373     -0.067639    12.890424   
0.370728     0.201516     55.367384    55.403973    0.017491     0.009508     2.612274    
-1.279379    0.007871     12.833077    13.046060    -0.132662    0.000816     1.330696    
-0.088527    -0.891355    27.695620    27.779933    -0.007195    -0.072449    2.251095    
1.261619     1.386488     44.251741    44.335151    0.153320     0.168495     5.377745    
-0.416526    0.769540     16.975592    17.111732    -0.075967    0.140350     3.096044    
-1.634184    0.224282     22.089828    22.238622    -0.055355    0.007597     0.748250    
0.805818     -1.403628    13.040822    13.287494    0.028551     -0.049732    0.462046    
-0.514210    0.384810     45.881704    45.928403    -0.009690    0.007251     0.864588    
-1.419843    0.234809     78.105321    78.143376    -0.005779    0.000956     0.317925    
0.370869     -2.148491    20.171543    20.384299    0.044711     -0.259015    2.431818    
0.115904     1.076988     26.414892    26.510278    0.017320     0.160938     3.947271    
-1.699893    -0.409732    52.625566    52.691391    -0.169784    -0.040924    5.256210    
-1.153958    0.337687     31.130035    31.215376    -0.055775    0.016322     1.504633    
1.255868     1.056666     38.107872    38.193961    0.055079     0.046343     1.671310    
1.770411     0.132899     29.037069    29.157818    0.062585     0.004698     1.026480    
-0.024181    0.009074     7.268589     7.530471     -0.001674    0.000628     0.503060    
0.722749     2.378961     66.249405    66.325262    0.049463     0.162809     4.533925    
-0.842898    0.309603     86.723785    86.750771    -0.301480    0.110736     31.018517   
2.932709     1.385931     152.147458   152.194762   0.256057     0.121007     13.284115   
-0.390561    -0.203170    14.181709    14.324442    -0.052125    -0.027115    1.892698    
0.800135     -0.602595    62.978323    63.017041    0.038247     -0.028805    3.010425    
-1.017285    1.387960     19.356949    19.532734    -0.000966    0.001318     0.018378    
-1.292009    0.785286     17.058296    17.237935    -0.002269    0.001379     0.029953    
-0.075541    2.090177     71.606222    71.663802    -0.008817    0.243953     8.357464    
-0.873024    -3.113150    53.292014    53.426281    -0.037639    -0.134220    2.297621    
-0.044012    1.072214     75.749102    75.782274    -0.004836    0.117821     8.323753    
-0.379899    0.956776     23.116849    23.223338    -0.019460    0.049011     1.184156    
-2.842865    0.484868     79.702857    79.779304    -0.144873    0.024709     4.061682    
0.503530     -0.372244    33.522829    33.586413    0.006233     -0.004608    0.414959    
0.887583     0.859228     42.179529    42.243505    0.149884     0.145096     7.122771    
1.295404     -1.818450    17.178092    17.434065    0.235876     -0.331115    3.127899    
0.560609     -0.057354    49.511537    49.553858    0.013079     -0.001338    1.155082    
-0.500681    -0.489581    143.177942   143.193186   -0.032657    -0.031933    9.338817    
1.710367     0.086671     14.151905    14.390422    0.350916     0.017782     2.903547    
-0.371214    0.905779     19.899050    20.020124    -0.052490    0.128079     2.813764    
-0.195301    -1.563576    65.841113    65.889377    -0.004716    -0.037753    1.589740    
-0.906078    -1.121131    68.312493    68.356050    -0.113683    -0.140665    8.570944    
-0.594393    -2.114760    85.590776    85.641587    -0.023259    -0.082753    3.349268    
-0.260310    0.738136     7.319057     7.619458     -0.008849    0.025093     0.248816    
-0.218878    -0.310190    19.438020    19.541128    -0.001294    -0.001834    0.114913    
0.947193     0.349490     49.848846    49.897913    0.045813     0.016904     2.411056    
2.474833     0.803506     31.859483    32.026114    0.106674     0.034634     1.373255    
-1.904602    -1.237687    74.995351    75.055559    -0.011643    -0.007566    0.458435    
-0.956086    0.377472     13.833142    14.010259    -0.190627    0.075261     2.758083    
0.382791     -0.237768    77.616061    77.642327    0.022884     -0.014214    4.640121    
-1.215455    0.501028     32.027752    32.115109    -0.027778    0.011450     0.731961    
-0.474632    1.462684     62.740243    62.789950    -0.114253    0.352095     15.102721   
-0.328777    -0.788920    31.781033    31.853406    -0.015583    -0.037392    1.506302    
-0.648021    0.456170     43.476000    43.527756    -0.037568    0.026446     2.520452    
1.270425     -0.474399    11.335569    11.584866    0.014680     -0.005482    0.130982    
-1.973262    -0.271807    18.836355    19.043394    -0.128143    -0.017651    1.223230    
-1.296322    -0.405035    45.293165    45.356259    -0.022427    -0.007007    0.783610    
1.041602     2.255130     47.812005    47.916942    0.072790     0.157595     3.341234    
1.018014     -0.653831    82.452839    82.485208    0.029603     -0.019013    2.397672    
-1.430795    0.077926     31.295948    31.390517    -0.071625    0.003901     1.566660    
1.020407     1.426737     30.172845    30.287825    0.079576     0.111263     2.353009    
-2.021600    0.314664     96.806899    96.848524    -0.092996    0.014475     4.453219    
-0.729252    -0.716065    14.698758    14.865161    -0.024019    -0.023585    0.484124    
-0.591624    -0.047501    13.598295    13.752849    -0.130140    -0.010449    2.991217    
1.000332     0.239255     85.014607    85.043614    0.197098     0.047141     16.750628   
-0.903967    -0.229333    11.923836    12.121162    -0.034737    -0.008813    0.458195    
0.831345     0.283664     6.431311     6.782943     0.048431     0.016525     0.374666    
0.582692     -1.620912    20.756619    20.920781    0.003618     -0.010064    0.128872    
-0.044300    0.885279     87.427397    87.454047    -0.002668    0.053320     5.265720    
-0.211250    0.469544     23.635216    23.722636    -0.004967    0.011040     0.555690    
-0.897872    -1.047268    43.673920    43.740018    -0.034957    -0.040773    1.700351    
0.737373     1.218463     49.327939    49.387740    0.086603     0.143106     5.793482    
0.851626     -0.036423    10.740248    10.952373    0.035090     -0.001501    0.442538    
-0.038207    1.763936     66.522963    66.575465    -0.000729    0.033662     1.269472    
0.148135     -0.037944    10.116373    10.307247    0.009572     -0.002452    0.653718    
-1.391997    -0.157875    32.493751    32.583453    -0.206366    -0.023405    4.817258    
1.109871     -0.522956    15.963443    16.131080    0.081234     -0.038276    1.168400    
1.869652     -0.519561    37.076809    37.179702    0.361010     -0.100322    7.159139    
2.278417     -0.027543    32.769928    32.907979    0.382596     -0.004625    5.502781    
2.178310     0.714451     76.585079    76.644666    0.024166     0.007926     0.849645    
0.217981     -1.974711    25.120317    25.275527    0.001076     -0.009752    0.124050    
0.844923     0.409250     9.864418     10.102627    0.031743     0.015375     0.370599    
0.598214     -1.411856    7.831313     8.219222     0.014936     -0.035251    0.195531    
2.566791     1.711913     57.514606    57.630928    0.163785     0.109236     3.669966    
0.612730     1.266610     31.632254    31.724662    0.014653     0.030289     0.756445    
1.062613     0.093741     43.746891    43.804148    0.142814     0.012599     5.879542    
0.734771     -1.412246    13.446911    13.683154    0.155356     -0.298597    2.843139    
0.259576     0.816092     32.142030    32.213637    0.005393     0.016955     0.667778    
0.612107     -1.223662    21.413171    21.546945    0.029210     -0.058393    1.021840    
0.399464     1.756361     49.787474    49.858920    0.016879     0.074214     2.103743    
-0.933463    -2.066192    60.203587    60.278415    -0.076321    -0.168934    4.922317    
1.354131     0.789992     38.192079    38.274895    0.035434     0.020672     0.999381    
-0.323539    0.761344     29.458837    29.536119    -0.008489    0.019976     0.772938    
-1.322047    -0.397573    24.445610    24.563564    -0.170456    -0.051260    3.151853    
0.291403     0.670208     28.978249    29.054224    0.001121     0.002578     0.111459    
-0.832788    0.217979     22.680089    22.781626    -0.046777    0.012244     1.273911    
0.495774     -0.235753    41.963244    42.012976    0.010593     -0.005037    0.896617    
0.891863     -0.665420    14.166494    14.345825    0.062245     -0.046441    0.988711    
-0.032804    1.584189     23.814459    23.948155    -0.001586    0.076579     1.151175    
0.104011     1.164847     16.443793    16.602438    0.023206     0.259893     3.668834    
-0.122130    0.737113     40.583975    40.638556    -0.036413    0.219770     12.100098   
-0.435238    2.332219     27.167322    27.341671    -0.010152    0.054399     0.633680    
1.822041     0.610514     19.797475    19.987685    0.268442     0.089947     2.916771    
-0.132392    0.584984     26.368450    26.448627    -0.024202    0.106937     4.820223    
1.101990     -0.263388    7.694893     8.023097     0.024011     -0.005739    0.167659    
-0.136091    -1.432000    39.089552    39.165510    -0.012117    -0.127501    3.480428    
-0.165108    1.861641     45.165855    45.247347    -0.009193    0.103656     2.514822    
-0.041493    -1.259626    47.961766    48.018687    -0.002882    -0.087488    3.331218    
0.065603     -0.598691    13.055517    13.216816    0.002896     -0.026430    0.576359    
-1.469575    1.746433     23.106717    23.302468    -0.124852    0.148374     1.963103    
0.370911     -1.748597    12.497350    12.777084    0.019850     -0.093579    0.668813    
0.361119     -0.877867    19.036572    19.161605    0.019485     -0.047367    1.027152    
-1.013670    -0.068183    25.823496    25.918334    -0.031450    -0.002115    0.801185    
0.312827     -1.787135    32.234248    32.345223    0.006523     -0.037267    0.672184    
1.087978     -1.738760    55.285105    55.358150    0.025997     -0.041548    1.321044    
0.514173     0.034279     110.064544   110.083352   0.019413     0.001294     4.155520    
-1.900393    -0.013239    24.857519    25.007656    -0.039606    -0.000276    0.518050    
0.142568     -0.846131    76.591575    76.621672    0.023775     -0.141105    12.772763   
-0.662470    -2.092849    34.941146    35.065332    -0.078307    -0.247384    4.130205    
0.980772     1.347676     130.893393   130.918805   0.022612     0.031071     3.017735    
0.284468     0.460819     13.301452    13.457223    0.014448     0.023405     0.675571    
-0.234474    3.319374     56.729775    56.861372    -0.019430    0.275066     4.701018    
-0.615426    -0.036756    41.890600    41.941357    -0.037390    -0.002233    2.545078    
-0.777927    -0.463438    21.582947    21.691439    -0.085538    -0.050958    2.373181    
-0.986516    -0.279571    21.426035    21.540690    -0.052709    -0.014937    1.144781    
-1.250963    -0.510566    102.537840   102.565633   -0.015942    -0.006506    1.306710    
0.449242     1.092558     56.598093    56.644635    0.040386     0.098219     5.088053    
-0.687726    0.437863     7.275687     7.581244     -0.049457    0.031488     0.523218    
-0.433925    0.767116     44.505971    44.558200    -0.217750    0.384950     22.333772   
1.378667     -1.468921    18.413263    18.627444    0.150983     -0.160868    2.016512    
0.088981     -0.930954    40.519474    40.578040    0.006176     -0.064619    2.812520    
-1.527328    0.635775     48.366924    48.435227    -0.009234    0.003844     0.292425    
-0.400741    0.330717     58.403696    58.439171    -0.008982    0.007413     1.309032    
0.687987     -1.506812    18.235540    18.416125    0.015929     -0.034887    0.422202    
-2.769343    2.057340     59.480923    59.613396    -0.357333    0.265462     7.674921    
0.251385     -0.432810    84.058893    84.083428    0.037256     -0.064144    12.457808   
-0.596456    0.428939     5.845416     6.211569     -0.039163    0.028164     0.383808    
-0.445690    0.789811     6.167463     6.537200     -0.013765    0.024392     0.190475    
-0.034956    0.061323     12.748414    12.899689    -0.000608    0.001067     0.221874    
-1.203542    0.216582     75.864843    75.900229    -0.157649    0.028370     9.937335    
1.068313     -1.519810    17.242847    17.453993    0.019668     -0.027980    0.317440    
1.260906     -2.193265    98.805614    98.857598    0.017469     -0.030387    1.368916    
0.929369     -0.075282    14.922689    15.080815    0.006685     -0.000541    0.107333    
1.349546     0.601399     135.837491   135.859788   0.011649     0.005191     1.172529    
0.245387     -0.871887    14.753047    14.911329    0.005255     -0.018672    0.315943    
-1.759981    -0.551301    55.692532    55.757820    -0.167904    -0.052595    5.313127    
-1.226811    1.087445     24.296671    24.431348    -0.364195    0.322822     7.212788    
-0.332424    0.494673     67.817915    67.849096    -0.008183    0.012177     1.669414    
-1.566481    -0.878018    121.466354   121.495575   -0.023435    -0.013135    1.817185    
-1.566795    0.824349     66.141238    66.194204    -0.071634    0.037689     3.023991    
-1.479310    2.000780     58.847640    58.933107    -0.151668    0.205133     6.033443    
0.631487     0.139993     13.722982    13.878529    0.017864     0.003960     0.388197    
-0.464619    1.152015     42.119928    42.184195    -0.018848    0.046734     1.708697    
1.012525     -0.437639    13.343699    13.533144    0.051412     -0.022222    0.677544    
0.421149     2.118685     18.866184    19.091204    0.014501     0.072950     0.649594    
0.998134     0.724993     30.973308    31.060306    0.003729     0.002708     0.115703    
-0.731257    1.233062     31.687901    31.781334    -0.038599    0.065087     1.672640    
0.582984     -0.884429    13.319965    13.506240    0.028778     -0.043659    0.657526    
1.798238     -2.922022    98.981344    99.060352    0.183210     -0.297704    10.084519   
0.185879     2.017952     29.301637    29.437520    0.004321     0.046911     0.681176    
1.526553     -1.384796    37.240115    37.349018    0.231782     -0.210259    5.654312    
0.791064     0.457391     23.742786    23.841766    0.013606     0.007867     0.408357    
-0.791070    -1.214679    21.085749    21.226987    -0.159625    -0.245103    4.254767    
0.144006     -0.107087    51.249689    51.287793    0.001362     -0.001013    0.484627    
-0.217786    0.311088     30.588905    30.654531    -0.030486    0.043546     4.281864    
0.568274     1.318959     16.859737    17.034914    0.024023     0.055757     0.712717    
-0.382876    -0.814614    37.342042    37.404722    -0.002752    -0.005856    0.268418    
-0.206296    -1.965611    53.342171    53.415057    -0.009991    -0.095197    2.583422    
0.214788     0.788401     6.935188     7.255308     0.026707     0.098032     0.862337    
-1.008851    0.800363     9.253615     9.547917     -0.015172    0.012036     0.139162    
0.253229     0.790291     52.791365    52.834571    0.004551     0.014202     0.948668    
-0.056889    0.929573     51.507745    51.553760    -0.002260    0.036928     2.046201    
0.324672     0.912208     4.389912     4.907526     0.036832     0.103483     0.498002    
1.216424     1.510026     60.543451    60.606470    0.002108     0.002617     0.104939    
1.548077     0.351933     47.053799    47.121708    0.073370     0.016680     2.230073    
-0.875731    -0.966722    12.771179    12.987664    -0.013653    -0.015071    0.199104    
-0.311873    -1.835743    78.504056    78.550805    -0.030184    -0.177666    7.597744    
-0.031518    1.806866     33.913338    34.018453    -0.000505    0.028931     0.543015    
-0.608248    -0.474042    19.467633    19.582093    -0.090260    -0.070345    2.888861    
-1.428851    -1.249204    66.034857    66.091448    -0.429588    -0.375577    19.853574   
-0.766672    1.207814     21.014225    21.154650    -0.029452    0.046398     0.807263    
-0.999096    0.125086     6.759448     7.111886     -0.158156    0.019801     1.070012    
-1.966253    0.990079     21.238679    21.443014    -0.092924    0.046791     1.003732    
-0.121248    1.222326     9.202331     9.490344     -0.001310    0.013208     0.099434    
-1.252483    -0.150925    8.849092     9.152752     -0.150340    -0.018116    1.062192    
-0.392833    -1.212160    41.607392    41.673417    -0.027402    -0.084553    2.902289    
0.395566     0.534413     14.518263    14.666185    0.129750     0.175293     4.762148    
0.121771     -0.492969    142.497042   142.511543   0.006760     -0.027369    7.911169    
-0.153686    1.298224     8.408368     8.734106     -0.000740    0.006255     0.040510    
-0.583389    -3.315167    92.162246    92.244703    -0.136476    -0.775537    21.560072   
-0.011353    0.485100     44.105883    44.152455    -0.001671    0.071421     6.493708    
-1.615201    0.723513     110.578604   110.610284   -0.171142    0.076661     11.716570   
0.445737     -0.486218    32.182844    32.249736    0.097748     -0.106626    7.057569    
0.027920     -1.121598    32.065177    32.145128    0.002460     -0.098814    2.824991    
0.235225     -1.779203    40.175960    40.264173    0.012535     -0.094810    2.140897    
-0.656607    1.056269     19.237922    19.378323    -0.007781    0.012517     0.227970    
0.251094     0.644236     28.533917    28.610094    0.025721     0.065992     2.922867    
-0.708990    -0.435214    42.218624    42.272677    -0.016051    -0.009853    0.955769    
-0.218877    -2.385352    63.148633    63.224699    -0.000147    -0.001598    0.042293    
1.139584     -1.395641    41.580822    41.666368    0.059612     -0.073007    2.175118    
-0.294785    0.535350     67.976670    68.007912    -0.019996    0.036314     4.611056    
1.594840     0.794821     35.649609    35.748354    0.058775     0.029292     1.313802    
-0.739578    1.209029     80.388651    80.425238    -0.039182    0.064053     4.258898    
-0.287511    -0.446929    49.636326    49.678186    -0.005976    -0.009290    1.031751    
-0.745643    -0.320230    27.902098    27.983220    -0.050470    -0.021675    1.888613    
-1.406409    0.882431     16.965896    17.160223    -0.144997    0.090976     1.749133    
-0.473417    -0.091875    50.903742    50.944072    -0.019306    -0.003747    2.075888    
1.149976     0.126884     12.808134    13.010065    0.076729     0.008466     0.854586    
2.342270     -1.173894    35.753070    35.902941    0.003643     -0.001826    0.055605    
0.387099     0.138638     49.653547    49.694253    0.001807     0.000647     0.231735    
-0.131687    1.708532     35.320415    35.416707    -0.012551    0.162839     3.366366    
-0.933101    1.523889     43.734872    43.815601    -0.049904    0.081501     2.339040    
1.424311     -0.785451    51.998842    52.061503    0.094689     -0.052217    3.456922    
1.052376     -1.226720    35.490392    35.581670    0.046599     -0.054319    1.571506    
-0.240192    0.135964     21.919042    22.008987    -0.002408    0.001363     0.219721    
-1.673021    0.280258     75.630652    75.675280    -0.215754    0.036142     9.753369    
0.727176     0.004304     133.003937   133.020491   0.013105     0.000078     2.396985    
-1.077130    -0.927815    63.141248    63.187919    -0.074466    -0.064144    4.365214    
2.047591     0.283571     28.783670    28.924862    0.065965     0.009136     0.927294    
-0.434445    -1.067552    35.884045    35.956474    -0.011123    -0.027332    0.918713    
0.643540     1.561143     12.229818    12.501788    0.026278     0.063747     0.499387    
-1.580171    0.405692     20.126116    20.287855    -0.203513    0.052250     2.592073    
-0.405745    0.456203     21.692752    21.790438    -0.021326    0.023979     1.140197    
-1.072657    1.457144     53.760998    53.827444    -0.049031    0.066606     2.457414    
0.569323     0.749238     30.329511    30.407888    0.002611     0.003436     0.139109    
-0.770023    1.105863     24.290488    24.407348    -0.014269    0.020492     0.450112    
-0.180255    -0.091667    64.111505    64.142037    -0.001942    -0.000988    0.690855    
-0.037123    0.786373     11.289675    11.487014    -0.001624    0.034406     0.493953    
1.227391     0.261143     59.867430    59.912927    0.027164     0.005779     1.324950    
0.404359     -0.834309    32.956574    33.028325    0.034693     -0.071581    2.827554    
0.769212     -0.358855    10.629176    10.843191    0.091932     -0.042889    1.270346    
-1.397260    -0.872370    109.727277   109.757294   -0.377339    -0.235589    29.632514   
-1.643441    0.484773     11.908000    12.190625    -0.369584    0.109018     2.677920    
1.264545     -1.433575    29.620368    29.747191    0.081479     -0.092371    1.908549    
-1.037124    -1.760075    48.468209    48.551166    -0.440176    -0.747011    20.570876   
2.760000     1.993977     31.880706    32.122389    0.005381     0.003888     0.062156    
0.752231     -0.673698    29.767550    29.849652    0.021721     -0.019453    0.859552    
0.653698     -0.285103    104.985890   105.006765   0.150391     -0.065592    24.153303   
1.861364     1.704518     24.912467    25.117246    0.001876     0.001718     0.025114    
-0.138911    -0.930000    20.153896    20.271622    -0.002188    -0.014648    0.317438    
-0.575805    0.563851     19.374066    19.490482    -0.004263    0.004174     0.143431    
0.712453     -2.092288    48.919249    49.008704    0.013018     -0.038231    0.893875    
-0.659606    -1.729184    35.045471    35.149468    -0.133249    -0.349317    7.079624    
-2.126677    -2.367534    33.143199    33.353779    -0.204355    -0.227500    3.184778    
-0.150771    -1.551526    52.692535    52.752328    -0.006820    -0.070177    2.383349    
0.722628     1.580462     153.932085   153.954480   0.003406     0.007449     0.725524    
-1.689089    0.425739     16.650609    16.856809    -0.234219    0.059036     2.308875    
-0.129937    -0.769055    65.405029    65.439293    -0.000216    -0.001278    0.108677    
-0.835877    -0.886137    6.430268     6.834268     -0.134403    -0.142484    1.033939    
0.146597     -1.764795    56.630805    56.692671    0.004926     -0.059305    1.903033    
1.353500     1.916772     89.740201    89.792453    0.243812     0.345276     16.165276   
0.791536     -0.586150    15.091402    15.251081    0.050813     -0.037628    0.968807    
0.105404     0.112556     20.977446    21.070168    0.005413     0.005780     1.077208    
1.070149     0.077933     174.643537   174.657927   0.077522     0.005645     12.651200   
0.631155     0.542734     19.779428    19.894563    0.032321     0.027793     1.012891    
0.113309     -1.176024    10.802583    11.043850    0.004238     -0.043990    0.404077    
0.650296     -0.150386    7.730959     8.005509     0.010861     -0.002512    0.129124    
1.316510     -0.159980    45.680197    45.741821    0.027099     -0.003293    0.940294    
-1.221647    0.236275     52.346426    52.398202    -0.042779    0.008274     1.833039    
-0.366418    -0.443191    25.209785    25.293060    -0.016609    -0.020089    1.142716    
-0.418198    -0.626396    57.484424    57.523049    -0.002431    -0.003641    0.334142    
-0.612159    0.493139     6.450983     6.790292     -0.003930    0.003166     0.041410    
-1.811382    -1.339950    18.696528    18.934405    -0.211925    -0.156769    2.187424    
-0.338289    -0.012995    20.149409    20.248166    -0.028423    -0.001092    1.692972    
-0.099985    -0.807958    88.147130    88.172866    -0.006499    -0.052521    5.730004    
1.407861     2.696338     90.485767    90.558276    0.012661     0.024248     0.813725    
1.185007     -0.335619    14.787346    14.968548    0.244314     -0.069195    3.048718    
1.063796     -0.303651    9.494456     9.759278     0.209958     -0.059931    1.873887    
-0.451854    -0.884764    33.206323    33.279450    -0.028287    -0.055387    2.078757    
-0.121457    -0.045942    27.487252    27.557954    -0.013629    -0.005155    3.084392    
0.826933     1.157782     13.075636    13.299304    0.037501     0.052504     0.592968    
3.403929     -0.537667    36.167620    36.384716    0.145160     -0.022929    1.542360    
0.757919     -2.373153    26.849929    27.037010    0.067223     -0.210485    2.381433    
-0.753276    0.558038     7.655199     7.959639     -0.056808    0.042085     0.577318    
0.146605     0.469176     45.447102    45.492369    0.045632     0.146036     14.145869   
-0.600992    -0.209666    11.904805    12.083232    -0.075938    -0.026492    1.504224    
1.075977     1.188205     24.071694    24.205184    0.061434     0.067842     1.374409    
0.628966     -1.196632    32.956395    33.042797    0.009715     -0.018482    0.509024    
1.353577     1.046505     37.510624    37.601187    0.041898     0.032393     1.161094    
0.056755     -1.274131    109.598104   109.623200   0.001593     -0.035773    3.077088    
0.231164     1.061559     67.428568    67.466044    0.004263     0.019576     1.243467    
0.587865     2.272691     62.984000    63.058464    0.007869     0.030420     0.843035    
-0.281230    -0.086590    17.601967    17.714141    -0.005036    -0.001551    0.315229    
-0.316610    0.007328     57.471136    57.505710    -0.028391    0.000657     5.153564    
0.287850     -1.654291    18.437559    18.618219    0.031468     -0.180851    2.015634    
0.242246     1.327151     12.095748    12.328912    0.090699     0.496898     4.528766    
0.761390     -1.812635    14.821527    15.080383    0.014259     -0.033946    0.277571    
-0.523084    1.777873     17.008948    17.222477    -0.021297    0.072387     0.692523    
0.077897     -0.295414    81.898933    81.923156    0.008320     -0.031552    8.747332    
0.457998     1.562888     147.657544   147.679645   0.009437     0.032202     3.042378    
0.076992     -0.560572    89.038949    89.062503    0.001737     -0.012647    2.008830    
-0.912214    -1.040476    31.819082    31.909931    -0.060359    -0.068845    2.105381    
-1.046209    -0.736007    69.400992    69.440687    -0.186119    -0.130934    12.346324   
-0.722547    0.070362     53.714600    53.755560    -0.004785    0.000466     0.355756    
-0.432355    -1.095445    49.327466    49.380773    -0.037412    -0.094790    4.268377    
1.242544     0.986889     15.788747    15.989914    0.259229     0.205892     3.293966    
0.772428     0.405739     72.926378    72.958158    0.034299     0.018016     3.238200    
-0.034606    -1.006540    90.885481    90.912375    -0.001772    -0.051548    4.654503    
-0.988107    0.465645     55.748858    55.794295    -0.073166    0.034479     4.127990    
1.569427     0.914489     53.227628    53.294979    0.145359     0.084699     4.929888    
1.181494     -0.092765    34.907133    34.982673    0.086025     -0.006754    2.541607    
0.498992     1.355177     21.531365    21.669336    0.044846     0.121793     1.935071    
0.557422     -0.197633    31.239161    31.306707    0.026421     -0.009367    1.480668    
0.063694     0.758195     109.339283   109.359649   0.003229     0.038435     5.542680    
0.103251     -0.509231    47.533388    47.576968    0.005055     -0.024932    2.327200    
-0.965682    0.584720     43.212470    43.272011    -0.024490    0.014829     1.095884    
-0.636318    0.594795     13.526830    13.697035    -0.019058    0.017814     0.405131    
1.255129     -2.960087    27.583170    27.839606    0.046665     -0.110055    1.025536    
-1.020542    0.454523     146.646180   146.663646   -0.315342    0.140445     45.312884   
-2.169584    -3.732800    114.334038   114.432460   -0.207130    -0.356370    10.915463   
-0.174305    -1.298212    60.148688    60.195143    -0.066191    -0.492985    22.840966   
0.141726     -1.189841    37.516594    37.587306    0.013521     -0.113512    3.579130    
-0.184226    -1.293381    60.024184    60.070662    -0.041051    -0.288202    13.375097   
-1.946049    -1.805631    18.286702    18.582945    -0.091323    -0.084733    0.858147    
0.785389     -0.832189    23.670003    23.779264    0.052097     -0.055201    1.570084    
0.969843     -0.961922    65.820509    65.864105    0.027167     -0.026945    1.843763    
1.659861     1.517128     84.158921    84.211969    0.022921     0.020950     1.162147    
1.235871     -0.424308    28.387803    28.485957    0.037521     -0.012882    0.861859    
-0.067409    -0.277705    63.231154    63.262434    -0.004222    -0.017394    3.960441    
0.149803     0.939188     9.291360     9.545095     0.025353     0.158949     1.572479    
1.732546     0.418526     19.196790    19.379592    0.084483     0.020408     0.936085    
-1.027465    -0.046217    38.322927    38.387231    -0.013090    -0.000589    0.488228    
0.124738     -2.005289    107.216729   107.253618   0.000367     -0.005894    0.315112    
1.486585     1.709258     23.788139    23.976697    0.010233     0.011765     0.163739    
0.894312     -0.347429    17.653430    17.788733    0.174978     -0.067977    3.454008    
2.665852     -1.188195    27.488015    27.712533    0.327931     -0.146162    3.381352    
-1.854757    -1.607192    22.393384    22.613310    -0.004180    -0.003622    0.050470    
-0.225051    -0.287927    28.527033    28.597205    -0.012308    -0.015747    1.560180    
-0.321744    0.073934     7.481465     7.743142     -0.052915    0.012160     1.230435    
-0.759842    1.333672     24.374793    24.502276    -0.007704    0.013522     0.247135    
-0.095760    0.752908     51.366370    51.409677    -0.000457    0.003594     0.245212    
0.554797     -0.553543    24.575422    24.666588    0.174257     -0.173863    7.718931    
-0.360193    -0.647826    13.724014    13.884269    -0.129986    -0.233786    4.952684    
0.545523     -1.128842    8.429540     8.746655     0.001780     -0.003684    0.027508    
0.652411     1.028235     121.502717   121.524763   0.027148     0.042787     5.056003    
0.273533     -0.887958    20.445348    20.560897    0.004590     -0.014901    0.343101    
-1.790952    0.068030     108.122005   108.154773   -0.059631    0.002265     3.599973    
-0.257589    1.209358     22.850981    22.968917    -0.028094    0.131897     2.492215    
1.834652     -0.265310    22.010748    22.176211    0.041733     -0.006035    0.500685    
-0.694014    -1.247442    35.448901    35.532201    -0.045097    -0.081059    2.303467    
0.656392     1.032654     32.977300    33.058653    0.035474     0.055809     1.782222    
-0.428921    2.472425     68.664754    68.738783    -0.010363    0.059736     1.658994    
-2.248732    0.406932     41.426465    41.536121    -0.142030    0.025702     2.616504    
1.891710     0.985871     10.493759    10.887812    0.006288     0.003277     0.034881    
1.247364     1.567600     52.495667    52.570746    0.259267     0.325828     10.911310   
0.106206     -0.486954    21.559204    21.654622    0.007312     -0.033525    1.484259    
-0.805153    0.656201     31.806355    31.884135    -0.123734    0.100844     4.887930    
0.204015     1.305602     95.748742    95.778091    0.034491     0.220723     16.187170   
-0.885293    1.099046     60.961401    61.009499    -0.003027    0.003757     0.208415    
0.830974     -0.297371    17.824290    17.954364    0.005160     -0.001847    0.110680    
-1.005208    -0.545967    68.576319    68.614102    -0.051096    -0.027752    3.485848    
-1.064765    -0.500543    19.096731    19.233938    -0.070821    -0.033293    1.270186    
-0.108313    1.513729     30.076790    30.179320    -0.011247    0.157183     3.123122    
0.607412     0.609972     74.882739    74.913554    0.022951     0.023048     2.829445    
0.075184     0.630068     31.151254    31.219837    0.000740     0.006205     0.306771    
-1.729279    -0.364148    23.534572    23.682779    -0.024675    -0.005196    0.335813    
-0.106246    -0.238844    115.008743   115.025885   -0.002298    -0.005167    2.487865    
0.568375     -0.780004    171.479486   171.493500   0.034915     -0.047915    10.533853   
-0.285914    0.025269     36.453289    36.507529    -0.035569    0.003144     4.534941    
-2.087356    0.381463     33.992748    34.115750    -0.255855    0.046757     4.166618    
1.272242     1.549092     16.702184    16.936830    0.044319     0.053963     0.581830    
0.848253     -0.510714    23.260724    23.364858    0.041193     -0.024802    1.129604    
0.030595     0.861245     48.479723    48.527324    0.001456     0.040995     2.307602    
1.259709     -0.347460    22.368893    22.493331    0.151227     -0.041712    2.685358    
0.662510     -1.014659    43.387783    43.449317    0.013499     -0.020674    0.884033    
-0.297972    -0.655564    35.105782    35.168301    -0.008252    -0.018155    0.972219    
-0.116509    -1.105256    22.846555    22.958119    -0.002764    -0.026220    0.541983    
0.474676     -1.019270    49.692043    49.743727    0.035686     -0.076628    3.735834    
-1.424994    -1.062369    18.295772    18.487008    -0.121974    -0.090934    1.566045    
-0.104385    0.130934     11.243261    11.415511    -0.003025    0.003794     0.325812    
0.642980     -1.735607    34.467903    34.573647    0.070149     -0.189355    3.760461    
-0.510042    1.408435     71.246096    71.289024    -0.011453    0.031626     1.599807    
0.849356     -0.305090    44.668346    44.720807    0.031034     -0.011147    1.632098    
1.653673     0.264898     58.464213    58.521312    0.113627     0.018202     4.017200    
1.058956     -0.574751    23.335593    23.449448    0.049631     -0.026937    1.093695    
0.592451     -1.018753    27.687910    27.782804    0.106813     -0.183671    4.991862    
1.786406     0.156448     33.390705    33.496714    0.135512     0.011868     2.532922    
0.191939     0.595544     14.927382    15.069612    0.028975     0.089902     2.253407    
-2.555806    1.916478     85.246006    85.328551    -0.093584    0.070174     3.121379    
-0.050325    0.406946     77.505781    77.531860    -0.007890    0.063798     12.150854   
-1.651858    0.156507     160.007718   160.028428   -0.004041    0.000383     0.391467    
-2.251938    -0.407468    20.897291    21.114189    -0.141617    -0.025624    1.314166    
-0.608374    0.495924     78.301209    78.329882    -0.017494    0.014261     2.251642    
-0.310442    -2.120496    62.151643    62.219728    -0.007222    -0.049331    1.445895    
-3.726487    -0.020340    96.907298    96.998900    -0.100715    -0.000550    2.619105    
0.024664     -2.290106    74.745107    74.806090    0.000618     -0.057365    1.872307    
-1.660238    -0.360735    23.939469    24.080275    -0.391834    -0.085137    5.649973    
-0.474656    -2.317663    17.771347    18.035869    -0.004604    -0.022480    0.172373    
-1.695227    -0.151804    90.687253    90.724581    -0.007434    -0.000666    0.397668    
1.520229     -1.506792    31.914033    32.046247    0.697390     -0.691226    14.640252   
0.592689     0.225577     72.399060    72.428593    0.010758     0.004095     1.314141    
-0.421718    -1.130733    17.924392    18.072498    -0.023022    -0.061727    0.978501    
-0.052451    -0.363307    68.666014    68.695205    -0.024457    -0.169403    32.017630   
-0.252744    -0.255777    65.264894    65.295563    -0.012298    -0.012446    3.175707    
-0.234261    1.702831     40.290492    40.375156    -0.015647    0.113737     2.691121    
0.308791     -0.169137    33.168831    33.229057    0.039518     -0.021646    4.244846    
-0.952067    0.587738     17.743355    17.887243    -0.110482    0.068204     2.059026    
-0.158934    1.080254     52.835743    52.883673    -0.002353    0.015994     0.782298    
-1.148058    -0.106372    40.903696    40.967263    -0.173236    -0.016051    6.172164    
-1.412326    -1.420661    41.707549    41.802004    -0.302151    -0.303934    8.922848    
0.396129     -1.006389    24.533030    24.635629    0.022448     -0.057029    1.390222    
-0.561545    0.309883     14.885519    15.028805    -0.001694    0.000935     0.044912    
-0.205235    -0.350094    13.176293    13.328703    -0.024970    -0.042594    1.603106    
1.351167     0.956847     24.322053    24.457687    0.033363     0.023626     0.600557    
0.176327     1.023170     40.027757    40.089578    0.023411     0.135845     5.314424    
-0.083809    -0.741586    96.556178    96.579125    -0.003646    -0.032260    4.200346    
-0.137836    0.522184     25.020548    25.103674    -0.003116    0.011804     0.565579    
-0.069665    -1.553360    78.457958    78.498050    -0.002046    -0.045621    2.304234    
-1.059022    -0.342691    46.376880    46.431982    -0.105681    -0.034198    4.628015    
0.939586     0.325281     47.117792    47.169375    0.022763     0.007880     1.141495    
0.248823     -0.799783    28.071044    28.152443    0.003109     -0.009995    0.350800    
1.911707     -0.574897    65.296284    65.356444    0.204374     -0.061460    6.980613    
-1.446436    -0.310968    21.271691    21.413750    -0.022685    -0.004877    0.333617    
0.474294     0.333528     10.418613    10.618787    0.016183     0.011380     0.355487    
0.213152     -0.324656    104.384583   104.403864   0.023233     -0.035387    11.377867   
-0.609159    0.740802     22.617817    22.723566    -0.052179    0.063456     1.937399    
-0.397782    0.327367     51.571257    51.611384    -0.034787    0.028629     4.509975    
-0.283278    0.738920     16.477711    16.613734    -0.026518    0.069171     1.542504    
0.818653     2.218085     63.573819    63.648217    0.054778     0.148417     4.253852    
-0.693133    0.545283     63.303883    63.340622    -0.035959    0.028289     3.284156    
0.591532     -0.251511    12.447366    12.618441    0.048152     -0.020473    1.013235    
-0.686219    0.949749     25.148459    25.252582    -0.134282    0.185850     4.921142    
-0.829083    0.151459     41.876858    41.931569    -0.033115    0.006050     1.672655    
0.685059     -0.167849    17.909534    18.031190    0.010033     -0.002458    0.262305    
-1.719668    -1.013652    13.013971    13.312518    -0.034542    -0.020361    0.261408    
0.417193     1.096489     23.297756    23.410184    0.043720     0.114906     2.441477    
1.669364     -1.025588    47.824507    47.905084    0.051495     -0.031637    1.475253    
-1.032275    1.095799     181.900853   181.917733   -0.066678    0.070781     11.749582   
-2.527097    -0.959020    100.433562   100.489210   -0.281687    -0.106899    11.195010   
-0.777159    -0.378875    45.488676    45.539456    -0.000374    -0.000182    0.021890    
-1.116874    0.088186     15.533322    15.697586    -0.111915    0.008837     1.556492    
0.552795     0.607898     100.910680   100.933223   0.049849     0.054818     9.099699    
-0.175632    0.291057     13.706667    13.851470    -0.002414    0.004000     0.188383    
-1.606663    -0.567561    35.324707    35.420522    -0.121091    -0.042776    2.662363    
0.170810     0.808681     32.763656    32.833142    0.011968     0.056663     2.295713    
-0.496169    -0.098297    5.594428     5.952178     -0.046603    -0.009233    0.525456    
-0.278491    0.376955     31.582919    31.647675    -0.056611    0.076627     6.420153    
-1.265455    -0.383450    14.414050    14.607813    -0.044900    -0.013605    0.511426    
0.367838     -1.321202    27.414157    27.518935    0.002884     -0.010359    0.214937    
2.129707     0.458693     28.287318    28.439292    0.086067     0.018537     1.143170    
-0.852911    -2.837988    60.937599    61.041359    -0.080360    -0.267392    5.741467    
0.660640     -1.253680    20.299141    20.443538    0.047409     -0.089966    1.456702    
-1.204344    1.064587     34.844530    34.937086    -0.115075    0.101721     3.329384    
-0.324931    0.132739     101.966145   101.985749   -0.022015    0.008994     6.908580    
-1.642990    -0.482323    18.926961    19.105938    -0.077444    -0.022735    0.892141    
2.275757     -1.452222    90.926254    90.987618    0.465140     -0.296818    18.584327   
1.704106     0.335382     36.055691    36.151131    0.091271     0.017963     1.931116    
-3.671262    -0.119138    66.401574    66.532221    -0.007297    -0.000237    0.131983    
0.180536     0.166406     12.753971    12.907324    0.019850     0.018296     1.402295    
0.304693     1.473331     21.995169    22.134271    0.014897     0.072033     1.075366    
-0.391478    -0.536836    128.945554   128.962291   -0.097291    -0.133416    32.045871   
1.165995     0.677994     20.751463    20.888211    0.239965     0.139533     4.270715    
-1.809976    -0.273479    52.381676    52.450603    -0.093959    -0.014197    2.719237    
-1.340351    -1.841291    74.727194    74.787802    -0.149506    -0.205382    8.335239    
-1.084446    1.032006     41.444154    41.517875    -0.236327    0.224899     9.031688    
0.032716     0.565598     13.866981    14.017457    0.000958     0.016560     0.406019    
-0.872276    1.320352     9.348831     9.683997     -0.005749    0.008703     0.061622    
-0.000410    0.355867     40.814248    40.863241    -0.000044    0.038445     4.409287    
-1.277077    -1.380183    46.691633    46.770925    -0.036762    -0.039730    1.344052    
0.262780     -1.308170    31.607771    31.697106    0.061314     -0.305234    7.375006    
-0.370338    0.364053     10.263362    10.463328    -0.101302    0.099583     2.807438    
0.409606     -1.354910    93.445966    93.477415    0.015104     -0.049961    3.445734    
-0.907064    0.255424     30.851057    30.928154    -0.076269    0.021477     2.594068    
0.272699     0.817269     56.966130    57.006642    0.006069     0.018190     1.267880    
-0.213331    -0.292368    45.071400    45.115818    -0.005712    -0.007828    1.206742    
1.151009     -0.155506    13.553449    13.744815    0.098070     -0.013250    1.154806    
0.589035     1.115466     30.630797    30.719894    0.030068     0.056941     1.563597    
0.480173     -0.688675    20.391183    20.503173    0.080860     -0.115971    3.433822    
0.661854     -1.576272    77.045366    77.089467    0.149295     -0.355562    17.379215   
1.353029     -0.848373    10.494535    10.796325    0.051039     -0.032002    0.395876    
-0.216738    0.068349     6.875652     7.155501     -0.003366    0.001061     0.106774    
-0.136988    0.101846     48.463492    48.503754    -0.011833    0.008798     4.186362    
-0.145369    -0.924104    16.492318    16.635703    -0.005248    -0.033361    0.595380    
-0.961768    -1.738407    51.877381    51.952716    -0.076382    -0.138062    4.120031    
-1.173995    -0.313026    50.948364    51.000853    -0.020001    -0.005333    0.867992    
0.634157     2.611358     72.841302    72.917430    0.004405     0.018140     0.505995    
0.330654     0.705589     22.187475    22.288252    0.014451     0.030836     0.969659    
-0.428878    0.692474     32.221268    32.291617    -0.040046    0.064659     3.008639    
-1.050262    -0.084786    72.785089    72.819327    -0.019707    -0.001591    1.365761    
0.874672     -0.386381    22.795899    22.900705    0.018538     -0.008189    0.483129    
0.302150     -0.720339    27.383756    27.465528    0.023495     -0.056014    2.129383    
-1.400879    0.586710     26.579042    26.695077    -0.285772    0.119686     5.421980    
0.645246     -3.502516    136.850270   136.910757   0.150142     -0.814999    31.843647   
-0.227203    1.223029     54.093159    54.143257    -0.014523    0.078176     3.457649    
-0.689239    1.537668     24.965307    25.099422    -0.008948    0.019963     0.324110    
-1.978115    0.490326     21.051232    21.241061    -0.015302    0.003793     0.162845    
1.231772     1.039384     57.281396    57.337866    0.047066     0.039715     2.188706    
-0.302734    -0.322092    37.824198    37.877966    -0.000417    -0.000443    0.052057    
0.113177     0.258320     15.494167    15.621258    0.009099     0.020767     1.245620    
0.386130     0.880560     15.305842    15.461831    0.018476     0.042135     0.732389    
-0.916532    0.090765     20.561190    20.675728    -0.006292    0.000623     0.141146    
-0.308273    0.753756     92.303515    92.328094    -0.013079    0.031979     3.916041    
1.948871     -2.476423    54.366777    54.493597    0.563044     -0.715458    15.706991   
1.328384     -0.363814    11.696491    11.940679    0.000347     -0.000095    0.003055    
0.094710     1.221215     24.147373    24.258419    0.001541     0.019871     0.392915    
1.425036     0.553005     20.618424    20.768507    0.030626     0.011885     0.443124    
0.918103     0.604492     118.665213   118.686630   0.027776     0.018288     3.590056    
-2.160313    0.263625     48.266105    48.355230    -0.034606    0.004223     0.773174    
2.103178     0.758940     80.076802    80.132194    0.049085     0.017712     1.868857    
0.319712     0.117265     11.772415    11.940715    0.067039     0.024589     2.468490    
-1.313499    -1.763060    18.081133    18.320370    -0.054454    -0.073091    0.749587    
-2.943882    -0.286631    18.656473    18.991775    -0.473742    -0.046126    3.002277    
-1.393143    0.357261     11.067840    11.333160    -0.010529    0.002700     0.083648    
0.429942     0.394776     163.835374   163.848239   0.042001     0.038566     16.005212   
-0.288273    0.789316     9.109982     9.358037     -0.025674    0.070298     0.811355    
0.024443     -0.307167    23.638754    23.722576    0.000112     -0.001408    0.108392    
0.157806     0.616785     74.993064    75.021596    0.002270     0.008871     1.078614    
-1.220489    1.580217     48.216926    48.298380    -0.088572    0.114677     3.499130    
0.133342     -1.996417    36.134855    36.243705    0.035468     -0.531035    9.611654    
0.943433     0.533157     28.054119    28.143967    0.012235     0.006914     0.363823    
0.183964     -0.123060    10.216897    10.407158    0.027095     -0.018125    1.504765    
0.223591     1.090814     30.222058    30.306561    0.027776     0.135509     3.754411    
-0.105479    -1.024984    102.416351   102.440449   -0.003043    -0.029571    2.954766    
1.147877     -0.868797    41.138636    41.210857    0.027728     -0.020987    0.993745    
2.080186     0.435468     25.476053    25.640223    0.020406     0.004272     0.249917    
1.001798     2.048509     85.207243    85.260478    0.006198     0.012674     0.527174    
-0.520045    -1.249411    26.811489    26.917696    -0.054906    -0.131913    2.830754    
-0.677944    1.709786     56.906669    56.970404    -0.038453    0.096978     3.227707    
-1.064599    -0.988310    17.187995    17.361229    -0.031058    -0.028832    0.501425    
-0.762327    -1.080031    13.209675    13.420807    -0.115905    -0.164210    2.008420    
1.492463     -0.352673    57.464341    57.518495    0.304384     -0.071927    11.719684   
0.101517     0.354184     10.405997    10.596956    0.003487     0.012167     0.357464    
-1.311340    -0.158491    110.275480   110.300957   -0.142605    -0.017236    11.992183   
-1.876941    0.073736     13.912915    14.176477    -0.002399    0.000094     0.017779    
-1.296346    1.646065     39.299796    39.404809    -0.311329    0.395317     9.438192    
1.373386     1.285608     18.418978    18.619148    0.008228     0.007702     0.110344    
-0.417980    -1.582099    80.397743    80.438484    -0.037322    -0.141268    7.178839    
1.593915     0.244705     77.967017    78.008532    0.072169     0.011080     3.530176    
-0.793945    0.110727     10.984341    11.188088    -0.053539    0.007467     0.740713    
0.934217     -0.515130    137.388793   137.407036   0.101852     -0.056162    14.978688   
-0.962602    -1.291016    75.821763    75.864406    -0.013485    -0.018085    1.062145    
0.524639     0.957285     33.282447    33.358475    0.018842     0.034380     1.195306    
0.403475     -0.395722    9.060144     9.288732     0.015720     -0.015418    0.352993    
1.291940     0.108139     86.099727    86.131985    0.033028     0.002765     2.201112    
-0.261193    -0.275820    22.109074    22.199783    -0.007925    -0.008369    0.670818    
-0.770264    -0.621810    27.323926    27.412622    -0.119790    -0.096702    4.249351    
0.445483     -1.375302    23.107357    23.236067    0.015363     -0.047428    0.796865    
0.514604     -1.144276    30.226780    30.316783    0.012405     -0.027583    0.728627    
0.159809     -0.563703    35.322891    35.382550    0.007832     -0.027626    1.731117    
0.519662     0.235117     29.828656    29.898980    0.041751     0.018890     2.396512    
0.779748     1.026830     13.736549    13.936646    0.042352     0.055772     0.746103    
-0.679749    -0.081474    21.088235    21.190972    -0.080760    -0.009680    2.505460    
0.821952     -0.612722    10.205236    10.443794    0.007036     -0.005245    0.087356    
-1.622037    -0.971513    84.344144    84.388296    -0.014408    -0.008630    0.749209    
0.092720     -0.746587    28.129081    28.207909    0.000982     -0.007908    0.297961    
0.070015     -1.430816    17.207049    17.378424    0.004496     -0.091888    1.105048    
-1.026232    1.952347     68.911365    68.974749    -0.006275    0.011937     0.421335    
-0.796051    0.546526     57.441867    57.483697    -0.025321    0.017384     1.827136    
-0.353805    -1.262247    16.313632    16.484174    -0.001574    -0.005616    0.072581    
0.285979     0.645825     10.449981    10.657201    0.029817     0.067336     1.089553    
0.034806     -0.428136    19.341522    19.446181    0.000339     -0.004169    0.188330    
1.132237     1.570188     17.922456    18.133859    0.066307     0.091954     1.049582    
2.192481     -0.575246    12.479093    12.835131    0.091331     -0.023963    0.519833    
-0.174373    -0.373681    50.717007    50.756869    -0.012885    -0.027612    3.747646    
-0.108988    1.169573     16.718067    16.874492    -0.002102    0.022558     0.322442    
0.478566     -0.901923    20.605873    20.724851    0.009443     -0.017797    0.406610    
1.078408     1.032193     9.413446     9.732231     0.002230     0.002134     0.019462    
-1.055952    -1.052566    23.042841    23.174779    -0.005077    -0.005061    0.110793    
-2.359693    -0.408733    31.486365    31.638605    -0.492812    -0.085362    6.575793    
-2.099325    0.693326     29.783853    29.930599    -0.505208    0.166851     7.167568    
0.365837     0.783674     133.705434   133.722721   0.009705     0.020790     3.547078    
-0.947655    1.497196     8.890815     9.276917     -0.039808    0.062892     0.373471    
-0.094388    0.080624     59.215129    59.247970    -0.006419    0.005483     4.026814    
2.148400     -0.381114    53.550119    53.630692    0.944235     -0.167502    23.535591   
-1.062593    -3.767856    115.189812   115.273126   -0.003711    -0.013157    0.402240    
-1.261658    -0.266116    76.552412    76.588572    -0.201933    -0.042593    12.252473   
-0.312134    -0.406713    58.106021    58.141616    -0.002703    -0.003522    0.503181    
-1.877189    -0.992742    35.325442    35.443916    -0.026795    -0.014170    0.504235    
-0.817097    -0.424004    10.602623    10.823031    -0.100653    -0.052230    1.306066    
1.626578     0.636070     25.428391    25.564201    0.007686     0.003006     0.120160    
1.173274     -0.144002    11.567694    11.793380    0.107251     -0.013164    1.057426    
-0.868567    -1.269810    179.164694   179.182112   -0.026872    -0.039285    5.542970    
-0.131342    0.133435     84.966721    84.989727    -0.007035    0.007147     4.551053    
0.926767     -1.710724    25.232423    25.383767    0.153598     -0.283528    4.181915    
0.711802     -0.263100    33.684525    33.750527    0.076198     -0.028165    3.605911    
0.389956     0.966252     141.971958   141.989428   0.033347     0.082628     12.140544   
0.298288     -0.870196    28.981705    29.063041    0.016395     -0.047830    1.592975    
-1.137641    1.308958     226.242266   226.257476   -0.030730    0.035358     6.111318    
-0.485869    -0.545593    17.580772    17.705712    -0.006167    -0.006925    0.223130    
0.201336     1.610951     103.932881   103.964198   0.037931     0.303495     19.580412   
-0.072591    0.817173     46.744093    46.792715    -0.001301    0.014641     0.837517    
1.398141     1.620753     28.161701    28.311446    0.067724     0.078507     1.364111    
-0.261276    1.293216     34.271951    34.353781    -0.009695    0.047986     1.271683    
-1.429860    -0.446187    24.152512    24.278847    -0.077490    -0.024181    1.308923    
-0.407037    1.172611     94.960661    94.989172    -0.044981    0.129584     10.494014   
1.413642     0.406272     18.932062    19.090872    0.013264     0.003812     0.177639    
0.479768     -3.343558    65.388492    65.505263    0.067167     -0.468094    9.154317    
-1.006561    0.129276     17.474994    17.614774    -0.033105    0.004252     0.574743    
-0.164100    0.098346     9.049811     9.263403     -0.001003    0.000601     0.055298    
-1.248717    -0.882390    28.927964    29.035150    -0.279328    -0.197383    6.470950    
-1.108935    0.722364     29.478537    29.573817    -0.018755    0.012217     0.498571    
-0.020668    0.224129     10.534364    10.719069    -0.002196    0.023818     1.119484    
0.607581     -1.560556    28.030230    28.149125    0.047394     -0.121730    2.186485    
1.131387     -0.829902    25.891181    26.003788    0.062115     -0.045563    1.421472    
-0.953548    -1.296276    23.362180    23.500127    -0.216181    -0.293882    5.296499    
0.257129     2.529463     15.181104    15.517899    0.000361     0.003553     0.021326    
-0.815210    0.060396     3.269286     3.902742     -0.158371    0.011733     0.635124    
-0.024303    -1.914041    131.969529   131.998089   -0.000040    -0.003154    0.217487    
1.239778     0.423284     84.184246    84.217448    0.005321     0.001817     0.361327    
-0.003632    0.311197     16.417941    16.538458    -0.000387    0.033159     1.749386    
0.056583     -0.571886    19.096091    19.205882    0.000317     -0.003206    0.107048    
-0.362226    0.865658     98.906392    98.930429    -0.006951    0.016612     1.898017    
-1.528895    1.147542     66.526262    66.582828    -0.084336    0.063300     3.669669    
0.255084     0.515060     20.543373    20.645471    0.006011     0.012136     0.484065    
-0.167925    0.590705     25.913021    25.994937    -0.013803    0.048556     2.130056    
0.746079     -0.423824    71.381014    71.413307    0.067479     -0.038333    6.456043    
1.657708     1.629512     64.805417    64.876963    0.006317     0.006210     0.246953    
-0.822229    0.914400     47.493531    47.550212    -0.009516    0.010582     0.549638    
-2.201407    -0.174172    109.908065   109.947870   -0.134857    -0.010670    6.732908    
-0.180496    -1.297171    9.672967     9.957734     -0.011030    -0.079269    0.591110    
0.257901     -0.380107    14.106030    14.250124    0.003155     -0.004649    0.172538    
-0.167260    0.717638     115.090095   115.109287   -0.010450    0.044835     7.190327    
-0.498926    0.303609     11.634088    11.813893    -0.074897    0.045577     1.746467    
-0.298769    -0.081808    9.227296     9.440016     -0.009321    -0.002552    0.287860    
-0.320474    1.690516     27.239408    27.364591    -0.029727    0.156810     2.526685    
-1.023112    1.082120     24.553823    24.677579    -0.032174    0.034030     0.772147    
-0.137841    -2.534241    128.910038   128.950045   -0.000450    -0.008277    0.421054    
1.101942     -0.451675    11.550452    11.777359    0.021471     -0.008801    0.225055    
0.212897     0.196503     70.802484    70.830436    0.028807     0.026589     9.580368    
0.693015     1.105007     148.533739   148.552509   0.088704     0.141438     19.011876   
0.503775     0.956497     29.618690    29.703711    0.014531     0.027590     0.854333    
0.478686     0.468488     22.925338    23.019442    0.014864     0.014548     0.711887    
-0.392850    0.367617     13.949536    14.098013    -0.009561    0.008947     0.339494    
0.889199     0.915658     10.554015    10.811628    0.057029     0.058726     0.676882    
1.906727     -0.910785    158.557352   158.583650   0.032682     -0.015611    2.717702    
0.676679     -0.640361    26.482866    26.572262    0.033606     -0.031803    1.315237    
-0.197959    0.682293     25.466365    25.552210    -0.023430    0.080755     3.014157    
-1.014788    -0.006683    13.391019    13.572921    -0.125142    -0.000824    1.651354    
-0.407119    0.850922     47.184899    47.235362    -0.065881    0.137699     7.635615    
-0.267176    -1.074859    10.281357    10.526536    -0.039844    -0.160294    1.533266    
-0.259583    0.475740     19.818799    19.923691    -0.003621    0.006636     0.276448    
-0.116696    0.646032     85.445895    85.471088    -0.000226    0.001252     0.165636    
-0.455613    0.076264     20.366436    20.466560    -0.026093    0.004368     1.166397    
0.140223     -1.087663    135.808783   135.827476   0.007326     -0.056826    7.095512    
-0.500868    -0.462563    12.737972    12.907197    -0.073020    -0.067436    1.857029    
0.331553     0.595199     11.123197    11.316565    0.018479     0.033173     0.619952    
3.835105     1.698492     98.528457    98.637339    0.516481     0.228739     13.269015   
1.573160     0.508186     25.110812    25.242047    0.187075     0.060432     2.986100    
-1.554677    0.280574     100.466802   100.498503   -0.057380    0.010355     3.708030    
1.677093     -0.458900    44.191877    44.269856    0.111714     -0.030568    2.943685    
-1.000713    -0.138884    28.109190    28.196139    -0.033801    -0.004691    0.949433    
-1.555083    -1.468931    100.000326   100.042572   -0.009003    -0.008504    0.578912    
1.637254     -0.349299    42.227566    42.306559    0.000622     -0.000133    0.016044    
-1.529181    -1.255039    54.879915    54.950828    -0.120806    -0.099148    4.335530    
-1.712169    -1.523361    154.237409   154.266994   -0.079423    -0.070664    7.154630    
-0.903136    0.347247     139.968635   139.985821   -0.024042    0.009244     3.726050    
-0.774795    -1.621679    179.036186   179.056027   -0.235954    -0.493862    54.523225   
-0.840878    -0.987340    7.389471     7.756362     -0.062017    -0.072820    0.544998    
-0.343037    1.703244     94.826476    94.862818    -0.008935    0.044362     2.469838    
0.124445     1.127628     58.706182    58.750130    0.011006     0.099730     5.192099    
-0.968733    3.215920     101.329970   101.404726   -0.030559    0.101448     3.196519    
-1.462037    2.427749     36.950096    37.110862    -0.039994    0.066411     1.010776    
-1.180409    0.952315     55.988645    56.043765    -0.148654    0.119929     7.050891    
-0.229461    -0.460756    136.173382   136.188582   -0.004902    -0.009842    2.908872    
0.357045     1.915638     94.172410    94.213136    0.012552     0.067345     3.310647    
0.946413     -0.513687    166.964295   166.979371   0.053922     -0.029268    9.512883    
-0.240154    1.145151     73.257631    73.293414    -0.026965    0.128578     8.225414    
-0.078918    1.198846     42.556323    42.618764    -0.001886    0.028647     1.016903    
1.070229     -0.063291    26.781549    26.875188    0.048013     -0.002839    1.201477    
0.312582     -0.761376    14.468609    14.625081    0.002543     -0.006193    0.117692    
-0.154236    -1.595313    48.793298    48.859285    -0.009967    -0.103089    3.153005    
-0.930439    0.780013     64.608402    64.649785    -0.069407    0.058185     4.819493    
-0.755547    -2.416437    48.977013    49.081899    -0.049627    -0.158721    3.217008    
-0.728510    -0.589087    62.020695    62.058999    -0.111804    -0.090407    9.518320    
-0.742639    -0.107550    13.750590    13.911030    -0.054274    -0.007860    1.004927    
-0.336279    -1.601081    41.668153    41.746694    -0.028772    -0.136988    3.565114    
-0.486242    0.791633     24.636185    24.732159    -0.034252    0.055764     1.735417    
0.246775     -1.744881    56.265254    56.327251    0.001514     -0.010704    0.345164    
-1.296869    1.382862     59.726928    59.789423    -0.035064    0.037389     1.614874    
-0.574508    0.605497     21.214272    21.321749    -0.016465    0.017353     0.607981    
0.975243     -0.182201    23.502176    23.605328    0.011212     -0.002095    0.270199    
1.065874     -0.146649    41.349212    41.410022    0.024340     -0.003349    0.944223    
-0.582329    -0.824069    16.919608    17.063595    -0.105745    -0.149642    3.072419    
0.266977     -0.326035    7.068620     7.349688     0.015864     -0.019373    0.420020    
