-0.946243    0.178861     23.684222    23.785389    -0.003711    0.000702     0.092894    
-0.866074    -0.459791    23.323889    23.427340    -0.086400    -0.045869    2.326804    
0.385675     -0.003212    59.531338    59.565123    0.013514     -0.000113    2.085906    
-0.196551    -1.904073    113.971562   114.004632   -0.000742    -0.007187    0.430183    
0.777423     0.142428     8.915980     9.164842     0.026914     0.004931     0.308671    
-1.279450    1.073837     56.937529    56.996029    -0.016947    0.014224     0.754187    
0.765291     0.024541     32.646951    32.715205    0.024001     0.000770     1.023859    
0.925307     -1.970594    69.949721    70.011270    0.017522     -0.037317    1.324630    
0.147835     -0.098502    120.934129   120.950279   0.004598     -0.003063    3.761034    
0.999462     -0.751789    47.227412    47.284961    0.056118     -0.042212    2.651738    
1.657472     -2.132380    62.167233    62.257000    0.186660     -0.240143    7.001104    
0.611372     0.424684     33.664554    33.730272    0.009796     0.006805     0.539394    
2.128853     1.572372     86.299622    86.362632    0.141011     0.104150     5.716295    
-2.588378    0.086135     52.871862    52.971841    -0.229010    0.007621     4.677908    
-0.941606    0.225190     12.656607    12.845310    -0.010052    0.002404     0.135113    
-1.446347    -0.738139    13.332326    13.574337    -0.004107    -0.002096    0.037854    
-0.638456    -1.513865    66.465026    66.514465    -0.151776    -0.359882    15.800325   
0.460836     1.191021     24.265693    24.378878    0.035930     0.092861     1.891933    
-0.817445    -0.488242    21.163907    21.276572    -0.014467    -0.008641    0.374548    
-1.067412    1.519826     53.179199    53.248018    -0.030646    0.043635     1.526815    
0.498265     -1.152857    22.535970    22.656616    0.240043     -0.555398    10.856877   
-0.014478    1.304321     51.167920    51.222382    -0.000526    0.047397     1.859374    
1.870643     1.400112     31.120452    31.270068    0.140075     0.104841     2.330315    
0.846814     0.211227     19.687703    19.805108    0.179343     0.044735     4.169577    
0.648717     0.909258     19.297090    19.429365    0.018339     0.025704     0.545513    
1.164420     1.391562     29.756230    29.876420    0.012049     0.014399     0.307897    
-1.085865    1.010215     56.171899    56.225945    -0.022046    0.020510     1.140422    
0.119864     -0.554739    92.466638    92.489330    0.004701     -0.021757    3.626598    
-0.299796    -1.445732    19.558187    19.712373    -0.050112    -0.241660    3.269232    
-0.149352    -0.517449    125.539340   125.555928   -0.029649    -0.102723    24.921882   
-0.247377    0.811591     28.525222    28.605649    -0.011667    0.038277     1.345334    
-0.630670    1.074493     36.076755    36.151894    -0.148349    0.252747     8.486141    
-0.144205    0.358217     44.654953    44.699988    -0.011313    0.028103     3.503308    
-0.367106    0.265811     27.456714    27.530919    -0.025680    0.018594     1.920638    
0.038573     -0.278065    56.475053    56.510047    0.004746     -0.034215    6.948983    
0.463778     0.883639     13.786300    13.961838    0.072362     0.137872     2.151042    
-0.750469    1.540746     25.763759    25.895624    -0.047313    0.097136     1.624275    
-1.142418    -0.954157    49.023825    49.085903    -0.004025    -0.003362    0.172714    
0.206090     1.340853     12.298368    12.528574    0.004902     0.031895     0.292546    
0.674357     -0.378140    17.254101    17.383230    0.149375     -0.083761    3.821918    
0.871893     0.752108     99.580778    99.606889    0.065009     0.056077     7.424782    
0.001119     0.014107     9.174247     9.383068     0.000030     0.000379     0.246390    
2.096170     1.078732     56.510564    56.593961    0.018504     0.009523     0.498860    
0.438199     -1.802734    32.352779    32.465661    0.015132     -0.062253    1.117225    
1.407763     0.497969     58.028615    58.081192    0.014697     0.005199     0.605804    
-0.614588    1.437037     19.233775    19.397316    -0.011569    0.027050     0.362050    
0.479318     -0.206406    46.257788    46.302594    0.108151     -0.046572    10.437382   
0.095149     0.214064     56.961617    56.996102    0.001495     0.003364     0.895172    
-0.692276    -0.684966    15.856693    16.008063    -0.040904    -0.040472    0.936920    
0.099505     -0.394265    124.297077   124.313329   0.007608     -0.030145    9.503493    
1.655450     -1.156178    30.368035    30.498685    0.022622     -0.015799    0.414977    
-0.138569    0.026455     11.282901    11.454200    -0.004716    0.000900     0.383965    
-0.569914    -0.158033    40.862765    40.914426    -0.015547    -0.004311    1.114689    
-0.732290    -0.958997    48.150037    48.205363    -0.024798    -0.032476    1.630563    
-0.023993    1.545853     106.106825   106.136344   -0.000575    0.037058     2.543673    
-0.108637    0.316216     8.191830     8.431656     -0.002755    0.008019     0.207727    
0.104941     1.073327     54.521769    54.567951    0.007209     0.073736     3.745567    
-0.266440    -0.881894    26.638722    26.727237    -0.009131    -0.030225    0.912970    
0.682579     -0.810934    109.196359   109.219244   0.109874     -0.130535    17.577243   
-0.485229    0.468117     169.432922   169.445698   -0.023095    0.022281     8.064428    
-2.517875    -0.164212    53.493621    53.589263    -0.191401    -0.012483    4.066420    
-0.345070    1.030159     10.024865    10.273908    -0.007263    0.021684     0.211011    
0.139173     -2.180539    42.939554    43.040148    0.058218     -0.912142    17.962051   
0.531376     1.078127     20.025795    20.158178    0.013784     0.027968     0.519486    
0.196099     -1.304291    46.162573    46.223346    0.006771     -0.045037    1.593976    
-1.899705    -0.447485    53.096122    53.168433    -0.188819    -0.044477    5.277427    
-0.566666    1.774968     47.345712    47.423233    -0.026469    0.082910     2.211551    
-0.185684    -1.165003    80.889543    80.922091    -0.019428    -0.121891    8.463266    
-0.827970    -1.269750    47.645826    47.710560    -0.073098    -0.112100    4.206426    
0.960834     -0.914649    51.198853    51.253851    0.105000     -0.099952    5.594991    
-1.326284    -1.565293    89.772428    89.817442    -0.071291    -0.084138    4.825470    
-1.955635    0.114064     16.160737    16.397619    -0.049087    0.002863     0.405640    
-0.262744    -0.191807    7.993566     8.238803     -0.001488    -0.001087    0.045284    
0.800151     0.681010     4.163371     4.723625     0.155710     0.132525     0.810197    
-1.330265    0.526792     23.634535    23.759489    -0.001660    0.000657     0.029486    
-0.236998    -0.932162    60.878105    60.917515    -0.021607    -0.084984    5.550194    
-0.499437    -0.264398    23.702441    23.790754    -0.051540    -0.027285    2.445997    
-0.733348    0.259137     75.486786    75.516454    -0.083047    0.029346     8.548429    
0.864096     -0.153414    38.952095    39.011676    0.110462     -0.019612    4.979455    
0.006413     -1.675944    51.231499    51.296688    0.001071     -0.279824    8.553873    
0.542139     0.221452     31.108352    31.176072    0.058619     0.023945     3.363588    
0.673826     -0.138206    73.023635    73.053400    0.023975     -0.004917    2.598163    
1.808656     -2.330323    128.817905   128.866711   0.307216     -0.395826    21.880842   
0.641635     1.641544     68.763390    68.814135    0.036348     0.092992     3.895386    
2.016724     1.246862     82.334591    82.392242    0.216094     0.133603     8.822245    
1.414367     -2.931608    53.706144    53.840688    0.009266     -0.019206    0.351851    
0.217230     1.449299     11.794315    12.046928    0.021660     0.144510     1.176012    
0.751389     1.543947     29.665893    29.780674    0.025876     0.053170     1.021616    
-0.794028    0.235500     12.931394    13.106558    -0.085603    0.025389     1.394117    
0.574759     0.368976     15.090792    15.233957    0.010810     0.006940     0.283832    
0.249472     0.655487     9.202518     9.436800     0.025849     0.067919     0.953525    
-1.259445    2.176290     124.616015   124.656923   -0.068349    0.118105     6.762781    
-0.286842    -0.537835    28.892424    28.965819    -0.004482    -0.008404    0.451441    
0.438968     1.109765     51.435858    51.487345    0.001234     0.003119     0.144556    
0.575342     0.403005     124.040153   124.057760   0.111025     0.077769     23.936280   
0.528361     0.646096     49.731794    49.777735    0.003602     0.004404     0.339006    
0.136771     1.549838     63.634153    63.683602    0.013710     0.155361     6.378923    
1.278592     0.217219     21.709655    21.837263    0.110658     0.018800     1.878901    
2.064017     -0.850380    38.267974    38.383539    0.216902     -0.089364    4.021482    
0.503880     0.923855     151.067012   151.083502   0.015697     0.028781     4.706189    
-0.608513    -0.367744    12.309289    12.485955    -0.033849    -0.020456    0.684703    
1.379542     -0.973885    34.798563    34.895079    0.039333     -0.027767    0.992153    
0.289461     1.626821     54.658788    54.719178    0.047562     0.267307     8.981119    
-0.989130    -0.188281    82.769963    82.799490    -0.130199    -0.024784    10.895017   
0.818186     -0.145541    93.255133    93.279609    0.040912     -0.007278    4.663114    
-1.692063    0.028326     14.160393    14.396374    -0.148246    0.002482     1.240631    
0.019027     -0.994688    131.561481   131.579968   0.000363     -0.018953    2.506867    
-0.092082    -1.268147    53.160529    53.212156    -0.009198    -0.126667    5.309879    
-0.210433    -0.696584    84.695609    84.721606    -0.001521    -0.005034    0.612087    
1.510679     1.146500     18.865427    19.062421    0.102092     0.077480     1.274926    
0.810387     1.959544     53.628061    53.706056    0.041656     0.100726     2.756626    
0.840819     0.153305     36.824797    36.887276    0.128383     0.023408     5.622698    
-0.068487    0.041054     68.561019    68.589319    -0.000701    0.000420     0.701971    
-1.440325    0.034372     117.433177   117.458511   -0.179505    0.004284     14.635478   
0.961272     0.154341     9.085868     9.347503     0.036070     0.005791     0.340935    
0.991486     -1.531655    104.602871   104.637301   0.151731     -0.234396    16.007832   
-0.722886    -1.013026    41.454120    41.519487    -0.113051    -0.158426    6.482963    
-1.296706    -0.050876    78.824637    78.859891    -0.035944    -0.001410    2.185001    
0.197585     0.281861     10.403261    10.593455    0.015548     0.022179     0.818626    
0.843428     -0.743255    23.687290    23.795514    0.069888     -0.061587    1.962765    
0.387571     0.243388     27.005532    27.081048    0.022348     0.014034     1.557175    
1.766852     -1.844010    104.323863   104.373682   0.102470     -0.106945    6.050335    
0.207007     1.719387     68.895147    68.945017    0.019736     0.163926     6.568453    
-1.214880    -0.250160    38.285188    38.355822    -0.000645    -0.000133    0.020328    
0.729830     0.210836     19.484003    19.597919    0.005696     0.001645     0.152052    
-0.182528    -1.005220    13.160609    13.346174    -0.010710    -0.058982    0.772211    
-0.405866    1.203145     43.224301    43.287729    -0.016546    0.049049     1.762148    
0.070651     1.218252     13.942374    14.133431    0.000556     0.009585     0.109698    
-0.281700    1.251333     20.904766    21.036383    -0.004827    0.021441     0.358200    
-0.409486    -1.132864    170.683692   170.699293   -0.007959    -0.022020    3.317674    
-0.519876    -0.471782    104.509185   104.530080   -0.104956    -0.095246    21.099018   
0.949305     -0.072430    28.368199    28.452348    0.133277     -0.010169    3.982720    
-0.172721    0.413766     10.817785    11.004565    -0.003673    0.008798     0.230021    
0.802486     1.077337     66.624429    66.667039    0.010159     0.013638     0.843392    
-0.301774    0.097147     16.197196    16.319455    -0.001388    0.000447     0.074490    
-0.428102    -1.530418    35.044380    35.135580    -0.004011    -0.014339    0.328351    
-1.268384    0.580140     13.901821    14.109605    -0.028831    0.013187     0.315997    
0.718450     0.892035     72.370456    72.406283    0.110951     0.137758     11.176240   
0.453754     1.109533     62.842815    62.885064    0.067270     0.164490     9.316533    
0.440994     0.013635     19.360410    19.465227    0.029150     0.000901     1.279721    
-0.627781    1.342789     37.069400    37.151213    -0.005592    0.011960     0.330177    
-1.292491    -0.640564    27.158544    27.267972    -0.037886    -0.018776    0.796072    
-0.743204    -0.043578    19.097542    19.213154    -0.067049    -0.003931    1.722903    
-0.442890    -0.961178    29.833465    29.917062    -0.051242    -0.111207    3.451683    
-1.034823    -0.229950    26.779954    26.873121    -0.000708    -0.000157    0.018311    
0.571682     -1.052251    27.064016    27.161921    0.076197     -0.140249    3.607222    
0.973633     -1.006831    17.009723    17.180434    0.021824     -0.022568    0.381270    
0.864255     0.222920     68.007994    68.042331    0.022739     0.005865     1.789305    
1.077885     -0.257326    24.201017    24.306217    0.014963     -0.003572    0.335945    
2.946590     0.827675     88.843790    88.918285    0.464445     0.130459     14.003650   
0.660395     -1.607988    90.942411    90.980321    0.011228     -0.027340    1.546260    
-1.680846    1.630950     109.983694   110.026239   -0.199959    0.194023     13.084034   
-0.312799    -0.031126    50.931376    50.970372    -0.046926    -0.004670    7.640648    
-0.835023    1.003263     19.757402    19.898083    -0.017235    0.020708     0.407804    
0.421690     0.189896     30.753924    30.820328    0.020144     0.009071     1.469135    
0.844814     0.316941     126.834843   126.853327   0.014393     0.005400     2.160849    
0.222644     -1.661046    11.004492    11.304090    0.009512     -0.070962    0.470125    
-0.397112    0.525430     98.725756    98.747575    -0.128642    0.170210     31.981603   
-1.328748    1.304798     22.701940    22.863095    -0.066500    0.065301     1.136159    
0.070167     -1.283399    37.968755    38.041469    0.006835     -0.125015    3.698522    
0.163879     -0.740578    89.763509    89.788294    0.019399     -0.087667    10.625888   
0.937185     -1.007114    13.953898    14.159054    0.043317     -0.046549    0.644947    
0.848642     0.242568     25.877175    25.966944    0.025508     0.007291     0.777787    
0.186853     -2.507104    179.655368   179.683741   0.057607     -0.772938    55.387561   
-0.523708    0.168415     123.415966   123.432889   -0.007109    0.002286     1.675394    
0.578977     -0.517800    165.182021   165.195576   0.006679     -0.005973    1.905568    
-0.641647    1.212125     33.605897    33.691426    -0.044916    0.084850     2.352443    
0.063050     -0.108008    73.389763    73.416265    0.014279     -0.024461    16.620953   
1.964176     0.082284     74.397219    74.449217    0.048663     0.002039     1.843212    
-0.607346    -0.208044    15.474712    15.612617    -0.077836    -0.026662    1.983198    
-1.432120    0.720147     19.753310    19.915767    -0.073456    0.036938     1.013181    
-1.888860    0.091200     25.979161    26.122172    -0.040821    0.001971     0.561452    
1.022355     0.545673     112.580675   112.603847   0.104401     0.055723     11.496565   
1.294921     0.407025     142.871307   142.891315   0.150412     0.047278     16.595294   
-0.117212    -0.545870    6.767726     7.070275     -0.004445    -0.020700    0.256642    
1.298166     0.952238     31.239967    31.343301    0.007322     0.005371     0.176206    
1.591689     1.099645     43.605575    43.692835    0.017290     0.011945     0.473681    
0.475808     -0.634332    47.770852    47.817968    0.078846     -0.105115    7.916131    
-0.880072    -0.661010    87.367384    87.396489    -0.220940    -0.165945    21.933354   
1.335044     1.016218     56.600170    56.659238    0.155295     0.118208     6.583835    
1.983301     -1.024351    53.305919    53.388939    0.303610     -0.156811    8.160244    
-1.801990    -0.820695    93.514941    93.556613    -0.124736    -0.056810    6.473219    
1.946668     -3.398095    22.660287    23.080297    0.004264     -0.007444    0.049640    
0.585234     -0.634987    23.096758    23.196570    0.018265     -0.019818    0.720851    
-0.665254    1.296806     44.411907    44.479397    -0.020215    0.039405     1.349526    
-0.504408    0.340985     27.799218    27.875476    -0.001000    0.000676     0.055096    
-1.080517    -1.173971    12.048709    12.312273    -0.030337    -0.032961    0.338285    
-0.168053    -0.807001    37.172621    37.233831    -0.018732    -0.089950    4.143344    
-0.754410    0.830836     26.476878    26.573661    -0.057256    0.063057     2.009470    
-0.717992    1.699127     46.927763    47.005238    -0.032684    0.077346     2.136207    
-0.999551    1.742083     77.232999    77.284184    -0.018879    0.032903     1.458728    
-0.454827    0.945279     7.337453     7.669001     -0.045683    0.094945     0.736981    
0.199568     -0.826205    15.821306    15.965936    0.007749     -0.032079    0.614301    
-1.404447    2.315098     131.341377   131.384034   -0.038537    0.063525     3.603907    
-1.527576    0.504782     40.587159    40.666703    -0.169621    0.056051     4.506762    
-2.358677    -0.289658    92.936929    92.988144    -0.126420    -0.015525    4.981200    
0.300366     0.086023     6.112223     6.428985     0.062011     0.017760     1.261880    
-0.664579    0.386166     30.267783    30.341464    -0.031428    0.018262     1.431357    
1.042609     -0.881743    36.699917    36.778028    0.094017     -0.079511    3.309422    
-0.461949    -0.009099    8.270557     8.514138     -0.024951    -0.000491    0.446707    
-0.221434    -0.166793    41.530856    41.578406    -0.045014    -0.033907    8.442616    
1.288923     -0.507727    41.166973    41.237285    0.077644     -0.030585    2.479882    
0.858161     0.529602     28.699376    28.784476    0.025219     0.015564     0.843406    
0.972928     0.073487     14.620143    14.784300    0.175350     0.013245     2.634979    
1.624368     -0.644626    76.928316    76.973339    0.052066     -0.020662    2.465776    
-1.380973    0.016909     41.401658    41.471431    -0.062380    0.000764     1.870165    
-0.041425    0.743995     11.187866    11.384136    -0.002146    0.038540     0.579548    
-0.086697    -0.275187    27.118480    27.191362    -0.004157    -0.013194    1.300203    
-0.285471    -0.631953    75.848614    75.877323    -0.031500    -0.069731    8.369348    
-2.473189    -0.200104    53.499334    53.593007    -0.360576    -0.029174    7.799874    
0.457102     -0.581580    18.937527    19.053925    0.052724     -0.067082    2.184346    
-0.234560    0.807597     32.623563    32.693716    -0.007502    0.025831     1.043467    
1.342252     0.106252     50.923647    50.979463    0.295247     0.023372     11.201386   
0.558264     1.136339     91.809773    91.839601    0.015714     0.031985     2.584203    
-1.813005    0.504625     90.551140    90.592083    -0.149591    0.041637     7.471368    
-1.233107    0.571468     77.953428    77.990121    -0.162361    0.075244     10.263965   
0.485776     1.475226     16.136918    16.330564    0.058093     0.176419     1.929773    
0.342676     0.153431     100.981398   101.001280   0.013649     0.006111     4.022095    
0.894561     0.167095     90.492073    90.518056    0.036163     0.006755     3.658187    
-0.706249    0.150167     21.108273    21.212154    -0.039146    0.008323     1.169991    
-0.538321    -0.884311    17.684935    17.824244    -0.000610    -0.001002    0.020036    
0.791806     -1.736682    11.402466    11.727497    0.057892     -0.126975    0.833672    
-0.266715    -0.919349    33.733009    33.803952    -0.016710    -0.057600    2.113463    
1.831949     -0.844302    29.562819    29.696870    0.097107     -0.044754    1.567055    
-2.581599    -0.353728    105.340720   105.391328   -0.566847    -0.077669    23.129903   
-0.765905    1.571362     46.426697    46.501279    -0.022439    0.046037     1.360192    
-1.208665    0.363001     17.992476    18.143781    -0.090644    0.027223     1.349343    
0.561240     -1.126172    41.736559    41.801896    0.067873     -0.136193    5.047388    
0.239649     -0.149969    21.817965    21.908411    0.004121     -0.002579    0.375186    
0.144820     0.517037     47.690572    47.734201    0.005468     0.019523     1.800788    
0.497946     0.111687     11.455967    11.635057    0.005408     0.001213     0.124419    
-0.082071    1.271252     17.954207    18.106665    -0.006040    0.093554     1.321289    
0.532200     1.004659     48.708573    48.761590    0.028011     0.052877     2.563625    
-0.049968    0.208463     51.413740    51.451857    -0.020625    0.086044     21.221288   
-0.081137    0.401365     104.681460   104.700767   -0.012511    0.061891     16.141948   
-0.237235    -0.424283    17.532658    17.649514    -0.088336    -0.157984    6.528378    
0.006812     -0.860453    79.395216    79.424277    0.000296     -0.037365    3.447690    
-0.053780    2.089784     68.409624    68.469860    -0.007104    0.276054     9.036710    
-0.969366    1.081496     11.197980    11.462069    -0.253816    0.283176     2.932053    
0.334603     -1.607092    35.493336    35.585763    0.023954     -0.115051    2.540960    
0.433983     -0.517884    91.396823    91.420516    0.058300     -0.069571    12.277911   
1.307340     0.304077     19.865474    20.007838    0.038717     0.009005     0.588323    
-0.578588    -0.747947    10.377830    10.605117    -0.034070    -0.044043    0.611094    
-0.657123    -1.298969    56.342477    56.395645    -0.012623    -0.024952    1.082271    
-0.252976    -0.468620    10.349027    10.548029    -0.007229    -0.013390    0.295712    
2.158134     0.033803     102.795599   102.837099   0.201561     0.003157     9.600678    
0.963692     -1.049635    24.717931    24.837099    0.208080     -0.226637    5.337081    
0.563997     0.205530     90.963574    90.986852    0.010122     0.003689     1.632544    
0.148481     -0.807311    15.394998    15.542030    0.014308     -0.077796    1.483529    
-2.947719    -0.778940    59.120402    59.231686    -0.204143    -0.053945    4.094359    
0.888288     -1.373426    17.287133    17.475562    0.010278     -0.015892    0.200025    
0.109929     0.592809     12.143955    12.317228    0.002364     0.012750     0.261198    
1.824997     -0.453569    31.032617    31.151799    0.041254     -0.010253    0.701484    
0.236668     -1.384814    13.514129    13.728815    0.013331     -0.078005    0.761234    
-0.545332    0.087808     30.934292    31.001781    -0.029670    0.004777     1.683025    
1.172763     -1.468183    57.843696    57.907677    0.037862     -0.047400    1.867472    
0.131447     -0.707265    34.602471    34.665883    0.032648     -0.175669    8.594470    
1.220518     -0.381484    52.744810    52.797019    0.083653     -0.026146    3.615064    
-0.125238    0.430277     83.913511    83.937794    -0.004850    0.016662     3.249532    
0.653490     1.945558     85.430515    85.477834    0.118348     0.352344     15.471627   
0.494213     1.525047     47.639756    47.707351    0.002372     0.007319     0.228645    
1.052444     2.605272     58.443757    58.544366    0.012942     0.032037     0.718671    
-1.935549    1.562012     25.979954    26.172871    -0.371587    0.299876     4.987641    
3.391726     -2.075959    44.329368    44.550884    0.016258     -0.009951    0.212496    
0.760438     -1.760965    14.607020    14.863352    0.018339     -0.042467    0.352259    
-0.731939    -0.342761    18.756721    18.877043    -0.005298    -0.002481    0.135762    
-0.989177    0.291280     165.061687   165.076646   -0.144252    0.042478     24.071048   
0.950159     -1.798104    27.162659    27.309723    0.250377     -0.473819    7.157650    
-0.757463    1.107922     24.013751    24.131648    -0.063777    0.093286     2.021924    
0.312967     0.692239     16.024694    16.163011    0.009039     0.019994     0.462842    
-0.137230    -2.261024    45.005391    45.105335    -0.001361    -0.022432    0.446506    
-0.225248    -0.864445    107.245540   107.267324   -0.002967    -0.011386    1.412553    
0.420796     0.052308     31.611059    31.675129    0.000227     0.000028     0.017056    
0.824581     0.255141     18.493881    18.618368    0.008198     0.002537     0.183872    
-0.462062    1.038686     49.829279    49.881102    -0.076045    0.170944     8.200779    
2.278848     0.415993     16.624596    16.900247    0.165353     0.030184     1.206279    
1.126517     -0.896690    67.391469    67.435585    0.098946     -0.078759    5.919214    
0.212379     -0.842345    12.085653    12.275692    0.002496     -0.009900    0.142045    
0.380750     -0.065230    13.584695    13.732011    0.049704     -0.008515    1.773379    
1.141267     -0.304499    44.456026    44.515260    0.114829     -0.030637    4.472945    
-1.200037    2.277632     71.758568    71.831711    -0.054106    0.102691     3.235348    
-0.313686    -0.647769    12.553120    12.726892    -0.001319    -0.002723    0.052765    
0.947848     -0.015664    36.071033    36.137142    0.009267     -0.000153    0.352675    
-0.028152    0.034871     22.168829    22.256099    -0.000533    0.000661     0.420064    
0.397006     -1.112604    57.389986    57.435886    0.046725     -0.130946    6.754391    
0.247609     0.248804     23.026603    23.113256    0.005543     0.005570     0.515462    
1.302887     -0.578337    45.776325    45.840799    0.048335     -0.021455    1.698237    
1.076525     0.866315     21.932721    22.064193    0.053053     0.042693     1.080881    
0.262022     -0.635708    34.312937    34.376233    0.008461     -0.020528    1.108013    
-1.727555    -0.176648    35.433609    35.530708    -0.010358    -0.001059    0.212459    
0.614496     0.072050     9.101946     9.332908     0.012475     0.001463     0.184778    
1.084428     -0.328837    24.857010    24.960569    0.065935     -0.019994    1.511346    
1.304579     0.992772     12.902499    13.154351    0.252385     0.192063     2.496129    
0.894729     -0.278409    41.267084    41.324632    0.127514     -0.039678    5.881249    
1.564747     0.300761     26.402363    26.523549    0.055996     0.010763     0.944834    
-0.591182    -1.496867    36.704053    36.792018    -0.004773    -0.012086    0.296364    
-0.029698    0.862290     65.380241    65.415558    -0.002048    0.059461     4.508396    
-1.157557    0.755608     56.012613    56.064237    -0.020809    0.013583     1.006923    
0.010689     1.199344     26.743388    26.842547    0.000284     0.031919     0.711751    
-0.912850    0.247639     58.956282    58.996719    -0.018898    0.005127     1.220521    
1.084804     -1.271210    55.521920    55.581933    0.049469     -0.057969    2.531875    
-0.161242    -1.658392    54.766028    54.826718    -0.019931    -0.204996    6.769707    
0.436754     -0.298346    98.119795    98.140964    0.033694     -0.023016    7.569626    
2.687692     0.584711     24.023408    24.260351    0.467168     0.101633     4.175692    
1.543296     -0.792878    41.603860    41.686527    0.046955     -0.024123    1.265796    
-0.881424    0.296335     13.246650    13.424359    -0.150586    0.050627     2.263106    
-1.372711    -0.600234    26.722915    26.837171    -0.171246    -0.074879    3.333686    
0.088646     -0.039132    18.788287    18.891376    0.014034     -0.006195    2.974535    
0.623334     1.040587     18.617664    18.760696    0.038573     0.064394     1.152105    
-0.297300    1.281350     16.243803    16.415429    -0.009385    0.040447     0.512750    
0.199572     0.878190     15.946175    16.092436    0.001005     0.004424     0.080340    
-0.211792    1.406929     33.564916    33.652680    -0.050635    0.336368     8.024681    
1.137446     -0.456245    121.550480   121.572596   0.154148     -0.061831    16.472703   
0.230863     -0.898003    129.182450   129.200774   0.051788     -0.201444    28.978715   
0.778662     -0.765542    16.626413    16.778108    0.057850     -0.056875    1.235239    
-0.543044    -0.809850    22.562730    22.669418    -0.076753    -0.114463    3.188971    
-0.012126    -1.035444    11.988548    12.193134    -0.001566    -0.133706    1.548068    
-0.905830    -1.741540    55.488771    55.558367    -0.011384    -0.021886    0.697329    
-0.070679    -1.315032    50.825239    50.880391    -0.006500    -0.120937    4.674140    
-1.212934    0.741043     47.201372    47.263779    -0.044628    0.027265     1.736684    
1.074979     -0.148015    40.716892    40.778889    0.192151     -0.026457    7.278087    
1.186506     0.639779     14.062597    14.263544    0.019981     0.010774     0.236822    
-0.154014    -1.336745    21.250559    21.383915    -0.001577    -0.013689    0.217621    
-0.368443    -2.294445    118.253022   118.292234   -0.010181    -0.063404    3.267761    
-1.236446    0.536434     69.217728    69.258829    -0.020704    0.008983     1.159040    
-1.736528    0.499772     39.296006    39.386753    -0.279923    0.080562     6.334396    
-1.537649    -0.770236    75.928631    75.973611    -0.018541    -0.009287    0.915540    
0.130605     1.420413     13.184766    13.406999    0.036229     0.394017     3.657403    
1.327477     -0.984312    23.804682    23.943034    0.267252     -0.198165    4.792438    
1.175091     0.055253     14.684174    14.862161    0.008048     0.000378     0.100565    
-1.417982    -0.380028    66.255343    66.300833    -0.406198    -0.108864    18.979665   
0.872271     2.707919     35.324401    35.493407    0.141166     0.438242     5.716807    
0.834072     0.452779     81.034586    81.064047    0.044574     0.024197     4.330593    
0.783042     0.265862     18.601801    18.723936    0.074931     0.025441     1.780053    
0.610970     1.321053     17.573089    17.742798    0.007436     0.016078     0.213872    
-0.032333    -0.296590    70.056818    70.085104    -0.000553    -0.005073    1.198249    
0.418110     0.175469     9.339939     9.555889     0.032567     0.013668     0.727508    
-0.471967    -1.149263    47.459738    47.516789    -0.059017    -0.143708    5.934541    
1.352905     -0.610088    86.330757    86.365949    0.106222     -0.047900    6.778173    
-1.273316    0.569078     42.338345    42.407023    -0.028973    0.012949     0.963380    
-0.598759    1.548749     18.066203    18.248829    -0.028701    0.074238     0.865987    
-0.341360    0.603323     51.819893    51.861901    -0.069717    0.123218     10.583336   
-3.540388    0.637221     99.297538    99.382173    -0.105968    0.019073     2.972079    
0.148278     -1.234140    15.817353    15.987767    0.001872     -0.015579    0.199672    
-0.141480    0.525733     42.114431    42.163926    -0.047990    0.178328     14.285188   
1.476750     0.990269     51.634538    51.702630    0.109799     0.073628     3.839126    
-0.843759    -0.916263    13.253401    13.456562    -0.081264    -0.088247    1.276459    
-1.334745    -2.543926    63.213387    63.309244    -0.221756    -0.422650    10.502331   
-0.366187    -0.490208    46.970212    47.015425    -0.054244    -0.072616    6.957813    
-1.403365    0.504641     57.107436    57.160811    -0.008733    0.003140     0.355379    
-0.213318    -0.782172    10.452139    10.666745    -0.023854    -0.087466    1.168811    
0.199162     1.452148     71.668943    71.710953    0.006134     0.044721     2.207157    
2.669187     0.592945     54.964900    55.068061    0.611011     0.135733     12.582177   
-0.109587    -1.231302    23.796031    23.909290    -0.008375    -0.094102    1.818604    
-0.838600    1.490232     13.982364    14.223414    -0.004692    0.008339     0.078238    
-1.385330    -0.850081    85.020156    85.058472    -0.119367    -0.073247    7.325745    
0.261904     0.844015     50.013885    50.060409    0.006758     0.021777     1.290445    
-1.509465    0.286059     21.674549    21.817914    -0.093022    0.017629     1.335706    
0.589358     -1.022482    27.828528    27.923014    0.002609     -0.004526    0.123187    
0.884310     0.567693     11.390925    11.607429    0.065727     0.042194     0.846643    
-0.232540    -1.452422    12.199344    12.444378    -0.003007    -0.018780    0.157736    
-0.595598    2.008661     34.429257    34.549069    -0.001658    0.005591     0.095834    
-2.290497    0.555600     22.126662    22.338737    -0.143716    0.034861     1.388327    
2.575034     -0.121881    52.085726    52.186622    0.058095     -0.002750    1.175105    
1.166620     2.751842     33.857847    34.046474    0.030378     0.071655     0.881628    
0.215233     1.460764     21.719424    21.858374    0.000152     0.001029     0.015304    
-0.602117    -1.355770    62.603774    62.652280    -0.044463    -0.100117    4.622980    
-1.996275    1.550943     34.766405    34.913728    -0.178224    0.138466     3.103892    
-0.375425    -0.339939    20.007749    20.110730    -0.002803    -0.002538    0.149378    
-1.402679    0.468285     13.813674    14.031370    -0.095603    0.031917     0.941500    
-1.406217    1.895650     18.958044    19.205555    -0.024373    0.032856     0.328589    
0.090261     -1.432621    157.966113   157.984899   0.014801     -0.234921    25.903231   
-0.131731    1.310350     97.874169    97.902821    -0.003621    0.036016     2.690115    
-0.402146    -0.219174    22.675761    22.765651    -0.037458    -0.020415    2.112159    
-0.209495    1.307926     24.786358    24.899659    -0.004333    0.027050     0.512628    
-1.147847    -0.917869    20.219412    20.368103    -0.018264    -0.014605    0.321720    
-0.285903    0.580150     50.491344    50.533841    -0.006190    0.012560     1.093141    
0.255694     -0.949329    19.256868    19.382170    0.009790     -0.036347    0.737292    
-1.509575    0.297057     16.589559    16.776635    -0.092963    0.018294     1.021625    
-0.920543    -0.990435    162.527667   162.545211   -0.002404    -0.002587    0.424461    
-1.980035    2.696124     87.218668    87.304986    -0.097815    0.133190     4.308635    
0.406955     0.959473     42.125105    42.183950    0.065028     0.153316     6.731261    
-0.006295    -0.428069    7.075448     7.356643     -0.000155    -0.010552    0.174418    
0.304937     0.938679     54.664753    54.709088    0.002270     0.006986     0.406863    
1.901890     -0.676347    95.803743    95.845223    0.044911     -0.015971    2.262302    
-0.478424    -1.559745    25.246336    25.375464    -0.007172    -0.023381    0.378450    
0.327249     0.749672     91.910707    91.935424    0.033183     0.076016     9.319678    
0.270940     -0.057048    13.787497    13.930065    0.011618     -0.002446    0.591206    
-0.474124    0.427320     32.858776    32.923875    -0.052573    0.047383     3.643551    
-0.030442    -0.513713    107.163560   107.182873   -0.000441    -0.007435    1.550987    
0.748377     0.752978     59.328373    59.370513    0.130479     0.131281     10.343861   
1.022445     0.075659     35.279060    35.348807    0.074332     0.005500     2.564791    
1.650907     -1.844637    62.837531    62.917076    0.069135     -0.077248    2.631446    
0.630980     -0.285359    71.533551    71.563981    0.039272     -0.017761    4.452270    
0.046563     0.043868     76.136722    76.162192    0.002031     0.001914     3.321696    
1.044086     -1.226019    68.928596    68.975499    0.067431     -0.079181    4.451665    
-1.952609    -0.015763    17.983794    18.196283    -0.108648    -0.000877    1.000665    
-1.165804    0.368765     47.274521    47.331283    -0.001149    0.000363     0.046579    
-0.703611    0.113113     55.999185    56.038304    -0.002112    0.000340     0.168089    
-0.348310    0.403707     37.075778    37.131827    -0.030135    0.034927     3.207673    
0.861939     -1.632727    24.977466    25.122848    0.079823     -0.151205    2.313139    
0.107767     -0.970535    46.004695    46.057144    0.005620     -0.050612    2.399083    
0.258427     -0.249138    49.744717    49.784944    0.042449     -0.040923    8.170934    
-0.251124    0.289910     37.984346    38.037253    -0.015758    0.018191     2.383458    
-1.335366    -1.608053    16.702780    16.947768    -0.084312    -0.101529    1.054578    
-1.288898    2.597850     90.651576    90.719310    -0.112916    0.227590     7.941710    
-1.168924    -0.246280    92.596186    92.624811    -0.100214    -0.021114    7.938467    
-0.604743    2.376423     19.939520    20.185949    -0.075295    0.295881     2.482606    
0.094459     -0.961671    81.941010    81.970347    0.007418     -0.075518    6.434681    
-0.894936    -0.940024    47.598727    47.657091    -0.030553    -0.032093    1.625030    
-0.206640    0.129559     35.294387    35.350080    -0.043257    0.027122     7.388415    
0.298036     0.646855     23.781332    23.873289    0.126361     0.274253     10.082803   
-0.157132    0.132524     30.161431    30.226299    -0.001694    0.001428     0.325077    
1.160728     0.060092     50.760741    50.812190    0.796674     0.041245     34.839992   
-0.443199    -0.619731    28.189513    28.268429    -0.043047    -0.060194    2.738008    
1.499332     -2.280515    35.315792    35.475751    0.025600     -0.038938    0.602986    
1.398189     1.699589     25.884927    26.052792    0.133726     0.162552     2.475684    
1.300885     -1.007300    21.410900    21.564057    0.002196     -0.001700    0.036145    
-0.791045    0.563625     9.536290     9.785663     -0.205090    0.146128     2.472423    
1.382150     0.371944     49.882245    49.941586    0.031184     0.008392     1.125437    
-0.149190    -0.094818    68.773395    68.801788    -0.018177    -0.011552    8.379109    
-0.040862    -1.384154    39.005259    39.079441    -0.000953    -0.032266    0.909257    
-0.992141    0.120591     19.613315    19.737173    -0.040446    0.004916     0.799567    
0.103762     -0.994014    21.953343    22.064067    0.006380     -0.061119    1.349840    
-1.733537    0.495147     22.875020    23.030237    -0.028851    0.008241     0.380706    
-0.823762    0.287752     58.801396    58.840806    -0.069695    0.024345     4.974946    
1.999301     -0.216568    93.814579    93.856776    0.061462     -0.006658    2.884042    
-0.350574    -1.824297    26.974729    27.110182    -0.007504    -0.039047    0.577366    
1.633346     1.105688     23.926950    24.088675    0.183126     0.123967     2.682624    
-0.244273    -0.925230    27.731683    27.817924    -0.000937    -0.003550    0.106413    
1.476815     0.612957     54.650661    54.709472    0.273546     0.113536     10.122762   
0.881538     0.323355     18.398471    18.527287    0.082028     0.030089     1.712004    
-1.536657    -0.062428    33.764646    33.856926    -0.013164    -0.000535    0.289257    
1.132762     -0.700758    26.765435    26.870759    0.118110     -0.073066    2.790750    
-1.283868    0.762868     55.362933    55.418044    -0.031021    0.018432     1.337680    
-0.915013    1.231631     30.573424    30.675126    -0.099510    0.133943     3.324936    
-1.219524    -0.517631    25.265261    25.376437    -0.110362    -0.046844    2.286415    
-1.461973    -0.884438    12.809570    13.072094    -0.002813    -0.001702    0.024648    
0.544911     -0.590758    36.063585    36.126210    0.027127     -0.029410    1.795366    
1.180998     0.158985     10.167863    10.424991    0.141738     0.019081     1.220300    
-1.178024    0.457107     36.261539    36.336907    -0.122991    0.047724     3.785860    
-0.621514    0.438289     7.245664     7.546719     -0.015160    0.010691     0.176733    
-0.705771    0.768028     24.825961    24.925715    -0.000776    0.000844     0.027289    
-0.176119    0.728326     76.553467    76.582438    -0.012859    0.053175     5.589194    
0.041254     -1.278400    52.873442    52.925531    0.001992     -0.061727    2.552951    
0.392355     0.225376     6.837239     7.129343     0.035886     0.020614     0.625358    
0.251430     -0.803730    17.658769    17.788094    0.018393     -0.058796    1.291815    
-0.960488    -1.081991    31.565682    31.660077    -0.008347    -0.009403    0.274322    
1.109901     0.414617     13.312649    13.509454    0.110822     0.041399     1.329255    
0.018537     -0.439689    13.651546    13.799758    0.000547     -0.012974    0.402809    
-1.192178    0.575237     13.453174    13.660711    -0.003445    0.001662     0.038876    
0.952916     1.820055     31.994825    32.121090    0.000061     0.000117     0.002060    
-2.410191    0.285076     27.958266    28.132363    -0.347126    0.041058     4.026673    
-1.136207    0.857436     11.976508    12.220387    -0.046208    0.034870     0.487064    
-0.171515    -0.499009    20.322290    20.424222    -0.009995    -0.029079    1.184240    
0.534507     0.151514     30.814032    30.881843    0.026465     0.007502     1.525671    
0.242446     1.636481     30.246079    30.355182    0.025857     0.174532     3.225759    
-1.771159    -1.138799    69.584098    69.643776    -0.012480    -0.008024    0.490316    
0.730501     0.939413     72.193589    72.230224    0.036669     0.047156     3.623946    
-0.383947    -0.763646    8.559327     8.824263     -0.002178    -0.004332    0.048558    
-1.269156    -0.454093    45.365064    45.427755    -0.102127    -0.036540    3.650470    
0.781197     2.227968     129.548364   129.584828   0.049733     0.141839     8.247424    
0.082124     -0.761221    20.325725    20.435172    0.002688     -0.024917    0.665316    
-1.079555    1.882513     72.304398    72.363735    -0.095593    0.166693     6.402417    
0.209073     0.356994     47.008659    47.051675    0.051076     0.087213     11.484106   
0.538165     0.838761     48.191389    48.241870    0.013421     0.020917     1.201807    
-0.193472    0.685985     89.145742    89.170321    -0.005899    0.020916     2.718134    
0.998134     0.724993     30.973308    31.060306    0.003729     0.002708     0.115703    
-1.976016    0.527110     55.101013    55.174079    -0.287084    0.076581     8.005303    
0.679474     0.925145     86.389593    86.419641    0.035890     0.048866     4.563087    
-0.334316    -0.189374    11.764572    11.934309    -0.062889    -0.035624    2.213058    
0.244268     -0.592994    43.967799    44.016515    0.002612     -0.006341    0.470125    
0.812559     1.815595     32.239066    32.360300    0.005824     0.013013     0.231068    
-2.627973    1.225319     16.226575    16.600733    -0.540989    0.252242     3.340369    
-0.421635    0.955075     9.802479     10.052537    -0.048629    0.110153     1.130565    
-1.354058    0.016190     24.248683    24.366110    -0.624948    0.007472     11.191662   
-0.305157    0.253737     13.597138    13.744621    -0.009586    0.007971     0.427145    
0.937729     -0.124412    6.248440     6.619121     0.002467     -0.000327    0.016438    
-1.359910    -1.702261    35.537648    35.658749    -0.042226    -0.052856    1.103463    
1.428268     0.400518     33.931852    34.021257    0.174152     0.048836     4.137389    
0.360396     -0.528029    197.890160   197.900983   0.015161     -0.022213    8.324894    
0.021200     -1.293524    69.333239    69.373242    0.001077     -0.065714    3.522277    
0.466662     -0.044013    10.345514    10.541553    0.000167     -0.000016    0.003697    
-0.198163    0.595279     68.990520    69.021449    -0.083824    0.251807     29.183447   
0.048585     0.419121     52.236667    52.275447    0.008921     0.076956     9.591279    
2.489592     -0.224970    157.063077   157.095301   0.012549     -0.001134    0.791679    
-0.365292    -0.910317    24.401457    24.500371    -0.014512    -0.036163    0.969374    
0.167068     0.282174     31.281167    31.344759    0.003650     0.006165     0.683477    
-0.353192    -0.838926    25.104429    25.197933    -0.007797    -0.018521    0.554233    
1.586762     -0.272957    26.661126    26.782138    0.096514     -0.016603    1.621653    
0.664026     -2.187952    29.866098    30.018108    0.062688     -0.206557    2.819556    
0.263016     1.287307     11.766450    12.002110    0.002695     0.013192     0.120576    
-1.200027    -0.145779    73.440019    73.476341    -0.147854    -0.017961    9.048439    
1.114689     -1.044119    44.834255    44.903430    0.010559     -0.009891    0.424706    
0.923882     -0.354573    38.226538    38.289978    0.021775     -0.008357    0.900942    
-0.757930    -0.451446    4.363352     4.867448     -0.049360    -0.029400    0.284160    
0.243474     1.163299     17.723115    17.871662    0.007136     0.034095     0.519443    
1.180640     -0.103125    107.345288   107.369876   0.019228     -0.001679    1.748196    
0.659442     -0.785549    81.280808    81.311110    0.072229     -0.086042    8.902779    
1.129125     -0.544736    18.992709    19.135559    0.229189     -0.110570    3.855131    
0.436063     0.835609     148.042628   148.058715   0.012917     0.024753     4.385399    
-0.490382    2.138155     112.820407   112.858900   -0.096125    0.419120     22.114996   
0.076283     -0.583757    59.942690    59.977893    0.002382     -0.018227    1.871632    
2.165582     0.495954     30.790390    30.933134    0.382009     0.087486     5.431423    
0.727862     1.795826     29.024545    29.155685    0.002354     0.005807     0.093855    
0.500994     -0.962841    26.257621    26.353665    0.014341     -0.027562    0.751634    
-0.332484    -1.833775    82.178825    82.223522    -0.000398    -0.002194    0.098310    
1.731813     -0.035101    162.943357   162.964453   0.070447     -0.001428    6.628251    
0.283957     -1.861976    47.020642    47.099505    0.000238     -0.001558    0.039353    
0.349797     -0.071789    77.924247    77.949925    0.061775     -0.012678    13.761557   
0.300723     0.048391     110.247669   110.265662   0.002345     0.000377     0.859787    
-1.914863    1.066711     49.849585    49.936566    -0.033257    0.018526     0.865776    
-1.201435    0.838971     23.747399    23.873861    -0.079733    0.055678     1.575985    
0.665506     -0.714206    50.098896    50.147057    0.031160     -0.033440    2.345701    
-0.123825    0.178792     122.149931   122.165985   -0.000422    0.000609     0.416385    
0.532067     1.773212     18.491345    18.687754    0.010195     0.033977     0.354319    
-0.398768    -0.105210    45.861551    45.905630    -0.008814    -0.002326    1.013713    
-1.374380    0.902841     30.969780    31.075814    -0.023018    0.015120     0.518671    
0.180700     0.114379     8.370820     8.601821     0.014677     0.009290     0.679893    
0.397302     0.570129     73.502777    73.532415    0.049683     0.071296     9.191678    
0.394989     -1.394507    13.310080    13.532695    0.076711     -0.270827    2.584946    
0.686931     0.825464     77.036763    77.069391    0.035422     0.042565     3.972437    
0.554346     0.388420     11.862842    12.044091    0.000489     0.000343     0.010462    
0.752466     -0.211514    13.954361    14.114180    0.012221     -0.003435    0.226628    
-0.947760    -0.266594    55.374304    55.418028    -0.041989    -0.011811    2.453298    
-0.574043    0.854999     8.785155     9.061703     -0.040300    0.060024     0.616748    
-1.211341    0.549343     26.202996    26.310474    -0.033675    0.015272     0.728433    
-0.314083    0.481178     22.748253    22.840494    -0.013100    0.020069     0.948784    
0.609444     -1.532282    26.073722    26.199871    0.062680     -0.157592    2.681626    
-1.454080    0.011646     32.983081    33.073752    -0.012290    0.000098     0.278786    
0.222305     -1.351486    28.399823    28.500892    0.012781     -0.077700    1.632773    
-0.396761    2.080508     44.803851    44.897060    -0.016883    0.088531     1.906520    
-0.992094    0.528418     7.924369     8.242211     -0.091135    0.048541     0.727944    
1.914602     2.401401     116.726768   116.783757   0.197905     0.248223     12.065571   
-0.664187    -0.055830    69.747353    69.778309    -0.010157    -0.000854    1.066611    
-1.384184    -2.101981    47.991964    48.098210    -0.204603    -0.310705    7.093937    
0.220252     0.660232     86.587181    86.612351    0.044554     0.133555     17.515293   
1.089974     0.764282     72.194606    72.233706    0.097705     0.068510     6.471521    
0.566695     -0.543610    67.258994    67.292376    0.003281     -0.003147    0.389362    
-1.071267    1.693330     51.552800    51.629266    -0.071941    0.113716     3.462047    
-0.209604    -0.373727    77.513074    77.539249    -0.006919    -0.012337    2.558821    
-1.833640    -0.595369    29.749013    29.876336    -0.079721    -0.025885    1.293388    
1.459364     -0.863837    22.898651    23.045588    0.210563     -0.124638    3.303913    
0.571485     1.014055     50.837038    50.888450    0.051900     0.092092     4.616817    
-1.704325    0.158971     63.267706    63.321463    -0.004343    0.000405     0.161211    
0.812979     0.274778     69.355452    69.388689    0.088324     0.029852     7.534920    
-0.663394    1.439034     17.255342    17.439401    -0.161880    0.351151     4.210619    
0.043490     0.899132     45.583330    45.634694    0.002932     0.060626     3.073558    
-0.121634    2.003032     35.909088    36.018946    -0.000590    0.009721     0.174268    
-0.806624    0.502450     20.792272    20.906856    -0.129764    0.080831     3.344913    
1.678907     -0.627572    29.815621    29.934241    0.099474     -0.037183    1.766557    
1.775031     -1.019869    57.198841    57.269304    0.094777     -0.054456    3.054114    
-0.245453    0.078816     59.164541    59.197841    -0.000647    0.000208     0.155908    
0.312008     1.198833     77.426518    77.461443    0.016007     0.061503     3.972180    
-0.884810    0.470794     41.384760    41.443671    -0.168233    0.089514     7.868687    
-0.384848    0.383786     10.235852    10.437577    -0.056592    0.056436     1.505190    
0.173493     0.135045     11.703338    11.869768    0.003135     0.002441     0.211507    
-0.365967    0.398967     48.300175    48.343303    -0.023399    0.025509     3.088136    
-0.178861    -0.494110    14.232616    14.377707    -0.003258    -0.009001    0.259260    
0.285944     -1.785197    19.327105    19.511039    0.000015     -0.000094    0.001021    
1.267795     -0.967588    142.841501   142.863967   0.233339     -0.178086    26.290115   
-0.229236    -1.147466    13.232280    13.428977    -0.014069    -0.070426    0.812131    
-0.712207    -0.705309    23.266685    23.371313    -0.147812    -0.146380    4.828786    
0.406757     0.913760     15.517842    15.674144    0.030656     0.068868     1.169540    
1.548574     -0.704520    21.032309    21.192626    0.018167     -0.008265    0.246734    
0.279014     -2.010295    70.986801    71.043086    0.051831     -0.373441    13.186810   
-0.593691    -0.391798    8.506228     8.759957     -0.026674    -0.017603    0.382170    
2.093610     0.629222     53.312209    53.393311    0.002052     0.000617     0.052245    
1.960778     -1.018021    14.619295    14.915756    0.033043     -0.017156    0.246365    
-0.457856    -0.437420    39.049605    39.104316    -0.024057    -0.022983    2.051785    
-0.552199    0.758411     77.507921    77.538590    -0.060425    0.082990     8.481433    
-1.462631    -0.564365    132.504946   132.528841   -0.016230    -0.006263    1.470366    
1.236959     -1.349583    13.277558    13.546954    0.053272     -0.058123    0.571825    
2.234436     -0.008024    47.067766    47.161874    0.200324     -0.000719    4.219776    
0.288803     1.578581     32.951877    33.049607    0.015285     0.083548     1.744009    
-1.719056    0.469318     15.516436    15.741987    -0.229466    0.062646     2.071192    
-0.007536    0.447213     13.482655    13.632938    -0.001800    0.106829     3.220706    
1.722871     0.966469     19.339731    19.539767    0.064087     0.035951     0.719401    
-0.635994    -2.027934    13.406364    13.715777    -0.081546    -0.260020    1.718951    
0.194677     2.206408     16.492862    16.756956    0.024555     0.278296     2.080258    
1.858665     0.246334     32.968270    33.080162    0.122557     0.016243     2.173875    
-1.197355    -2.475476    44.146382    44.275723    -0.085543    -0.176856    3.153960    
0.845437     0.681400     15.911040    16.069076    0.061221     0.049342     1.152163    
0.553135     1.301562     18.130919    18.292216    0.054445     0.128113     1.784626    
1.268295     0.787744     49.639797    49.701242    0.017368     0.010787     0.679775    
-0.747006    0.433969     41.427241    41.482980    -0.075949    0.044122     4.211983    
1.095389     0.014381     62.202842    62.243623    0.024572     0.000323     1.395364    
-0.513883    -0.644785    42.330912    42.384678    -0.012603    -0.015813    1.038155    
0.054977     -1.315703    130.981327   131.002737   0.005081     -0.121588    12.104331   
-1.310765    0.943047     34.419213    34.513253    -0.168471    0.121208     4.423852    
0.261671     1.241766     19.811781    19.949738    0.015761     0.074796     1.193335    
-0.113972    -0.076011    9.711239     9.909686     -0.001082    -0.000722    0.092197    
1.553334     0.650601     83.079711    83.120090    0.276124     0.115652     14.768402   
-0.449850    1.364796     19.302182    19.455442    -0.028713    0.087112     1.232022    
0.005586     -0.183004    14.701147    14.833482    0.001158     -0.037933    3.047248    
1.507977     -3.210723    58.880528    59.020117    0.122163     -0.260104    4.769964    
0.915210     0.766824     59.889365    59.933602    0.054027     0.045267     3.535380    
-2.150244    1.207922     26.688676    26.874579    -0.420515    0.236229     5.219402    
1.988126     -0.618630    10.011238    10.413222    0.224513     -0.069860    1.130540    
-1.554814    1.257679     43.736548    43.826473    -0.131395    0.106284     3.696098    
-0.077407    0.522649     23.151831    23.241373    -0.003393    0.022909     1.014809    
0.315877     1.066056     49.769887    49.821209    0.002160     0.007289     0.340273    
0.389910     -1.188254    38.746403    38.816526    0.017925     -0.054626    1.781242    
0.152858     -1.362126    51.886850    51.942265    0.001112     -0.009905    0.377312    
-0.453575    -0.877436    5.600113     6.017628     -0.006715    -0.012990    0.082910    
-0.223173    1.681190     38.122633    38.211076    -0.002348    0.017685     0.401028    
-0.488434    1.003330     48.977881    49.030123    -0.027478    0.056445     2.755372    
-0.290888    0.813210     20.327007    20.440354    -0.118397    0.330993     8.273500    
-0.007264    -0.171196    13.197360    13.344460    -0.000306    -0.007219    0.556539    
0.384780     -1.479692    11.356536    11.626840    0.036760     -0.141363    1.084947    
-1.216045    -0.140875    88.189259    88.219720    -0.079235    -0.009179    5.746239    
-1.305413    0.353422     24.615495    24.731084    -0.012292    0.003328     0.231785    
-1.957757    0.687515     65.666520    65.728779    -0.107280    0.037674     3.598365    
0.405156     1.129085     22.079124    22.199136    0.015840     0.044143     0.863206    
2.392130     0.405196     24.145269    24.346569    0.145283     0.024609     1.466437    
-1.706540    0.139666     24.876224    25.012662    -0.364855    0.029860     5.318488    
0.229290     -1.819420    106.423187   106.457187   0.017040     -0.135212    7.908940    
0.501082     0.063918     50.473241    50.514139    0.051036     0.006510     5.140761    
-0.951970    0.186381     51.772112    51.818602    -0.077439    0.015161     4.211474    
1.943987     -1.325959    39.144006    39.264048    0.008740     -0.005961    0.175989    
2.361135     -0.517910    107.700146   107.745253   0.248528     -0.054514    11.336279   
-0.721578    -0.716320    20.693752    20.812018    -0.072019    -0.071494    2.065390    
0.297013     -0.430675    8.134559     8.385684     0.001774     -0.002572    0.048577    
-0.305042    -0.440526    17.312068    17.431860    -0.000963    -0.001390    0.054640    
-1.380251    0.281571     70.200114    70.241835    -0.150175    0.030636     7.637962    
1.559841     0.004288     66.823996    66.871179    0.069309     0.000191     2.969202    
-0.235402    0.435300     10.003963    10.207797    -0.059896    0.110757     2.545401    
-0.046632    -0.338660    48.316294    48.357586    -0.000307    -0.002232    0.318394    
0.768754     -0.780269    66.351431    66.389661    0.049733     -0.050478    4.292435    
-1.573534    -0.165479    21.313748    21.462856    -0.053844    -0.005662    0.729325    
2.134297     -1.767824    45.216342    45.343941    0.187066     -0.154945    3.963093    
0.491204     0.092014     40.472296    40.523221    0.064638     0.012108     5.325818    
0.590516     2.387680     30.658912    30.820343    0.001933     0.007814     0.100335    
-1.207676    0.368244     35.108089    35.185891    -0.010768    0.003283     0.313025    
0.047932     0.741865     60.468518    60.505118    0.000038     0.000584     0.047610    
0.104167     -0.000544    22.868000    22.952805    0.008013     -0.000042    1.759026    
1.088654     -0.939484    47.483526    47.546062    0.001776     -0.001533    0.077484    
0.974369     -0.492583    8.864404     9.145744     0.027932     -0.014121    0.254116    
0.466357     -0.049965    31.116936    31.182665    0.028350     -0.003037    1.891632    
-0.757880    -0.107034    13.960348    14.119210    -0.057742    -0.008155    1.063628    
-1.634621    -0.821802    70.609310    70.660434    -0.243721    -0.122530    10.527804   
0.104034     0.940303     60.964027    61.003135    0.005401     0.048813     3.164750    
0.316612     0.088616     14.969121    15.101577    0.048519     0.013580     2.293935    
0.658208     0.779646     59.577715    59.618958    0.025427     0.030119     2.301568    
1.196824     -0.504814    12.467826    12.688927    0.088174     -0.037191    0.918542    
-0.370752    -1.686213    11.835468    12.121634    -0.035561    -0.161734    1.135205    
-0.153847    -0.450716    19.180794    19.287422    -0.005740    -0.016816    0.715644    
1.404267     -0.387356    46.380070    46.444675    0.073840     -0.020368    2.438783    
-0.677041    0.814203     26.690103    26.783537    -0.051311    0.061706     2.022751    
1.651937     -0.950773    38.266483    38.364456    0.110058     -0.063344    2.549445    
-0.313324    1.922397     39.812533    39.908727    -0.014344    0.088006     1.822586    
-0.381803    -0.126455    12.085279    12.251150    -0.012965    -0.004294    0.410374    
1.525207     1.322811     29.631806    29.765667    0.002928     0.002539     0.056883    
0.302945     1.097344     23.907214    24.015115    0.029275     0.106041     2.310248    
-1.503298    -0.825922    103.591812   103.624710   -0.318374    -0.174917    21.939088   
-3.420767    1.311582     41.507543    41.715381    -0.420526    0.161237     5.102654    
0.278859     -0.258784    125.923551   125.939511   0.003759     -0.003488    1.697388    
-2.244653    1.902037     60.031198    60.135479    -0.233149    0.197562     6.235347    
0.425005     1.363107     14.307846    14.513032    0.067048     0.215042     2.257188    
1.650535     -0.358886    126.274375   126.301013   0.024563     -0.005341    1.879204    
1.333786     2.393189     50.676168    50.788338    0.035357     0.063441     1.343373    
1.773824     0.727151     23.480541    23.640769    0.237859     0.097507     3.148603    
0.711001     1.702987     47.271923    47.348868    0.040146     0.096158     2.669172    
0.143809     -0.509332    89.358895    89.382141    0.006955     -0.024633    4.321628    
-1.273598    0.149194     32.895300    32.979084    -0.102492    0.012006     2.647229    
0.603037     1.909032     51.553202    51.629601    0.032165     0.101824     2.749755    
1.365618     -0.998889    26.658523    26.784594    0.022267     -0.016287    0.434674    
0.460579     -0.502299    26.671288    26.752514    0.025624     -0.027945    1.483817    
-0.972733    0.208501     26.893068    26.983361    -0.017996    0.003857     0.497534    
0.867965     0.221054     19.888501    20.005741    0.009828     0.002503     0.225191    
-0.045127    -0.490013    7.065013     7.350613     -0.002162    -0.023480    0.338530    
0.306358     -0.163273    12.226330    12.388648    0.164708     -0.087781    6.573274    
0.031007     -1.764496    45.955271    46.031254    0.003285     -0.186962    4.869314    
0.116953     0.008379     20.291712    20.387307    0.011603     0.000831     2.013231    
-1.234940    1.528345     53.456632    53.528940    -0.082741    0.102400     3.581615    
-0.104741    0.183171     16.918999    17.034436    -0.085443    0.149424     13.801854   
0.348157     0.865071     53.220962    53.265517    0.001288     0.003200     0.196856    
0.699444     -0.825618    12.640884    12.838917    0.055676     -0.065720    1.006227    
-0.247334    0.887378     32.824809    32.896681    -0.011599    0.041615     1.539380    
0.267146     0.382523     33.222897    33.284434    0.009572     0.013706     1.190433    
1.217980     0.938562     18.970837    19.134576    0.086965     0.067014     1.354539    
0.396059     0.511765     65.917101    65.949662    0.037358     0.048271     6.217510    
-1.170579    -0.882804    43.123592    43.193387    -0.065736    -0.049576    2.421686    
-0.351185    0.780843     29.887568    29.964558    -0.062368    0.138672     5.307820    
1.078175     0.970931     8.646856     8.986003     0.045807     0.041251     0.367369    
0.976370     -0.806239    32.012235    32.097686    0.165190     -0.136406    5.416083    
-0.109803    -0.324404    137.750835   137.765325   -0.000121    -0.000359    0.152374    
0.131867     0.244942     9.550367     9.755094     0.007232     0.013433     0.523773    
-1.376962    -0.283189    13.746278    13.957483    -0.078776    -0.016201    0.786423    
-0.079969    0.547637     39.744893    39.797460    -0.001729    0.011838     0.859126    
-0.672281    -0.338499    14.286380    14.440989    -0.026967    -0.013578    0.573060    
0.196907     -2.281486    16.670010    16.941315    0.008773     -0.101648    0.742705    
-2.395626    -0.818397    38.110740    38.245421    -0.227343    -0.077665    3.616675    
0.662510     -1.014659    43.387783    43.449317    0.013499     -0.020674    0.884033    
1.020704     0.778194     13.546404    13.748725    0.005433     0.004143     0.072111    
-1.181123    0.361731     8.976704     9.272652     -0.028115    0.008611     0.213680    
2.660763     1.893237     62.642791    62.758731    0.410904     0.292374     9.673979    
-0.108494    1.051065     75.222593    75.255764    -0.001370    0.013268     0.949582    
0.123932     0.426604     74.433026    74.460377    0.013050     0.044921     7.837754    
-0.112861    -2.317638    37.837039    37.959198    -0.016517    -0.339179    5.537336    
0.570900     -0.641296    30.891597    30.966157    0.005239     -0.005885    0.283468    
0.835183     0.469862     32.308203    32.382298    0.079833     0.044913     3.088252    
-0.023461    -0.161087    5.889917     6.212292     -0.001070    -0.007349    0.268702    
-0.599410    -1.840729    30.781455    30.905024    -0.002418    -0.007426    0.124177    
0.017759     -0.447243    65.780239    65.811209    0.000086     -0.002158    0.317354    
-0.766382    -0.129697    115.317561   115.336980   -0.056629    -0.009583    8.520980    
-1.624410    -0.596559    73.774223    73.820767    -0.047071    -0.017287    2.137776    
0.263424     -1.233384    22.101262    22.224567    0.006418     -0.030051    0.538497    
1.822117     1.756248     24.696679    24.903924    0.033073     0.031878     0.448268    
-1.176968    -0.265928    37.381684    37.452920    -0.062643    -0.014154    1.989615    
-1.093737    -0.698040    17.583342    17.740699    -0.317868    -0.202869    5.110175    
0.729956     -1.359028    53.543108    53.601485    0.028179     -0.052464    2.066996    
-1.124881    -0.316202    75.636801    75.671434    -0.017905    -0.005033    1.203920    
0.361876     0.336936     5.040893     5.434155     0.028526     0.026560     0.397362    
-0.655030    -0.437670    18.598456    18.718924    -0.042264    -0.028239    1.200000    
-1.021494    0.460641     17.311532    17.459088    -0.006487    0.002925     0.109932    
2.441646     -0.943188    136.100912   136.140312   0.109107     -0.042147    6.081764    
-0.197441    -0.838795    32.449219    32.520291    -0.004866    -0.020672    0.799712    
-0.201393    0.981728     87.256414    87.284370    -0.001696    0.008270     0.735024    
-0.717905    -0.267296    50.434981    50.479195    -0.219375    -0.081679    15.411729   
0.823373     -0.090915    50.945857    50.990602    0.165137     -0.018234    10.217755   
-0.230793    -0.910782    31.362192    31.437952    -0.004571    -0.018038    0.621121    
1.767938     0.041046     30.370714    30.485776    0.012656     0.000294     0.217409    
0.318899     -0.813566    18.840840    18.963538    0.026986     -0.068847    1.594383    
0.970037     -1.968004    61.071457    61.142553    0.293744     -0.595947    18.493520   
-0.055100    0.644969     40.498081    40.551060    -0.001362    0.015941     1.000959    
-0.408029    1.118362     12.885611    13.089353    -0.017776    0.048722     0.561371    
-1.223834    -0.706001    51.169067    51.226405    -0.046402    -0.026768    1.940071    
1.382544     0.012380     42.363092    42.431334    0.248496     0.002225     7.614251    
-0.113481    -1.195703    15.280504    15.453522    -0.018028    -0.189950    2.427468    
0.357369     0.198083     89.187225    89.209881    0.010474     0.005806     2.613974    
0.977279     -0.104098    55.640035    55.683519    0.174500     -0.018587    9.934902    
0.183032     -0.266871    18.926226    19.031072    0.024412     -0.035594    2.524268    
-0.222624    -0.037279    6.828273     7.109938     -0.005667    -0.000949    0.173814    
-1.245154    0.211890     45.989238    46.048673    -0.104895    0.017850     3.874258    
-0.193865    1.365666     101.043489   101.072075   -0.005490    0.038677     2.861630    
0.166388     -0.125903    6.259663     6.565202     0.004230     -0.003201    0.159151    
-0.830718    0.319031     22.817704    22.919740    -0.002928    0.001124     0.080412    
-0.158912    -3.818430    88.129744    88.234530    -0.001033    -0.024820    0.572852    
3.184637     -0.716170    161.467319   161.512305   0.149717     -0.033669    7.590948    
-0.770648    -2.427341    45.650448    45.763788    -0.156345    -0.492446    9.261310    
1.096281     -0.025995    38.878964    38.944207    0.140733     -0.003337    4.991015    
-1.513952    -0.596278    14.284051    14.510571    -0.008389    -0.003304    0.079150    
-0.601521    1.124856     29.739031    29.831393    -0.098762    0.184687     4.882765    
-0.160405    -1.043206    82.396896    82.427164    -0.016578    -0.107816    8.515779    
0.346321     1.332993     22.595800    22.723159    0.029043     0.111787     1.894921    
1.870208     1.516098     87.168145    87.223602    0.031271     0.025350     1.457526    
1.903139     -0.425437    18.156907    18.367122    0.093667     -0.020939    0.893632    
0.776860     -1.262001    15.820802    16.011523    0.164008     -0.266429    3.340036    
0.637594     0.004312     45.018184    45.065712    0.056766     0.000384     4.008012    
0.227113     1.174233     4.992088     5.497845     0.009761     0.050466     0.214548    
-1.458165    -0.007221    76.472412    76.511640    -0.200115    -0.000991    10.494894   
0.642825     -0.941732    11.286774    11.513744    0.005645     -0.008269    0.099111    
-0.519754    0.098561     9.762416     9.972942     -0.010919    0.002070     0.205081    
-0.718637    -0.673440    88.942436    88.969668    -0.018119    -0.016980    2.242541    
0.890006     -0.670836    98.718252    98.744166    0.022859     -0.017230    2.535515    
-1.091013    -1.042689    11.754982    12.013828    -0.143907    -0.137533    1.550503    
1.356690     -0.460400    26.205608    26.318461    0.154931     -0.052577    2.992631    
-0.476924    -1.315123    21.187698    21.324880    -0.022926    -0.063219    1.018503    
-0.264543    1.386247     22.652627    22.781750    -0.012206    0.063963     1.045222    
1.868291     1.677388     21.776207    22.008687    0.005314     0.004771     0.061933    
-1.291405    0.643167     31.761179    31.854809    -0.104268    0.051929     2.564393    
-1.960978    -0.534679    12.957375    13.262724    -0.268339    -0.073165    1.773077    
0.421579     -0.895765    13.458529    13.637708    0.013465     -0.028611    0.429869    
-1.879678    -1.426705    41.966166    42.078531    -0.005461    -0.004145    0.121934    
-0.228370    0.145748     10.337581    10.526820    -0.004920    0.003140     0.222714    
-0.225030    -0.475271    77.833994    77.860658    -0.022365    -0.047235    7.735590    
0.589533     0.348159     10.299081    10.507844    0.008578     0.005066     0.149851    
-1.522567    0.650986     20.787381    20.945935    -0.022647    0.009683     0.309198    
0.427161     3.051123     32.406241    32.611826    0.039199     0.279994     2.973842    
1.659683     -2.193302    60.577443    60.671794    0.089261     -0.117961    3.257989    
-1.284390    0.564762     151.074719   151.094057   -0.151427    0.066584     17.811349   
0.557312     0.871464     30.247501    30.329133    0.003043     0.004759     0.165178    
-0.764780    -0.720163    150.667509   150.684029   -0.039927    -0.037598    7.865903    
1.617582     1.440667     30.460434    30.600737    0.128480     0.114428     2.419390    
1.688327     0.352131     38.875651    38.963645    0.264616     0.055190     6.093074    
-1.026946    0.126913     38.297467    38.361982    -0.086886    0.010738     3.240206    
0.137869     -0.217812    12.960826    13.111995    0.014972     -0.023653    1.407468    
0.991818     0.136704     48.014962    48.065725    0.093339     0.012865     4.518630    
-0.218526    1.119209     95.629846    95.656901    -0.013234    0.067781     5.791505    
-1.323424    -2.145634    36.094769    36.236205    -0.067712    -0.109780    1.846769    
1.275927     -0.012091    15.456219    15.633227    0.020861     -0.000198    0.252706    
-0.085107    0.086104     18.097142    18.204289    -0.002258    0.002285     0.480149    
-0.172801    1.650935     11.608910    11.891055    -0.006288    0.060075     0.422427    
-1.737496    2.439569     42.380104    42.531383    -0.054237    0.076153     1.322925    
1.379692     0.643694     12.717499    12.958690    0.217897     0.101660     2.008495    
0.202459     -1.313445    100.570093   100.598135   0.000617     -0.004001    0.306380    
-0.603075    1.628585     55.084517    55.147030    -0.035784    0.096633     3.268461    
-0.595407    -1.382108    30.093646    30.195483    -0.017183    -0.039888    0.868502    
0.547867     -0.469392    36.749028    36.808783    0.088791     -0.076073    5.955831    
1.796112     -1.288677    79.271642    79.326887    0.024271     -0.017414    1.071184    
-2.375986    -0.479521    28.335541    28.507071    -0.117834    -0.023781    1.405261    
-0.377315    -0.762905    42.228551    42.282974    -0.025041    -0.050632    2.802580    
1.470485     -0.337642    32.784359    32.878040    0.081189     -0.018642    1.810095    
1.261725     0.383726     41.924489    41.991391    0.032643     0.009928     1.084643    
0.943030     1.341898     16.125549    16.327838    0.043064     0.061279     0.736382    
-0.746808    -0.765577    16.862498    17.010662    -0.133684    -0.137044    3.018514    
-0.777005    0.781822     19.848042    19.975853    -0.034409    0.034622     0.878942    
0.024068     0.047403     74.673280    74.699240    0.002666     0.005251     8.271758    
1.408651     1.304524     22.856601    23.021408    0.050977     0.047209     0.827149    
0.693386     0.325829     123.555937   123.573992   0.134321     0.063119     23.934960   
-0.370944    -1.150561    160.250408   160.267057   -0.020061    -0.062225    8.666679    
1.557978     0.027378     24.490805    24.619149    0.094249     0.001656     1.481561    
0.185207     -1.194004    6.581679     6.975199     0.000488     -0.003147    0.017347    
1.382169     1.091950     34.652305    34.752841    0.098949     0.078172     2.480739    
-0.308273    0.753756     92.303515    92.328094    -0.013079    0.031979     3.916041    
-0.325236    1.298894     46.465163    46.526113    -0.027093    0.108202     3.870699    
-0.647240    -0.049354    44.316028    44.364475    -0.024253    -0.001849    1.660579    
0.018224     1.376374     23.298329    23.421824    0.000527     0.039818     0.674020    
-1.877942    -1.522062    108.759591   108.804260   -0.054138    -0.043878    3.135344    
-0.571007    1.134285     30.814761    30.903675    -0.007305    0.014510     0.394194    
0.554551     0.403676     106.946123   106.966437   0.032207     0.023445     6.211205    
-1.313499    -1.763060    18.081133    18.320370    -0.054454    -0.073091    0.749587    
-2.943882    -0.286631    18.656473    18.991775    -0.473742    -0.046126    3.002277    
-1.122171    0.794237     17.853982    18.014708    -0.188397    0.133341     2.997429    
-1.968271    1.493796     25.295122    25.491640    -0.111499    0.084621     1.432922    
-1.303496    -1.480122    36.237456    36.344436    -0.075288    -0.085489    2.093014    
0.690072     -0.608819    75.787638    75.818783    0.022232     -0.019614    2.441599    
-0.029585    -0.020547    9.132845     9.342650     -0.002144    -0.001489    0.661899    
-0.690951    -0.368146    16.389369    16.525717    -0.059553    -0.031731    1.412608    
0.389419     -0.576579    49.352885    49.397027    0.011122     -0.016468    1.409578    
0.978917     -1.422816    10.766924    11.080808    0.021227     -0.030853    0.233473    
-1.416190    1.051350     72.782207    72.830183    -0.149558    0.111029     7.686225    
0.245418     0.687778     31.734201    31.803581    0.000804     0.002254     0.103999    
-0.791692    -0.283809    109.376736   109.397681   -0.052413    -0.018789    7.241158    
1.437379     2.301397     116.850199   116.898274   0.025045     0.040099     2.035988    
0.200375     -1.203426    45.994445    46.052713    0.029197     -0.175356    6.702029    
0.175534     0.078362     118.691271   118.707750   0.022416     0.010007     15.157300   
-1.317938    -1.368699    47.365171    47.444122    -0.036266    -0.037662    1.303343    
0.507154     -2.156602    32.396768    32.532041    0.044746     -0.190274    2.858324    
0.663038     0.702784     30.243818    30.323209    0.057752     0.061214     2.634281    
0.500000     -1.475473    47.771780    47.837694    0.006936     -0.020468    0.662700    
-1.048086    0.493629     6.309470     6.710180     -0.171976    0.080998     1.035296    
-0.731148    -1.432143    96.395626    96.429131    -0.028462    -0.055750    3.752485    
-0.870798    -0.545938    19.944207    20.067453    -0.015230    -0.009548    0.348809    
-0.731774    -0.267217    150.365153   150.380056   -0.055717    -0.020346    11.448789   
0.366062     -0.340862    145.328437   145.342629   0.024043     -0.022388    9.545080    
-1.096284    0.794410     74.782646    74.820800    -0.062794    0.045503     4.283472    
0.720503     1.337286     90.206609    90.240871    0.021041     0.039054     2.634371    
-0.638097    1.634975     75.514649    75.560687    -0.014477    0.037095     1.713287    
-0.103804    0.518015     26.233238    26.312294    -0.021166    0.105626     5.349075    
0.781576     0.931005     59.567943    59.612855    0.021299     0.025371     1.623328    
-0.952995    0.277530     22.329402    22.437967    -0.006276    0.001828     0.147060    
-0.669721    0.181409     19.909254    20.018361    -0.205989    0.055797     6.123573    
0.665378     1.751193     52.437737    52.508101    0.018813     0.049514     1.482656    
0.312028     -1.023214    25.340911    25.439753    0.032204     -0.105604    2.615390    
-1.342216    -0.909788    27.399835    27.518269    -0.055026    -0.037298    1.123294    
-0.283638    -0.506053    7.183671     7.471052     -0.079462    -0.141771    2.012513    
0.801920     1.703203     30.669392    30.790105    0.079302     0.168430     3.032903    
-0.887580    1.145253     19.645258    19.796730    -0.006606    0.008523     0.146203    
1.190116     0.298579     26.716744    26.817250    0.006711     0.001684     0.150665    
0.536578     -1.024632    24.464708    24.571013    0.011221     -0.021428    0.511616    
1.454104     -1.515217    23.432641    23.608768    0.008256     -0.008603    0.133051    
-0.117477    -0.877400    22.505622    22.608883    -0.017891    -0.133624    3.427499    
-0.925824    0.193388     68.544241    68.579024    -0.006579    0.001374     0.487053    
-0.497424    0.218021     133.074408   133.090075   -0.008954    0.003925     2.395474    
-1.816091    -0.523243    81.579601    81.625230    -0.285907    -0.082374    12.843052   
-0.965049    1.534207     26.389527    26.524841    -0.082135    0.130576     2.246001    
2.490575     1.692529     59.235757    59.344903    0.976850     0.663841     23.233368   
2.192481     -0.575246    12.479093    12.835131    0.091331     -0.023963    0.519833    
-0.626575    1.856254     40.644420    40.739196    -0.104280    0.308932     6.764364    
0.187782     -1.119599    35.696958    35.769212    0.016551     -0.098681    3.146324    
-0.935429    -0.589129    20.641155    20.764256    -0.088707    -0.055867    1.957398    
1.053586     0.348284     40.837629    40.900101    0.016330     0.005398     0.632953    
1.019609     1.302736     29.272028    29.384746    0.049243     0.062918     1.413735    
-0.284393    -0.900514    34.834856    34.903208    -0.005066    -0.016042    0.620554    
-0.971365    1.798931     9.776924     10.180516    -0.011115    0.020585     0.111876    
0.322602     -1.357798    35.273928    35.356367    0.009458     -0.039806    1.034114    
-0.568708    -1.341805    27.058701    27.169323    -0.041388    -0.097649    1.969186    
0.795493     -1.383910    31.609278    31.710714    0.051397     -0.089414    2.042276    
0.629793     2.626464     76.089023    76.162388    0.033004     0.137640     3.987464    
0.012702     -0.770119    18.243435    18.365487    0.001247     -0.075610    1.791132    
-0.257163    0.293201     11.900613    12.068622    -0.007967    0.009083     0.368671    
-0.949760    0.898840     35.644156    35.722413    -0.013111    0.012408     0.492041    
-0.652475    -0.739034    8.887443     9.156063     -0.051227    -0.058023    0.697766    
-0.550898    2.450673     115.634276   115.678304   -0.016011    0.071223     3.360646    
0.409538     0.847119     9.807556     10.047310    0.049510     0.102411     1.185669    
0.691345     0.269415     39.009671    39.066353    0.041257     0.016078     2.327954    
-0.194387    -1.527381    21.096101    21.243613    -0.010476    -0.082311    1.136879    
0.052999     -0.723998    50.708589    50.751974    0.001683     -0.022992    1.610336    
-0.443736    -0.601762    18.460865    18.580568    -0.013470    -0.018268    0.560417    
1.879256     0.882752     12.204225    12.535108    0.055326     0.025989     0.359297    
0.977184     1.063200     15.935166    16.121097    0.059033     0.064229     0.962662    
-0.947775    -0.487408    31.372763    31.452521    -0.004281    -0.002202    0.141718    
-0.267662    0.291952     54.472975    54.509970    -0.011153    0.012165     2.269823    
-0.770779    -0.709912    62.840127    62.879683    -0.106049    -0.097675    8.645981    
-0.216252    0.383920     14.177839    14.320622    -0.006888    0.012228     0.451560    
0.399870     -1.528335    115.196749   115.224397   0.042490     -0.162402    12.240882   
-0.863036    1.248805     53.371512    53.429371    -0.070977    0.102703     4.389327    
-0.189681    2.363641     56.045427    56.130096    -0.001013    0.012621     0.299258    
0.379739     0.941098     65.419140    65.456616    0.001911     0.004736     0.329219    
0.573188     -0.489792    41.323510    41.377239    0.017410     -0.014877    1.255180    
0.354299     0.212060     10.889396    11.073590    0.023488     0.014058     0.721898    
-0.735401    1.994247     29.733682    29.874481    -0.049120    0.133203     1.986017    
0.013745     1.234174     33.369169    33.449959    0.000021     0.001869     0.050523    
-1.119153    -1.134758    39.091789    39.173755    -0.129497    -0.131303    4.523320    
1.169005     -0.026799    46.545133    46.601413    0.002080     -0.000048    0.082826    
1.621559     0.645696     71.146521    71.195145    0.085836     0.034180     3.766108    
2.261389     1.566877     78.659405    78.732115    0.211442     0.146505     7.354741    
-0.537137    0.013706     14.711442    14.852279    -0.013832    0.000353     0.378852    
1.060133     1.632773     25.472916    25.622924    0.049486     0.076217     1.189055    
0.599596     0.337100     14.742335    14.889075    0.000981     0.000552     0.024119    
1.850399     0.665604     37.070419    37.174695    0.341806     0.122951     6.847660    
1.631449     -1.039842    29.205183    29.335313    0.040038     -0.025519    0.716734    
0.247269     -0.504512    12.626414    12.791285    0.019783     -0.040365    1.010210    
2.203090     -0.387668    52.547007    52.631424    0.116739     -0.020542    2.784391    
0.451807     -0.127758    17.167274    17.286142    0.023348     -0.006602    0.887147    
-0.519561    1.824097     42.817717    42.904885    -0.067033    0.235342     5.524270    
0.519315     -1.144322    18.250218    18.399037    0.016402     -0.036143    0.576428    
-0.328956    -1.482097    59.404757    59.456748    -0.013333    -0.060070    2.407703    
1.615425     0.377541     29.973168    30.083515    0.050644     0.011836     0.939664    
-0.383618    -1.469521    79.066933    79.106014    -0.111537    -0.427264    22.988760   
-0.457628    0.965790     21.476095    21.592587    -0.041820    0.088258     1.962578    
0.082304     2.980087     64.909394    65.007631    0.011233     0.406737     8.859163    
-0.529411    -1.553582    65.109506    65.159931    -0.001744    -0.005117    0.214465    
-0.595454    2.172752     35.410627    35.536782    -0.040383    0.147354     2.401509    
-0.592738    1.058013     91.380569    91.409814    -0.000956    0.001706     0.147326    
-0.530458    0.767914     11.353225    11.560353    -0.024310    0.035192     0.520289    
-0.213257    1.932239     36.650019    36.754290    -0.011916    0.107967     2.047887    
-0.357601    0.194924     24.584735    24.666779    -0.017277    0.009418     1.187789    
-1.019370    -0.128969    15.411428    15.570575    -0.082571    -0.010447    1.248352    
-0.393443    -0.461784    52.437199    52.477642    -0.130175    -0.152787    17.349495   
2.504571     1.030164     51.403365    51.512280    0.305530     0.125669     6.270653    
-1.155925    -0.430144    11.307914    11.544048    -0.212304    -0.079003    2.076879    
-0.367423    2.912282     158.842603   158.881918   -0.007424    0.058847     3.209653    
-0.978988    -0.962226    26.778726    26.886045    -0.056571    -0.055603    1.547419    
-0.468620    -1.113512    113.517296   113.540789   -0.000397    -0.000943    0.096087    
1.097506     -0.353464    37.335189    37.404822    0.015223     -0.004903    0.517855    
-0.802646    -1.187598    51.566439    51.623902    -0.034666    -0.051291    2.227108    
-0.048439    1.178818     11.044474    11.280396    -0.000614    0.014938     0.139958    
-0.425039    0.595615     44.384602    44.434258    -0.018577    0.026032     1.939877    
-1.919655    -0.900489    53.176618    53.255268    -0.106382    -0.049903    2.946900    
-0.791703    0.874849     18.142783    18.287364    -0.037438    0.041370     0.857943    
-0.842186    -0.167616    30.647431    30.722587    -0.045664    -0.009088    1.661711    
-0.964178    -0.792234    36.729890    36.803764    -0.023355    -0.019190    0.889714    
-0.129404    -0.125098    9.466581     9.670755     -0.009128    -0.008825    0.667790    
-0.533570    -1.209497    27.435785    27.538062    -0.115604    -0.262052    5.944297    
0.529986     1.404492     34.500416    34.589119    0.011018     0.029199     0.717253    
-0.327860    -0.561726    42.404005    42.454654    -0.004681    -0.008021    0.605459    
2.520373     0.189173     15.401062    15.730726    0.319013     0.023944     1.949371    
-0.336988    -0.107067    49.665694    49.705947    -0.045406    -0.014426    6.691995    
-1.825222    -0.987893    19.210517    19.422314    -0.113386    -0.061370    1.193390    
-0.861599    -0.714818    48.084076    48.137373    -0.177683    -0.147413    9.916115    
0.662708     1.028922     41.529271    41.593908    0.028079     0.043595     1.759587    
0.326432     1.571630     66.241167    66.289847    0.013837     0.066618     2.807838    
1.705386     0.567815     38.216323    38.309177    0.368123     0.122568     8.249342    
-0.731829    0.098263     17.913016    18.035973    -0.118250    0.015878     2.894423    
-0.287838    0.339826     58.478192    58.513009    -0.010421    0.012304     2.117224    
-0.826536    -0.646205    30.312032    30.393996    -0.002615    -0.002045    0.095911    
0.772330     0.687207     76.417986    76.450326    0.050185     0.044654     4.965531    
0.097626     1.052165     48.462530    48.514002    0.018280     0.197015     9.074462    
0.639728     -0.416642    31.039445    31.111170    0.020626     -0.013433    1.000745    
1.034357     0.413607     104.911930   104.936309   0.082753     0.033090     8.393385    
0.403775     0.525917     6.530869     6.853235     0.043445     0.056587     0.702694    
0.458130     2.295644     28.552914    28.716262    0.069497     0.348241     4.331376    
-0.974389    1.959008     20.907738    21.113872    -0.097696    0.196418     2.096295    
0.476271     -0.440969    67.644235    67.675984    0.007287     -0.006747    1.034952    
-0.686384    -1.244221    20.696117    20.838028    -0.004252    -0.007707    0.128204    
-1.063342    1.350005     11.477450    11.771152    -0.255300    0.324125     2.755645    
0.731873     -0.459562    14.978270    15.131767    0.116703     -0.073281    2.388407    
0.963924     1.544665     44.929352    45.009296    0.034921     0.055959     1.627677    
-0.499989    -0.279305    31.823350    31.889318    -0.033866    -0.018919    2.155534    
0.478741     0.548336     7.344748     7.638726     0.050892     0.058290     0.780775    
-1.343595    0.017329     45.122831    45.185732    -0.029267    0.000377     0.982899    
-0.097065    -0.474696    107.047062   107.066256   -0.008133    -0.039773    8.969177    
0.430923     -0.796097    42.073340    42.129091    0.047206     -0.087210    4.608994    
-1.303626    -0.650192    46.564821    46.629172    -0.135909    -0.067785    4.854597    
0.042702     0.269452     82.633615    82.657509    0.000449     0.002832     0.868414    
1.457559     0.978765     41.228115    41.312406    0.037887     0.025442     1.071671    
-0.124009    -0.039055    67.832094    67.860775    -0.002244    -0.000707    1.227492    
0.878108     1.518892     25.684639    25.819639    0.117155     0.202647     3.426779    
0.995319     -1.024463    71.690699    71.731942    0.013909     -0.014316    1.001821    
0.483443     -1.119906    32.098100    32.181530    0.006027     -0.013961    0.400148    
-2.147961    0.489642     53.212800    53.294751    -0.076755    0.017497     1.901491    
-1.614119    -0.957965    55.863255    55.929431    -0.070243    -0.041689    2.431066    
0.241377     0.947463     6.060382     6.446637     0.004292     0.016847     0.107762    
-0.943406    0.722522     77.943085    77.976994    -0.184884    0.141596     15.274894   
-0.942895    -1.691448    37.989835    38.090059    -0.054320    -0.097444    2.188577    
-0.923188    0.677350     8.479416     8.779893     -0.108689    0.079746     0.998302    
1.055892     -0.347455    57.109180    57.153906    0.224191     -0.073773    12.125635   
0.846293     0.277368     32.293023    32.365219    0.022786     0.007468     0.869460    
0.485988     2.507356     98.788824    98.841437    0.003580     0.018472     0.727784    
0.817397     -0.024939    17.142252    17.274273    0.016310     -0.000498    0.342048    
0.924179     0.808540     67.606672    67.646470    0.140354     0.122792     10.267321   
1.639058     -1.023604    15.598059    15.840097    0.429375     -0.268148    4.086141    
-1.580544    0.711086     42.517753    42.598568    -0.224720    0.101102     6.045132    
-0.377216    0.212511     65.908824    65.939635    -0.012170    0.006856     2.126381    
0.072940     0.820386     18.326567    18.450375    0.003089     0.034741     0.776074    
0.841412     2.026344     69.566737    69.629160    0.054040     0.130143     4.467970    
0.527945     0.115184     45.589892    45.635570    0.037483     0.008178     3.236746    
-1.586959    0.488112     23.057993    23.201351    -0.206290    0.063450     2.997327    
-1.647132    0.408109     23.933691    24.074387    -0.203613    0.050449     2.958607    
-0.895588    -0.326764    23.932147    24.031884    -0.114612    -0.041817    3.062700    
0.250517     1.461986     14.405029    14.614376    0.008995     0.052492     0.517210    
0.750123     1.825820     33.787205    33.902013    0.060396     0.147007     2.720389    
-0.360167    -0.700100    35.418757    35.482152    -0.026877    -0.052244    2.643055    
-0.886312    1.277421     111.491184   111.519399   -0.000139    0.000201     0.017514    
0.072815     1.549029     39.961870    40.040364    0.000798     0.016978     0.437989    
0.284512     -0.835842    28.061126    28.143940    0.002560     -0.007521    0.252487    
0.499817     0.986746     32.655988    32.733958    0.024737     0.048837     1.616229    
