1.679216     0.067546     21.108554    21.266648    0.107964     0.004343     1.357162    
1.022684     1.809569     96.483217    96.525678    0.100899     0.178533     9.519101    
-0.613630    -1.087307    63.058286    63.101357    -0.012928    -0.022907    1.328496    
0.022157     1.558034     87.605362    87.641328    0.002164     0.152153     8.555303    
0.461157     1.926544     22.538352    22.710713    0.030852     0.128889     1.507854    
-2.061931    0.763780     90.010355    90.058724    -0.079763    0.029546     3.481934    
-0.471973    0.906092     22.085319    22.196397    -0.028494    0.054703     1.333333    
2.169465     0.908390     54.229697    54.316358    0.502186     0.210274     12.553055   
-1.792840    -0.918337    19.233146    19.438274    -0.110417    -0.056558    1.184521    
-0.362602    0.355284     70.599403    70.628666    -0.002330    0.002283     0.453727    
-0.409655    0.565683     61.170142    61.205793    -0.035468    0.048977     5.296127    
0.980661     1.486063     29.108715    29.229477    0.179174     0.271514     5.318366    
-1.225392    -0.202355    21.690288    21.814813    -0.218095    -0.036015    3.860431    
-0.998826    -0.901616    19.847084    19.989804    -0.084389    -0.076176    1.676847    
0.583599     0.590668     30.965365    31.038979    0.016880     0.017085     0.895644    
2.349555     -0.110682    63.669545    63.743381    0.295866     -0.013938    8.017534    
0.682787     -0.761602    24.261407    24.362616    0.083978     -0.093671    2.983973    
0.472781     -0.560547    48.273938    48.319621    0.022113     -0.026218    2.257890    
-1.428584    1.105835     34.794053    34.896487    -0.126974    0.098288     3.092543    
-0.986163    1.321474     38.898662    38.983325    -0.089163    0.119479     3.516973    
-1.773970    -0.542242    27.112162    27.246748    -0.414161    -0.126595    6.329762    
-0.536580    1.395440     17.995480    18.164455    -0.026349    0.068525     0.883691    
-2.543222    -1.023545    18.617110    18.920554    -0.115284    -0.046397    0.843913    
1.070519     1.471445     21.247724    21.416159    0.000595     0.000817     0.011804    
1.025238     -1.902039    73.795317    73.853183    0.112626     -0.208945    8.106665    
-0.640774    -0.880994    26.738474    26.832959    -0.014328    -0.019700    0.597887    
-2.022502    0.259276     24.637022    24.799507    -0.126069    0.016161     1.535702    
-2.541283    0.805624     66.308385    66.391144    -0.465001    0.147412     12.133042   
-1.712433    0.811733     106.474434   106.509489   -0.035155    0.016664     2.185816    
1.175181     -0.871665    8.096094     8.459465     0.001999     -0.001483    0.013772    
0.137591     0.302880     22.326267    22.415348    0.008422     0.018540     1.366612    
0.729684     0.588955     86.722843    86.750250    0.069286     0.055924     8.234672    
0.780212     -0.677132    14.157852    14.331328    0.049869     -0.043280    0.904922    
0.752143     -0.516160    29.783543    29.862460    0.001176     -0.000807    0.046579    
0.058140     -0.115459    11.639688    11.805676    0.006484     -0.012876    1.298097    
0.669178     0.479545     56.211353    56.251835    0.150711     0.108002     12.659783   
-0.693618    -0.435752    12.554003    12.733771    -0.009983    -0.006271    0.180679    
-0.533538    0.520816     112.577049   112.596726   -0.073682    0.071925     15.546877   
-1.617481    -0.085169    6.021831     6.539182     -0.015941    -0.000839    0.059349    
0.871893     0.752108     99.580778    99.606889    0.065009     0.056077     7.424782    
0.449765     -1.424176    31.543801    31.640432    0.080812     -0.255889    5.667643    
0.596681     -0.179137    42.167840    42.218359    0.021065     -0.006324    1.488707    
-0.341544    -1.547048    74.302729    74.345683    -0.053075    -0.240405    11.546333   
-0.695018    0.163677     30.042253    30.115142    -0.011034    0.002598     0.476943    
-0.862809    -1.119767    42.189224    42.258772    -0.053429    -0.069341    2.612552    
0.225261     -0.414179    29.752479    29.821255    0.002643     -0.004860    0.349104    
3.653372     0.611091     56.047419    56.204170    0.244565     0.040908     3.751943    
1.230688     -0.629778    17.209438    17.376735    0.461206     -0.236012    6.449320    
0.168698     -0.103478    80.650111    80.674374    0.008522     -0.005228    4.074360    
-1.107815    0.371741     11.406049    11.633501    -0.071552    0.024010     0.736696    
1.415834     -0.140342    32.116605    32.208315    0.052939     -0.005247    1.200851    
3.397833     0.094962     70.771594    70.880518    0.050281     0.001405     1.047271    
1.148976     -1.490049    24.490132    24.641062    0.039236     -0.050883    0.836305    
-1.656609    1.154135     17.248408    17.477382    -0.163198    0.113698     1.699202    
-1.840634    0.974129     32.948063    33.072445    -0.021416    0.011334     0.383352    
0.668766     -1.153208    36.283539    36.361343    0.027976     -0.048242    1.517836    
0.058004     -0.582332    145.678908   145.693383   0.005125     -0.051457    12.872771   
0.553051     0.075594     81.368378    81.394100    0.012695     0.001735     1.867744    
0.372021     -0.707035    40.129078    40.185273    0.038870     -0.073873    4.192803    
0.364922     1.153236     14.629190    14.810512    0.022131     0.069938     0.887191    
0.510518     2.090147     22.106892    22.298407    0.003268     0.013378     0.141500    
2.366730     -0.057286    59.634633    59.714061    0.225665     -0.005462    5.686100    
-1.055629    1.327068     75.843643    75.888132    -0.060167    0.075638     4.322805    
0.907937     -0.173225    21.903157    22.010852    0.091162     -0.017393    2.199209    
-0.304781    -0.824542    35.181132    35.247124    -0.025163    -0.068075    2.904599    
-0.322708    -1.305891    10.778259    11.038809    -0.001447    -0.005855    0.048328    
-1.346939    0.056368     23.949412    24.067961    -0.123303    0.005160     2.192403    
-0.420058    0.572114     32.841843    32.908439    -0.049167    0.066965     3.844090    
-1.376855    -0.934961    82.800215    82.840331    -0.007972    -0.005414    0.479421    
-1.739880    -1.056721    38.539090    38.642985    -0.013548    -0.008229    0.300104    
-0.434354    0.008709     15.926121    16.053194    -0.005351    0.000107     0.196203    
-0.877986    -0.763420    21.523738    21.644859    -0.022386    -0.019465    0.548794    
-0.081970    -0.472470    11.597487    11.773131    -0.003475    -0.020030    0.491657    
-0.908539    0.716520     21.655229    21.775278    -0.058124    0.045840     1.385408    
-0.044196    -0.981518    101.715294   101.739084   -0.003408    -0.075683    7.843050    
-1.265759    1.699512     61.776176    61.843846    -0.044612    0.059900     2.177319    
-0.828754    -1.050296    29.787385    29.882323    -0.046739    -0.059233    1.679905    
1.610981     -0.013798    48.609255    48.675764    0.026258     -0.000225    0.792287    
0.932643     -0.032164    74.277883    74.309823    0.005001     -0.000172    0.398288    
0.597206     -0.138738    122.784082   122.801391   0.051326     -0.011924    10.552497   
-1.911926    -0.266091    37.913623    38.013734    -0.113175    -0.015751    2.244258    
0.570807     -0.838969    26.888600    26.979649    0.018314     -0.026918    0.862715    
-0.692347    2.146428     46.503829    46.600081    -0.193543    0.600026     12.999975   
-1.611731    -0.423243    31.151253    31.257836    -0.111851    -0.029372    2.161840    
-0.324132    -2.114344    17.492951    17.732845    -0.024213    -0.157942    1.306727    
-0.258064    1.223229     67.466948    67.507236    -0.005663    0.026844     1.480588    
1.729952     0.411488     71.528389    71.577563    0.114463     0.027226     4.732721    
0.097349     0.195121     54.284965    54.321081    0.001836     0.003680     1.023789    
1.883909     -0.628340    38.571485    38.672707    0.024413     -0.008143    0.499843    
-0.162119    -0.323511    41.690601    41.738616    -0.009212    -0.018383    2.368966    
-0.478837    -0.875843    25.229602    25.325959    -0.002268    -0.004149    0.119505    
-1.203508    -0.183354    143.478300   143.496967   -0.164740    -0.025098    19.639769   
-0.227580    0.594421     17.816401    17.936115    -0.026579    0.069422     2.080765    
-1.305666    1.398689     23.905984    24.063086    -0.291205    0.311952     5.331786    
-0.932929    0.603984     14.216010    14.394618    -0.146559    0.094883     2.233272    
1.205109     0.390648     51.157431    51.210962    0.095188     0.030856     4.040776    
0.949635     1.899283     35.095205    35.214449    0.174097     0.348196     6.434018    
0.545895     1.924974     83.782781    83.829785    0.003115     0.010983     0.478032    
-2.066034    -1.149898    171.531169   171.558758   -0.222687    -0.123941    18.488424   
0.246514     0.045267     54.075210    54.111608    0.008360     0.001535     1.833847    
0.504681     0.322559     94.136474    94.158959    0.020845     0.013323     3.888173    
0.983872     -0.259047    13.097528    13.283648    0.185398     -0.048814    2.468056    
1.577354     -1.138635    79.041656    79.090093    0.203492     -0.146893    10.197033   
-0.989130    -0.188281    82.769963    82.799490    -0.130199    -0.024784    10.895017   
0.368174     -1.707914    20.089931    20.261609    0.046251     -0.214553    2.523760    
0.689772     -0.386669    11.108981    11.309718    0.077788     -0.043606    1.252802    
-1.432037    -1.016253    161.995043   162.016519   -0.044826    -0.031811    5.070864    
-0.621306    1.716447     25.852312    25.991329    -0.063069    0.174237     2.624270    
-0.241636    0.290125     64.533332    64.564452    -0.023979    0.028791     6.404150    
-0.576923    -0.513807    51.230444    51.274069    -0.004202    -0.003742    0.373103    
0.988387     -1.541058    34.327950    34.433049    0.091089     -0.142022    3.163630    
1.367009     -0.727015    16.300903    16.492169    0.010285     -0.005470    0.122642    
0.620182     -0.196188    15.888304    16.022992    0.040682     -0.012869    1.042214    
1.002607     0.015240     37.790037    37.854554    0.039391     0.000599     1.484719    
1.121709     0.327807     28.010107    28.103500    0.005463     0.001596     0.136408    
-0.158809    -0.546407    74.123250    74.151567    -0.012048    -0.041452    5.623239    
0.350500     -2.072573    18.381265    18.605490    0.003667     -0.021684    0.192309    
0.991486     -1.531655    104.602871   104.637301   0.151731     -0.234396    16.007832   
0.159671     0.068647     26.845817    26.918452    0.013049     0.005610     2.193885    
1.257356     2.477392     76.815638    76.891063    0.013297     0.026199     0.812348    
-0.376059    0.955758     25.950572    26.045384    -0.025412    0.064586     1.753626    
-0.001433    0.202238     11.709569    11.875599    -0.000271    0.038278     2.216301    
-0.021429    1.799781     34.800398    34.902469    -0.003253    0.273218     5.282912    
-0.026993    0.625596     9.726533     9.943465     -0.004140    0.095946     1.491736    
-0.895331    -0.919284    46.875738    46.934598    -0.239611    -0.246022    12.545040   
0.957114     0.085461     31.734737    31.810248    0.467235     0.041719     15.491982   
2.311280     -0.545887    52.014888    52.106272    0.256484     -0.060577    5.772125    
1.148919     -0.037723    44.466667    44.525059    0.119949     -0.003938    4.642399    
-1.238757    -2.247008    26.499767    26.696370    -0.015487    -0.028092    0.331304    
0.856547     0.932538     57.074388    57.122360    0.008015     0.008727     0.534092    
-0.530664    1.111747     31.131473    31.217962    -0.034498    0.072274     2.023831    
0.650130     0.814119     50.253359    50.302688    0.005257     0.006583     0.406376    
1.182479     -1.034001    20.108371    20.265462    0.014602     -0.012768    0.248306    
0.065654     -1.076564    74.356367    74.390239    0.006843     -0.112207    7.749967    
-2.132048    -0.115175    40.941119    41.043990    -0.076702    -0.004144    1.472892    
0.409779     0.302629     66.997156    67.028004    0.024922     0.018405     4.074669    
-0.779841    1.178506     44.549300    44.615155    -0.039384    0.059518     2.249864    
1.663125     1.219682     23.692832    23.863756    0.140786     0.103248     2.005640    
0.429303     -0.760622    49.492901    49.539732    0.000160     -0.000283    0.018416    
0.892101     -1.510590    41.464446    41.548201    0.016489     -0.027921    0.766400    
-0.091306    -0.451029    12.775820    12.934771    -0.003244    -0.016023    0.453857    
0.582203     0.507687     88.512237    88.537493    0.035289     0.030772     5.364998    
-1.521929    -1.717796    32.477917    32.618356    -0.182700    -0.206213    3.898819    
1.894288     -0.645880    22.576105    22.749966    0.032202     -0.010980    0.383781    
-0.463856    2.135531     124.453664   124.488413   -0.015321    0.070537     4.110711    
0.578519     -1.157733    30.813863    30.903788    0.085383     -0.170869    4.547795    
-1.155399    -0.456964    30.180444    30.270083    -0.102703    -0.040619    2.682734    
1.383417     -0.508961    82.308754    82.345484    0.005892     -0.002168    0.350541    
0.454404     2.270170     57.455432    57.535743    0.053682     0.268193     6.787651    
0.150734     -1.557859    23.260331    23.395888    0.001982     -0.020480    0.305787    
-0.090926    -0.899017    73.321714    73.353699    -0.002065    -0.020419    1.665292    
-1.397606    -0.703868    50.458923    50.521545    -0.055735    -0.028069    2.012248    
-1.087618    -1.739610    70.139156    70.196761    -0.041720    -0.066729    2.690442    
0.977219     0.275522     20.018681    20.140839    0.006923     0.001952     0.141813    
0.185010     1.318609     60.577019    60.623619    0.010974     0.078211     3.593040    
0.804011     -0.686218    34.854836    34.926378    0.046578     -0.039754    2.019195    
0.093767     -0.303122    21.893117    21.983725    0.001484     -0.004798    0.346556    
0.138314     -2.287707    37.975905    38.095893    0.000607     -0.010041    0.166675    
0.287402     0.490795     11.611379    11.790782    0.032448     0.055411     1.310935    
-1.057602    1.559254     158.013098   158.036590   -0.052022    0.076698     7.772523    
0.042046     -0.831448    49.642139    49.688128    0.000496     -0.009804    0.585336    
1.048931     0.415644     20.405107    20.530864    0.025763     0.010209     0.501175    
-0.263534    -0.242899    65.544362    65.574895    -0.003002    -0.002767    0.746744    
1.149237     0.535291     51.971531    52.024247    0.001369     0.000638     0.061915    
-1.318016    1.952623     46.255935    46.357701    -0.143013    0.211871     5.019044    
-0.146995    -0.728748    20.380009    20.488348    -0.000314    -0.001558    0.043572    
-1.448110    0.278915     26.044171    26.160058    -0.101251    0.019502     1.820996    
-0.160886    1.371487     21.733647    21.866258    -0.017212    0.146721     2.325061    
0.114444     0.061498     6.985029     7.258269     0.000192     0.000103     0.011735    
0.125245     -2.522541    194.340754   194.367133   0.006323     -0.127357    9.811795    
-1.624638    2.451940     56.414837    56.525749    -0.000926    0.001397     0.032150    
0.578977     -0.517800    165.182021   165.195576   0.006679     -0.005973    1.905568    
-0.709444    -1.320874    26.151600    26.268406    -0.029944    -0.055752    1.103810    
1.415875     -1.762147    88.769931    88.820524    0.148473     -0.184784    9.308667    
1.018938     -3.108381    140.204125   140.256094   0.060422     -0.184323    8.313928    
0.343128     0.403880     31.043261    31.110125    0.021903     0.025781     1.981562    
1.442869     -0.441287    11.350363    11.618189    0.196052     -0.059960    1.542244    
-0.960448    -0.265988    12.941934    13.128664    -0.078318    -0.021690    1.055333    
-0.106463    -0.943085    39.176490    39.237394    -0.005818    -0.051535    2.140791    
0.650444     1.461541     59.717776    59.771623    0.016467     0.037000     1.511803    
0.327269     -1.025164    58.193624    58.236852    0.042336     -0.132618    7.528091    
1.595963     0.286954     14.273760    14.499814    0.174226     0.031326     1.558218    
1.267757     -0.637499    23.300265    23.426286    0.028335     -0.014249    0.520777    
1.005651     -0.379259    48.037651    48.089979    0.094971     -0.035816    4.536523    
-0.630789    -0.587431    19.545964    19.663739    -0.004329    -0.004031    0.134140    
-1.047518    -1.824406    41.912629    42.011536    -0.016981    -0.029575    0.679443    
-0.632357    -0.966962    30.553841    30.638979    -0.071925    -0.109983    3.475232    
1.406358     0.867069     59.598809    59.654192    0.521001     0.321215     22.079054   
-0.052670    0.048198     4.673958     5.072074     -0.000809    0.000741     0.071810    
-0.647422    -0.333147    78.793121    78.821070    -0.019119    -0.009838    2.326781    
-1.964998    -1.506226    61.910928    61.991676    -0.075819    -0.058118    2.388831    
-1.413819    -0.296234    67.577143    67.621238    -0.083616    -0.017520    3.996644    
0.068695     -0.525600    10.467641    10.664307    0.000378     -0.002895    0.057665    
-0.496080    1.017184     104.970398   104.994953   -0.004829    0.009901     1.021727    
0.927094     -0.049639    8.739526     9.006455     0.029333     -0.001571    0.276514    
-0.321744    -0.258331    92.443965    92.465842    -0.042951    -0.034486    12.340711   
-0.134296    0.569193     64.991760    65.024194    -0.005747    0.024356     2.781022    
-2.141354    0.401046     44.947179    45.042981    -0.044110    0.008261     0.925876    
-0.864659    1.018455     57.131738    57.181250    -0.096623    0.113810     6.384327    
-0.095702    1.181144     10.851523    11.092104    -0.011746    0.144967     1.331857    
1.274236     1.710300     77.940296    77.994317    0.457141     0.613582     27.961599   
-1.230069    -1.351844    12.262358    12.553124    -0.086641    -0.095218    0.863712    
0.477701     -1.155749    95.638774    95.667204    0.006438     -0.015576    1.288917    
0.748678     1.043421     58.821105    58.868044    0.029779     0.041503     2.339643    
-0.521981    -0.696665    49.068469    49.115654    -0.004682    -0.006249    0.440157    
0.312049     -1.895628    15.509004    15.751030    0.000011     -0.000066    0.000537    
-0.414769    1.487178     50.456211    50.518194    -0.053204    0.190765     6.472166    
-1.439645    -0.376349    38.769327    38.847778    -0.336599    -0.087993    9.064549    
1.768630     -0.653401    65.029395    65.086498    0.088737     -0.032783    3.262718    
-0.329259    0.117466     2.953832     3.566831     -0.009435    0.003366     0.084642    
0.843061     -1.472759    109.908308   109.939033   0.065819     -0.114981    8.580745    
1.477567     -1.228291    52.892188    52.963671    0.264893     -0.220204    9.482340    
-1.298387    -0.574902    22.902268    23.030526    -0.042740    -0.018924    0.753889    
-1.208243    0.007677     13.866891    14.057935    -0.116846    0.000742     1.341034    
-0.264057    1.833522     10.014434    10.372818    -0.003620    0.025133     0.137274    
-0.322167    0.832416     48.282513    48.330868    -0.087758    0.226749     13.152111   
0.300366     0.086023     6.112223     6.428985     0.062011     0.017760     1.261880    
-0.664579    0.386166     30.267783    30.341464    -0.031428    0.018262     1.431357    
-0.408505    1.310766     111.163902   111.189807   -0.012391    0.039760     3.371939    
-0.341579    -0.341079    64.469376    64.501228    -0.071547    -0.071443    13.503808   
-2.674839    -0.952907    33.232023    33.411153    -0.099849    -0.035571    1.240514    
0.436302     1.161410     49.668350    49.722824    0.009896     0.026343     1.126552    
1.517992     -0.522634    56.223825    56.281178    0.013558     -0.004668    0.502184    
-1.466269    1.313655     39.126034    39.224956    -0.012110    0.010849     0.323139    
-0.235932    0.034484     71.304348    71.331913    -0.006605    0.000965     1.996219    
1.285413     -0.186608    81.032254    81.066567    0.023644     -0.003432    1.490505    
0.175672     -0.453875    77.997964    78.024318    0.004856     -0.012547    2.156199    
-1.107980    -0.271677    107.455987   107.480071   -0.074891    -0.018363    7.263178    
0.039253     0.861527     76.178032    76.208341    0.001028     0.022557     1.994537    
1.029863     -1.978168    48.168679    48.260443    0.019446     -0.037351    0.909512    
-0.452285    0.794895     33.967746    34.037026    -0.023552    0.041393     1.768826    
-0.443928    -0.124974    94.121255    94.142967    -0.085280    -0.024008    18.080967   
0.356672     1.385696     18.716897    18.874442    0.012634     0.049085     0.663002    
0.235101     -0.671317    54.993219    55.033036    0.000323     -0.000922    0.075541    
-0.954145    0.184037     45.927100    45.979536    -0.281837    0.054361     13.566018   
0.623057     -0.843396    11.086688    11.308807    0.074793     -0.101243    1.330870    
0.909990     -1.196318    23.077736    23.210258    0.095412     -0.125433    2.419682    
1.976734     0.749923     42.624033    42.721809    0.029318     0.011123     0.632185    
-0.588839    0.907312     87.585962    87.614757    -0.067382    0.103825     10.022579   
0.732548     -0.134185    92.513977    92.537914    0.008824     -0.001616    1.114425    
0.663379     1.264745     30.014548    30.112916    0.007557     0.014407     0.341897    
1.586290     0.388891     83.830990    83.870003    0.009448     0.002316     0.499290    
-0.098653    0.029677     61.074638    61.106440    -0.022368    0.006729     13.847798   
-0.636492    2.185471     67.337818    67.405030    -0.005926    0.020347     0.626914    
-1.196532    -0.244146    22.586682    22.705163    -0.003756    -0.000766    0.070894    
-1.221438    -1.804758    31.649227    31.785179    -0.016985    -0.025096    0.440105    
0.542883     -0.601783    147.848903   147.864228   0.136041     -0.150800    37.049303   
0.140649     -2.430648    77.499326    77.562544    0.000466     -0.008048    0.256617    
-0.616193    0.894309     13.203982    13.394012    -0.045530    0.066079     0.975624    
-1.524892    0.054388     65.620170    65.667419    -0.004062    0.000145     0.174778    
-0.057917    -2.010534    47.958718    48.041224    -0.001599    -0.055506    1.324034    
1.490376     0.934425     114.370166   114.400630   0.010597     0.006644     0.813196    
1.756912     -0.976334    46.081540    46.167339    0.011943     -0.006637    0.313252    
1.505593     -1.938175    27.892105    28.068983    0.169261     -0.217893    3.135674    
0.964624     -0.381644    28.274647    28.362065    0.069735     -0.027590    2.044033    
-1.208665    0.363001     17.992476    18.143781    -0.090644    0.027223     1.349343    
-0.113798    -1.111907    30.817648    30.900675    -0.003897    -0.038074    1.055273    
1.022598     0.544827     14.765606    14.941238    0.167143     0.089051     2.413424    
-0.768109    -0.376823    62.413994    62.450889    -0.009293    -0.004559    0.755154    
0.362092     -0.785297    24.748170    24.841390    0.040533     -0.087908    2.770364    
-1.241094    -0.429859    18.764810    18.913438    -0.141686    -0.049074    2.142228    
-0.376742    2.008473     64.507677    64.570049    -0.028642    0.152696     4.904244    
-0.659235    0.162871     25.593155    25.677727    -0.004932    0.001218     0.191459    
-0.337344    -0.951545    29.637598    29.720050    -0.040966    -0.115552    3.599080    
0.211160     -1.085825    16.005432    16.163923    0.014176     -0.072897    1.074524    
1.183142     0.342783     16.817363    16.976924    0.141970     0.041132     2.017980    
-0.819929    -2.252117    75.896097    75.959442    -0.028913    -0.079416    2.676312    
-0.414532    0.520497     32.707423    32.773362    -0.010801    0.013562     0.852217    
-0.689040    -0.422062    161.829210   161.843199   -0.143760    -0.088058    33.763760   
-0.901900    1.943293     32.582333    32.711973    -0.032000    0.068950     1.156052    
0.983013     0.629786     22.642643    22.758013    0.032099     0.020565     0.739375    
-1.866737    1.990477     30.947441    31.129821    -0.210782    0.224754     3.494419    
-0.046867    0.567548     21.910346    22.005966    -0.009048    0.109575     4.230165    
0.134084     -0.486332    42.231973    42.280835    0.011083     -0.040198    3.490738    
0.794635     0.681862     31.245438    31.324890    0.072305     0.062043     2.843058    
0.197146     0.885828     83.373557    83.401730    0.029496     0.132535     12.474113   
0.234218     -1.010305    13.307864    13.492582    0.021597     -0.093159    1.227099    
1.169097     1.944467     25.792172    25.966494    0.056266     0.093583     1.241316    
-1.655677    0.032680     30.770041    30.877382    -0.036393    0.000718     0.676354    
0.532845     0.790227     29.006571    29.088906    0.023366     0.034653     1.271982    
0.636357     0.044271     51.734171    51.775538    0.071602     0.004981     5.821017    
-0.986068    0.737255     74.484389    74.520567    -0.158476    0.118488     11.970781   
-0.141724    -1.823543    74.244322    74.292931    -0.006103    -0.078523    3.196997    
-0.761879    -0.236016    37.537106    37.597146    -0.038017    -0.011777    1.873083    
0.411308     1.032863     28.119907    28.210638    0.058457     0.146795     3.996523    
-0.192774    -2.220779    74.869795    74.928835    -0.016034    -0.184714    6.227308    
1.419503     0.258206     18.289470    18.451594    0.350265     0.063713     4.512958    
-0.843484    0.150154     17.812100    17.941011    -0.000111    0.000020     0.002344    
0.809519     1.152980     75.776977    75.815631    0.025880     0.036860     2.422546    
-0.091354    0.099359     5.532551     5.873865     -0.007180    0.007809     0.434834    
1.237372     -0.302231    15.290427    15.469149    0.068081     -0.016629    0.841289    
0.795483     -0.010614    79.349954    79.378354    0.003133     -0.000042    0.312526    
0.026112     -0.163814    15.342487    15.469143    0.006506     -0.040818    3.822970    
-0.340204    0.507113     61.094466    61.129220    -0.009210    0.013729     1.653975    
0.095266     -0.561452    19.310002    19.418430    0.006106     -0.035985    1.237635    
0.110210     1.745136     51.564416    51.631595    0.006633     0.105033     3.103464    
-1.063785    0.338108     25.494863    25.595096    -0.075930    0.024133     1.819764    
-1.746171    -1.830931    32.427232    32.585300    -0.248432    -0.260491    4.613508    
-1.037530    -0.644274    73.691351    73.727754    -0.032051    -0.019903    2.276481    
0.534007     -1.535163    22.119629    22.266451    0.018412     -0.052930    0.762647    
0.440734     -0.142741    100.293136   100.313522   0.014426     -0.004672    3.282668    
-2.248747    0.354052     90.740359    90.790252    -0.009984    0.001572     0.402887    
-0.162059    0.872036     7.282030     7.595368     -0.021926    0.117984     0.985241    
0.086087     0.245477     14.529549    14.664598    0.002028     0.005783     0.342312    
0.890948     1.732894     52.259413    52.332762    0.000720     0.001401     0.042239    
2.592138     -0.247064    27.469624    27.662889    0.131458     -0.012530    1.393100    
0.635443     0.253707     43.552224    43.602057    0.191672     0.076527     13.136928   
0.988548     0.007796     39.384747    39.446299    0.078041     0.000615     3.109228    
1.023960     -1.203975    23.104177    23.241686    0.110550     -0.129984    2.494390    
-1.313874    -0.378636    137.454831   137.475726   -0.068968    -0.019875    7.215308    
0.578509     0.765088     21.713272    21.823408    0.004018     0.005313     0.150796    
0.629311     -0.205049    134.201151   134.217219   0.020955     -0.006828    4.468758    
0.947848     -0.015664    36.071033    36.137142    0.145462     -0.002404    5.535649    
-0.689484    -0.000837    28.300406    28.377162    -0.136364    -0.000166    5.597160    
-1.205011    1.241015     45.899137    45.973883    -0.003166    0.003261     0.120611    
-0.835722    -0.652662    40.461925    40.523657    -0.063316    -0.049447    3.065468    
-0.300938    3.800586     86.911465    87.017313    -0.013402    0.169255     3.870499    
-1.179421    0.960240     41.163788    41.238883    -0.021795    0.017745     0.760681    
1.700757     0.686816     18.497848    18.692502    0.021068     0.008508     0.229138    
-0.595877    -0.554301    42.662609    42.715753    -0.023453    -0.021816    1.679138    
-0.978477    -1.217395    24.113094    24.243674    -0.014790    -0.018402    0.364489    
1.036381     0.241694     52.384868    52.432641    0.043907     0.010239     2.219297    
-0.383338    0.511558     14.994675    15.136838    -0.031657    0.042246     1.238293    
0.194412     1.682330     57.041732    57.100807    0.002843     0.024598     0.834032    
-1.970972    0.363365     53.155696    53.229876    -0.042096    0.007761     1.135302    
-1.445237    -0.173550    65.131181    65.177178    -0.061871    -0.007430    2.788282    
1.923528     0.110231     20.954214    21.134477    0.136953     0.007848     1.491916    
0.196526     0.316789     13.811489    13.956044    0.012170     0.019618     0.855295    
1.025300     -1.439287    50.366408    50.435828    0.009443     -0.013255    0.463861    
1.067668     0.725440     17.597384    17.754128    0.070683     0.048026     1.165003    
-1.528664    -1.117817    21.056572    21.233005    -0.045197    -0.033050    0.622568    
-1.256663    0.116793     34.950231    35.028366    -0.221761    0.020610     6.167590    
-1.747889    2.005585     73.358911    73.433523    -0.275298    0.315886     11.554254   
0.928770     1.076590     98.336570    98.366547    0.041937     0.048611     4.440193    
-0.144922    1.695899     78.586038    78.629113    -0.006806    0.079641     3.690485    
-0.284805    -1.121414    46.008737    46.065362    -0.000863    -0.003399    0.139472    
1.007332     -0.671263    33.582087    33.661504    0.030665     -0.020435    1.022314    
0.731109     0.891344     23.155550    23.267648    0.002635     0.003213     0.083460    
-1.251309    0.449389     24.252292    24.368347    -0.264478    0.094983     5.125997    
-1.072410    0.825146     15.219457    15.405770    -0.124886    0.096091     1.772363    
-0.970582    -0.658461    78.156855    78.190438    -0.059634    -0.040457    4.802112    
1.224851     0.672198     104.164794   104.192761   0.048455     0.026592     4.120710    
0.272462     -1.354177    89.214906    89.247311    0.029159     -0.144925    9.547864    
-0.327229    0.471341     114.656979   114.675311   -0.035854    0.051645     12.562887   
0.146275     -0.555835    60.928427    60.962927    0.008722     -0.033141    3.632832    
-0.107767    -0.449324    9.089534     9.311718     -0.015586    -0.064984    1.314582    
0.711238     0.655960     7.874719     8.174491     0.051886     0.047853     0.574472    
0.479779     0.405839     92.439438    92.462531    0.034594     0.029263     6.665239    
-1.740266    0.655535     71.908257    71.959229    -0.082692    0.031149     3.416858    
-0.227684    0.301831     10.285493    10.478992    -0.003362    0.004457     0.151897    
-1.537649    -0.770236    75.928631    75.973611    -0.018541    -0.009287    0.915540    
1.101617     0.851207     51.123460    51.180282    0.074295     0.057407     3.447878    
0.214412     -0.340357    10.115753    10.313352    0.017056     -0.027074    0.804675    
0.245867     -0.959257    19.025772    19.152953    0.049077     -0.191474    3.797659    
0.275608     -0.213263    72.388294    72.415893    0.023759     -0.018385    6.240340    
1.600548     0.423072     53.166661    53.228842    0.173825     0.045947     5.774090    
1.385503     1.603151     79.925606    79.977916    0.119098     0.137808     6.870438    
0.798832     1.242967     9.901636     10.202963    0.006561     0.010209     0.081328    
-0.457971    -0.081561    26.071508    26.149854    -0.018823    -0.003352    1.071543    
-0.205998    0.832054     13.339571    13.511249    -0.011539    0.046606     0.747197    
-1.376196    0.131817     27.018006    27.124876    -0.410708    0.039339     8.063177    
2.215783     0.688128     18.044714    18.299450    0.658242     0.204422     5.360539    
0.010642     -0.478911    66.381983    66.412891    0.000153     -0.006873    0.952672    
0.173708     -1.187204    79.261987    79.295505    0.009006     -0.061549    4.109197    
0.335983     -1.003927    79.301417    79.332909    0.002382     -0.007118    0.562280    
0.332307     1.965984     20.632643    20.822018    0.010576     0.062567     0.656631    
0.578885     0.756278     84.093406    84.121834    0.016302     0.021297     2.368085    
1.259735     -1.074346    33.577886    33.676261    0.047409     -0.040432    1.263660    
0.852037     -1.290614    161.201604   161.221040   0.380386     -0.576186    71.967425   
-1.749928    2.329224     39.410109    39.566642    -0.242691    0.323032     5.465649    
1.403897     1.349904     13.743642    14.019837    0.124827     0.120027     1.222015    
-0.596797    0.871803     20.371469    20.493606    -0.106195    0.155131     3.624947    
-0.397318    -0.354799    13.930054    14.078533    -0.117012    -0.104490    4.102460    
-0.728250    -0.874296    33.960341    34.036369    -0.054035    -0.064871    2.519784    
0.299266     1.343821     52.148105    52.203402    0.010936     0.049108     1.905673    
2.637733     0.287105     28.340912    28.532829    0.526573     0.057315     5.657722    
0.519172     0.364507     36.305418    36.364278    0.136057     0.095525     9.514391    
2.309023     -0.095461    36.581850    36.707593    0.070237     -0.002904    1.112768    
0.753170     -0.185566    45.525905    45.575044    0.228813     -0.056375    13.830799   
-1.425119    0.347995     28.173864    28.280623    -0.031682    0.007736     0.626343    
1.257112     -0.303323    114.126904   114.151204   0.117345     -0.028314    10.653187   
0.172952     0.504403     52.125196    52.165078    0.024111     0.070319     7.266749    
1.146769     -0.098323    8.418046     8.721422     0.006986     -0.000599    0.051282    
0.547376     0.682117     18.716100    18.839646    0.001251     0.001559     0.042773    
0.272386     0.260732     45.373199    45.417445    0.041741     0.039955     6.953006    
-0.535642    -0.327869    31.543135    31.610738    -0.025021    -0.015315    1.473438    
1.328648     -0.208662    63.475778    63.520534    0.130902     -0.020558    6.253785    
-2.621828    -0.805637    20.610977    20.885650    -0.159341    -0.048962    1.252627    
-1.002220    -1.439760    55.295736    55.358565    -0.134241    -0.192846    7.406493    
0.589358     -1.022482    27.828528    27.923014    0.002609     -0.004526    0.123187    
0.640844     1.593997     48.534766    48.605040    0.100782     0.250679     7.632800    
0.334122     -0.772208    35.844261    35.908132    0.052992     -0.122474    5.684975    
-2.577770    0.422368     49.372416    49.480639    -0.048745    0.007987     0.933626    
1.319322     -0.846566    38.303407    38.385976    0.019014     -0.012200    0.552019    
-0.004605    -0.141511    9.180929     9.390657     -0.000077    -0.002374    0.154050    
-0.276361    0.002311     19.713249    19.813216    -0.020467    0.000171     1.459931    
-0.890540    -1.975872    53.315201    53.395531    -0.041480    -0.092033    2.483342    
0.454117     0.314092     135.923157   135.938531   0.020438     0.014136     6.117382    
2.015153     -0.102660    81.050827    81.099833    0.372359     -0.018969    14.976516   
-0.838067    0.463920     76.269092    76.300504    -0.064827    0.035886     5.899690    
-1.882100    0.651060     34.003377    34.118481    -0.207334    0.071722     3.745851    
2.435088     0.354495     64.409772    64.486813    0.212865     0.030988     5.630440    
0.757939     -0.109133    50.464751    50.508934    0.058324     -0.008398    3.883270    
-0.143304    -0.357165    82.972336    82.996576    -0.019288    -0.048072    11.167532   
-0.791330    -0.387091    96.777428    96.801454    -0.009789    -0.004789    1.197194    
1.031400     -0.213431    21.164174    21.281601    0.012592     -0.002606    0.258395    
0.009932     1.128626     72.473255    72.508768    0.001239     0.140733     9.036963    
0.022695     0.274742     7.445146     7.705916     0.003370     0.040794     1.105463    
-0.581706    -0.485392    11.530347    11.721682    -0.010569    -0.008819    0.209489    
0.648379     0.787756     64.755328    64.793274    0.070824     0.086049     7.073422    
1.943128     0.576100     53.843060    53.917138    0.567541     0.168265     15.726263   
-0.265419    0.801923     23.410479    23.508275    -0.003698    0.011173     0.326182    
-0.662179    0.192699     15.314466    15.455854    -0.070258    0.020446     1.624896    
-0.436722    1.319386     10.074345    10.358517    -0.009893    0.029889     0.228219    
-0.132596    -1.169272    20.571744    20.699188    -0.000912    -0.008039    0.141429    
-1.195747    -0.175457    36.631610    36.704364    -0.034401    -0.005048    1.053870    
-0.947045    -0.764552    28.830411    28.923156    -0.050379    -0.040671    1.533653    
0.727160     -1.165688    15.456862    15.642159    0.039073     -0.062637    0.830554    
-1.803782    -0.305868    19.423145    19.608179    -0.197748    -0.033532    2.129352    
-0.717821    -0.683650    40.263079    40.323357    -0.018966    -0.018063    1.063791    
-1.805079    0.303459     21.827330    21.992219    -0.039088    0.006571     0.472660    
1.208726     0.060220     103.000333   103.026250   0.324993     0.016192     27.693916   
-0.501118    0.398301     43.192811    43.242382    -0.000208    0.000166     0.017965    
0.612730     1.266610     31.632254    31.724662    0.014653     0.030289     0.756445    
0.238803     -0.957577    23.078185    23.183002    0.003631     -0.014560    0.350895    
-0.284819    -1.191286    24.297763    24.408124    -0.002629    -0.010995    0.224264    
-0.345064    -0.878041    27.290178    27.377340    -0.003610    -0.009187    0.285543    
-0.702584    -1.393945    71.180788    71.225110    -0.026619    -0.052812    2.696813    
0.786063     0.627205     90.397420    90.424443    0.010084     0.008046     1.159706    
1.937546     -0.444316    22.759742    22.931033    0.221056     -0.050692    2.596681    
0.639445     1.612769     43.285377    43.364833    0.001303     0.003287     0.088227    
-1.186699    -1.596179    14.985107    15.244161    -0.014231    -0.019141    0.179701    
1.352698     0.022257     214.328885   214.342194   0.001623     0.000027     0.257119    
-0.458853    0.007588     50.864228    50.904373    -0.074589    0.001233     8.268261    
0.117684     0.377063     92.540952    92.562729    0.013950     0.044696     10.969485   
-0.835995    -0.227659    7.311777     7.621532     -0.022421    -0.006106    0.196100    
0.062806     -0.726273    54.735765    54.776001    0.001721     -0.019900    1.499783    
1.085460     0.244852     203.392261   203.404831   0.051882     0.011703     9.721597    
-0.577650    1.550812     46.470190    46.541296    -0.001846    0.004955     0.148481    
-0.949360    0.484733     37.813378    37.879583    -0.013570    0.006929     0.540505    
1.391457     0.565209     60.839121    60.889484    0.052938     0.021503     2.314628    
-0.657073    0.681810     63.020085    63.057931    -0.240909    0.249979     23.105702   
1.159132     0.244337     8.152367     8.469907     0.020950     0.004416     0.147346    
0.223800     1.504098     79.915520    79.954222    0.000577     0.003875     0.205877    
-0.252845    2.439092     42.334769    42.451393    -0.010149    0.097899     1.699203    
0.376823     -0.951912    69.114000    69.149607    0.054003     -0.136419    9.904775    
-0.323809    1.846806     11.258067    11.581648    -0.026018    0.148392     0.904592    
0.684896     -0.458541    13.002563    13.176530    0.014235     -0.009531    0.270254    
1.387828     -1.649520    12.203179    12.547491    0.136801     -0.162596    1.202890    
-0.935345    0.811658     46.306039    46.364403    -0.163845    0.142179     8.111481    
0.574674     -0.888783    16.288095    16.440717    0.052339     -0.080946    1.483441    
-0.147587    0.044864     46.807445    46.849073    -0.007656    0.002327     2.428204    
0.417589     -1.016614    12.065503    12.274331    0.007335     -0.017857    0.211929    
-2.692345    0.225434     39.878589    40.018450    -0.427540    0.035799     6.332657    
1.814430     1.419170     32.880156    33.019477    0.212171     0.165951     3.844850    
1.846708     -1.196729    20.763653    20.972523    0.174898     -0.113340    1.966479    
-0.492689    -1.095278    19.560205    19.695658    -0.051380    -0.114221    2.039832    
-1.254714    -0.466083    21.426427    21.558253    -0.028604    -0.010625    0.488466    
2.361371     -1.758235    57.837812    57.946138    0.279231     -0.207911    6.839300    
-0.529292    -0.617977    16.141069    16.281005    -0.039276    -0.045857    1.197741    
1.003026     -1.614941    51.327924    51.400825    0.266090     -0.428424    13.616669   
0.514173     0.034279     110.064544   110.083352   0.019413     0.001294     4.155520    
0.527495     0.308978     61.478575    61.513120    0.032858     0.019247     3.829584    
0.881538     0.323355     18.398471    18.527287    0.082028     0.030089     1.712004    
1.065101     -0.276525    34.888887    34.961698    0.032878     -0.008536    1.076961    
-1.142438    -0.119416    25.185883    25.288794    -0.013729    -0.001435    0.302661    
2.905737     -0.898007    42.373773    42.528359    0.679398     -0.209965    9.907515    
1.472903     -0.126951    77.962142    78.001000    0.218418     -0.018826    11.561047   
-0.498878    -1.949124    83.984641    84.031797    -0.041667    -0.162794    7.014537    
-0.455509    0.808987     17.074298    17.212454    -0.035254    0.062612     1.321467    
1.536569     0.617791     98.649861    98.683396    0.144516     0.058104     9.278136    
-0.185165    -1.371745    16.116416    16.295085    -0.001788    -0.013243    0.155590    
-0.655718    0.366257     6.949267     7.261637     -0.001452    0.000811     0.015384    
-0.822613    0.916193     26.222859    26.325451    -0.041740    0.046488     1.330553    
0.959405     0.543671     57.269996    57.314426    0.078410     0.044433     4.680546    
-1.536820    0.649793     113.906118   113.935344   -0.120825    0.051087     8.955296    
1.571146     2.015044     63.665363    63.747018    0.113311     0.145325     4.591541    
-0.839162    -1.519308    55.235429    55.297740    -0.127144    -0.230195    8.368899    
0.192390     0.666255     9.644996     9.868222     0.002738     0.009481     0.137256    
1.050528     -1.417641    18.807519    18.992395    0.117012     -0.157902    2.094855    
-0.355527    1.720759     28.373986    28.496411    -0.011051    0.053488     0.881969    
-0.245392    0.256064     9.686173     9.890535     -0.002639    0.002754     0.104168    
-0.636747    0.623494     32.052498    32.125251    -0.017019    0.016665     0.856687    
0.329465     -1.474048    25.140183    25.262327    0.020612     -0.092220    1.572825    
-1.020683    -0.145983    46.753477    46.806257    -0.046901    -0.006708    2.148349    
0.024485     0.777009     12.096294    12.280050    0.001852     0.058771     0.914939    
0.103521     -0.790324    51.390264    51.434128    0.013093     -0.099962    6.499931    
-1.301708    1.736973     109.937391   109.976436   -0.022918    0.030581     1.935531    
-1.743094    1.295999     47.767171    47.857033    -0.054649    0.040632     1.497580    
1.522156     0.366248     54.146770    54.205155    0.020337     0.004893     0.723448    
-0.224821    1.335947     12.034192    12.269149    -0.023396    0.139024     1.252323    
0.914889     0.495222     18.135123    18.271286    0.002032     0.001100     0.040270    
-1.089657    -0.466672    38.094703    38.163942    -0.077859    -0.033345    2.721968    
1.326847     -0.463869    14.958850    15.153147    0.035550     -0.012428    0.400788    
-1.676408    -1.091384    26.462700    26.611104    -0.126768    -0.082529    2.001073    
-0.277131    0.734253     48.143079    48.189697    -0.000404    0.001071     0.070233    
2.115920     -0.430118    112.896497   112.934300   0.183760     -0.037354    9.804656    
-1.237429    -1.222469    77.328681    77.373287    -0.048505    -0.047919    3.031178    
0.431909     -1.209897    13.918089    14.115189    0.010196     -0.028562    0.328567    
-1.945166    -0.793264    16.397679    16.648476    -0.130534    -0.053234    1.100398    
0.462982     0.543277     23.867324    23.958999    0.010514     0.012338     0.542021    
0.394981     1.909948     46.011202    46.094572    0.061823     0.298948     7.201740    
1.487541     0.345217     23.112369    23.246258    0.099799     0.023161     1.550606    
1.020615     0.646075     23.363169    23.477046    0.104510     0.066157     2.392365    
1.650458     -1.494145    26.918076    27.081622    0.260790     -0.236091    4.253342    
-0.334694    0.346414     80.685647    80.711094    -0.044650    0.046214     10.763940   
-0.772235    1.238637     17.998279    18.164349    -0.036854    0.059113     0.858949    
0.815694     2.232731     54.726813    54.813770    0.165975     0.454310     11.135652   
0.290956     -1.463708    20.207222    20.357649    0.016625     -0.083636    1.154631    
-1.233096    -0.909351    51.488104    51.548494    -0.125758    -0.092741    5.251043    
-1.199413    0.076539     108.032604   108.057221   -0.059989    0.003828     5.403299    
0.851376     0.529809     36.009089    36.076793    0.105633     0.065735     4.467772    
-1.075477    0.531930     22.208929    22.328258    -0.137706    0.068109     2.843670    
-0.499497    -0.658062    8.916939     9.168932     -0.005642    -0.007433    0.100725    
0.969036     -0.376596    18.625057    18.757627    0.051507     -0.020017    0.989973    
-0.142975    0.832369     18.736505    18.858549    -0.002420    0.014086     0.317081    
1.788883     -1.850743    65.006177    65.086891    0.021010     -0.021737    0.763488    
1.418981     0.446432     27.036139    27.148491    0.032787     0.010315     0.624693    
-0.350078    -1.244595    29.881141    29.973807    -0.008532    -0.030333    0.728246    
-1.449872    0.377402     19.482392    19.638816    -0.401073    0.104399     5.389340    
-0.226811    0.029993     41.313349    41.360852    -0.028508    0.003770     5.192681    
-0.297773    -1.400114    16.316898    16.497427    -0.000699    -0.003287    0.038308    
1.072749     1.339030     15.779446    15.994051    0.056351     0.070339     0.828891    
1.444846     1.783414     87.579518    87.631701    0.067091     0.082812     4.066701    
1.125251     0.745563     16.166281    16.341531    0.020481     0.013570     0.294245    
0.097072     -0.546888    28.456616    28.530027    0.002053     -0.011566    0.601822    
-1.092226    0.741207     14.447197    14.640314    -0.050292    0.034129     0.665227    
0.185097     -2.725763    31.307503    31.488073    0.004382     -0.064523    0.741099    
-0.024415    -0.149298    13.450289    13.594415    -0.000319    -0.001949    0.175608    
0.644571     -0.805429    26.309374    26.403074    0.142391     -0.177925    5.811937    
-0.832836    0.086774     136.063795   136.080610   -0.053294    0.005553     8.706850    
-0.013603    0.201046     20.185618    20.282375    -0.000657    0.009714     0.975318    
-0.045179    -1.718104    26.782153    26.909341    -0.002725    -0.103615    1.615164    
-1.705816    1.082210     20.550919    20.743582    -0.012973    0.008230     0.156294    
0.241090     0.377646     41.996809    42.045304    0.015477     0.024243     2.695994    
1.583681     0.243593     35.304904    35.396025    0.204262     0.031418     4.553601    
-0.161928    -0.302099    153.898463   153.911434   -0.012054    -0.022488    11.456324   
-0.967011    -0.734343    9.249271     9.534062     -0.018155    -0.013787    0.173650    
1.042096     0.050008     82.695364    82.725369    0.041808     0.002006     3.317661    
0.179190     0.725721     11.038873    11.237902    0.002011     0.008143     0.123856    
1.421941     0.389058     67.477780    67.522582    0.045312     0.012398     2.150269    
-1.198591    -1.174777    7.720247     8.142106     -0.038674    -0.037906    0.249106    
-0.123825    0.178792     122.149931   122.165985   -0.000422    0.000609     0.416385    
0.829293     0.081440     11.006987    11.212630    0.031993     0.003142     0.424641    
1.811065     -0.884626    49.532656    49.612715    0.056812     -0.027750    1.553817    
-0.515382    -1.629993    19.245578    19.421372    -0.008070    -0.025524    0.301370    
-0.607143    0.985951     97.615617    97.642328    -0.002226    0.003614     0.357822    
-0.524000    -0.376749    11.365751    11.552998    -0.100625    -0.072348    2.182584    
-1.564840    1.153070     43.558463    43.646224    -0.012564    0.009258     0.349736    
0.084398     -0.145981    10.699615    10.880494    0.001453     -0.002513    0.184202    
0.758027     0.481186     42.954437    43.008892    0.029238     0.018560     1.656827    
0.172594     -1.562717    64.145697    64.195150    0.005443     -0.049287    2.023102    
0.453074     -0.360836    6.105526     6.441108     0.004264     -0.003396    0.057462    
-1.037923    -1.027379    56.011792    56.065396    -0.024082    -0.023838    1.299614    
-1.604257    1.419678     46.327559    46.418819    -0.146152    0.129336     4.220556    
-0.653888    0.616736     13.912230    14.079526    -0.036933    0.034834     0.785782    
-0.855009    -0.911381    41.032044    41.098239    -0.033639    -0.035857    1.614331    
0.793284     -1.902899    86.805335    86.852124    0.014753     -0.035390    1.614406    
1.084295     0.189985     92.637491    92.664942    0.006081     0.001065     0.519530    
0.222305     -1.351486    28.399823    28.500892    0.012781     -0.077700    1.632773    
-0.938039    -0.455708    36.342210    36.410421    -0.178945    -0.086933    6.932810    
-0.491250    -0.191579    136.995152   137.010309   -0.051232    -0.019980    14.287076   
1.716955     -0.559278    32.467799    32.577502    0.037731     -0.012291    0.713502    
1.702011     -0.667297    23.249215    23.403911    0.016866     -0.006613    0.230391    
0.343643     0.164590     13.427747    13.576617    0.078760     0.037722     3.077506    
-1.456831    0.353608     15.226812    15.426541    -0.002279    0.000553     0.023820    
1.500070     -1.214375    45.772485    45.855428    0.329000     -0.266340    10.038965   
-1.309209    0.319023     56.306801    56.357312    -0.044699    0.010892     1.922427    
1.467645     0.793722     29.140883    29.254914    0.079155     0.042808     1.571675    
-1.072657    1.457144     53.760998    53.827444    -0.049031    0.066606     2.457414    
0.277416     1.541461     22.532326    22.672312    0.017696     0.098325     1.437266    
-0.687468    -0.201749    26.359624    26.442732    -0.131610    -0.038623    5.046348    
0.186230     0.459845     39.113997    39.166643    0.007799     0.019258     1.638025    
-0.483090    -1.310971    53.320150    53.374763    -0.026371    -0.071564    2.910664    
-1.024524    -1.196445    27.039710    27.156988    -0.118564    -0.138459    3.129185    
1.095867     -0.039395    84.865267    84.895177    0.001805     -0.000065    0.139809    
-0.540917    1.198504     22.136170    22.262389    -0.018297    0.040541     0.748791    
0.705804     0.299621     22.399376    22.498776    0.095076     0.040361     3.017326    
-1.888822    1.641112     85.261471    85.320890    -0.019040    0.016543     0.859477    
-0.948642    -0.161899    57.290521    57.332407    -0.009285    -0.001585    0.560738    
-0.961334    1.614382     115.125617   115.157775   -0.129208    0.216981     15.473433   
0.373998     2.042597     24.872404    25.036444    0.017005     0.092873     1.130899    
0.360309     -1.314070    32.589734    32.677551    0.143264     -0.522493    12.958146   
-0.653891    1.326034     21.739089    21.878046    -0.118426    0.240158     3.937168    
-2.250861    -1.952691    52.408444    52.529985    -0.194022    -0.168320    4.517545    
0.440431     0.168841     16.780844    16.902490    0.025345     0.009716     0.965687    
-0.836599    0.260835     17.462834    17.595268    -0.000380    0.000118     0.007927    
0.712093     0.894609     36.929733    36.999831    0.024578     0.030877     1.274621    
1.548574     -0.704520    21.032309    21.192626    0.018167     -0.008265    0.246734    
-0.897092    1.000185     35.972060    36.050925    -0.011808    0.013165     0.473484    
-1.631977    1.109483     16.721974    16.952690    -0.208625    0.141832     2.137669    
-0.564462    -1.274219    9.523396     9.824066     -0.004212    -0.009508    0.071062    
-0.470389    0.403263     75.725541    75.753656    -0.009835    0.008432     1.583343    
1.412059     1.001120     60.140248    60.197346    0.015725     0.011149     0.669725    
-0.772294    1.577571     63.763206    63.817761    -0.006325    0.012920     0.522221    
0.964120     -0.615218    21.269387    21.390881    0.000665     -0.000424    0.014663    
-0.833079    0.064327     9.934745     10.162296    -0.091149    0.007038     1.086986    
0.283694     0.606950     17.293346    17.417912    0.009361     0.020027     0.570614    
-0.716562    1.198907     69.188517    69.230605    -0.065632    0.109811     6.337170    
-1.558895    -0.129336    10.000834    10.312057    -0.204910    -0.017001    1.314566    
-2.629493    2.413385     69.030576    69.150806    -0.068289    0.062677     1.792765    
1.343219     -0.239439    52.259910    52.314766    0.220348     -0.039279    8.572960    
-1.620029    0.265953     21.944067    22.093263    -0.073087    0.011998     0.989998    
-0.569021    -0.371804    37.133408    37.191759    -0.037168    -0.024286    2.425524    
1.500137     1.399684     57.452657    57.522972    0.129278     0.120622     4.951142    
0.035328     -0.930296    30.918524    30.995109    0.002960     -0.077941    2.590396    
0.002214     0.205707     37.630630    37.682643    0.000239     0.022250     4.070215    
-0.100678    -1.360230    44.469984    44.534423    -0.017064    -0.230546    7.537237    
0.177788     2.088238     12.786155    13.105459    0.001447     0.017000     0.104092    
1.872766     1.102509     42.521182    42.622162    0.028123     0.016556     0.638525    
0.166247     -0.930376    61.625833    61.664507    0.006826     -0.038201    2.530333    
-0.051142    -0.374967    148.951293   148.964781   -0.003225    -0.023646    9.393245    
-0.997370    0.037739     30.348883    30.429029    -0.142054    0.005375     4.322541    
-1.095200    -0.741469    12.778340    12.996544    -0.101589    -0.068777    1.185298    
1.204285     0.980339     83.690961    83.728509    0.081923     0.066689     5.693164    
1.312177     -0.456151    48.327862    48.387881    0.031086     -0.010806    1.144902    
-0.346346    -0.277725    12.810551    12.968510    -0.012162    -0.009752    0.449845    
1.185841     -0.392046    20.673245    20.804277    0.052789     -0.017452    0.920287    
2.117966     -2.843149    103.331105   103.410645   0.007434     -0.009980    0.362710    
0.416141     -1.255183    166.245221   166.262134   0.022313     -0.067302    8.913957    
0.159484     0.366734     65.233746    65.264665    0.012797     0.029426     5.234197    
-0.722648    -2.009400    28.997231    29.142310    -0.019036    -0.052932    0.763847    
-0.391729    1.438529     23.053383    23.185259    -0.028102    0.103197     1.653796    
-1.119523    -2.997689    29.486294    29.724669    -0.008034    -0.021513    0.211611    
-0.582729    0.820686     76.532600    76.564528    -0.030197    0.042528     3.965947    
-1.513433    1.491055     15.194762    15.468338    -0.076963    0.075825     0.772703    
-0.332255    0.364900     15.619769    15.751053    -0.033764    0.037082     1.587315    
1.192839     -0.946690    11.970877    12.226853    0.014392     -0.011422    0.144431    
1.000344     -0.374180    14.394652    14.567829    0.080351     -0.030055    1.156230    
-0.117569    -1.422995    96.523574    96.554202    -0.000413    -0.005005    0.339478    
0.342905     -0.095948    20.641164    20.737874    0.025560     -0.007152    1.538609    
-1.726921    2.002783     62.698978    62.785589    -0.313351    0.363406     11.376768   
0.157800     0.721799     46.742417    46.789683    0.001777     0.008126     0.526229    
-1.542217    -2.114573    60.803936    60.892064    -0.018550    -0.025434    0.731355    
-0.794155    0.951697     21.111407    21.239183    -0.116299    0.139370     3.091632    
0.564720     -1.177225    10.809968    11.065041    0.013754     -0.028671    0.263273    
-1.340054    -0.265142    96.626938    96.656641    -0.075821    -0.015002    5.467219    
0.251517     0.014957     74.664242    74.690612    0.015138     0.000900     4.493732    
-0.543441    -0.859774    44.741635    44.796466    -0.010350    -0.016375    0.852142    
-0.459199    -0.069120    68.859617    68.889313    -0.010483    -0.001578    1.571981    
-0.357324    0.268749     95.242448    95.263837    -0.055630    0.041840     14.827850   
-0.272736    -2.073007    140.237380   140.266780   -0.011417    -0.086775    5.870260    
-3.318227    0.584148     109.240916   109.310587   -0.079836    0.014055     2.628334    
-1.122027    -0.640845    117.556757   117.580338   -0.054890    -0.031351    5.750946    
0.122628     -0.796438    42.088930    42.142642    0.001933     -0.012556    0.663536    
1.318330     1.906692     39.639039    39.755526    0.011144     0.016118     0.335084    
-1.135044    -1.042744    98.748763    98.780407    -0.000862    -0.000792    0.074977    
-0.120611    -1.614435    23.404007    23.542376    -0.002007    -0.026865    0.389459    
0.581522     -1.657292    42.653625    42.735132    0.110624     -0.315270    8.114083    
1.694800     -0.398972    9.668087     10.018901    0.063952     -0.015055    0.364817    
-0.998250    0.081966     6.418198     6.787595     -0.102232    0.008394     0.657295    
1.365979     -0.478729    24.323138    24.445553    0.021645     -0.007586    0.385414    
-1.236036    -0.503575    16.484222    16.654906    -0.257093    -0.104743    3.428686    
1.547556     -0.915776    14.441387    14.685441    0.066531     -0.039370    0.620851    
-0.506961    1.439068     39.844846    39.922608    -0.059796    0.169737     4.699675    
-1.673625    -0.254874    88.507205    88.545278    -0.002213    -0.000337    0.117042    
-1.113986    1.523899     51.453853    51.526083    -0.056642    0.077485     2.616249    
-1.310545    0.221785     31.832739    31.921230    -0.040437    0.006843     0.982197    
-0.111584    0.197574     70.895997    70.923684    -0.004219    0.007471     2.680745    
0.896645     1.803982     67.765055    67.823564    0.150620     0.303035     11.383262   
0.839855     -3.356743    68.406641    68.522380    0.124348     -0.496996    10.128212   
-1.270219    1.476735     32.085424    32.204714    -0.080828    0.093970     2.041703    
-1.295695    -0.432826    73.226932    73.266122    -0.079567    -0.026579    4.496755    
-0.358458    -0.520188    22.822378    22.915823    -0.007557    -0.010966    0.481132    
-0.216888    -2.201765    33.239773    33.371429    -0.036299    -0.368496    5.563141    
2.374436     -0.688955    69.027344    69.099651    0.032689     -0.009485    0.950294    
-1.953237    -0.059765    14.849970    15.106795    -0.046804    -0.001432    0.355839    
-1.101802    -0.784028    46.609083    46.670228    -0.025403    -0.018077    1.074616    
-0.344735    -1.815500    46.934077    47.011673    -0.002697    -0.014203    0.367186    
1.862034     -0.331012    43.144750    43.231021    0.076742     -0.013642    1.778181    
0.961943     -0.804693    16.153503    16.321258    0.074196     -0.062067    1.245934    
-1.283705    0.294723     37.208103    37.283410    -0.091108    0.020917     2.640769    
1.078082     -0.678230    47.767305    47.824812    0.164663     -0.103591    7.295850    
-0.991150    -0.942821    22.874151    22.999414    -0.026750    -0.025445    0.617343    
-0.259000    0.902961     5.365997     5.792348     -0.009803    0.034178     0.203106    
-0.580463    -1.037913    33.893313    33.971250    -0.153684    -0.274798    8.973608    
0.200667     -0.756969    17.834626    17.960014    0.000045     -0.000168    0.003962    
1.659861     1.517128     84.158921    84.211969    0.022921     0.020950     1.162147    
-0.070338    -0.625902    6.515776     6.835714     -0.009365    -0.083334    0.867521    
0.880514     -0.334065    91.902730    91.928634    0.027012     -0.010248    2.819354    
0.726851     1.394128     21.607392    21.753764    0.107797     0.206759     3.204531    
-0.142642    1.282157     126.449639   126.471540   -0.023783    0.213779     21.083463   
-0.300649    0.105687     66.039299    66.069399    -0.014710    0.005171     3.231060    
0.250492     -0.356469    81.086539    81.111599    0.029305     -0.041703    9.486162    
-0.570041    1.558546     64.387687    64.439143    -0.014012    0.038311     1.582746    
-0.227888    -0.029904    22.844853    22.930659    -0.076372    -0.010022    7.655995    
0.031438     -0.382960    60.311658    60.344997    0.002074     -0.025262    3.978400    
1.475131     0.185584     10.497401    10.783359    0.046200     0.005812     0.328773    
-0.569610    0.189599     18.288967    18.404393    -0.148711    0.049500     4.774802    
1.352428     -0.162227    58.029311    58.078664    0.011255     -0.001350    0.482930    
1.033794     0.181596     9.033365     9.304749     0.115935     0.020365     1.013050    
-3.034907    0.013180     65.289529    65.389666    -0.168172    0.000730     3.617870    
0.923216     0.871719     11.046033    11.291679    0.001300     0.001228     0.015559    
-0.116179    -1.316386    38.207163    38.280656    -0.012717    -0.144089    4.182071    
0.814328     0.569425     15.952860    16.104535    0.100869     0.070533     1.976047    
1.693511     -0.523876    39.916764    40.004567    0.061600     -0.019055    1.451931    
-1.234940    1.528345     53.456632    53.528940    -0.082741    0.102400     3.581615    
-0.036319    -0.727827    36.503530    36.563831    -0.000603    -0.012082    0.605984    
0.034857     -0.880802    110.489628   110.510677   0.000782     -0.019762    2.478932    
-0.330485    -0.169800    42.218256    42.265756    -0.015340    -0.007882    1.959663    
-0.041894    0.625762     26.310973    26.391960    -0.007649    0.114246     4.803640    
2.461082     -1.529186    83.463076    83.536551    0.118004     -0.073322    4.001896    
-0.231229    -0.886223    58.389187    58.429538    -0.042557    -0.163106    10.746325   
1.837823     0.696421     26.106483    26.254257    0.026108     0.009893     0.370861    
-1.492429    1.463496     65.927889    65.990383    -0.305703    0.299777     13.504402   
-1.289376    0.891985     22.863882    23.001960    -0.015320    0.010599     0.271670    
0.687436     1.281549     30.665894    30.763402    0.063235     0.117886     2.820874    
0.242868     2.268479     39.788316    39.902256    0.042220     0.394356     6.916857    
-0.104384    -0.866387    34.057994    34.125993    -0.006852    -0.056868    2.235515    
1.077109     -1.251646    27.507805    27.627542    0.112174     -0.130351    2.864768    
-1.376962    -0.283189    13.746278    13.957483    -0.078776    -0.016201    0.786423    
-0.325820    -1.085943    21.141357    21.263052    -0.009775    -0.032579    0.634263    
-0.959495    -0.630877    29.415883    29.504030    -0.008124    -0.005341    0.249049    
0.585843     -1.615652    55.604715    55.666083    0.007223     -0.019921    0.685609    
0.101398     0.948861     15.385909    15.540649    0.011619     0.108731     1.763091    
-0.681736    -0.272279    26.016219    26.100910    -0.011903    -0.004754    0.454242    
0.876320     0.316876     74.639606    74.671374    0.066671     0.024108     5.678614    
0.190675     0.358653     21.900096    21.992139    0.007802     0.014676     0.896132    
0.474374     -1.100601    14.052162    14.239893    0.065432     -0.151810    1.938265    
-0.135309    -1.475671    40.686488    40.761025    -0.001115    -0.012161    0.335290    
-2.364970    0.146655     85.482972    85.538460    -0.240767    0.014930     8.702627    
-0.554127    0.796554     69.758294    69.792809    -0.007799    0.011211     0.981791    
-1.079744    -1.456110    39.885178    39.974848    -0.012810    -0.017275    0.473186    
2.400341     -0.855112    124.196225   124.237957   0.005893     -0.002099    0.304916    
1.199882     1.341844     95.474037    95.511292    0.017400     0.019458     1.384470    
-1.206520    -0.735846    48.417575    48.478177    -0.064951    -0.039613    2.606467    
0.525220     0.520738     14.362726    14.515849    0.085979     0.085246     2.351202    
-0.802989    1.616061     24.611512    24.755968    -0.093073    0.187315     2.852685    
-0.463126    0.052892     22.577689    22.668134    -0.029051    0.003318     1.416277    
0.368930     0.931711     7.404818     7.727255     0.062099     0.156828     1.246398    
1.806487     0.524688     24.495761    24.646621    0.248105     0.072061     3.364275    
2.030431     0.693691     23.623307    23.802089    0.103662     0.035416     1.206072    
0.417980     2.158420     168.686225   168.712036   0.013475     0.069584     5.438158    
-0.529350    -0.953263    33.191121    33.267318    -0.021496    -0.038711    1.347848    
-0.381388    -1.368596    42.796543    42.865342    -0.017824    -0.063962    2.000127    
1.295028     0.094206     65.715967    65.758264    0.049170     0.003577     2.495128    
-0.703176    -1.933431    61.192386    61.258596    -0.033833    -0.093026    2.944224    
-1.521671    -0.510353    16.578318    16.771748    -0.050587    -0.016966    0.551130    
-0.298314    -1.386398    95.042951    95.073911    -0.028196    -0.131041    8.983377    
-0.631381    -0.835743    48.642314    48.693396    -0.001211    -0.001603    0.093322    
1.245434     1.887109     21.682858    21.889120    0.100523     0.152315     1.750095    
0.273187     -1.083244    23.823917    23.931194    0.014221     -0.056388    1.240146    
2.441646     -0.943188    136.100912   136.140312   0.109107     -0.042147    6.081764    
0.390929     -0.848317    94.534446    94.559552    0.038622     -0.083810    9.339628    
-0.152022    0.690363     37.345221    37.403745    -0.005650    0.025660     1.388059    
-0.742661    1.374367     69.026414    69.072145    -0.014900    0.027575     1.384905    
-0.411871    -0.494641    89.767354    89.791242    -0.003752    -0.004506    0.817725    
0.956565     0.278955     11.940371    12.142497    0.082063     0.023931     1.024358    
-0.026689    1.040806     125.516439   125.536191   -0.000641    0.024988     3.013467    
0.906396     -1.443427    24.700653    24.837517    0.047727     -0.076004    1.300626    
0.314380     -0.245584    85.681079    85.704617    0.018465     -0.014425    5.032569    
1.422462     1.590137     22.781540    22.965745    0.093232     0.104222     1.493158    
-0.166078    -0.765892    49.425112    49.470504    -0.009120    -0.042059    2.714207    
0.095449     -1.879852    69.523491    69.576819    0.001115     -0.021966    0.812372    
-0.166604    0.534464     42.493604    42.542858    -0.011851    0.038017     3.022608    
0.525355     0.692225     19.801314    19.917885    0.008265     0.010891     0.311530    
1.382544     0.012380     42.363092    42.431334    0.248496     0.002225     7.614251    
2.094297     0.231419     46.081746    46.171873    0.079282     0.008761     1.744472    
-1.999417    -0.024380    37.830062    37.933979    -0.182546    -0.002226    3.453864    
1.213227     0.581342     87.974210    88.006514    0.304790     0.146046     22.101135   
0.069902     -0.357187    16.122169    16.245977    0.005009     -0.025597    1.155346    
-1.150819    -0.780531    33.305383    33.392471    -0.099176    -0.067265    2.870203    
0.100833     1.075447     13.946802    14.126394    0.001054     0.011238     0.145743    
-0.277954    -1.435607    35.980371    36.063836    -0.008152    -0.042103    1.055223    
-0.599572    -0.911821    84.002805    84.032952    -0.039843    -0.060593    5.582238    
-0.146248    -1.658010    20.832088    20.990979    -0.006975    -0.079076    0.993550    
-1.483464    0.621552     44.062124    44.135391    -0.001193    0.000500     0.035426    
-1.780112    -0.937700    19.685702    19.885922    -0.014211    -0.007486    0.157152    
-0.365900    -0.905578    23.847783    23.948813    -0.007877    -0.019494    0.513369    
-0.123824    -0.248578    6.814048     7.098121     -0.010355    -0.020788    0.569841    
-0.811419    0.507384     55.933365    55.976174    -0.061171    0.038251     4.216706    
-1.751694    -0.691987    29.622865    29.747880    -0.002621    -0.001035    0.044323    
-0.667350    0.534738     13.052585    13.227858    -0.010981    0.008799     0.214776    
-0.196080    -1.764446    11.302022    11.608720    -0.023430    -0.210834    1.350483    
-0.945844    0.677790     67.737274    67.775860    -0.171992    0.123249     12.317302   
-0.519754    0.098561     9.762416     9.972942     -0.010919    0.002070     0.205081    
0.414263     -1.277954    14.830964    15.021226    0.020389     -0.062896    0.729925    
0.487901     -0.535300    25.341724    25.428380    0.072197     -0.079211    3.749945    
1.156193     0.416106     79.347490    79.381415    0.048594     0.017489     3.334930    
-1.971197    1.031535     31.936382    32.074244    -0.101581    0.053158     1.645767    
1.294422     0.554847     18.630266    18.786835    0.219753     0.094196     3.162841    
-0.819212    -1.586905    12.762386    13.036212    -0.046219    -0.089531    0.720033    
-0.177162    0.671103     25.833653    25.917839    -0.060739    0.230085     8.856973    
-2.020793    2.074761     23.284497    23.546358    -0.165356    0.169772     1.905305    
-0.683517    1.811381     19.014707    19.214118    -0.004186    0.011092     0.116438    
-0.545519    0.670483     66.725523    66.760150    -0.073205    0.089975     8.954179    
2.474724     0.693755     92.766651    92.823123    0.352008     0.098681     13.195259   
-1.474884    -1.011204    32.916211    33.023473    -0.081470    -0.055857    1.818233    
0.561305     -1.033890    11.345351    11.574797    0.151066     -0.278254    3.053407    
0.079567     0.265724     12.795477    12.948982    0.006183     0.020647     0.994238    
-0.583011    -0.679448    25.918062    26.008123    -0.033970    -0.039589    1.510155    
1.399300     -1.583091    48.894954    48.980156    0.231311     -0.261692    8.082566    
-0.252338    0.396483     130.057601   130.073346   -0.062212    0.097749     32.064484   
-0.117478    1.203342     118.575880   118.598381   -0.009543    0.097749     9.632059    
1.666421     1.231824     28.435551    28.578836    0.021620     0.015982     0.368921    
-1.483682    1.947280     49.976862    50.075492    -0.061460    0.080664     2.070246    
1.830031     -1.358067    40.580787    40.692365    0.272807     -0.202450    6.049470    
-1.341201    1.289191     52.924498    52.993757    -0.134670    0.129448     5.314149    
-0.358400    0.671564     4.900389     5.335561     -0.048117    0.090161     0.657903    
-0.388420    -0.890059    80.138544    80.168599    -0.003220    -0.007379    0.664423    
0.350821     0.712620     61.104943    61.141802    0.011677     0.023720     2.033908    
0.560214     0.590931     80.952896    80.980920    0.016087     0.016969     2.324624    
0.074996     -0.135782    16.762321    16.878223    0.006029     -0.010916    1.347581    
-0.255386    -0.372620    26.302785    26.380211    -0.009682    -0.014126    0.997171    
-0.910852    1.251599     9.964104     10.273971    -0.043894    0.060315     0.480173    
-0.162178    -0.948018    14.859290    15.019937    -0.036642    -0.214193    3.357282    
-0.125539    1.737327     23.554345    23.700552    -0.004605    0.063732     0.864061    
0.433736     0.807233     12.748981    12.932565    0.123400     0.229662     3.627154    
-1.113235    0.572412     15.757675    15.929414    -0.073869    0.037983     1.045611    
-1.975140    0.569139     71.974316    72.030564    -0.039057    0.011254     1.423233    
-0.881988    0.429124     36.371457    36.437890    -0.047530    0.023125     1.960049    
1.236805     0.014328     19.565147    19.702788    0.096001     0.001112     1.518654    
1.353029     -0.848373    10.494535    10.796325    0.051039     -0.032002    0.395876    
-0.082342    -0.640775    52.646113    52.686863    -0.001867    -0.014532    1.193927    
-1.719300    0.481285     57.629151    57.690394    -0.108641    0.030412     3.641520    
-0.305597    -2.232765    25.374730    25.550548    -0.000065    -0.000474    0.005383    
2.828141     -0.089472    15.125209    15.513004    0.270391     -0.008554    1.446080    
0.401465     -0.112576    81.263595    81.288503    0.009588     -0.002689    1.940775    
1.212865     -0.419711    30.735357    30.825060    0.072267     -0.025008    1.831326    
-0.431484    1.661528     37.625820    37.716364    -0.001782    0.006861     0.155376    
1.239870     -0.858157    64.620434    64.667992    0.175555     -0.121507    9.149676    
0.979129     -1.364508    92.191314    92.227621    0.013020     -0.018145    1.225930    
-0.911915    -4.228084    118.722794   118.817865   -0.038579    -0.178870    5.022600    
0.634157     2.611358     72.841302    72.917430    0.019946     0.082134     2.291040    
0.895887     -0.977459    19.455483    19.599715    0.075355     -0.082217    1.636452    
-0.621849    -0.760668    120.756747   120.776787   -0.049786    -0.060900    9.667896    
0.461270     -1.728451    40.044300    40.132546    0.007501     -0.028106    0.651150    
-0.183959    -0.975746    19.886708    20.008549    -0.007370    -0.039090    0.796698    
0.600659     -0.559046    13.497477    13.664925    0.021512     -0.020022    0.483398    
0.933338     -0.391178    35.977331    36.045352    0.022911     -0.009603    0.883160    
-1.443841    -0.007673    60.873684    60.922616    -0.147219    -0.000782    6.206894    
-0.408224    0.274887     71.298059    71.326926    -0.015942    0.010735     2.784254    
-0.184910    1.628438     48.869114    48.936196    -0.005277    0.046470     1.394553    
-0.057574    1.737104     25.561695    25.696226    -0.007255    0.218905     3.221215    
-0.427139    1.645215     100.233425   100.267161   -0.063213    0.243479     14.833757   
-0.454966    -0.455311    71.700536    71.730441    -0.012415    -0.012424    1.956471    
-0.531145    1.271398     23.008545    23.133669    -0.008310    0.019891     0.359967    
-0.803630    -0.466513    15.718679    15.868689    -0.031180    -0.018100    0.609861    
-0.852897    0.165985     78.716454    78.745857    -0.020035    0.003899     1.849074    
-0.382589    1.079245     5.413536     5.873029     -0.022900    0.064599     0.324030    
0.069179     -1.538536    20.508561    20.660297    0.003274     -0.072804    0.970478    
-0.795691    -1.551752    56.330955    56.392309    -0.000085    -0.000165    0.005983    
0.304384     0.901333     51.178653    51.225331    0.041857     0.123947     7.037850    
-0.039249    0.224207     24.698396    24.777763    -0.008074    0.046124     5.080994    
-0.403349    0.871202     26.905798    26.994788    -0.035564    0.076816     2.372349    
-0.321388    0.048469     8.118681     8.360238     -0.003180    0.000480     0.080322    
-0.483231    -0.273064    36.025241    36.083251    -0.002044    -0.001155    0.152354    
-1.678038    -0.238773    17.946801    18.133820    -0.370116    -0.052665    3.958432    
-2.294707    -1.732065    48.372311    48.497641    -0.038566    -0.029110    0.812971    
0.638278     -0.412326    19.390171    19.504643    0.000892     -0.000576    0.027097    
-0.602058    1.118666     27.589456    27.688751    -0.093870    0.174418     4.301631    
-0.325236    1.298894     46.465163    46.526113    -0.027093    0.108202     3.870699    
-0.707203    -0.046777    28.392484    28.469465    -0.172410    -0.011404    6.921861    
-0.531003    -0.213571    100.169732   100.190707   -0.025087    -0.010090    4.732389    
2.340427     0.040240     16.609639    16.888881    0.130240     0.002239     0.924294    
-1.313499    -1.763060    18.081133    18.320370    -0.054454    -0.073091    0.749587    
-0.785864    1.888841     71.624531    71.680777    -0.021977    0.052823     2.003036    
-1.426337    -0.367732    63.220244    63.268032    -0.159682    -0.041169    7.077674    
-1.964358    0.108840     19.167983    19.368972    -0.064983    0.003601     0.634101    
-0.610483    0.754421     44.741780    44.795576    -0.004978    0.006152     0.364865    
0.690072     -0.608819    75.787638    75.818783    0.022232     -0.019614    2.441599    
-0.632435    -0.585290    8.071483     8.352624     -0.097729    -0.090444    1.247277    
-1.197945    0.207759     62.002956    62.046109    -0.112804    0.019564     5.838507    
2.287455     0.757008     48.565169    48.664732    0.075600     0.025019     1.605067    
-1.674445    -0.434295    19.177525    19.355744    -0.037215    -0.009652    0.426225    
1.060813     -1.600916    38.498866    38.596967    0.072526     -0.109453    2.632117    
-0.108657    1.104605     33.742487    33.818077    -0.004388    0.044605     1.362559    
-0.426137    -0.866527    91.474404    91.500678    -0.002968    -0.006035    0.637116    
0.702401     -1.040725    13.278100    13.481816    0.022399     -0.033188    0.423431    
-0.083348    -2.343131    56.128078    56.211505    -0.000876    -0.024624    0.589856    
2.340272     1.523465     39.127869    39.276747    0.024282     0.015807     0.405982    
-0.686270    0.482823     15.747390    15.892115    -0.033914    0.023860     0.778200    
2.823488     1.681301     43.310337    43.479410    0.198265     0.118061     3.041244    
0.020790     -2.021619    72.087821    72.143026    0.001227     -0.119339    4.255456    
1.329223     0.381372     33.542662    33.628818    0.059436     0.017053     1.499844    
-0.174463    0.983426     53.111434    53.157285    -0.012816    0.072242     3.901539    
2.180509     -2.365907    62.739592    62.852872    0.202055     -0.219235    5.813712    
-0.302368    -1.720229    18.182866    18.372321    -0.035822    -0.203799    2.154160    
-0.403400    1.751592     56.273336    56.336437    -0.086034    0.373566     12.001557   
0.540523     1.376347     59.981081    60.031587    0.000703     0.001791     0.078039    
-1.031697    -0.780555    13.055653    13.266450    -0.043501    -0.032912    0.550486    
-0.148436    0.670969     192.761598   192.772874   -0.009663    0.043677     12.547975   
-0.823473    0.671375     30.101128    30.184130    -0.012435    0.010139     0.454560    
-0.868838    1.010814     16.545053    16.714974    -0.000704    0.000819     0.013404    
0.460177     -0.176291    14.370199    14.512767    0.019149     -0.007336    0.597981    
-1.842685    -0.173040    81.165001    81.209962    -0.077047    -0.007235    3.393711    
-1.306909    1.379268     113.918601   113.951450   -0.010944    0.011550     0.953979    
-2.780463    -0.199666    65.685030    65.773619    -0.336532    -0.024166    7.950163    
0.521589     -0.872140    57.543297    57.585925    0.005363     -0.008967    0.591652    
1.722653     1.756921     92.920648    92.974062    0.125523     0.128020     6.770758    
-2.020759    0.211674     80.542711    80.592379    -0.190251    0.019929     7.582970    
0.671375     0.855195     29.795914    29.880656    0.023979     0.030545     1.064204    
-2.066409    -0.025508    142.501459   142.530037   -0.002602    -0.000032    0.179435    
0.959497     -1.911390    32.960417    33.088338    0.042402     -0.084469    1.456594    
0.230897     -0.387893    16.122677    16.248675    0.027501     -0.046200    1.920293    
-0.741656    0.681734     84.504430    84.533357    -0.055614    0.051121     6.336662    
-0.747322    -1.137729    54.226797    54.279585    -0.058073    -0.088411    4.213849    
0.788752     -0.793983    10.347233    10.592107    0.133455     -0.134340    1.750728    
-0.150197    -2.354027    27.776619    27.946011    -0.001296    -0.020314    0.239694    
0.414237     1.015647     15.486654    15.649746    0.013452     0.032981     0.502904    
0.429758     -0.939296    22.940142    23.047604    0.037102     -0.081092    1.980495    
0.649945     0.918341     80.486782    80.518711    0.008143     0.011506     1.008429    
0.033530     -1.214363    14.263870    14.450216    0.006462     -0.234040    2.749029    
-1.784628    0.900033     11.920464    12.246117    -0.244145    0.123128     1.630771    
1.392833     -0.363538    104.452126   104.480590   0.022763     -0.005941    1.707059    
-0.770202    -0.899832    47.853990    47.909104    -0.007423    -0.008673    0.461220    
1.573238     1.151872     29.617598    29.746915    0.000889     0.000651     0.016736    
1.905265     0.499289     15.183398    15.436640    0.055756     0.014611     0.444328    
-1.335870    1.219709     49.104912    49.177633    -0.023152    0.021139     0.851052    
-1.406312    1.026446     20.737674    20.903525    -0.001971    0.001439     0.029065    
0.379092     -0.462039    60.843566    60.878335    0.000781     -0.000952    0.125416    
-1.318068    -0.301928    24.915863    25.030055    -0.206921    -0.047399    3.911487    
-0.355366    0.348580     73.145175    73.173352    -0.024432    0.023965     5.028841    
-1.509885    -0.260221    60.662449    60.713715    -0.013787    -0.002376    0.553906    
1.162103     0.010651     59.463601    59.507524    0.049475     0.000453     2.531560    
-1.343087    -0.523880    39.615246    39.690314    -0.057788    -0.022541    1.704506    
0.330710     1.834883     37.140344    37.239176    0.013757     0.076330     1.545018    
1.941909     1.308568     25.965842    26.145426    0.161840     0.109057     2.164016    
-2.364700    2.018824     40.928193    41.093301    -0.062438    0.053306     1.080684    
0.260404     0.556318     101.062804   101.083839   0.013271     0.028352     5.150581    
1.268390     -0.759114    21.874497    22.012579    0.086998     -0.052067    1.500364    
-0.475439    1.492398     54.590528    54.648458    -0.045031    0.141353     5.170569    
0.683002     -0.118587    8.257368     8.517020     0.096237     -0.016709    1.163488    
0.765259     0.562976     8.447130     8.725338     0.010965     0.008066     0.121030    
0.210411     -0.476551    99.314550    99.335423    0.016242     -0.036785    7.666105    
-0.659700    0.142325     130.056451   130.073098   -0.002764    0.000596     0.544918    
0.938946     -0.499061    75.327021    75.360240    0.004368     -0.002322    0.350438    
1.899055     -0.292427    40.546297    40.639502    0.622716     -0.095889    13.295473   
0.067746     -1.113816    42.620748    42.680772    0.000918     -0.015100    0.577797    
0.497341     1.102718     59.350060    59.395016    0.014076     0.031210     1.679754    
-0.214316    0.217483     69.865178    69.893571    -0.030342    0.030790     9.891153    
-0.792770    -0.959700    38.216005    38.286911    -0.011482    -0.013900    0.553506    
0.444778     -0.534654    91.354388    91.378240    0.010127     -0.012173    2.079973    
2.390831     -0.683881    34.964224    35.107773    0.495032     -0.141600    7.239490    
-0.979554    -1.123473    19.892751    20.045404    -0.014809    -0.016985    0.300743    
0.665575     -1.165836    27.225888    27.329948    0.031531     -0.055230    1.289799    
2.891465     -2.700098    44.660349    44.878423    0.121573     -0.113527    1.877766    
0.303006     0.446652     75.638980    75.666515    0.009923     0.014627     2.476992    
-0.399281    -0.237972    36.314395    36.370679    -0.076520    -0.045606    6.959417    
0.362289     1.452056     92.085121    92.118316    0.034242     0.137244     8.703592    
2.072464     -0.617924    86.593036    86.642402    0.134930     -0.040231    5.637728    
0.220550     -0.632072    51.701849    51.743641    0.002997     -0.008589    0.702571    
-0.929399    -0.744128    107.875780   107.900308   -0.223692    -0.179100    25.964058   
0.607581     -1.560556    28.030230    28.149125    0.047394     -0.121730    2.186485    
0.363883     0.501825     13.258021    13.417686    0.009598     0.013236     0.349693    
-1.278632    1.389065     68.385418    68.439789    -0.233258    0.253404     12.475421   
-1.812841    -1.212982    20.913710    21.119089    -0.012111    -0.008104    0.139720    
1.060133     1.632773     25.472916    25.622924    0.049486     0.076217     1.189055    
-0.807568    -0.746726    6.823344     7.186288     -0.129182    -0.119450    1.091494    
0.729521     -0.293797    69.319926    69.352330    0.005543     -0.002232    0.526744    
-0.160619    0.363919     25.393613    25.472903    -0.006187    0.014018     0.978124    
-1.528895    1.147542     66.526262    66.582828    -0.084336    0.063300     3.669669    
-0.670630    -0.407263    112.655255   112.675184   -0.104328    -0.063356    17.525385   
-1.149153    -1.493196    66.403113    66.458999    -0.121142    -0.157410    7.000093    
-0.509740    -0.263491    23.232606    23.322911    -0.027773    -0.014356    1.265818    
-1.763834    -0.280445    89.108889    89.148521    -0.091187    -0.014499    4.606780    
0.941062     1.553810     17.030106    17.239472    0.343406     0.567006     6.214513    
0.569343     0.905131     14.310494    14.484771    0.030998     0.049280     0.779143    
0.491993     0.822705     8.768176     9.037409     0.037746     0.063118     0.672697    
0.235610     -1.117755    10.512788    10.756326    0.009627     -0.045672    0.429559    
1.502629     0.076818     28.031218    28.140503    0.018842     0.000963     0.351493    
-1.382863    -0.417925    28.115400    28.221227    -0.101704    -0.030737    2.067770    
-0.338310    -1.036386    64.292629    64.331996    -0.069387    -0.212562    13.186384   
-1.475930    1.697049     49.835854    49.925400    -0.088690    0.101977     2.994676    
-0.255079    0.013780     7.867353     8.113905     -0.027039    0.001461     0.833952    
-0.157848    0.747398     9.621592     9.850559     -0.004955    0.023461     0.302021    
1.224278     -1.973918    26.775070    26.947626    0.006706     -0.010812    0.146654    
0.622933     0.622204     74.535139    74.566327    0.010221     0.010209     1.222924    
1.254118     -1.111276    55.054803    55.115461    0.006732     -0.005965    0.295534    
-0.142011    -0.837148    19.698072    19.814388    -0.008396    -0.049493    1.164569    
-0.923515    -0.487521    26.666595    26.759536    -0.040308    -0.021278    1.163892    
0.908485     -0.487414    25.067177    25.165477    0.028959     -0.015537    0.799049    
0.151759     -0.790620    22.465521    22.565964    0.000354     -0.001842    0.052335    
1.078253     1.035609     10.477177    10.764818    0.071107     0.068295     0.690935    
0.654390     -0.299660    6.147086     6.494586     0.038662     -0.017704    0.363179    
1.402818     -0.555207    18.167702    18.336207    0.098119     -0.038834    1.270728    
-0.424231    0.693498     20.180272    20.292345    -0.036909    0.060335     1.755706    
0.855506     -0.570402    50.315890    50.364879    0.090075     -0.060057    5.297705    
2.968169     0.345366     71.333635    71.423328    0.114433     0.013315     2.750154    
0.741565     1.217607     24.799457    24.918276    0.118924     0.195266     3.977049    
1.049774     -0.193428    13.558897    13.742564    0.108900     -0.020066    1.406551    
0.431526     0.525066     19.959815    20.068161    0.025296     0.030779     1.170021    
1.006074     -0.367194    44.901140    44.957027    0.092781     -0.033863    4.140802    
1.174109     0.765481     17.505465    17.671467    0.025256     0.016466     0.376561    
-1.350956    0.242356     25.372669    25.485900    -0.038302    0.006871     0.719354    
0.027536     -2.413168    55.311692    55.399300    0.004590     -0.402220    9.219187    
-1.296010    -1.735719    81.255823    81.308524    -0.317468    -0.425179    19.904281   
-0.194668    1.822893     97.034814    97.072092    -0.008838    0.082764     4.405612    
0.261162     -1.198956    107.381912   107.406963   0.015281     -0.070151    6.282965    
-0.829213    -1.638874    94.034125    94.072659    -0.054035    -0.106797    6.127694    
-0.662973    -0.945073    70.026821    70.063994    -0.020735    -0.029558    2.190169    
-1.664380    0.655254     28.104578    28.230157    -0.005747    0.002262     0.097039    
0.722368     -0.646697    27.066280    27.155082    0.031348     -0.028064    1.174577    
0.204814     0.189999     26.330365    26.405324    0.004151     0.003851     0.533699    
-1.421684    0.297487     42.846065    42.915847    -0.044031    0.009213     1.326985    
-2.958073    1.273067     81.756885    81.843962    -0.642787    0.276637     17.765713   
0.196153     0.533847     6.034009     6.372416     0.006986     0.019014     0.214910    
0.808023     2.069862     72.797278    72.857779    0.043008     0.110172     3.874745    
0.203493     -2.061979    56.664885    56.736913    0.008074     -0.081814    2.248304    
0.807954     -0.794599    32.031583    32.112014    0.128100     -0.125983    5.078576    
