0.590779     1.101301     25.963884    26.068374    0.097727     0.182178     4.294962    
1.231254     0.349829     49.206180    49.262171    0.172461     0.049000     6.892291    
-0.318522    0.254944     148.600432   148.614030   -0.034416    0.027547     16.056297   
-0.524167    2.269774     90.223157    90.274690    -0.009332    0.040409     1.606233    
2.727721     -0.237767    27.449426    27.655794    0.247595     -0.021582    2.491578    
0.601839     0.405257     40.568989    40.623198    0.019774     0.013315     1.332902    
-0.318317    0.519466     11.179843    11.368158    -0.004909    0.008012     0.172430    
-2.259546    2.046698     21.378336    21.684158    -0.234132    0.212077     2.215205    
-0.636975    1.068349     67.192661    67.232996    -0.040190    0.067407     4.239494    
-1.630391    -0.291808    19.509558    19.678443    -0.229913    -0.041150    2.751186    
-0.505010    0.722836     41.700870    41.756616    -0.027494    0.039352     2.270266    
-0.720355    0.211828     43.972425    44.022868    -0.010685    0.003142     0.652260    
0.386896     0.728639     126.027642   126.045714   0.061882     0.116543     20.157577   
-1.197861    1.237350     8.527230     8.919333     -0.033708    0.034820     0.239960    
1.749890     3.051680     59.640625    59.776701    0.228460     0.398417     7.786487    
-0.885240    -1.252436    15.310479    15.512510    -0.042591    -0.060257    0.736616    
0.748398     -0.141003    79.039544    79.067721    0.064721     -0.012194    6.835324    
0.388542     0.071429     28.688890    28.759058    0.002720     0.000500     0.200852    
-1.670010    -0.878130    68.442923    68.497216    -0.275520    -0.144875    11.291795   
1.870643     1.400112     31.120452    31.270068    0.140075     0.104841     2.330315    
-0.277680    -1.664800    18.900210    19.077253    -0.014981    -0.089816    1.019663    
-1.357990    -1.368339    34.965228    35.073617    -0.051164    -0.051554    1.317365    
-1.429055    -0.739789    43.436838    43.511186    -0.033010    -0.017089    1.003359    
-1.335355    0.871863     38.969078    39.051342    -0.113913    0.074375     3.324278    
-2.858439    1.242416     24.187079    24.466386    -0.131755    0.057267     1.114867    
0.457249     0.788059     7.739807     8.038014     0.025071     0.043209     0.424371    
-0.538923    -2.254674    34.382401    34.516641    -0.021906    -0.091647    1.397558    
-0.405656    -0.166383    66.736138    66.766603    -0.001541    -0.000632    0.253441    
0.309910     -1.036048    21.180356    21.299105    0.010176     -0.034020    0.695476    
4.110383     -2.392364    114.517480   114.633096   0.082246     -0.047869    2.291413    
-1.485336    -0.088244    20.884556    21.029827    -0.039693    -0.002358    0.558105    
0.150082     1.174677     22.128719    22.247641    0.015844     0.124009     2.336095    
0.229379     1.317127     54.933223    54.984738    0.026799     0.153887     6.418123    
0.193192     0.748587     7.573799     7.863530     0.020242     0.078434     0.793556    
-1.469271    0.240604     85.963498    85.998922    -0.067480    0.011050     3.948071    
-0.540321    -1.137036    12.700643    12.913794    -0.114496    -0.240942    2.691309    
-1.486472    -0.987710    74.729429    74.776651    -0.045443    -0.030195    2.284542    
1.210836     -0.589441    50.458371    50.514708    0.039745     -0.019348    1.656278    
-0.099059    -1.178603    15.947007    16.111515    -0.000858    -0.010211    0.138164    
0.818706     -0.445198    60.815037    60.854024    0.159107     -0.086519    11.818755   
-1.541420    -1.509954    54.358774    54.437186    -0.129520    -0.126876    4.567584    
-0.198237    0.860757     23.830904    23.928376    -0.024922    0.108214     2.996024    
-0.140682    0.147613     21.071338    21.164069    -0.017374    0.018230     2.602343    
-1.562675    0.891960     17.323639    17.527720    -0.044519    0.025411     0.493534    
0.577238     -0.858376    76.503768    76.536080    0.111538     -0.165862    14.782653   
0.052197     -0.003977    45.876555    45.918798    0.001891     -0.000144    1.662030    
0.076710     0.795476     69.001452    69.034151    0.000263     0.002732     0.237016    
0.180590     1.268949     52.423586    52.476187    0.005490     0.038575     1.593622    
-0.917208    0.085244     36.216172    36.281326    -0.074008    0.006878     2.922211    
-0.730449    1.379664     36.098504    36.185826    -0.059521    0.112422     2.941495    
-1.242951    -1.104092    24.092199    24.229588    -0.178815    -0.158839    3.465991    
-0.308962    0.242465     92.655915    92.677655    -0.033526    0.026310     10.054219   
-0.353909    1.558821     20.129172    20.288265    -0.002408    0.010608     0.136985    
0.682766     -1.003983    31.231301    31.316821    0.002032     -0.002988    0.092947    
1.081609     1.535380     61.522008    61.582138    0.037666     0.053468     2.142426    
0.201078     1.896007     14.751152    15.003556    0.000160     0.001509     0.011737    
-0.505555    -1.635017    65.790598    65.842286    -0.113310    -0.366456    14.745630   
-0.115845    1.614981     105.909058   105.939724   -0.001556    0.021691     1.422472    
1.030111     -1.209000    21.329856    21.479304    0.051915     -0.060930    1.074962    
1.074314     -0.724326    9.932880     10.208617    0.038952     -0.026262    0.360142    
-0.801932    0.409014     122.550632   122.569746   -0.199851    0.101931     30.540989   
1.938776     1.379572     91.528367    91.580450    0.097190     0.069157     4.588264    
-0.043998    0.630901     62.329014    62.363298    -0.001765    0.025302     2.499701    
1.845144     -1.078663    11.730332    12.084855    0.065281     -0.038163    0.415015    
-0.786602    -0.249476    12.230567    12.415422    -0.010440    -0.003311    0.162326    
-1.300107    0.091319     15.632532    15.809796    -0.153799    0.010803     1.849281    
1.974954     -0.403090    61.267389    61.332135    0.044533     -0.009089    1.381511    
-1.597985    -1.799829    93.440426    93.492145    -0.018296    -0.020607    1.069815    
-1.033906    0.195083     16.611138    16.760426    -0.009139    0.001724     0.146830    
0.507645     0.218536     14.552241    14.695174    0.008874     0.003820     0.254387    
-0.143369    -0.062254    18.292548    18.398823    -0.002891    -0.001255    0.368894    
-1.326284    -1.565293    89.772428    89.817442    -0.071291    -0.084138    4.825470    
-0.530843    -0.500546    32.639050    32.706496    -0.040357    -0.038054    2.481392    
2.402198     -1.046651    24.362706    24.582157    0.054790     -0.023872    0.555669    
-1.033003    0.550854     19.415745    19.550362    -0.236485    0.126107     4.444845    
-0.891981    0.460346     35.164761    35.234115    -0.026091    0.013465     1.028573    
-1.274302    0.602765     88.800424    88.833425    -0.117542    0.055599     8.190998    
-1.446780    -1.680938    69.162300    69.225843    -0.084063    -0.097668    4.018577    
-0.402824    0.334136     15.377868    15.512178    -0.029797    0.024716     1.137504    
-0.582956    0.739174     25.514698    25.607830    -0.003409    0.004322     0.149197    
1.362353     1.360471     76.985728    77.034954    0.039507     0.039452     2.232503    
0.924734     0.804038     35.149954    35.226351    0.031979     0.027805     1.215538    
-1.025857    2.005227     42.629604    42.734429    -0.035976    0.070323     1.495005    
-1.963955    2.779477     27.164514    27.447557    -0.504339    0.713763     6.975786    
-0.366699    0.297241     13.877754    14.024616    -0.004968    0.004027     0.188030    
0.511419     -1.960951    16.738896    16.975643    0.005224     -0.020029    0.170969    
0.412165     -1.280674    53.307262    53.360558    0.013265     -0.041217    1.715644    
0.747654     -0.812260    78.156327    78.188907    0.052750     -0.057308    5.514252    
-0.726512    -0.190763    45.897293    45.945628    -0.077960    -0.020470    4.925114    
-0.201059    0.935130     52.053314    52.099302    -0.006312    0.029357     1.634113    
0.463526     0.137926     52.685489    52.724469    0.080125     0.023842     9.107172    
2.651270     -1.412373    36.152136    36.330097    0.023768     -0.012661    0.324092    
-2.875587    -0.025152    61.575222    61.673759    -0.317797    -0.002780    6.805025    
-0.537784    -0.084283    85.449480    85.473884    -0.065147    -0.010210    10.351398   
0.941059     1.449852     37.644467    37.735507    0.065488     0.100894     2.619658    
1.294149     0.323296     22.157661    22.284888    0.194568     0.048606     3.331286    
0.545895     1.924974     83.782781    83.829785    0.003115     0.010983     0.478032    
0.537640     0.393712     9.468261     9.693656     0.048897     0.035807     0.861116    
2.416054     -0.299284    129.929627   129.967341   0.076736     -0.009506    4.126697    
0.657304     0.953227     20.865317    20.989928    0.012042     0.017463     0.382248    
-0.046749    -0.968128    26.015143    26.107510    -0.003826    -0.079238    2.129238    
-2.207224    -1.948508    56.373833    56.484976    -0.201775    -0.178125    5.153468    
0.019027     -0.994688    131.561481   131.579968   0.000363     -0.018953    2.506867    
-1.624408    -0.175691    43.544676    43.619759    -0.078418    -0.008482    2.102122    
-0.395085    -0.731693    30.835091    30.909048    -0.060126    -0.111352    4.692609    
-0.140364    -1.304193    34.337096    34.418480    -0.005741    -0.053344    1.404443    
0.630383     -1.077511    49.027707    49.083087    0.070427     -0.120380    5.477414    
0.746806     -1.078113    120.537731   120.560937   0.042749     -0.061715    6.899948    
1.253556     0.540661     42.459018    42.526543    0.097945     0.042244     3.317478    
0.410010     0.329279     16.866975    16.989595    0.008623     0.006925     0.354722    
0.101840     1.307205     43.128124    43.192930    0.000291     0.003735     0.123229    
-0.457230    0.090534     80.153983    80.179506    -0.057762    0.011437     10.125881   
0.823212     0.706214     15.626380    15.787182    0.032160     0.027589     0.610465    
1.145012     -0.610992    10.675474    10.932752    0.039955     -0.021321    0.372522    
0.317731     -0.383847    13.292333    13.446537    0.035286     -0.042629    1.476205    
-1.261931    -0.122647    20.618414    20.750939    -0.042309    -0.004112    0.691282    
-1.708685    1.956584     27.080386    27.275815    -0.017645    0.020205     0.279644    
0.900246     0.916315     57.030714    57.079133    0.054271     0.055240     3.438087    
0.162990     -1.152506    30.083359    30.170156    0.008622     -0.060964    1.591307    
-0.510560    0.664263     10.273833    10.494214    -0.034816    0.045297     0.700585    
-0.754811    1.030118     23.861886    23.976977    -0.007048    0.009619     0.222813    
0.757734     -0.687431    100.894003   100.918390   0.021477     -0.019485    2.859740    
1.713404     -1.078323    37.356503    37.463072    0.072361     -0.045540    1.577644    
1.692815     1.448948     45.626135    45.722907    0.000573     0.000490     0.015444    
-1.355118    0.400826     97.410861    97.440997    -0.273446    0.080882     19.656316   
-1.909220    2.940898     70.655160    70.769489    -0.116715    0.179784     4.319321    
-0.410337    1.537761     36.159930    36.248429    -0.000294    0.001101     0.025880    
-0.599975    0.797553     81.846170    81.875922    -0.104776    0.139280     14.293126   
0.161488     -1.186852    25.402209    25.506506    0.004055     -0.029801    0.637834    
2.871769     1.865242     45.335377    45.507115    0.455628     0.295935     7.192803    
0.764121     -1.953094    18.821862    19.040376    0.075502     -0.192983    1.859764    
0.210852     0.361416     78.754362    78.780071    0.004686     0.008032     1.750182    
0.418966     -1.007496    35.913408    35.983863    0.004122     -0.009912    0.353309    
-0.178962    0.284251     51.646656    51.685248    -0.018645    0.029614     5.380680    
0.065654     -1.076564    74.356367    74.390239    0.006843     -0.112207    7.749967    
-0.287475    -1.446273    92.232316    92.265104    -0.011800    -0.059363    3.785724    
-0.501662    0.101283     6.164898     6.491752     -0.004695    0.000948     0.057694    
-0.583817    -0.090959    12.488537    12.656525    -0.023898    -0.003723    0.511212    
0.592452     -0.883828    54.662925    54.708706    0.047628     -0.071052    4.394410    
-3.194759    -1.795085    68.594971    68.720986    -0.085697    -0.048152    1.840009    
-0.199954    0.695314     20.333800    20.441669    -0.011064    0.038474     1.125127    
1.739914     0.388366     26.056772    26.191763    0.041969     0.009368     0.628519    
-1.329597    -0.540804    9.764557     10.063887    -0.074884    -0.030458    0.549944    
0.594940     0.088389     19.041990    19.152914    0.059164     0.008790     1.893646    
-0.609891    1.030079     23.915976    24.026691    -0.005348    0.009032     0.209700    
0.288732     -0.866036    50.940685    50.986878    0.018567     -0.055691    3.275772    
0.911605     -0.107497    46.576579    46.627194    0.015629     -0.001843    0.798544    
-1.441486    -0.188455    66.777203    66.822026    -0.015219    -0.001990    0.705032    
0.037721     0.990390     19.887845    20.009588    0.000153     0.004029     0.080911    
0.963261     -0.228910    75.899660    75.931638    0.030131     -0.007160    2.374179    
-1.036622    -0.228936    26.791698    26.884885    -0.000709    -0.000157    0.018319    
0.060440     0.875300     33.901275    33.969711    0.008000     0.115852     4.487085    
0.185591     1.314159     60.495358    60.541926    0.011008     0.077948     3.588197    
-1.575115    0.530362     25.772154    25.900601    -0.020106    0.006770     0.328979    
0.195247     0.679966     45.140021    45.188460    0.085246     0.296877     19.708357   
-0.326029    0.456733     10.786893    10.979386    -0.039078    0.054745     1.292932    
-0.901195    0.161064     66.659122    66.694465    -0.122182    0.021837     9.037512    
0.810186     -0.147650    71.613045    71.644828    0.094341     -0.017193    8.338905    
1.128347     -0.927485    71.791884    71.833717    0.032897     -0.027041    2.093096    
0.032091     -0.194006    12.277660    12.436018    0.000572     -0.003459    0.218908    
-0.362826    -1.473110    66.386035    66.432540    -0.001122    -0.004557    0.205370    
-0.466370    -0.879822    53.180198    53.225934    -0.001549    -0.002922    0.176612    
-1.086728    0.212630     23.859813    23.966473    -0.043683    0.008547     0.959085    
-0.824501    -1.696991    24.687188    24.837306    -0.008447    -0.017387    0.252933    
0.704821     -1.984214    72.833232    72.890250    0.003159     -0.008893    0.326433    
-0.338352    0.864026     15.073456    15.229742    -0.025919    0.066187     1.154666    
1.152205     -0.431318    57.384762    57.431694    0.035854     -0.013422    1.785687    
0.351949     1.849410     12.022420    12.327113    0.035972     0.189023     1.228779    
-0.434069    0.727212     18.643015    18.765772    -0.038082    0.063800     1.635594    
0.027159     0.776863     40.083670    40.139504    0.000268     0.007667     0.395574    
-0.100077    0.378105     8.920709     9.143685     -0.002849    0.010763     0.253937    
-0.484210    1.601993     29.163615    29.277846    -0.025840    0.085492     1.556340    
0.626265     -0.462075    37.569796    37.629380    0.041733     -0.030792    2.503563    
-0.248513    0.646855     62.262793    62.297757    -0.010864    0.028277     2.721759    
0.660542     0.790325     13.686532    13.865679    0.148114     0.177216     3.068956    
0.123179     -0.398671    5.767730     6.108664     0.012222     -0.039557    0.572287    
0.339478     -1.175042    100.433249   100.459984   0.004626     -0.016010    1.368443    
-1.026196    -0.104637    76.430068    76.462371    -0.071373    -0.007278    5.315809    
-1.766675    -0.225405    56.935736    56.997587    -0.003965    -0.000506    0.127774    
-0.057720    1.255067     10.255327    10.517852    -0.004914    0.106848     0.873069    
-2.444312    -0.268314    38.209442    38.339054    -0.116581    -0.012797    1.822398    
0.562535     0.942106     127.392566   127.412498   0.061057     0.102255     13.826989   
1.304886     0.580503     12.406123    12.642252    0.164411     0.073142     1.563131    
-0.126760    -1.715182    9.468764     9.822951     -0.001400    -0.018939    0.104552    
0.272963     -1.848154    15.401500    15.638776    0.044033     -0.298136    2.484501    
0.009962     -0.154064    43.997658    44.041942    0.000553     -0.008556    2.443340    
-0.156525    1.868551     66.199501    66.255301    -0.027670    0.330313     11.702407   
1.103693     0.157240     26.558714    26.654889    0.037115     0.005288     0.893120    
0.283892     1.020032     103.593948   103.618059   0.010954     0.039357     3.997035    
-2.455820    -0.573692    42.532971    42.653121    -0.037313    -0.008717    0.646233    
0.953153     0.158642     21.198215    21.311333    0.014592     0.002429     0.324526    
-1.995415    0.742862     93.950850    93.995589    -0.075531    0.028119     3.556248    
-0.562677    -0.901083    18.516505    18.651125    -0.020933    -0.033522    0.688852    
-0.236851    -1.454439    32.008464    32.102775    -0.004727    -0.029029    0.638848    
0.594276     2.135983     68.691316    68.755272    0.059695     0.214558     6.899997    
-0.757554    0.777287     12.948441    13.142113    -0.177730    0.182360     3.037845    
0.149677     0.010038     68.634908    68.663295    0.004372     0.000293     2.004974    
-1.932238    0.525556     17.795606    18.015780    -0.124334    0.033818     1.145094    
-1.439645    -0.376349    38.769327    38.847778    -0.336599    -0.087993    9.064549    
-0.182863    -0.917293    18.177700    18.307883    -0.009635    -0.048333    0.957798    
-1.441685    1.944014     28.734217    28.903077    -0.064722    0.087273     1.289969    
0.286219     0.324746     23.215631    23.302958    0.021416     0.024298     1.737050    
0.325311     0.912990     21.033889    21.148022    0.016822     0.047210     1.087651    
0.011988     -1.888390    22.037087    22.205276    0.000214     -0.033765    0.394028    
-1.627204    -0.921629    114.256776   114.289033   -0.140826    -0.079762    9.888346    
-0.052425    -1.022296    36.229454    36.297330    -0.001977    -0.038545    1.366010    
0.544998     0.638685     10.679886    10.892193    0.067216     0.078771     1.317180    
1.975615     -2.080051    23.028168    23.289507    0.055485     -0.058418    0.646742    
-0.071558    -1.766557    14.948389    15.180749    -0.003649    -0.090072    0.762175    
0.046722     -0.517476    10.416042    10.613145    0.006159     -0.068210    1.372972    
0.052156     0.304977     65.151702    65.182168    0.003112     0.018196     3.887097    
1.694218     0.662081     157.048734   157.071603   0.005904     0.002307     0.547265    
1.838984     -0.018877    32.526542    32.637909    0.002943     -0.000030    0.052060    
0.507777     -0.680551    30.077311    30.153616    0.022688     -0.030407    1.343856    
-0.136339    -0.427740    14.270565    14.412686    -0.003693    -0.011585    0.386496    
-1.705366    -0.624531    152.337922   152.361464   -0.037235    -0.013636    3.326186    
1.620918     -0.409761    52.783242    52.846389    0.158436     -0.040052    5.159288    
-0.950301    -1.020606    91.441963    91.473779    -0.022138    -0.023776    2.130249    
-0.698155    0.057070     14.155446    14.308818    -0.202388    0.016544     4.103515    
-0.643316    0.975432     112.679265   112.702516   -0.054546    0.082706     9.553987    
-0.259944    1.699734     34.263484    34.363032    -0.004373    0.028596     0.576438    
-1.610066    -0.733699    55.836204    55.898902    -0.045071    -0.020539    1.563033    
0.052849     -0.399015    16.507882    16.629707    0.001975     -0.014913    0.616985    
1.233107     -0.650502    13.553864    13.766840    0.069720     -0.036779    0.766335    
0.462133     -2.263753    50.588596    50.679573    0.019235     -0.094222    2.105601    
1.524516     1.016645     27.690815    27.821105    0.095236     0.063510     1.729844    
1.296204     -0.186012    24.497927    24.611748    0.009910     -0.001422    0.187304    
-1.394195    0.064075     41.687457    41.757238    -0.013487    0.000620     0.403273    
-1.781028    0.608697     18.503907    18.703265    -0.415538    0.142017     4.317215    
1.553400     0.152533     76.064389    76.105864    0.141823     0.013926     6.944574    
0.271101     1.574405     39.800871    39.881532    0.030368     0.176361     4.458396    
0.455797     1.269883     30.924798    31.016745    0.018110     0.050457     1.228752    
2.328513     0.778576     54.709064    54.799496    0.239806     0.080183     5.634302    
-0.039481    0.177222     24.589513    24.668848    -0.007195    0.032295     4.480926    
-0.109769    -1.388606    32.535293    32.624538    -0.000270    -0.003421    0.080145    
1.075763     0.088702     14.537364    14.709692    0.030661     0.002528     0.414333    
0.377779     -1.553323    43.397060    43.471085    0.014322     -0.058889    1.645260    
1.015956     0.856822     16.830718    16.997480    0.000074     0.000062     0.001219    
-0.648354    -0.518854    20.529039    20.639912    -0.028446    -0.022765    0.900710    
-0.694721    -0.241577    86.386780    86.412335    -0.011140    -0.003874    1.385203    
-1.601362    1.853547     156.228385   156.259986   -0.000686    0.000794     0.066903    
0.487406     0.276037     77.614747    77.641726    0.011013     0.006237     1.753711    
1.831949     -0.844302    29.562819    29.696870    0.097107     -0.044754    1.567055    
-0.755027    0.834000     17.421198    17.568117    -0.118206    0.130569     2.727429    
0.355707     -1.014536    10.230313    10.473302    0.016065     -0.045819    0.462025    
-0.162487    0.849367     189.040542   189.052769   -0.020529    0.107313     23.884383   
-0.401236    2.230350     97.563005    97.609171    -0.000129    0.000716     0.031322    
0.232693     -2.294833    35.426823    35.556366    0.004912     -0.048446    0.747896    
-1.476261    2.014542     40.179975    40.305621    -0.067173    0.091666     1.828276    
0.600185     0.333452     7.822700     8.095740     0.074028     0.041128     0.964861    
-0.376742    2.008473     64.507677    64.570049    -0.028642    0.152696     4.904244    
-0.451100    -0.993790    28.932162    29.019581    -0.022145    -0.048787    1.420320    
1.026419     0.770242     83.565821    83.598853    0.008669     0.006505     0.705780    
-0.462926    -1.306494    48.052071    48.112344    -0.019089    -0.053875    1.981502    
-1.238569    1.440477     21.667113    21.839134    -0.188898    0.219692     3.304523    
1.676599     0.392898     46.205301    46.279263    0.050189     0.011761     1.383164    
-1.215274    1.309779     31.436867    31.549072    -0.000327    0.000352     0.008457    
1.409345     0.180393     26.819189    26.928844    0.214688     0.027480     4.085415    
-0.234420    0.508985     16.999216    17.121984    -0.008180    0.017762     0.593213    
0.220467     1.732501     92.259765    92.297287    0.010332     0.081193     4.323729    
-0.134932    1.120857     15.811207    15.973219    -0.025391    0.210921     2.975326    
0.653257     -0.913340    44.782881    44.840186    0.085222     -0.119152    5.842257    
0.321826     2.341239     38.724409    38.846362    0.003235     0.023532     0.389215    
-1.697157    -0.382957    21.100243    21.263165    -0.486205    -0.109710    6.044837    
-0.754658    -0.399385    29.472876    29.550878    -0.010490    -0.005551    0.409674    
1.517739     -1.619023    30.470484    30.614541    0.402864     -0.429748    8.087985    
0.143439     -1.681438    126.904063   126.930548   0.024715     -0.289716    21.865855   
0.458426     -0.310722    74.232319    74.260480    0.045481     -0.030827    7.364703    
0.405584     -0.639487    12.070989    12.253864    0.020415     -0.032188    0.607582    
-2.430378    0.649790     51.916317    52.014497    -0.361533    0.096660     7.722866    
-0.266066    0.557455     13.305823    13.464822    -0.028543    0.059802     1.427416    
-0.082222    -0.093129    45.088313    45.131434    -0.001904    -0.002156    1.044013    
-1.501647    -0.211062    29.357973    29.462943    -0.104725    -0.014720    2.047434    
0.494709     1.656158     110.138894   110.170043   0.016821     0.056312     3.744906    
2.518797     0.885545     35.780006    35.933443    0.892602     0.313816     12.679581   
0.998857     0.498698     22.006268    22.122324    0.014914     0.007446     0.328573    
-0.169322    -0.980113    77.804975    77.836228    -0.002687    -0.015556    1.234856    
-0.411801    0.146846     14.196750    14.339240    -0.029590    0.010552     1.020111    
0.244645     -0.317692    58.622357    58.656768    0.005884     -0.007641    1.410037    
-0.658806    0.465139     125.236884   125.254949   -0.068884    0.048634     13.094620   
2.381502     -0.959189    22.853829    23.081682    0.308980     -0.124447    2.965095    
0.281756     1.296523     39.380139    39.451625    0.018344     0.084410     2.563850    
0.298851     1.150011     35.449749    35.524238    0.044615     0.171681     5.292177    
0.443090     -0.261794    13.959168    14.106672    0.016471     -0.009732    0.518903    
0.857178     0.785794     22.890025    23.003921    0.292148     0.267819     7.801505    
-0.079258    -1.790812    81.242852    81.286464    -0.008429    -0.190457    8.640353    
-0.262947    -1.651873    35.555755    35.649467    -0.012529    -0.078710    1.694197    
0.005031     -1.382279    155.517435   155.536035   0.000122     -0.033522    3.771517    
0.130311     1.723212     21.337768    21.497947    0.006749     0.089253     1.105181    
-1.945661    0.046897     18.402230    18.609267    -0.014933    0.000360     0.141238    
1.051566     0.344182     71.705239    71.740787    0.059444     0.019456     4.053455    
0.681972     0.296250     15.931862    16.070222    0.044148     0.019178     1.031360    
-0.855164    -1.018735    67.331513    67.373413    -0.012281    -0.014630    0.966918    
-0.054103    -0.610145    109.852935   109.872279   -0.002036    -0.022958    4.133508    
-0.567411    1.443133     74.401769    74.443957    -0.015534    0.039509     2.036900    
0.786710     0.940687     19.187639    19.327293    0.002081     0.002489     0.050760    
0.114142     -0.379526    40.151558    40.201737    0.002564     -0.008525    0.901888    
-1.370105    0.561067     14.383586    14.592960    -0.046207    0.018922     0.485092    
-0.105021    -0.132957    23.292776    23.376421    -0.000905    -0.001145    0.200646    
1.375722     0.295092     70.360793    70.402385    0.082180     0.017628     4.203078    
0.534364     1.425596     20.931793    21.079203    0.003439     0.009174     0.134698    
0.729972     -0.067620    36.830816    36.890668    0.045342     -0.004200    2.287740    
0.557005     -1.280543    63.806396    63.852026    0.123336     -0.283548    14.128513   
0.489671     -0.590398    6.836178     7.155182     0.020166     -0.024314    0.281531    
0.934249     -3.785141    41.812494    42.039978    0.013612     -0.055149    0.609207    
2.233461     -0.645974    68.652285    68.719843    0.102788     -0.029729    3.159502    
-0.453569    0.950317     21.454311    21.570147    -0.096651    0.202503     4.571694    
-1.619800    0.456522     8.748033     9.123333     -0.058021    0.016353     0.313355    
-0.600202    -0.469975    98.545861    98.568467    -0.014998    -0.011744    2.462502    
-0.165216    -0.388257    38.367569    38.420351    -0.002371    -0.005572    0.550626    
-3.270481    0.151942     53.289001    53.425759    -0.047566    0.002210     0.775029    
0.866925     -0.995619    24.141217    24.257290    0.001470     -0.001688    0.040934    
-0.486059    -1.020576    44.805887    44.863351    -0.008267    -0.017358    0.762064    
-0.133553    0.440041     21.329739    21.425316    -0.008955    0.029504     1.430146    
0.471898     -0.444061    12.018792    12.196155    0.013379     -0.012590    0.340748    
1.306078     -0.432199    16.335057    16.510654    0.114020     -0.037731    1.426046    
0.875071     -0.965943    23.630438    23.748081    0.089706     -0.099021    2.422416    
-2.298689    -0.602068    16.470997    16.757540    -0.171671    -0.044964    1.230090    
0.211271     -0.419322    53.357797    53.396160    0.013488     -0.026771    3.406515    
1.464361     -0.242890    44.692270    44.760220    0.052297     -0.008674    1.596108    
-1.496722    1.348884     49.398152    49.478399    -0.261377    0.235560     8.626546    
3.002108     1.475392     37.675378    37.874774    0.041254     0.020274     0.517717    
-1.456924    -0.257900    79.314504    79.352723    -0.000962    -0.000170    0.052398    
0.680055     -1.380489    50.821727    50.883112    0.149395     -0.303266    11.164527   
0.558686     -1.204980    50.982773    51.038046    0.066385     -0.143181    6.057982    
0.597884     -0.862308    7.256465     7.591592     0.037005     -0.053371    0.449127    
-0.928994    -1.414420    27.974976    28.095157    -0.120616    -0.183641    3.632119    
1.347693     -1.154573    70.580163    70.629907    0.027732     -0.023758    1.452342    
-0.395695    -0.805235    67.722548    67.757091    -0.037976    -0.077281    6.499559    
0.526965     -1.785218    28.630264    28.758158    0.060115     -0.203653    3.266064    
0.576352     1.490196     30.684860    30.789421    0.353506     0.914011     18.820556   
-0.484462    1.323619     27.755564    27.860958    -0.022665    0.061923     1.298497    
-0.751507    1.209304     89.102609    89.135723    -0.077988    0.125497     9.246703    
0.923250     0.146365     14.366011    14.530349    0.017117     0.002714     0.266348    
1.909916     -1.043591    25.248738    25.418706    0.140452     -0.076744    1.856744    
-0.239748    -1.921990    33.098867    33.213875    -0.014822    -0.118821    2.046227    
1.501518     -1.211013    76.365019    76.414738    0.050038     -0.040357    2.544855    
1.146573     0.718654     153.596984   153.615558   0.416993     0.261364     55.861074   
-0.130778    -0.599632    122.070711   122.088124   -0.025041    -0.114817    23.374030   
1.369202     -0.681616    55.928539    55.984067    0.028885     -0.014380    1.179897    
-1.089572    -1.210664    22.605542    22.749469    -0.023230    -0.025812    0.481961    
0.295170     1.008500     42.516560    42.575076    0.034946     0.119398     5.033624    
0.523774     -0.654092    88.924113    88.949845    0.101880     -0.127229    17.296798   
-0.675512    -0.228283    107.097344   107.117806   -0.098015    -0.033123    15.539581   
1.270889     -0.944996    9.236855     9.576149     0.074532     -0.055420    0.541703    
2.913015     -0.176752    17.648072    17.995730    0.216160     -0.013116    1.309575    
-1.548353    -1.019758    27.283326    27.417005    -0.198578    -0.130785    3.499115    
-1.186793    -1.390092    66.429349    66.483638    -0.190892    -0.223592    10.684980   
-1.661075    0.445803     77.796585    77.840487    -0.245763    0.065958     11.510318   
0.129552     0.617536     6.613541     6.929070     0.011596     0.055277     0.591988    
1.283810     -0.659962    19.865355    20.014769    0.060049     -0.030869    0.929181    
1.671545     -0.278922    29.825210    29.938102    0.200346     -0.033431    3.574759    
-1.761362    0.143231     9.381640     9.747463     -0.076729    0.006239     0.408683    
1.770411     0.132899     29.037069    29.157818    0.062585     0.004698     1.026480    
-0.023741    -0.027945    7.354796     7.613759     -0.004151    -0.004886    1.286071    
-0.795552    0.155200     29.112305    29.190037    -0.048325    0.009427     1.768386    
0.773091     0.604691     66.020845    66.057477    0.032277     0.025247     2.756446    
-0.589454    -1.198159    48.775487    48.833453    -0.040770    -0.082871    3.373569    
0.664725     -1.808811    91.077761    91.119412    0.061539     -0.167456    8.431804    
1.263342     -0.602317    24.603836    24.722106    0.276466     -0.131809    5.384232    
3.357367     2.373933     43.682120    43.919358    0.265173     0.187499     3.450119    
0.656821     1.264690     83.865371    83.900574    0.019406     0.037366     2.477823    
-2.237887    1.380979     33.951151    34.109689    -0.083406    0.051469     1.265362    
-0.911273    1.573756     32.149740    32.261244    -0.006866    0.011857     0.242228    
-1.858508    -0.608372    56.459071    56.527214    -0.021994    -0.007199    0.668138    
0.852037     -1.290614    161.201604   161.221040   0.380386     -0.576186    71.967425   
0.286157     0.817312     112.448935   112.469498   0.018485     0.052796     7.263860    
0.723220     -1.896046    13.451760    13.745648    0.217772     -0.570927    4.050518    
1.455655     0.473764     28.747134    28.855087    0.048563     0.015805     0.959044    
0.410893     -0.485631    19.475687    19.585250    0.041848     -0.049460    1.983539    
0.047494     -2.027127    43.130004    43.222491    0.000933     -0.039830    0.847438    
0.501600     -0.637362    37.755123    37.815104    0.105715     -0.134327    7.957085    
0.682698     1.524640     34.724670    34.820515    0.068515     0.153012     3.484954    
1.056571     -0.471496    17.981486    18.125877    0.169089     -0.075456    2.877675    
0.013969     -0.037435    18.248217    18.354127    0.003232     -0.008660    4.221596    
-1.012275    -0.711731    52.995626    53.046607    -0.051170    -0.035978    2.678907    
0.095883     -0.563489    33.260679    33.323782    0.001454     -0.008544    0.504350    
0.563211     -0.931293    67.156639    67.194297    0.135808     -0.224565    16.193630   
0.663648     -3.054747    58.619685    58.735972    0.013474     -0.062021    1.190173    
1.593992     1.307615     37.276551    37.385383    0.362791     0.297612     8.484107    
-0.415919    -0.387749    41.040304    41.091421    -0.061143    -0.057001    6.033169    
0.252726     -2.578417    31.127893    31.297488    0.007939     -0.080993    0.977792    
-0.328959    -0.315212    103.842335   103.861990   -0.000921    -0.000883    0.290867    
-1.069455    -1.153853    35.155822    35.246019    -0.035265    -0.038048    1.159240    
-0.378833    -0.369416    11.122648    11.307884    -0.018323    -0.017868    0.537973    
0.432606     0.332114     7.893210     8.153230     0.028891     0.022180     0.527131    
-0.130249    -0.520255    81.822771    81.848204    -0.003488    -0.013934    2.191441    
-1.256298    2.320956     59.618863    59.709705    -0.013294    0.024560     0.630870    
1.830277     -1.813619    24.381954    24.596621    0.162189     -0.160713    2.160593    
-0.581408    -0.794623    11.306294    11.518537    -0.037544    -0.051313    0.730102    
-0.556946    1.621424     76.941442    76.985710    -0.003264    0.009502     0.450922    
-1.129887    0.383906     10.827487    11.069484    -0.106283    0.036112     1.018489    
0.399476     -0.545480    87.988377    88.012991    0.003637     -0.004966    0.801063    
-0.613612    -0.314862    20.808181    20.912461    -0.000923    -0.000474    0.031313    
-0.970797    0.473937     9.072002     9.345760     -0.114480    0.055889     1.069807    
-0.572085    -0.965088    25.132332    25.234257    -0.015816    -0.026681    0.694809    
0.932319     0.023023     150.570977   150.586732   0.019588     0.000484     3.163532    
-2.263090    -1.088745    75.080905    75.148681    -0.235889    -0.113483    7.825911    
0.077891     -0.106859    11.291792    11.462853    0.008713     -0.011954    1.263142    
-1.016887    1.247692     35.974059    36.063814    -0.045222    0.055486     1.599791    
0.406955     0.959473     42.125105    42.183950    0.065028     0.153316     6.731261    
1.260570     0.374601     15.691357    15.868932    0.014271     0.004241     0.177646    
0.253865     1.290795     13.144143    13.355675    0.015866     0.080671     0.821472    
-1.257017    -0.978205    38.774391    38.856986    -0.017954    -0.013972    0.553808    
1.056138     -1.068234    46.204588    46.270892    0.024147     -0.024423    1.056378    
-0.457264    -0.552952    59.273717    59.310735    -0.001369    -0.001655    0.177455    
1.431075     1.470429     80.369369    80.419653    0.077152     0.079273     4.332855    
1.074038     1.110881     93.603920    93.637366    0.044466     0.045991     3.875268    
-0.371784    0.752194     138.340743   138.357292   -0.010667    0.021581     3.969080    
-0.008955    0.193412     12.564613    12.719353    -0.000392    0.008458     0.549464    
0.157239     -0.024929    5.438702     5.786172     0.004007     -0.000635    0.138611    
0.193074     0.650398     168.656419   168.669271   0.008672     0.029214     7.575525    
-0.906946    0.888611     29.622805    29.715278    -0.019700    0.019302     0.643457    
1.313671     -0.289653    31.780884    31.870193    0.030393     -0.006701    0.735289    
-1.821809    1.524948     30.918038    31.071602    -0.106808    0.089404     1.812653    
0.732115     1.108333     77.161571    77.198105    0.058286     0.088237     6.143029    
0.483395     -1.479353    15.786955    15.985151    0.013809     -0.042260    0.450982    
-1.672183    -1.362061    51.341895    51.424863    -0.062663    -0.051042    1.923989    
-0.643193    1.069417     39.578140    39.646708    -0.082124    0.136544     5.053383    
0.512415     -0.324265    9.250583     9.477128     0.049382     -0.031250    0.891483    
-0.463151    -0.828455    26.251958    26.342762    -0.010303    -0.018430    0.583992    
-1.168924    -0.246280    92.596186    92.624811    -0.100214    -0.021114    7.938467    
1.622384     -0.796212    73.699430    73.747861    0.076136     -0.037365    3.458612    
0.563762     1.258538     12.220596    12.454704    0.069318     0.154744     1.502588    
1.213326     0.455086     72.482821    72.521125    0.189935     0.071240     11.346539   
1.067266     1.698014     81.452423    81.500887    0.029462     0.046874     2.248487    
-1.079642    -1.198416    56.392101    56.449498    -0.112045    -0.124372    5.852380    
-0.960398    2.047537     108.437887   108.479331   -0.015997    0.034104     1.806179    
-0.528612    2.788723     45.783091    45.913209    -0.050694    0.267441     4.390644    
-0.122130    0.737113     40.583975    40.638556    -0.036413    0.219770     12.100098   
-0.113992    0.225544     47.585410    47.626778    -0.004636    0.009174     1.935463    
-0.869496    0.122998     61.778060    61.815652    -0.033714    0.004769     2.395394    
0.224152     0.620434     60.063132    60.099001    0.012219     0.033821     3.274124    
0.356756     -1.700327    68.634561    68.684760    0.058551     -0.279059    11.264344   
0.429412     -1.391668    28.800858    28.904767    0.023666     -0.076697    1.587267    
0.589664     -0.009725    20.355480    20.458942    0.003288     -0.000054    0.113491    
0.234084     0.534785     8.036201     8.294352     0.013366     0.030536     0.458860    
0.014846     -0.300008    20.948476    21.042904    0.000653     -0.013200    0.921716    
-0.581295    -2.252883    23.127209    23.327155    -0.029231    -0.113287    1.162957    
0.749043     -0.188517    18.088356    18.211540    0.125510     -0.031588    3.030891    
0.640300     -0.695192    67.305790    67.341203    0.077524     -0.084170    8.149038    
-0.048662    -0.286778    63.995101    64.026030    -0.000592    -0.003487    0.778128    
0.123229     0.327151     110.704111   110.722163   0.005480     0.014548     4.922781    
0.229734     -0.771332    23.968334    24.062496    0.003794     -0.012737    0.395795    
-0.812284    -1.230988    124.112805   124.137176   -0.009485    -0.014374    1.449279    
0.221970     -0.511461    13.912382    14.062012    0.013132     -0.030260    0.823101    
1.579336     0.419834     72.680885    72.725901    0.120302     0.031980     5.536270    
1.584816     -0.429262    79.905199    79.946305    0.085879     -0.023261    4.329946    
1.153566     0.060272     78.525734    78.558897    0.053957     0.002819     3.672943    
0.413142     -0.693468    74.372920    74.403345    0.011716     -0.019666    2.109149    
-0.490190    0.400714     6.668140     6.981397     -0.055479    0.045353     0.754695    
0.537071     -0.365486    170.380679   170.393288   0.097236     -0.066170    30.847032   
1.739375     2.003471     48.976155    49.087453    0.084243     0.097034     2.372063    
-0.262588    -0.571043    128.431146   128.447769   -0.014511    -0.031556    7.097088    
1.485253     -0.458770    22.352628    22.492919    0.044762     -0.013826    0.673662    
-2.113013    -0.099623    35.771290    35.887810    -0.371571    -0.017519    6.290343    
0.716926     0.144132     24.161625    24.252708    0.085280     0.017145     2.874090    
-0.292684    -0.988878    30.176697    30.258413    -0.011119    -0.037569    1.146452    
-0.374100    -2.299580    24.894799    25.080948    -0.006416    -0.039436    0.426926    
0.238157     1.298380     36.501187    36.578055    0.023945     0.130544     3.669959    
-0.895148    -1.708778    100.135582   100.173504   -0.063391    -0.121009    7.091207    
0.747098     0.665171     16.589005    16.735312    0.043297     0.038549     0.961394    
1.952075     -0.577263    80.631084    80.680794    0.089154     -0.026364    3.682539    
1.007567     -1.123996    85.942987    85.978779    0.017856     -0.019919    1.523033    
-0.816289    -1.029552    83.903924    83.937297    -0.007311    -0.009221    0.751465    
-0.245392    0.256064     9.686173     9.890535     -0.002639    0.002754     0.104168    
-0.511067    0.844091     95.899960    95.925236    -0.014061    0.023223     2.638413    
-1.486442    0.021175     23.186888    23.317734    -0.005946    0.000085     0.092743    
-0.835476    1.072539     102.117797   102.145817   -0.113118    0.145215     13.826114   
0.844732     0.473803     28.533899    28.618113    0.015625     0.008764     0.527798    
0.280405     1.302987     34.208839    34.291340    0.010459     0.048602     1.275994    
0.730049     -0.315790    27.875405    27.956142    0.020795     -0.008995    0.794032    
0.402631     0.941994     50.021293    50.070492    0.023576     0.055158     2.928972    
1.401242     0.744271     161.313431   161.333243   0.173629     0.092224     19.988533   
0.871136     -0.648990    111.298506   111.321213   0.100148     -0.074610    12.795164   
-1.280225    0.163149     11.398875    11.639368    -0.026657    0.003397     0.237350    
-0.755958    -0.782577    24.429157    24.532480    -0.053705    -0.055596    1.735510    
1.402429     1.890777     43.027718    43.137006    0.182898     0.246586     5.611477    
-0.473658    -1.091336    21.468793    21.591651    -0.053383    -0.122998    2.419619    
-1.884735    0.206355     40.593276    40.685180    -0.087392    0.009568     1.882247    
-0.216197    -0.249303    4.884051     5.276154     -0.044556    -0.051379    1.006557    
-0.188519    -0.890711    36.918489    36.982140    -0.041405    -0.195632    8.108605    
1.271159     0.533963     34.373273    34.457188    0.136726     0.057433     3.697202    
-0.248448    -1.062297    12.706087    12.903868    -0.015918    -0.068060    0.814067    
2.677108     0.577070     72.764839    72.842959    0.019785     0.004265     0.537774    
0.273237     0.019099     8.366479     8.599299     0.004510     0.000315     0.138097    
-0.714260    1.213413     30.927417    31.021970    -0.001313    0.002231     0.056868    
-1.329368    0.608832     19.927848    20.078146    -0.191197    0.087566     2.866129    
0.184025     -0.978741    12.375244    12.570338    0.004721     -0.025107    0.317449    
0.517899     -3.116026    88.874198    88.952099    0.056097     -0.337518    9.626562    
-0.167654    1.029669     22.135390    22.247219    -0.000977    0.006002     0.129028    
-2.259459    -0.056554    54.065611    54.148625    -0.069337    -0.001735    1.659143    
0.305031     1.164197     8.717243     9.017410     0.001256     0.004794     0.035895    
0.396720     -2.203257    19.295725    19.524643    0.001980     -0.010994    0.096285    
-0.768208    0.500598     35.660701    35.726758    -0.032923    0.021454     1.528309    
-2.418538    0.921249     88.035769    88.095798    -0.146240    0.055704     5.323190    
-2.329710    2.594501     25.568815    25.880461    -0.011318    0.012604     0.124213    
0.820911     -0.555509    14.417706    14.585187    0.033303     -0.022536    0.584905    
1.072749     1.339030     15.779446    15.994051    0.056351     0.070339     0.828891    
2.127663     -0.204368    28.368245    28.516679    0.559214     -0.053714    7.456035    
0.587033     -2.344813    73.463875    73.529984    0.039365     -0.157237    4.926309    
0.139282     -0.627207    28.416267    28.491612    0.003813     -0.017173    0.778020    
1.111270     -0.860707    8.357371     8.700364     0.031215     -0.024177    0.234754    
1.363979     -0.535279    35.770702    35.854777    0.011722     -0.004600    0.307423    
2.010846     0.377521     25.510318    25.667826    0.045947     0.008626     0.582901    
-1.179359    1.238099     12.102108    12.379812    -0.105060    0.110293     1.078084    
-2.036722    1.769970     20.642619    20.911090    -0.050267    0.043684     0.509469    
0.316817     -0.146951    68.752913    68.781974    0.018187     -0.008436    3.946842    
-0.031518    1.806866     33.913338    34.018453    -0.000505    0.028931     0.543015    
1.276759     0.924438     67.261094    67.308353    0.413410     0.299330     21.778928   
0.446265     -1.090603    28.373426    28.466029    0.020439     -0.049950    1.299506    
0.099342     0.089292     101.646966   101.666113   0.008965     0.008058     9.172536    
-0.804403    -1.674530    65.059556    65.115835    -0.032334    -0.067310    2.615142    
-1.324841    2.039818     39.997680    40.119888    -0.102389    0.157646     3.091189    
-0.438593    -1.262169    13.034586    13.249936    -0.018785    -0.054059    0.558276    
-0.317652    -0.842412    42.931839    42.986373    -0.068818    -0.182504    9.300973    
-1.403016    -0.167334    35.771077    35.853052    -0.219610    -0.026192    5.599149    
0.512440     -1.308342    15.082539    15.275218    0.103554     -0.264390    3.047883    
-0.990779    -1.511726    76.814635    76.861109    -0.039424    -0.060152    3.056499    
0.620631     -0.682535    10.047152    10.279652    0.006686     -0.007353    0.108235    
-0.858376    -0.540577    30.472635    30.552994    -0.029447    -0.018545    1.045383    
-0.671387    -0.399489    17.670546    17.797008    -0.017300    -0.010294    0.455320    
0.265752     -0.040375    14.032243    14.172193    0.011308     -0.001718    0.597110    
0.636836     -0.324479    10.297165    10.507969    0.031788     -0.016196    0.513984    
1.187999     -0.154684    17.657900    17.807629    0.056575     -0.007366    0.840899    
-0.236410    0.906144     17.362190    17.498502    -0.100753    0.386178     7.399377    
0.063270     -1.407289    18.254826    18.414616    0.008358     -0.185898    2.411403    
0.453074     -0.360836    6.105526     6.441108     0.004264     -0.003396    0.057462    
0.525028     0.077620     32.969263    33.032241    0.057146     0.008449     3.588509    
-1.729695    0.282589     44.593854    44.671675    -0.038215    0.006243     0.985225    
1.002133     -1.245028    17.218317    17.404016    0.009980     -0.012398    0.171467    
-0.194513    1.041453     27.205298    27.296990    -0.000440    0.002357     0.061570    
-1.104456    0.093006     149.625759   149.642812   -0.325886    0.027443     44.149246   
1.428763     -1.986314    70.435172    70.505143    0.542933     -0.754803    26.765501   
-1.921429    -0.432128    44.629457    44.716239    -0.307155    -0.069079    7.134347    
2.694740     0.694569     41.483871    41.623678    0.267442     0.068933     4.117103    
1.070310     1.358771     62.488346    62.543266    0.021083     0.026766     1.230919    
0.479862     0.120276     50.978542    51.018932    0.022682     0.005685     2.409658    
-1.408703    0.049710     13.057934    13.280494    -0.003355    0.000118     0.031103    
-1.886463    0.455338     44.570753    44.656389    -0.009483    0.002289     0.224046    
0.404649     1.519020     28.067579    28.180403    0.025265     0.094843     1.752447    
-0.412566    -0.520559    21.625594    21.725157    -0.029750    -0.037537    1.559420    
-0.428792    0.970622     12.364627    12.565226    -0.042023    0.095123     1.211765    
-1.063006    0.430428     16.875549    17.028633    -0.066818    0.027056     1.060761    
-1.422842    -0.742114    17.090232    17.277911    -0.077178    -0.040254    0.927012    
-0.434445    -1.067552    35.884045    35.956474    -0.011123    -0.027332    0.918713    
-0.580659    -0.168290    7.029712     7.325114     -0.025160    -0.007292    0.304596    
-1.336337    0.474736     19.553241    19.703181    -0.001646    0.000585     0.024088    
0.449049     -0.323131    11.223900    11.408635    0.027346     -0.019678    0.683508    
0.083260     1.363478     21.441056    21.574519    0.023982     0.392737     6.175891    
0.312888     -0.188112    15.777107    15.903627    0.034682     -0.020851    1.748807    
-1.415389    1.157907     25.290000    25.432324    -0.093299    0.076327     1.667061    
0.271527     -1.237810    7.752317     8.098103     0.013464     -0.061380    0.384421    
-0.462087    2.442258     47.577506    47.683039    -0.010520    0.055600     1.083145    
0.321679     1.093184     84.212975    84.243686    0.060756     0.206471     15.905433   
-1.126515    0.579612     57.206577    57.254453    -0.002157    0.001110     0.109523    
-0.868908    -0.831404    41.069848    41.134579    -0.024892    -0.023818    1.176544    
0.822066     -0.612672    26.740116    26.832069    0.022168     -0.016521    0.721063    
-0.357629    -0.876526    42.340545    42.396850    -0.013062    -0.032013    1.546394    
-0.466788    -0.742599    24.459150    24.553907    -0.005634    -0.008962    0.295198    
0.674491     -0.058808    57.516145    57.553803    0.001749     -0.000152    0.149130    
-1.062331    -1.173235    25.501199    25.625986    -0.112090    -0.123792    2.690724    
-1.517803    -1.235166    26.159649    26.306492    -0.216156    -0.175904    3.725491    
0.067341     -0.388201    56.969709    57.005069    0.005360     -0.030898    4.534410    
1.238532     0.656114     13.084924    13.306188    0.006635     0.003515     0.070098    
1.052663     -2.503376    20.827767    21.096109    0.035169     -0.083636    0.695844    
2.399709     0.494363     62.227958    62.307277    0.028189     0.005807     0.730980    
0.821602     -0.149283    54.529838    54.571747    0.000730     -0.000133    0.048452    
-0.018222    0.474264     30.072499    30.140594    -0.000704    0.018320     1.161653    
0.059448     0.820971     25.787149    25.875269    0.000132     0.001828     0.057433    
-0.474891    1.319074     79.038152    79.075090    -0.023061    0.064054     3.838096    
0.146597     -1.764795    56.630805    56.692671    0.004926     -0.059305    1.903033    
1.058505     1.154039     20.347948    20.502834    0.030500     0.033253     0.586312    
-0.683529    0.666215     22.360060    22.466827    -0.082453    0.080364     2.697247    
-1.564611    1.374743     67.970369    68.030757    -0.023769    0.020885     1.032584    
0.665065     1.523071     81.480904    81.521621    0.053490     0.122499     6.553421    
0.113309     -1.176024    10.802583    11.043850    0.004238     -0.043990    0.404077    
1.825467     -0.630076    18.527969    18.732055    0.186232     -0.064280    1.890201    
0.053738     0.776893     34.769828    34.834212    0.000278     0.004020     0.179921    
1.063921     -1.655410    50.158156    50.235325    0.101367     -0.157722    4.778915    
0.326018     0.165147     24.834805    24.915377    0.003304     0.001674     0.251665    
2.036320     0.387666     37.052699    37.162809    0.001221     0.000232     0.022212    
0.368652     -2.057424    35.912069    36.026664    0.003816     -0.021299    0.371763    
-1.109126    -1.055293    20.456042    20.607485    -0.089542    -0.085196    1.651466    
1.616039     -0.178289    110.074805   110.104409   0.090315     -0.009964    6.151683    
-0.612824    0.098198     83.684527    83.709977    -0.032689    0.005238     4.463825    
-1.328583    0.857834     42.993543    43.067630    -0.064923    0.041919     2.100926    
1.270402     -1.047978    61.386079    61.439709    0.015005     -0.012378    0.725057    
1.110741     0.914063     13.918842    14.130760    0.009300     0.007654     0.116546    
0.771734     -1.433299    38.726163    38.810315    0.084726     -0.157357    4.251625    
1.562663     -0.267289    21.683724    21.830534    0.067997     -0.011631    0.943529    
-0.829025    1.149618     89.733471    89.766250    -0.005271    0.007309     0.570540    
-0.509455    -0.252027    9.749349     9.962320     -0.070526    -0.034889    1.349652    
1.220271     -0.247407    29.601120    29.692617    0.013870     -0.002812    0.336454    
-1.677905    -1.161984    19.985981    20.186133    -0.112221    -0.077715    1.336690    
1.441432     -1.520940    132.983128   133.014203   0.028823     -0.030413    2.659132    
0.375151     -1.011370    44.608403    44.664842    0.030383     -0.081910    3.612814    
2.196358     1.347078     26.596736    26.793654    0.118229     0.072512     1.431686    
0.574084     0.913924     32.353497    32.431290    0.057164     0.091004     3.221585    
0.460774     0.150162     80.880655    80.906058    0.005374     0.001751     0.943302    
1.495172     -3.005161    92.228770    92.310820    0.020033     -0.040264    1.235710    
0.418527     0.560051     14.176935    14.330013    0.052527     0.070288     1.779256    
-0.438592    0.009522     19.205877    19.311476    -0.009146    0.000199     0.400519    
0.952894     -1.211760    43.553720    43.625426    0.000784     -0.000997    0.035833    
0.444822     -0.580787    19.510832    19.623524    0.011103     -0.014496    0.486991    
-0.570890    -0.735204    38.220456    38.282433    -0.142161    -0.183077    9.517503    
-0.536268    1.465621     70.688758    70.733380    -0.009727    0.026583     1.282112    
-0.117947    -2.198818    45.917503    46.012398    -0.009461    -0.176381    3.683332    
1.074877     0.795338     19.686230    19.829536    0.041649     0.030818     0.762802    
-1.261788    0.386819     13.043785    13.257338    -0.145078    0.044476     1.499754    
0.167742     0.543233     56.230569    56.267886    0.027810     0.090064     9.322561    
1.236374     0.889376     26.670994    26.786871    0.060776     0.043719     1.311052    
-0.793530    0.010210     14.952649    15.102531    -0.031202    0.000401     0.587954    
0.449853     0.136334     28.885793    28.956605    0.045912     0.013914     2.948085    
0.483443     0.131714     99.826075    99.846739    0.125419     0.034170     25.897800   
1.077212     -0.199625    82.409872    82.440658    0.047864     -0.008870    3.661743    
-0.286262    0.465206     12.853512    13.014841    -0.037247    0.060531     1.672458    
0.187437     0.703221     9.894705     10.114830    0.011204     0.042035     0.591455    
-1.026797    0.220945     19.466499    19.593945    -0.013971    0.003006     0.264864    
-0.589505    0.249150     12.353640    12.525852    -0.142094    0.060055     2.977714    
-0.170756    0.383984     29.725942    29.794013    -0.042262    0.095036     7.357151    
-1.259222    -0.746003    15.813359    16.002482    -0.006320    -0.003744    0.079364    
0.658407     -1.185263    7.223508     7.608704     0.018293     -0.032932    0.200701    
1.360470     -0.873340    61.553163    61.605847    0.104681     -0.067199    4.736183    
-0.105601    0.251905     16.826603    16.943557    -0.009259    0.022088     1.475405    
-1.207739    0.595913     14.586256    14.779971    -0.012593    0.006214     0.152094    
-0.940771    -1.055996    97.287321    97.317511    -0.010263    -0.011520    1.061350    
-1.276953    -0.609182    79.901072    79.937838    -0.290475    -0.138574    18.175514   
0.674140     0.878059     8.929259     9.210432     0.031083     0.040485     0.411708    
1.373615     -0.492460    7.938978     8.308529     0.002360     -0.000846    0.013643    
1.107159     -0.249940    16.709986    16.863773    0.073563     -0.016607    1.110269    
-0.691455    -0.144311    10.661482    10.864672    -0.057653    -0.012033    0.888949    
0.104034     0.940303     60.964027    61.003135    0.005401     0.048813     3.164750    
0.797015     0.423269     54.349885    54.393008    0.065606     0.034841     4.473782    
1.165583     -1.167945    25.535248    25.664110    0.036332     -0.036405    0.795943    
-0.257776    0.082935     82.149333    82.173360    -0.003890    0.001251     1.239568    
-2.098036    -1.721911    55.209500    55.311215    -0.099775    -0.081888    2.625560    
0.573577     -0.810702    8.450145     8.733049     0.031721     -0.044835    0.467327    
-0.030007    0.831065     152.520884   152.535854   -0.002027    0.056139     10.302905   
0.867166     0.467682     17.829842    17.965214    0.011215     0.006049     0.230594    
-0.404377    1.072081     41.197081    41.259996    -0.010954    0.029041     1.115949    
0.487086     -0.066021    13.254091    13.408486    0.037461     -0.005078    1.019351    
-0.991150    -0.942821    22.874151    22.999414    -0.026750    -0.025445    0.617343    
-0.259000    0.902961     5.365997     5.792348     -0.009803    0.034178     0.203106    
1.651937     -0.950773    38.266483    38.364456    0.110058     -0.063344    2.549445    
0.465394     -0.736120    48.815351    48.862787    0.066920     -0.105848    7.019227    
-1.476299    -0.728145    39.575692    39.658794    -0.096780    -0.047734    2.594425    
-0.492154    1.494560     38.951687    39.033125    -0.038519    0.116974     3.048622    
0.903813     -0.178230    106.314097   106.336310   0.105611     -0.020826    12.422909   
-0.819370    -0.044483    8.311929     8.581169     -0.002906    -0.000158    0.029475    
-0.607515    0.419710     20.646241    20.753010    -0.083890    0.057957     2.850985    
-0.720628    -0.536797    7.290069     7.604440     -0.033656    -0.025070    0.340469    
-1.686842    0.237519     23.811495    23.953373    -0.043594    0.006138     0.615377    
2.665852     -1.188195    27.488015    27.712533    0.327931     -0.146162    3.381352    
-0.246863    0.035931     6.586938     6.879313     -0.033334    0.004852     0.889447    
0.039955     -0.906733    38.165641    38.227149    0.000259     -0.005887    0.247775    
0.080483     -0.491522    42.621883    42.670223    0.014711     -0.089841    7.790465    
1.082344     -0.532844    33.958484    34.036877    0.005423     -0.002670    0.170149    
-0.642090    1.308555     23.973697    24.098499    -0.003221    0.006564     0.120261    
1.230106     1.023392     44.080986    44.153921    0.012359     0.010282     0.442896    
-0.854355    2.177452     31.950625    32.096552    -0.005230    0.013330     0.195591    
1.407470     0.991437     24.642898    24.781269    0.097737     0.068847     1.711249    
-1.402877    0.147778     16.662969    16.838034    -0.028523    0.003005     0.338786    
-0.043523    0.859943     72.803498    72.835196    -0.002640    0.052156     4.415545    
-0.878203    1.255998     21.896284    22.037944    -0.122409    0.175069     3.052035    
0.617179     -0.730330    21.034378    21.147915    0.015587     -0.018445    0.531227    
0.420862     0.548080     15.195980    15.338523    0.006496     0.008459     0.234534    
-0.683187    -0.015187    15.367034    15.507664    -0.018658    -0.000415    0.419682    
1.692529     -0.522964    39.969050    40.056686    0.061564     -0.019022    1.453833    
-1.362766    -1.540058    67.050269    67.110673    -0.049042    -0.055422    2.412928    
0.214029     -0.481891    78.811594    78.837937    0.004454     -0.010028    1.640009    
-0.165872    0.027972     13.900624    14.040320    -0.014362    0.002422     1.203600    
0.184423     0.389542     23.967122    24.051687    0.003808     0.008043     0.494837    
-1.331103    -0.760398    18.220713    18.390741    -0.223816    -0.127856    3.063693    
-1.280557    -0.140762    21.221345    21.351348    -0.047229    -0.005191    0.782672    
0.558177     -1.421289    15.997461    16.190286    0.144407     -0.367703    4.138720    
-0.643840    0.434165     42.185407    42.238449    -0.054453    0.036719     3.567818    
-1.200203    1.112084     68.420474    68.468339    -0.048015    0.044490     2.737204    
-0.177529    1.776650     62.732778    62.789047    -0.015414    0.154259     5.446810    
1.392276     0.187252     99.309243    99.338685    0.013320     0.001791     0.950107    
-1.259704    1.040913     42.901756    42.977971    -0.057129    0.047207     1.945658    
-1.373574    -0.420642    51.927245    51.984395    -0.080402    -0.024622    3.039544    
0.396267     0.591553     24.850273    24.938284    0.027879     0.041618     1.748302    
-0.085387    -0.599893    8.789418     9.027512     -0.011785    -0.082795    1.213083    
1.116204     1.106296     38.825479    38.907101    0.177089     0.175517     6.159784    
-0.297895    1.612538     28.802560    28.916283    -0.153199    0.829282     14.812322   
-0.234653    -0.254393    68.811350    68.840371    -0.001156    -0.001253    0.338899    
0.687436     1.281549     30.665894    30.763402    0.063235     0.117886     2.820874    
-1.091415    -0.853774    110.301955   110.328221   -0.011828    -0.009253    1.195364    
-0.523819    -1.536262    61.196285    61.249447    -0.058729    -0.172240    6.861110    
0.233952     -0.718747    11.784806    11.971965    0.000220     -0.000675    0.011060    
-2.181955    -1.131244    90.011351    90.066413    -0.084202    -0.043655    3.473552    
1.277383     -0.604896    61.086321    61.134369    0.121531     -0.057550    5.811798    
-0.008870    -1.979049    37.838604    37.941424    -0.000521    -0.116341    2.224386    
0.808887     -1.836864    50.494313    50.572512    0.023294     -0.052898    1.454143    
-0.645773    -0.480065    12.016130    12.202861    -0.184631    -0.137254    3.435489    
1.251503     1.638103     95.364329    95.406917    0.028751     0.037633     2.190839    
-1.558797    0.013244     47.816737    47.882620    -0.368965    0.003135     11.318147   
1.683841     0.274172     23.933155    24.074496    0.058621     0.009545     0.833211    
-0.158148    1.981739     40.157899    40.255237    -0.042722    0.535350     10.848317   
-0.059945    0.162273     87.866999    87.889216    -0.004453    0.012053     6.526566    
-0.766382    -0.129697    115.317561   115.336980   -0.056629    -0.009583    8.520980    
-0.802571    -2.378899    213.435834   213.459676   -0.199294    -0.590727    53.000242   
1.129278     0.334441     75.739777    75.774507    0.054389     0.016108     3.647841    
0.572001     0.906660     16.801041    16.949901    0.050797     0.080516     1.492018    
1.177547     0.938692     46.881684    46.947151    0.010529     0.008393     0.419173    
-1.683812    0.923213     21.398596    21.574577    -0.072617    0.039815     0.922850    
-0.287686    -0.266186    43.059617    43.106370    -0.023248    -0.021510    3.479598    
1.782742     0.102847     92.803047    92.841096    0.176809     0.010200     9.204039    
1.034575     -1.774193    59.679464    59.747230    0.186331     -0.319539    10.748493   
-1.702570    -0.887998    63.975616    64.034691    -0.002025    -0.001056    0.076109    
-1.003947    -1.896467    40.190405    40.295758    -0.033750    -0.063754    1.351090    
-0.140389    0.125985     25.443913    25.520644    -0.007417    0.006656     1.344274    
-0.439839    1.237662     55.532585    55.582985    -0.012807    0.036038     1.617004    
-0.341911    -0.299982    28.547070    28.618474    -0.058567    -0.051385    4.889889    
0.520222     -0.774520    51.455879    51.501970    0.021477     -0.031975    2.124273    
-0.010805    1.423424     53.090970    53.146517    -0.000101    0.013292     0.495773    
-2.464613    -0.895137    36.642599    36.789001    -0.051087    -0.018555    0.759542    
-3.055228    1.851505     56.670451    56.817053    -0.356850    0.216255     6.619089    
0.768589     -0.629770    37.873299    37.937436    0.045613     -0.037374    2.247623    
0.840148     0.053175     48.082999    48.130639    0.012009     0.000760     0.687322    
-0.008286    0.640658     22.491293    22.586361    -0.000529    0.040927     1.436800    
0.893805     0.666366     19.136174    19.269432    0.003041     0.002267     0.065106    
0.423957     0.730200     10.640035    10.853489    0.002570     0.004426     0.064498    
-0.919387    0.117994     38.367416    38.429061    -0.031718    0.004071     1.323655    
-0.768596    -0.571268    72.231740    72.264903    -0.022749    -0.016908    2.137911    
0.178178     2.010184     54.930817    55.003111    0.002771     0.031258     0.854175    
-0.988406    -2.351526    73.762987    73.833324    -0.022676    -0.053948    1.692263    
0.232019     -0.207380    35.159852    35.216288    0.002326     -0.002079    0.352463    
-0.522762    -1.407338    103.076056   103.105781   -0.090322    -0.243157    17.809296   
0.437328     0.346923     13.952859    14.102086    0.015587     0.012365     0.497302    
0.557611     -0.319206    7.665302     7.940065     0.041239     -0.023608    0.566904    
0.910901     0.822610     51.281950    51.334392    0.098810     0.089233     5.562805    
0.745104     0.599536     46.899571    46.950605    0.003358     0.002702     0.211378    
1.450164     -1.374516    92.190309    92.232968    0.011037     -0.010461    0.701632    
0.183032     -0.266871    18.926226    19.031072    0.024412     -0.035594    2.524268    
1.330486     0.500517     29.671430    29.770614    0.192395     0.072377     4.290642    
0.666218     -1.105267    124.162743   124.185052   0.005726     -0.009500    1.067178    
-0.481115    -1.185612    14.275693    14.467464    -0.019931    -0.049115    0.591385    
1.430481     0.963284     50.300136    50.368173    0.138007     0.092934     4.852753    
0.404044     0.913845     35.954213    36.021920    0.026085     0.058998     2.321218    
-0.250179    1.310594     33.452872    33.537290    -0.050721    0.265710     6.782242    
0.419076     0.587108     35.230491    35.292815    0.048354     0.067742     4.064955    
-1.856692    1.017251     30.770637    30.906134    -0.119003    0.065200     1.972209    
0.349173     -0.530308    39.647616    39.701530    0.017871     -0.027142    2.029216    
0.360797     -1.137942    86.847188    86.877697    0.041476     -0.130814    9.983624    
0.412365     1.760842     96.011214    96.048419    0.037360     0.159532     8.698589    
2.368886     -0.497171    16.416914    16.710740    0.084801     -0.017798    0.587693    
0.437227     -0.861923    7.698225     8.004480     0.104240     -0.205492    1.835345    
-1.194690    -1.474753    34.724342    34.831840    -0.160150    -0.197692    4.654840    
-1.834680    -0.480495    46.492318    46.572604    -0.049444    -0.012949    1.252960    
-0.314306    -1.458704    101.542539   101.572578   -0.039999    -0.185637    12.922486   
-2.199548    -0.837951    79.998290    80.057114    -0.397818    -0.151555    14.468755   
1.677125     0.091272     29.545699    29.658799    0.222785     0.012124     3.924779    
-1.341012    1.418441     198.827153   198.846478   -0.019402    0.020523     2.876708    
2.129707     0.458693     28.287318    28.439292    0.086067     0.018537     1.143170    
-1.159800    1.080313     54.055184    54.114232    -0.058764    0.054736     2.738819    
-1.203745    1.135961     171.793228   171.812478   -0.080630    0.076090     11.507230   
0.008933     -0.326191    60.820702    60.853424    0.000178     -0.006507    1.213208    
-1.908405    0.190515     36.392188    36.495816    -0.180055    0.017975     3.433545    
0.950996     -0.702080    107.527888   107.552401   0.024080     -0.017777    2.722707    
-0.184780    0.428590     20.971960    21.069312    -0.018680    0.043328     2.120140    
1.620543     -1.610685    45.715820    45.815190    0.248297     -0.246787    7.004510    
-2.113941    -0.497899    33.373822    33.502292    -0.055239    -0.013011    0.872087    
1.376155     1.016452     61.104868    61.160500    0.425741     0.314460     18.904018   
-1.200378    -0.734627    100.347254   100.376427   -0.108875    -0.066631    9.101580    
-0.442803    -0.398661    27.035876    27.113992    -0.008588    -0.007732    0.524379    
-0.351560    -0.303269    6.844620     7.137181     -0.056829    -0.049023    1.106418    
-1.755649    1.161041     61.879065    61.946138    -0.079663    0.052683     2.807787    
0.938309     0.311214     10.637240    10.862924    0.039891     0.013231     0.452232    
-0.470857    0.032933     71.590088    71.618702    -0.002767    0.000194     0.420663    
-0.756730    0.196986     21.188234    21.293840    -0.198153    0.051582     5.548239    
0.092490     0.689311     50.213801    50.257184    0.006576     0.049012     3.570373    
0.565090     1.032245     79.337523    79.370665    0.000629     0.001149     0.088348    
0.053879     -0.288367    77.740976    77.766448    0.027911     -0.149382    40.271927   
-1.516855    2.067498     27.964472    28.150703    -0.047416    0.064629     0.874159    
-0.094176    1.613607     23.230807    23.370023    -0.018917    0.324131     4.666456    
-0.374090    0.455225     53.547843    53.587252    -0.041032    0.049932     5.873445    
-1.001978    -0.713047    7.215250     7.579392     -0.041347    -0.029424    0.297739    
0.415950     0.272420     88.238579    88.261934    0.061956     0.040577     13.143210   
1.088653     -0.333404    28.404921    28.495804    0.174531     -0.053451    4.553831    
-0.543324    0.790283     77.990258    78.020991    -0.010182    0.014811     1.461602    
-0.007698    0.051786     19.961430    20.058325    -0.000917    0.006169     2.378062    
-0.062611    -1.687790    27.717790    27.838883    -0.002836    -0.076438    1.255311    
1.232317     0.077941     66.878833    66.919190    0.001197     0.000076     0.064946    
-0.573353    0.044463     15.472736    15.608050    -0.014499    0.001124     0.391270    
-0.399861    1.809040     72.683248    72.733500    -0.002381    0.010773     0.432854    
-1.151454    1.443981     97.086038    97.123554    -0.135469    0.169885     11.422204   
-1.097151    -0.331500    58.037165    58.081848    -0.140292    -0.042389    7.421165    
-1.566115    -0.591673    24.521091    24.656878    -0.025574    -0.009662    0.400413    
-0.586333    1.379423     30.250770    30.351782    -0.002579    0.006067     0.133046    
0.191165     0.124862     38.359441    38.410595    0.003754     0.002452     0.753257    
0.338670     0.946822     68.903160    68.938607    0.009081     0.025389     1.847646    
0.593518     -1.359846    50.497098    50.557228    0.006137     -0.014062    0.522166    
-0.416852    -1.725404    20.573073    20.743121    -0.019052    -0.078859    0.940283    
2.286746     0.842132     49.462476    49.561577    0.132893     0.048940     2.874478    
-1.242467    -1.532957    64.881179    64.941020    -0.039537    -0.048781    2.064610    
-0.286620    -0.761911    60.598491    60.635920    -0.000936    -0.002489    0.197974    
-0.378405    -0.268194    51.211405    51.251323    -0.007813    -0.005537    1.057366    
0.684041     1.171793     30.131305    30.226007    0.040511     0.069397     1.784455    
-0.883265    0.422225     45.138101    45.191609    -0.065639    0.031377     3.354390    
-0.321388    0.048469     8.118681     8.360238     -0.003180    0.000480     0.080322    
0.773124     0.451262     21.954091    22.060336    0.149768     0.087417     4.252894    
-0.916175    -2.464370    32.637957    32.802800    -0.029396    -0.079070    1.047194    
0.518183     -0.974244    14.996115    15.164962    0.001020     -0.001917    0.029505    
0.441951     -1.030775    16.180872    16.338708    0.023707     -0.055293    0.867976    
-0.385384    1.320178     59.104493    59.153254    -0.012959    0.044393     1.987493    
0.169624     -1.178224    21.645869    21.767765    0.020677     -0.143622    2.638558    
1.467247     1.298819     34.158003    34.270743    0.077375     0.068493     1.801321    
-0.049916    -0.602630    15.862511    15.995620    -0.000818    -0.009876    0.259955    
0.374771     0.522924     38.861007    38.916150    0.002134     0.002978     0.221281    
-0.126145    0.448717     58.556866    58.591798    -0.046869    0.166719     21.756558   
-2.006727    -0.087350    47.803687    47.886345    -0.010131    -0.000441    0.241330    
-0.840880    -1.967431    76.427791    76.483070    -0.237702    -0.556158    21.604778   
0.747591     0.997125     103.144092   103.170402   0.025383     0.033856     3.502084    
1.664913     0.558397     9.008841     9.387114     0.173945     0.058340     0.941217    
-1.299837    -2.077346    51.237543    51.333866    -0.004520    -0.007224    0.178190    
0.371984     -0.202593    74.791564    74.818664    0.046603     -0.025381    9.370097    
1.026777     0.737764     85.299350    85.331429    0.062370     0.044814     5.181336    
-1.875393    0.316624     33.141479    33.254322    -0.126770    0.021403     2.240241    
0.200213     -0.502309    119.720826   119.738229   0.029902     -0.075019    17.880201   
0.658686     0.576012     50.291411    50.337527    0.043767     0.038274     3.341695    
1.440343     -0.142311    65.699028    65.744445    0.185944     -0.018372    8.481550    
-0.830107    1.423514     21.632393    21.784188    -0.057548    0.098687     1.499694    
-1.377704    -0.504300    42.437035    42.507991    -0.017947    -0.006569    0.552804    
2.211306     -0.903471    37.495321    37.622868    0.075007     -0.030646    1.271837    
0.613860     2.140724     45.505565    45.602532    0.042905     0.149622     3.180520    
-0.946121    0.969916     34.371420    34.454395    -0.068794    0.070524     2.499198    
0.319460     1.143629     29.820034    29.908516    0.013553     0.048517     1.265069    
-0.296596    -1.561645    16.328377    16.523243    -0.001548    -0.008152    0.085240    
-0.356981    0.671104     44.572305    44.622227    -0.020961    0.039406     2.617229    
-1.311340    -0.158491    110.275480   110.300957   -0.142605    -0.017236    11.992183   
-1.368425    -0.622747    114.583212   114.609982   -0.159706    -0.072680    13.372806   
1.114980     0.288814     8.026930     8.344648     0.011621     0.003010     0.083664    
0.499832     -0.669406    39.416160    39.474125    0.028766     -0.038526    2.268484    
-1.790545    1.141478     99.106925    99.149214    -0.221560    0.141245     12.263381   
-1.135883    0.297293     115.882310   115.904976   -0.166690    0.043628     17.005635   
-0.398211    -1.249288    24.985707    25.097406    -0.056333    -0.176731    3.534619    
0.813543     0.908211     20.148085    20.280705    0.044613     0.049805     1.104883    
0.493694     -0.386294    21.288342    21.388348    0.003217     -0.002517    0.138704    
-0.458129    -1.162475    49.743621    49.798233    -0.051712    -0.131217    5.614938    
0.348673     1.387081     60.262130    60.311233    0.004690     0.018657     0.810537    
2.152295     -0.976288    29.890584    30.048419    0.111050     -0.050373    1.542235    
0.521589     -0.872140    57.543297    57.585925    0.005363     -0.008967    0.591652    
1.164239     1.482737     101.844105   101.880570   0.066221     0.084337     5.792852    
0.199607     -0.533201    35.162134    35.221794    0.001659     -0.004430    0.292158    
1.013145     1.527715     99.007692    99.044224    0.043562     0.065687     4.257033    
1.193009     0.556344     54.355635    54.407195    0.005684     0.002651     0.258966    
-0.118417    0.865077     6.103039     6.471817     -0.000393    0.002868     0.020233    
-1.077073    1.746923     33.574890    33.695104    -0.074588    0.120975     2.325081    
0.832714     1.164881     19.950711    20.098661    0.217665     0.304491     5.214968    
0.112415     3.094734     73.640654    73.732021    0.002436     0.067062     1.595763    
-1.102980    -1.563981    40.441083    40.534167    -0.031405    -0.044531    1.151478    
-1.238576    0.007671     85.217132    85.248863    -0.045386    0.000281     3.122705    
0.390910     0.002860     67.060662    67.090686    0.009812     0.000072     1.683249    
1.227271     -0.116179    41.928321    41.992604    0.486570     -0.046061    16.623127   
-2.055688    -2.748577    31.673918    31.920096    -0.115768    -0.154788    1.783740    
0.315853     0.828581     88.874251    88.900471    0.005108     0.013399     1.437192    
0.596673     0.506191     26.617395    26.701553    0.045219     0.038362     2.017216    
1.189309     -0.578181    55.766530    55.816929    0.056071     -0.027259    2.629143    
-1.314648    0.146453     110.333676   110.359162   -0.151345    0.016860     12.701864   
-0.875451    -0.108684    37.825745    37.887203    -0.046969    -0.005831    2.029402    
-0.915170    -0.278677    37.196933    37.261266    -0.029872    -0.009096    1.214125    
0.521433     0.408965     41.185104    41.237446    0.061746     0.048428     4.876973    
-0.378829    -1.062927    11.361067    11.585427    -0.015258    -0.042812    0.457599    
-0.588174    0.964920     21.197179    21.318357    -0.153634    0.252042     5.536818    
0.474093     -0.905230    13.720075    13.898187    0.007203     -0.013754    0.208458    
0.960664     -1.686927    35.037765    35.146672    0.004849     -0.008515    0.176853    
-1.950170    0.125415     44.899062    44.984660    -0.058728    0.003777     1.352107    
-1.028810    1.054781     14.777673    14.980841    -0.086310    0.088489     1.239749    
-0.568370    0.110204     151.923443   151.937299   -0.138664    0.026886     37.064513   
-0.799143    -0.196845    23.593366    23.689644    -0.120311    -0.029635    3.551971    
-0.096279    0.285792     16.982332    17.098699    -0.007225    0.021446     1.274353    
-0.840620    -0.034463    25.213659    25.304375    -0.032576    -0.001335    0.977078    
-0.551867    -0.179829    33.027719    33.091420    -0.020456    -0.006666    1.224242    
0.172300     -0.192094    18.596496    18.702171    0.002792     -0.003113    0.301356    
-1.624649    -0.278151    60.464997    60.519482    -0.171106    -0.029295    6.368096    
1.405809     0.868663     69.078229    69.126027    0.022466     0.013882     1.103908    
-0.083221    1.485470     44.205199    44.274011    -0.011573    0.206581     6.147509    
-0.355366    0.348580     73.145175    73.173352    -0.024432    0.023965     5.028841    
-2.299650    1.940418     80.143009    80.223627    -0.219152    0.184918     7.637479    
0.197905     -0.225786    37.911497    37.963755    0.033579     -0.038309    6.432519    
0.616259     2.874436     35.968111    36.141695    0.016780     0.078269     0.979386    
0.592220     -0.975069    23.845607    23.953902    0.194993     -0.321049    7.851355    
-1.839784    0.091449     11.755326    12.060506    -0.001466    0.000073     0.009367    
0.925552     1.266595     46.961725    47.029134    0.007450     0.010196     0.378030    
0.824773     -2.061412    18.028595    18.271148    0.071374     -0.178391    1.560159    
0.373492     -0.516762    9.021612     9.255862     0.004263     -0.005898    0.102969    
-0.496713    -0.849598    100.943857   100.967845   -0.031170    -0.053315    6.334520    
0.110398     2.314198     37.997745    38.119172    0.006725     0.140972     2.314669    
-1.277279    0.749497     35.443749    35.529249    -0.062635    0.036754     1.738099    
0.518879     -1.107089    113.768082   113.791679   0.020835     -0.044453    4.568137    
1.094235     -0.923638    30.624064    30.720657    0.138093     -0.116563    3.864762    
-0.803531    2.092794     12.591850    12.940444    -0.009269    0.024142     0.145256    
-0.781544    -0.132328    11.743213    11.933412    -0.011133    -0.001885    0.167283    
-0.792480    0.552373     31.341360    31.417971    -0.008530    0.005945     0.337333    
-0.544738    1.560045     72.890715    72.936011    -0.002629    0.007528     0.351733    
1.174513     -0.484930    27.594869    27.694158    0.012947     -0.005345    0.304178    
-1.767302    -0.094275    21.568812    21.730643    -0.297320    -0.015860    3.628598    
-0.090977    1.443709     8.723915     9.059482     -0.004705    0.074670     0.451211    
2.051776     0.110207     18.755875    18.970497    0.180074     0.009672     1.646105    
-2.388736    -0.567007    19.913528    20.160632    -0.131646    -0.031248    1.097456    
1.407947     -0.898295    37.066178    37.155965    0.038199     -0.024372    1.005652    
0.490643     0.217385     41.856495    41.906194    0.023863     0.010573     2.035724    
-0.929399    -0.744128    107.875780   107.900308   -0.223692    -0.179100    25.964058   
-1.933704    0.677306     127.602812   127.634441   -0.164631    0.057664     10.863811   
1.219993     1.494666     27.657381    27.794389    0.006023     0.007380     0.136553    
0.106414     0.755253     79.877031    79.904924    0.005280     0.037476     3.963522    
1.442386     -0.361833    27.998059    28.106541    0.029448     -0.007387    0.571621    
-1.417445    0.848206     79.074674    79.116418    -0.044667    0.026729     2.491851    
0.309979     -0.731793    7.600991     7.891871     0.020801     -0.049107    0.510069    
1.239778     0.423284     84.184246    84.217448    0.005321     0.001817     0.361327    
0.343169     1.154297     44.956334    45.015521    0.027213     0.091536     3.565043    
0.335831     0.464555     4.107102     4.590407     0.008001     0.011068     0.097855    
1.243939     0.055962     80.931606    80.965118    0.406336     0.018280     26.436538   
-0.218052    -1.954876    40.000285    40.096968    -0.042237    -0.378661    7.748080    
1.260908     -0.352838    20.471248    20.607313    0.127364     -0.035640    2.067795    
-1.178045    1.752205     134.252305   134.283336   -0.124487    0.185160     14.186794   
-0.946842    0.537341     7.956076     8.267971     -0.008361    0.004745     0.070253    
0.363346     -0.281219    8.949956     9.175389     0.031842     -0.024645    0.784340    
1.615425     0.377541     29.973168    30.083515    0.050644     0.011836     0.939664    
1.489402     -0.266151    23.752242    23.881648    0.095853     -0.017129    1.528623    
0.854819     -0.350229    32.800339    32.872337    0.022441     -0.009194    0.861070    
-0.421399    0.605153     27.681629    27.761328    -0.020647    0.029651     1.356318    
-0.292278    0.316338     45.491510    45.536117    -0.010857    0.011750     1.689769    
0.426039     0.045204     37.884905    37.938430    0.044694     0.004742     3.974389    
-1.249936    -0.051038    18.085227    18.235003    -0.077192    -0.003152    1.116882    
0.077669     1.438093     89.814909    89.848022    0.008591     0.159076     9.934936    
1.217331     -1.460076    38.821604    38.917935    0.002898     -0.003476    0.092422    
2.228860     -1.169081    14.809305    15.150083    0.151838     -0.079642    1.008863    
-0.089649    -2.363696    132.331879   132.367656   -0.016124    -0.425119    23.800357   
-1.628472    1.432729     44.308083    44.404795    -0.052065    0.045807     1.416600    
-0.891305    2.143217     26.532463    26.706447    -0.078368    0.188442     2.332868    
1.185927     -0.796763    80.070972    80.107907    0.058428     -0.039255    3.944926    
-1.562726    0.654264     24.062480    24.202233    -0.516797    0.216366     7.957511    
-1.288829    -0.773565    69.363676    69.407881    -0.076621    -0.045989    4.123683    
-0.296907    -0.811061    45.569866    45.620540    -0.020326    -0.055525    3.119709    
-1.152657    -0.230184    32.194607    32.276141    -0.094047    -0.018781    2.626802    
0.523745     0.913698     24.325193    24.427425    0.014157     0.024698     0.657522    
1.819140     0.180556     14.494167    14.741021    0.166024     0.016478     1.322814    
1.184019     0.182438     10.889936    11.131076    0.101545     0.015646     0.933954    
-1.582265    -0.579125    9.503048     9.849965     -0.210921    -0.077199    1.266787    
0.811133     0.045115     32.352912    32.422921    0.141634     0.007878     5.649213    
-0.834551    -1.919384    79.252374    79.304440    -0.326359    -0.750594    30.992415   
0.851694     0.654198     9.101683     9.373844     0.114280     0.087780     1.221256    
-0.158899    0.767423     77.008638    77.037780    -0.012029    0.058096     5.829804    
-2.001009    -0.705840    89.136371    89.183350    -0.457622    -0.161422    20.385079   
-0.770131    0.827959     65.902389    65.941478    -0.045532    0.048951     3.896279    
0.386143     -0.646923    61.530158    61.566248    0.005535     -0.009274    0.882048    
-0.926076    0.120671     14.152788    14.319516    -0.068949    0.008984     1.053710    
-0.031162    0.710942     13.649822    13.809381    -0.000244    0.005563     0.106803    
0.040390     1.112354     12.897577    13.094328    0.002507     0.069029     0.800382    
-0.196579    -0.596704    9.637917     9.856931     -0.000793    -0.002408    0.038888    
-0.194401    -2.259597    34.166274    34.298000    -0.004507    -0.052386    0.792103    
0.828656     -0.931850    56.001168    56.049628    0.056633     -0.063686    3.827297    
0.861558     -0.258820    131.467537   131.485351   0.019409     -0.005831    2.961668    
1.366531     -0.033181    15.215472    15.403054    0.037987     -0.000922    0.422961    
-0.565261    0.540010     33.619780    33.686432    -0.112624    0.107593     6.698473    
-0.624375    0.111413     41.353947    41.405630    -0.014759    0.002634     0.977508    
-1.875443    -0.337612    50.372122    50.446574    -0.086871    -0.015638    2.333259    
-0.433404    -2.032550    121.493661   121.527378   -0.019283    -0.090434    5.405624    
0.642186     -0.763101    41.581290    41.639805    0.060194     -0.071528    3.897559    
-0.383059    1.784522     19.442932    19.627374    -0.005171    0.024090     0.262470    
-1.666312    1.195485     99.370155    99.410807    -0.024400    0.017505     1.455064    
-0.310404    -0.810196    30.183257    30.259821    -0.003337    -0.008710    0.324472    
-1.261385    0.163376     39.531486    39.600898    -0.043414    0.005623     1.360597    
1.547792     -0.229937    15.377793    15.582041    0.052898     -0.007858    0.525559    
-0.721857    0.920034     18.833398    18.972069    -0.004647    0.005923     0.121238    
-1.411925    0.001482     22.902217    23.029981    -0.202150    0.000212     3.278988    
1.392017     0.314355     60.564424    60.613208    0.201581     0.045522     8.770459    
-1.299143    0.897095     39.918982    39.998657    -0.043639    0.030134     1.340895    
0.326421     1.665556     16.443975    16.648120    0.002077     0.010599     0.104647    
1.232160     -0.931691    66.380674    66.427819    0.112482     -0.085053    6.059807    
0.104565     -1.841407    29.920907    30.042259    0.003644     -0.064173    1.042744    
-1.960084    1.783853     53.245117    53.347366    -0.020106    0.018298     0.546179    
0.618504     -1.008045    51.719817    51.770775    0.021176     -0.034513    1.770755    
1.213259     -0.739328    100.823969   100.853192   0.035576     -0.021679    2.956405    
2.331883     1.685307     38.183403    38.342211    0.092159     0.066606     1.509060    
0.681708     1.327697     54.875262    54.930837    0.214948     0.418634     17.302611   
-0.892428    -1.078157    14.068661    14.274489    -0.014684    -0.017740    0.231482    
-1.861305    0.478126     51.570223    51.643547    -0.158316    0.040668     4.386372    
-1.410495    0.381709     15.734347    15.924190    -0.183757    0.049729     2.049848    
0.687105     -0.129929    55.944823    55.983812    0.046279     -0.008751    3.768125    
-0.705018    -0.620252    17.665154    17.799281    -0.041618    -0.036614    1.042781    
1.704089     0.388362     28.013162    28.136576    0.224031     0.051057     3.682804    
-2.017959    0.917829     89.349792    89.398964    -0.117151    0.053284     5.187132    
0.763040     1.161530     79.168302    79.204964    0.045093     0.068642     4.678557    
-1.529774    0.762259     20.661099    20.824918    -0.033837    0.016860     0.457000    
-0.561800    1.152730     40.176781    40.245411    -0.042205    0.086599     3.018286    
-0.078635    0.344371     18.618394    18.725499    -0.002025    0.008868     0.479431    
0.392139     0.965122     67.483890    67.520631    0.007113     0.017505     1.224007    
-0.211878    -1.773170    38.396858    38.488735    -0.002891    -0.024191    0.523842    
2.069907     0.639573     19.125751    19.348459    0.329698     0.101872     3.046378    
0.485992     2.509636     98.813842    98.866500    0.003580     0.018489     0.727968    
-1.392091    1.053375     14.031804    14.276344    -0.099535    0.075317     1.003277    
0.635264     -0.457514    47.712824    47.759831    0.014921     -0.010746    1.120680    
-1.942801    -0.306015    62.436848    62.498824    -0.276524    -0.043556    8.886804    
-0.049217    -0.841893    29.128665    29.207281    -0.003533    -0.060432    2.090885    
-0.891915    -1.053534    39.939140    40.011440    -0.018264    -0.021574    0.817859    
-1.129635    1.470434     98.669476    98.706528    -0.106403    0.138503     9.293882    
