0.803845     -0.777195    15.084232    15.253171    0.017896     -0.017302    0.335812    
-0.922310    0.870899     58.630849    58.677598    -0.069950    0.066051     4.446710    
0.417144     -1.168559    10.457185    10.712946    0.091786     -0.257124    2.300946    
-0.156180    -1.108618    19.785917    19.915092    -0.009759    -0.069269    1.236272    
-1.215592    -0.125098    20.241019    20.373196    -0.144590    -0.014880    2.407593    
0.438613     -1.244785    44.657995    44.720837    0.044623     -0.126640    4.543359    
-0.713857    0.633698     13.697454    13.871062    -0.015334    0.013612     0.294223    
1.131843     0.385186     13.148534    13.348721    0.046564     0.015847     0.540935    
-0.856064    0.302280     80.025980    80.055335    -0.040434    0.014278     3.779865    
-1.719219    0.461585     83.551693    83.593834    -0.168815    0.045324     8.204178    
-0.533013    -1.378347    56.605850    56.659343    -0.023234    -0.060082    2.467449    
1.958238     -2.072990    57.244603    57.349381    0.001863     -0.001972    0.054447    
-0.570293    -2.352087    52.217251    52.310360    -0.006506    -0.026834    0.595734    
-0.551880    0.418198     9.717657     9.939178     -0.009905    0.007505     0.174404    
0.088723     -0.922646    90.619046    90.645163    0.001200     -0.012481    1.225813    
0.634886     -0.606977    22.496224    22.599260    0.028043     -0.026810    0.993648    
0.667542     -1.124358    45.388679    45.450159    0.059906     -0.100901    4.073219    
0.464875     -1.056883    16.193805    16.353819    0.046194     -0.105022    1.609173    
-0.391277    0.309541     28.041017    28.114454    -0.095653    0.075672     6.855038    
2.436063     -0.530290    29.359337    29.530683    0.158242     -0.034447    1.907125    
-2.039565    -0.162720    60.002599    60.069736    -0.234039    -0.018672    6.885261    
-1.357990    -1.368339    34.965228    35.073617    -0.051164    -0.051554    1.317365    
-2.494907    -0.234749    100.439913   100.490451   -0.014356    -0.001351    0.577944    
2.439527     0.709138     25.847973    26.047011    0.283028     0.082272     2.998819    
0.904349     0.869460     13.513011    13.713140    0.027441     0.026382     0.410032    
-1.839678    -1.452681    29.376186    29.535232    -0.033855    -0.026733    0.540606    
1.018267     -0.558692    36.620831    36.692086    0.110370     -0.060557    3.969338    
1.754078     -0.861891    33.605640    33.719929    0.046713     -0.022953    0.894958    
-0.370172    0.260200     16.921124    17.041248    -0.001150    0.000808     0.052568    
-0.477382    0.327811     72.522503    72.551525    -0.095259    0.065413     14.471531   
0.676436     -2.085793    26.543854    26.706913    0.052497     -0.161874    2.060007    
0.377814     -0.743367    53.677666    53.720221    0.019914     -0.039181    2.829220    
-0.889352    -0.639617    6.844571     7.205773     -0.058375    -0.041983    0.449262    
-1.072707    -1.541685    31.248858    31.367078    -0.009489    -0.013638    0.276424    
-1.019193    -0.392077    7.887368     8.202317     -0.088750    -0.034142    0.686825    
-0.197830    -0.955773    42.593952    42.650584    -0.017527    -0.084679    3.773716    
-1.675853    -1.264498    79.414466    79.466596    -0.152777    -0.115277    7.239741    
0.202690     -0.991115    22.901063    23.007760    0.026556     -0.129854    3.000445    
1.670770     -0.613045    84.306611    84.348366    0.015581     -0.005717    0.786233    
-1.344339    -0.490450    35.329678    35.413399    -0.207685    -0.075769    5.458045    
-1.236438    -1.412239    28.938946    29.066489    -0.034766    -0.039709    0.813696    
-1.226941    0.110426     9.645335     9.920938     -0.052590    0.004733     0.413425    
-0.543921    -0.175714    10.424870    10.624481    -0.125480    -0.040536    2.404968    
0.440829     -2.128903    26.671375    26.832140    0.057673     -0.278520    3.489363    
-1.230461    0.800481     99.527584    99.557871    -0.032570    0.021188     2.634432    
0.319376     0.971514     88.014219    88.042169    0.054420     0.165541     14.997187   
-1.067526    0.814434     86.572208    86.604994    -0.035420    0.027022     2.872410    
0.133618     0.285877     78.431073    78.456406    0.013346     0.028554     7.833805    
-0.786060    -2.262734    36.810036    36.940378    -0.002289    -0.006588    0.107179    
-0.730449    1.379664     36.098504    36.185826    -0.059521    0.112422     2.941495    
-1.190079    -0.232418    10.892617    11.135276    -0.029652    -0.005791    0.271405    
1.238772     -0.535983    29.080879    29.178662    0.347853     -0.150506    8.166038    
-1.665665    0.738914     92.907259    92.945975    -0.063895    0.028345     3.563928    
1.519012     -0.392697    93.410432    93.444343    0.019173     -0.004957    1.179029    
0.374587     0.979617     34.636427    34.708169    0.034091     0.089156     3.152294    
0.727450     -0.300684    74.611966    74.642080    0.024551     -0.010148    2.518141    
0.842490     -1.210446    27.314732    27.425253    0.168022     -0.241405    5.447510    
0.648850     1.975961     36.433633    36.545998    0.008196     0.024958     0.460192    
2.281743     -1.011627    132.385102   132.423261   0.338071     -0.149886    19.614627   
-0.187775    0.866678     28.980067    29.060379    -0.011267    0.052001     1.738822    
2.355925     -1.007592    38.705861    38.840497    0.051563     -0.022052    0.847129    
0.064983     -0.571965    8.429368     8.675285     0.014812     -0.130375    1.921413    
-0.045987    -2.037488    29.708031    29.842847    -0.004330    -0.191823    2.796919    
-1.910652    0.078159     63.448459    63.507784    -0.258054    0.010556     8.569392    
0.093487     -1.399530    43.410319    43.477559    0.006673     -0.099893    3.098458    
0.585236     0.637402     15.987462    16.131419    0.066417     0.072337     1.814367    
-2.436405    -0.234059    39.389887    39.514922    -0.265648    -0.025520    4.294784    
0.874912     -1.138530    65.711451    65.756608    0.216010     -0.281096    16.223740   
-1.714021    -1.766326    25.686040    25.878667    -0.082864    -0.085392    1.241783    
1.214487     -0.221890    23.263968    23.379721    0.197595     -0.036101    3.785017    
1.370943     1.677173     29.220867    29.367098    0.009104     0.011137     0.194040    
1.845144     -1.078663    11.730332    12.084855    0.065281     -0.038163    0.415015    
-1.365230    2.295356     66.505571    66.588276    -0.001966    0.003305     0.095753    
1.411617     1.037904     74.534060    74.580634    0.024735     0.018187     1.306035    
-0.039596    0.438126     18.833172    18.940877    -0.000318    0.003519     0.151251    
0.437020     -1.664867    62.891210    62.945548    0.010527     -0.040103    1.514901    
-0.800700    0.422075     8.027331     8.314582     -0.023542    0.012410     0.236015    
0.268187     2.061502     19.079899    19.293502    0.010274     0.078975     0.730945    
1.554482     -0.818668    33.894523    33.997063    0.053889     -0.028381    1.175027    
-1.560635    -0.331814    62.758831    62.809963    -0.224910    -0.047819    9.044449    
-1.573756    -0.025308    25.529301    25.653411    -0.050708    -0.000815    0.822583    
0.282217     -1.014718    43.294931    43.352454    0.003456     -0.012427    0.530239    
1.207053     -0.383899    98.475871    98.503687    0.088150     -0.028036    7.191630    
0.648509     0.249799     57.688645    57.726404    0.014721     0.005670     1.309499    
-0.708084    0.219776     12.829088    13.000390    -0.032229    0.010003     0.583930    
-0.828849    1.311881     9.326585     9.657544     -0.014811    0.023442     0.166656    
-1.161011    1.233668     90.776929    90.814072    -0.032022    0.034026     2.503700    
0.469321     0.369274     42.418909    42.468759    0.003066     0.002412     0.277113    
-1.380286    2.684517     36.434556    36.612343    -0.119513    0.232441     3.154714    
-1.142277    1.454076     57.752077    57.815193    -0.077466    0.098612     3.916607    
1.013572     -0.011514    20.372008    20.491977    0.021806     -0.000248    0.438280    
0.366323     0.772597     21.825267    21.930535    0.065035     0.137164     3.874764    
0.408618     -1.278606    54.840078    54.891811    0.004129     -0.012919    0.554114    
-1.723728    -0.610717    65.768483    65.823343    -0.017617    -0.006242    0.672166    
-1.590047    -0.575963    60.078672    60.134697    -0.437306    -0.158405    16.523256   
0.517684     -0.058628    49.880240    49.921787    0.017170     -0.001944    1.654337    
-2.222897    0.316098     39.554095    39.666643    -0.513065    0.072958     9.129452    
1.034062     -0.698950    20.297196    20.430588    0.087702     -0.059280    1.721468    
0.202122     -0.919806    55.133780    55.176948    0.008888     -0.040446    2.424351    
-0.867085    0.426666     46.002967    46.055204    -0.026342    0.012962     1.397582    
-1.297382    0.033078     43.446944    43.510874    -0.056400    0.001438     1.888739    
0.076463     1.682666     36.580909    36.672538    0.001117     0.024588     0.534535    
0.315562     1.843070     50.692207    50.764863    0.033377     0.194939     5.361651    
-0.194422    1.205379     98.339380    98.366658    -0.009419    0.058399     4.764409    
1.084079     -0.205510    104.597404   104.621744   0.078459     -0.014874    7.570166    
1.088072     1.182971     112.522195   112.550889   0.000640     0.000696     0.066190    
0.789528     0.782797     40.031877    40.095663    0.072468     0.071850     3.674388    
0.722013     -0.702553    29.690763    29.772995    0.020629     -0.020073    0.848303    
0.759074     -0.907465    37.795457    37.865172    0.002426     -0.002900    0.120799    
-0.276957    -1.632770    32.044964    32.148053    -0.019911    -0.117385    2.303816    
-1.132764    -1.062053    65.331381    65.379472    -0.044627    -0.041841    2.573839    
1.178972     0.339259     53.114978    53.165599    0.039710     0.011427     1.789016    
-1.643782    -0.300178    60.491210    60.546293    -0.013786    -0.002518    0.507337    
0.295837     -0.270666    9.852651     10.055370    0.005339     -0.004885    0.177821    
0.719874     0.089680     138.468762   138.484654   0.127873     0.015930     24.596496   
-0.483561    -2.820376    75.766285    75.845852    -0.009830    -0.057333    1.540195    
-0.479698    0.052331     11.760014    11.933387    -0.054085    0.005900     1.325930    
-1.046827    0.226750     18.684519    18.818434    -0.074052    0.016040     1.321737    
-0.754425    0.873435     57.745853    57.790920    -0.062610    0.072487     4.792355    
-2.865097    0.375414     26.893681    27.120006    -0.317321    0.041579     2.978581    
-1.766860    0.204961     23.238613    23.389568    -0.017689    0.002052     0.232658    
0.405996     0.524205     48.923123    48.967198    0.029920     0.038631     3.605356    
-0.759813    0.021898     14.897052    15.045761    -0.056062    0.001616     1.099172    
-0.321722    -0.420217    23.837579    23.924573    -0.007018    -0.009167    0.520018    
-0.007414    -1.109038    13.800993    13.984719    -0.000541    -0.080916    1.006923    
0.476174     0.261887     128.204587   128.220850   0.004767     0.002622     1.283540    
1.706164     0.021083     21.863525    22.018177    0.058728     0.000726     0.752563    
-0.007468    1.910801     23.762076    23.919917    -0.000200    0.051069     0.635072    
1.188312     -0.139238    51.036617    51.088577    0.143773     -0.016846    6.174893    
1.571318     -1.215671    33.659719    33.775709    0.008951     -0.006925    0.191751    
1.212722     0.265225     75.946481    75.982129    0.178738     0.039090     11.193406   
-0.751476    -0.651952    8.772615     9.045634     -0.012939    -0.011225    0.151047    
-0.148232    -1.484833    43.642601    43.712450    -0.010720    -0.107382    3.156194    
-0.810079    -1.001597    15.435184    15.613433    -0.041844    -0.051736    0.797288    
0.135509     0.591667     23.713548    23.802852    0.018979     0.082866     3.321220    
-0.759710    0.443193     98.528089    98.551676    -0.062884    0.036685     8.155580    
0.388237     -0.006576    76.079723    76.106176    0.001692     -0.000029    0.331665    
1.968865     -0.155088    109.377644   109.413182   0.022306     -0.001757    1.239197    
-0.195390    0.583374     123.087307   123.104584   -0.022815    0.068117     14.372226   
0.268600     0.731177     8.009433     8.284488     0.016825     0.045800     0.501696    
0.161488     -1.186852    25.402209    25.506506    0.004055     -0.029801    0.637834    
-0.723458    0.630388     15.998027    16.147216    -0.000374    0.000326     0.008281    
-0.158901    -0.636177    9.676265     9.896213     -0.010617    -0.042508    0.646549    
1.597533     0.037273     66.435112    66.483475    0.119041     0.002777     4.950431    
0.098379     0.426888     11.148541    11.329467    0.004215     0.018289     0.477621    
0.919310     0.838520     49.516984    49.571714    0.001246     0.001137     0.067139    
-1.622140    0.386019     30.868177    30.975791    -0.029048    0.006912     0.552753    
-2.414995    -1.410316    42.696306    42.833056    -0.536243    -0.313157    9.480595    
1.329998     1.250655     38.439474    38.533117    0.033527     0.031526     0.968981    
-0.523697    -0.181236    80.433816    80.459809    -0.014791    -0.005119    2.271686    
0.368667     0.426659     32.989011    33.052500    0.060519     0.070038     5.415314    
-0.090926    -0.899017    73.321714    73.353699    -0.002065    -0.020419    1.665292    
0.060440     0.875300     33.901275    33.969711    0.008000     0.115852     4.487085    
-1.569112    -0.543170    49.843383    49.909868    -0.059832    -0.020712    1.900586    
-0.526980    1.217281     91.389701    91.420522    -0.031257    0.072201     5.420651    
0.036832     1.917124     37.778503    37.878318    0.002194     0.114205     2.250503    
0.127696     2.106176     78.852990    78.905775    0.005152     0.084970     3.181175    
-0.543549    -0.480597    5.757700     6.128007     -0.052046    -0.046018    0.551314    
-0.739922    0.169370     22.700158    22.797989    -0.133365    0.030528     4.091525    
-0.254410    -0.127117    21.678581    21.769628    -0.015397    -0.007693    1.312002    
-0.406483    0.813066     21.761859    21.869609    -0.024310    0.048626     1.301493    
1.128347     -0.927485    71.791884    71.833717    0.032897     -0.027041    2.093096    
0.032091     -0.194006    12.277660    12.436018    0.000572     -0.003459    0.218908    
-0.362826    -1.473110    66.386035    66.432540    -0.001122    -0.004557    0.205370    
0.369975     -1.148016    39.935876    40.002549    0.048488     -0.150457    5.233941    
-0.976220    -0.282489    27.454760    27.543994    -0.038743    -0.011211    1.089579    
0.468772     1.072280     24.304092    24.411746    0.020808     0.047596     1.078797    
-1.107594    -0.930636    16.535224    16.714707    -0.093607    -0.078651    1.397454    
-1.398309    0.283959     22.556295    22.686941    -0.069077    0.014028     1.114294    
-1.466744    0.853540     10.829147    11.136663    -0.007640    0.004446     0.056407    
1.277320     0.802455     99.831373    99.862173    0.189156     0.118834     14.783885   
0.708097     -1.010519    17.248536    17.404296    0.089503     -0.127729    2.180208    
-2.225540    -1.517314    215.921300   215.947072   -0.058592    -0.039947    5.684628    
0.299335     0.081457     72.262826    72.290298    0.026176     0.007123     6.319171    
-0.610237    1.313688     19.057914    19.213985    -0.042203    0.090852     1.318002    
3.191926     2.631199     66.439825    66.597574    0.041865     0.034511     0.871427    
0.087196     -2.101325    13.497442    13.801415    0.001844     -0.044438    0.285438    
-0.976692    -1.416331    46.959259    47.031977    -0.000688    -0.000997    0.033067    
3.328707     0.532654     50.596811    50.747180    0.037994     0.006080     0.577510    
0.785957     -0.316396    87.570288    87.596508    0.005930     -0.002387    0.660744    
-0.629929    -0.073449    13.565379    13.722123    -0.097063    -0.011317    2.090221    
0.039913     1.252013     48.657581    48.713492    0.011830     0.371096     14.422086   
-0.384385    0.182682     7.805856     8.061480     -0.012707    0.006039     0.258050    
0.618571     0.233592     4.937853     5.356729     0.008007     0.003024     0.063917    
0.110398     -1.195554    54.764564    54.813082    0.002236     -0.024212    1.109061    
-0.280301    -1.148865    17.323209    17.474753    -0.047822    -0.196009    2.955533    
1.165537     -1.020541    15.784687    15.982218    0.019532     -0.017102    0.264520    
1.412801     -1.077924    59.921992    59.980647    0.245599     -0.187384    10.416737   
1.304886     0.580503     12.406123    12.642252    0.164411     0.073142     1.563131    
1.623769     -0.784343    41.103933    41.190534    0.241751     -0.116775    6.119656    
-0.393156    0.317686     59.516081    59.550771    -0.033338    0.026939     5.046751    
0.932863     0.270403     15.573187    15.727125    0.009653     0.002798     0.161150    
-1.062695    0.495794     45.879064    45.936245    -0.031317    0.014611     1.352042    
-1.167226    -2.080669    24.935460    25.126554    -0.217851    -0.388336    4.653960    
2.292449     -1.853349    81.823121    81.899867    0.334044     -0.270061    11.922862   
1.576614     -1.960550    78.696992    78.761799    0.054234     -0.067441    2.707116    
-1.972190    0.370351     66.913387    66.972404    -0.080046    0.015032     2.715849    
0.852574     -1.247185    35.423599    35.510402    0.070699     -0.103422    2.937482    
1.193392     -2.304975    59.419980    59.509210    0.114609     -0.221361    5.706473    
-1.438032    1.469766     62.249908    62.314959    -0.015919    0.016271     0.689124    
0.685973     -2.114552    27.758189    27.916552    0.111440     -0.343520    4.509459    
0.945542     -0.086740    40.916712    40.975039    0.038948     -0.003573    1.685428    
-0.857063    1.045797     85.402667    85.436051    -0.025131    0.030666     2.504241    
3.054424     -0.775444    22.102124    22.412266    0.041083     -0.010430    0.297281    
-0.133976    -1.111591    15.866329    16.027131    -0.064658    -0.536465    7.657246    
-1.467398    -0.105746    20.093633    20.243357    -0.358104    -0.025806    4.903653    
0.195825     0.178630     74.707633    74.734033    0.015352     0.014004     5.856905    
1.049730     -0.402029    29.910765    29.996539    0.119892     -0.045917    3.416166    
-0.333924    -1.092521    65.331364    65.370996    -0.006690    -0.021887    1.308822    
0.503343     0.553518     51.642022    51.684941    0.022152     0.024360     2.272728    
0.554045     -1.650059    14.706339    14.939244    0.040275     -0.119947    1.069045    
-0.548022    0.993802     81.841911    81.873447    -0.016935    0.030711     2.529131    
-0.212511    -1.878217    35.106783    35.212697    -0.048486    -0.428531    8.009911    
0.013053     0.529944     43.366652    43.414542    0.000300     0.012179     0.996645    
-1.110130    0.164027     70.046235    70.082874    -0.046413    0.006858     2.928541    
-1.135256    -0.330265    15.486643    15.655955    -0.001043    -0.000303    0.014223    
1.215610     -0.500658    73.904707    73.942606    0.096981     -0.039943    5.896121    
0.652948     -1.023459    132.296856   132.317069   0.079451     -0.124534    16.097884   
0.948823     -1.119647    29.816387    29.917315    0.008298     -0.009792    0.260755    
1.230610     0.769368     15.620396    15.810694    0.069976     0.043748     0.888219    
-0.253845    -0.603287    43.689909    43.739130    -0.017743    -0.042168    3.053765    
-0.420899    -0.740598    16.618987    16.756830    -0.003985    -0.007012    0.157351    
0.239996     -0.577311    21.931893    22.028930    0.001364     -0.003280    0.124619    
-1.836438    0.957315     62.492783    62.558067    -0.014989    0.007814     0.510074    
-0.770765    0.801155     23.340382    23.449612    -0.046417    0.048247     1.405611    
0.998997     -1.090242    10.100863    10.396587    0.121505     -0.132603    1.228535    
0.224618     0.429996     21.764915    21.859136    0.001143     0.002187     0.110713    
0.792129     -0.379161    52.542142    52.586337    0.005882     -0.002816    0.390176    
1.151874     -1.893735    57.171570    57.248375    0.046333     -0.076173    2.299666    
-1.207532    1.228918     34.202553    34.302449    -0.196251    0.199727     5.558680    
-0.333378    -0.646272    54.396835    54.437298    -0.004952    -0.009600    0.808029    
0.379177     1.060010     17.555922    17.701773    0.025171     0.070367     1.165415    
-0.086940    -0.675548    6.713237     7.028971     -0.001000    -0.007767    0.077183    
-0.464151    1.051146     14.446848    14.625550    -0.035382    0.080128     1.101267    
0.963876     -0.941306    14.175302    14.374604    0.165652     -0.161774    2.436179    
0.750681     -0.495915    103.878094   103.900639   0.197099     -0.130208    27.274270   
0.470446     0.922194     16.097854    16.250773    0.013362     0.026193     0.457220    
0.723312     -1.213197    9.939825     10.230841    0.018848     -0.031614    0.259015    
0.009893     1.285784     106.271041   106.297049   0.000439     0.056996     4.710791    
-0.052335    -0.072268    110.015401   110.033047   -0.003354    -0.004632    7.051472    
-1.484379    0.502404     80.425000    80.464348    -0.041192    0.013942     2.231838    
-0.113387    0.561647     8.506602     8.750173     -0.004150    0.020555     0.311323    
-0.462494    1.337810     13.770985    13.982798    -0.026866    0.077713     0.799956    
-0.474027    0.473528     30.493011    30.563828    -0.262139    0.261864     16.862812   
-1.980834    1.326755     15.488554    15.794120    -0.017283    0.011576     0.135141    
0.940731     -0.285994    22.167100    22.276042    0.014620     -0.004445    0.344498    
-0.710933    -0.215255    100.696456   100.718434   -0.002153    -0.000652    0.304904    
-0.085396    1.987921     19.028062    19.232817    -0.002670    0.062160     0.594986    
0.126813     0.265748     9.649322     9.852465     0.010158     0.021286     0.772904    
-2.554245    0.080056     64.489543    64.570169    -0.037250    0.001167     0.940489    
-1.181271    1.771001     32.555757    32.684616    -0.022952    0.034410     0.632555    
1.243021     -0.311175    24.761199    24.872351    0.016187     -0.004052    0.322446    
2.158362     -0.425575    15.879050    16.151124    0.154082     -0.030381    1.133580    
1.296913     -0.275851    82.520843    82.554966    0.324635     -0.069049    20.656104   
1.135217     1.083121     18.627984    18.797304    0.092315     0.088079     1.514820    
0.064815     -0.127916    23.614052    23.696392    0.000867     -0.001711    0.315948    
0.423038     -0.048480    9.583936     9.793267     0.011466     -0.001314    0.259758    
-0.258610    -1.640428    28.609603    28.725289    -0.020282    -0.128654    2.243768    
0.297860     0.812602     22.566252    22.668474    0.001389     0.003790     0.105254    
0.168819     0.275041     18.645775    18.752173    0.013853     0.022570     1.530068    
-2.919288    -0.095883    37.501500    37.666549    -0.189307    -0.006218    2.431853    
-1.362026    0.322595     75.172285    75.211080    -0.175878    0.041657     9.706996    
-0.894111    0.374526     23.051473    23.155670    -0.018455    0.007731     0.475800    
-0.531654    -0.567559    7.425925     7.721664     -0.009992    -0.010667    0.139571    
0.865517     -0.745945    24.627872    24.732824    0.000045     -0.000039    0.001289    
0.220467     1.732501     92.259765    92.297287    0.010332     0.081193     4.323729    
0.327342     1.276640     30.345527    30.437853    0.065379     0.254978     6.060784    
-1.603175    1.107869     71.662231    71.715743    -0.008905    0.006154     0.398056    
-0.343492    1.568849     82.781848    82.820823    -0.030321    0.138486     7.307329    
1.899056     0.185865     65.155724    65.213375    0.105741     0.010349     3.627927    
0.682827     -0.265103    19.697762    19.809425    0.030797     -0.011957    0.888406    
-0.200006    0.288611     9.198419     9.413244     -0.022956    0.033126     1.055780    
-0.369071    -0.284278    5.924072     6.259921     -0.000269    -0.000207    0.004315    
0.700334     -1.439892    51.339219    51.401888    0.080343     -0.165185    5.889672    
1.254051     1.747170     98.068287    98.111616    0.036836     0.051320     2.880589    
0.187204     1.381392     16.779545    16.952032    0.003103     0.022898     0.278141    
-0.751731    1.355017     14.981806    15.189820    -0.005450    0.009825     0.108626    
0.833808     0.745587     24.863360    24.966233    0.065222     0.058321     1.944850    
0.856332     0.413846     86.776402    86.803937    0.129635     0.062650     13.136617   
-0.235906    0.417594     12.146621    12.314439    -0.001527    0.002702     0.078601    
-3.128444    1.694015     44.372297    44.558193    -0.256538    0.138913     3.638614    
-0.520348    0.678063     19.702582    19.819113    -0.116134    0.151333     4.397311    
-1.582132    0.940768     17.130795    17.341490    -0.098149    0.058361     1.062720    
1.183394     -0.053174    39.619335    39.685891    0.014102     -0.000634    0.472122    
-0.459733    -1.908054    16.031785    16.270990    -0.050047    -0.207711    1.745226    
0.657600     1.364446     58.842733    58.895130    0.150047     0.311329     13.426309   
1.088919     1.655374     67.931395    67.988789    0.190687     0.289882     11.895855   
-0.299014    -1.016414    38.699290    38.763804    -0.036810    -0.125124    4.764002    
-1.105351    1.190087     74.866626    74.910111    -0.026960    0.029027     1.826021    
-0.854292    2.000294     28.995771    29.143793    -0.025583    0.059903     0.868333    
0.770378     2.521724     94.602034    94.659244    0.000927     0.003035     0.113856    
0.105797     -2.682210    58.154743    58.249932    0.000189     -0.004795    0.103967    
-1.319000    1.407834     66.166463    66.223844    -0.022518    0.024035     1.129598    
-0.236888    1.131553     23.234062    23.345944    -0.014768    0.070545     1.448491    
-0.398929    -0.809073    12.374695    12.562713    -0.050372    -0.102160    1.562522    
0.143345     -0.210774    38.740491    38.791308    0.001373     -0.002020    0.371191    
0.174020     -0.475472    8.533786     8.772503     0.018620     -0.050874    0.913092    
-0.246895    0.000125     84.968569    84.991727    -0.089125    0.000045     30.672192   
0.259009     -0.688557    39.448856    39.504789    0.068559     -0.182260    10.442018   
0.621673     -0.777276    17.901795    18.037180    0.014549     -0.018191    0.418958    
1.747666     1.685329     66.317337    66.390955    0.161671     0.155904     6.134800    
-0.639132    -0.159094    31.143521    31.212620    -0.037176    -0.009254    1.811500    
2.421243     -0.365977    38.660805    38.788260    0.111089     -0.016791    1.773801    
1.672176     0.424021     36.764834    36.857889    0.193576     0.049086     4.256001    
-1.771477    -0.469826    101.899273   101.934762   -0.191706    -0.050844    11.027335   
1.276707     0.335727     53.288850    53.341533    0.132793     0.034920     5.542667    
-0.626253    -0.278635    95.018876    95.041736    -0.094435    -0.042016    14.328271   
1.217924     0.590414     78.094796    78.131326    0.002064     0.001001     0.132341    
-1.675022    -0.674486    52.121099    52.189506    -0.159460    -0.064210    4.961868    
0.034832     0.497677     67.467369    67.497924    0.000189     0.002705     0.366683    
0.212379     -0.842345    12.085653    12.275692    0.002496     -0.009900    0.142045    
-0.046754    -0.850794    75.023523    75.054180    -0.004465    -0.081244    7.164184    
0.122424     0.345518     55.133388    55.169736    0.000668     0.001885     0.300786    
-0.528844    1.460195     26.945778    27.062183    -0.082775    0.228549     4.217544    
0.113103     -1.552416    22.209329    22.350660    0.000757     -0.010397    0.148738    
-0.969960    -1.485880    101.576158   101.610725   -0.035272    -0.054034    3.693792    
0.572892     0.380629     28.432668    28.509027    0.211346     0.140418     10.489106   
-0.321178    -0.253647    50.174803    50.215071    -0.016825    -0.013287    2.628396    
-0.093440    -0.901912    33.572046    33.641929    -0.030480    -0.294205    10.951261   
0.274476     -1.416012    6.885608     7.305271     0.014227     -0.073397    0.356907    
0.300342     -1.629804    48.429935    48.498247    0.021234     -0.115227    3.423996    
-0.962985    -0.253665    33.685429    33.757588    -0.062805    -0.016544    2.196942    
-0.596983    0.517455     107.956379   107.977214   -0.116779    0.101223     21.118011   
-0.782163    -0.744239    96.684445    96.710508    -0.070497    -0.067079    8.714231    
0.519088     0.057004     119.725334   119.742654   0.006440     0.000707     1.485369    
-0.594493    -0.367969    11.161224    11.355029    -0.014363    -0.008890    0.269658    
-0.248116    -0.969520    70.805125    70.839553    -0.037248    -0.145547    10.629482   
-0.755918    -0.462926    29.618338    29.696912    -0.019332    -0.011839    0.757477    
1.445122     1.357573     38.970030    39.070060    0.014215     0.013354     0.383342    
-1.493835    1.073541     30.225335    30.345179    -0.124169    0.089234     2.512361    
2.596610     -2.665469    220.700376   220.740521   0.368735     -0.378514    31.340871   
1.521659     1.108001     18.122313    18.325837    0.201382     0.146637     2.398372    
0.808994     -1.354599    30.017832    30.123655    0.006013     -0.010068    0.223100    
-1.250198    -0.168019    14.927311    15.109295    -0.099267    -0.013341    1.185238    
0.650689     -0.945278    21.304278    21.425782    0.036150     -0.052516    1.183579    
-0.751284    0.194675     29.576618    29.652211    -0.006744    0.001748     0.265500    
-0.148458    -0.644208    124.130222   124.147589   -0.004483    -0.019453    3.748365    
0.233510     -0.619719    4.146938     4.637955     0.011141     -0.029567    0.197854    
0.025030     1.523806     42.361895    42.434982    0.000350     0.021324     0.592822    
-1.013028    0.333923     56.203177    56.247753    -0.015913    0.005246     0.882886    
-0.258933    -0.914064    18.651584    18.779220    -0.004136    -0.014599    0.297896    
-0.524968    0.589162     11.474217    11.668560    -0.012070    0.013546     0.263811    
1.605942     -0.094569    148.888793   148.910496   0.023247     -0.001369    2.155216    
0.349698     -0.149649    71.012886    71.041182    0.040732     -0.017431    8.271398    
-0.469775    -0.823565    103.902218   103.925188   -0.023892    -0.041885    5.284301    
0.392117     -0.292359    6.569211     6.875224     0.023983     -0.017881    0.401785    
0.587911     -0.232575    14.555631    14.701738    0.059129     -0.023391    1.463929    
0.612355     -1.239448    20.443948    20.584974    0.014510     -0.029370    0.484442    
-0.330366    -0.685092    26.862385    26.945152    -0.087138    -0.180700    7.085238    
-0.042989    -0.237851    24.761535    24.840833    -0.001876    -0.010381    1.080676    
-0.184557    -0.327824    92.966186    92.987785    -0.006579    -0.011685    3.313782    
0.237582     0.331854     12.595349    12.754778    0.004991     0.006972     0.264601    
1.224851     0.672198     104.164794   104.192761   0.048455     0.026592     4.120710    
0.076127     0.393156     14.947914    15.082289    0.002251     0.011626     0.442037    
-1.736528    0.499772     39.296006    39.386753    -0.279923    0.080562     6.334396    
-0.289600    0.920757     37.450449    37.514567    -0.037342    0.118726     4.829008    
0.125026     1.417365     84.764402    84.799194    0.001158     0.013133     0.785410    
-0.740474    1.133383     8.721795     9.043092     -0.000501    0.000767     0.005905    
0.297311     -0.292218    9.223293     9.440226     0.015177     -0.014917    0.470813    
0.516953     1.367862     36.203556    36.286509    0.050960     0.134841     3.568880    
-1.743837    -1.768213    63.703616    63.782389    -0.061762    -0.062625    2.256197    
0.313284     0.093040     17.946570    18.057163    0.042977     0.012763     2.461941    
0.794716     -0.839165    22.740424    22.854706    0.107561     -0.113576    3.077795    
-0.764015    1.224688     9.220225     9.537876     -0.128094    0.205329     1.545848    
-0.774109    -1.659604    135.419223   135.445910   -0.064334    -0.137924    11.254259   
-2.892043    -0.985924    68.484296    68.580680    -0.025538    -0.008706    0.604746    
0.273288     2.244223     62.888389    62.959794    0.030092     0.247114     6.924707    
0.258776     -0.018727    8.364863     8.597279     0.023948     -0.001733    0.774120    
1.030734     1.227402     92.822193    92.856897    0.017309     0.020611     1.558738    
-1.135806    -1.102800    22.842682    22.981934    -0.013441    -0.013050    0.270319    
0.121414     0.194083     117.507736   117.524446   0.018740     0.029957     18.137172   
-0.994192    0.913034     112.146960   112.172357   -0.063254    0.058090     7.135158    
-0.564485    0.810197     20.516059    20.633921    -0.214243    0.307500     7.786608    
-0.340363    0.162384     38.678106    38.730002    -0.002722    0.001299     0.309337    
0.567080     0.587948     74.940637    74.970936    0.007938     0.008230     1.049020    
-0.149566    -1.737174    37.489186    37.581300    -0.017854    -0.207372    4.475198    
1.593992     1.307615     37.276551    37.385383    0.362791     0.297612     8.484107    
1.051324     0.261636     27.360994    27.453100    0.075301     0.018740     1.959737    
-2.155732    -0.919150    63.287518    63.361478    -0.067522    -0.028790    1.982299    
-0.960307    -0.133979    19.667389    19.789423    -0.016361    -0.002283    0.335074    
-1.570484    -0.751478    51.853471    51.920021    -0.020979    -0.010039    0.692686    
-1.048925    -0.021808    26.357329    26.451549    -0.008955    -0.000186    0.225026    
-0.709364    0.205776     7.662076     7.945307     -0.018276    0.005302     0.197406    
1.137388     0.186178     8.336908     8.643339     0.304605     0.049860     2.232714    
-1.802737    -0.632144    11.579388    11.899859    -0.148760    -0.052164    0.955517    
-0.165010    0.948726     126.108789   126.127827   -0.001133    0.006516     0.866098    
-2.198381    1.106124     69.409900    69.481405    -0.069790    0.035115     2.203493    
-0.130692    0.017886     13.650497    13.792332    -0.000100    0.000014     0.010397    
0.666663     0.240324     144.997796   145.012889   0.014551     0.005245     3.164803    
-0.646326    1.349671     73.078387    73.120208    -0.050698    0.105869     5.732315    
-0.967174    1.175147     27.354725    27.467660    -0.102124    0.124084     2.888390    
0.062681     0.009142     48.926944    48.966568    0.003851     0.000562     3.005631    
-0.632045    1.184205     16.499993    16.671129    -0.073546    0.137796     1.919969    
-0.762371    0.235604     23.672967    23.768068    -0.005969    0.001845     0.185350    
-0.731720    0.963091     64.879863    64.920986    -0.002824    0.003717     0.250430    
-1.175704    -2.905007    115.722412   115.781574   -0.267132    -0.660048    26.293334   
-1.342076    -0.303242    51.948653    52.004141    -0.070327    -0.015890    2.722180    
0.933809     0.792550     22.908370    23.025388    0.043351     0.036793     1.063488    
-0.629383    0.235625     14.208201    14.359651    -0.038111    0.014268     0.860349    
0.921196     -0.460557    16.045060    16.198136    0.004779     -0.002389    0.083237    
0.400790     -1.114650    18.808817    18.948605    0.011999     -0.033371    0.563108    
-2.631173    -0.641786    98.790910    98.847629    -0.072116    -0.017590    2.707679    
-0.559076    0.025960     10.015039    10.221996    -0.031147    0.001446     0.557949    
0.196827     0.541042     73.865700    73.894168    0.020132     0.055338     7.555076    
-1.314514    0.239272     42.829683    42.895710    -0.041134    0.007487     1.340232    
-0.578667    -2.109542    38.372948    38.485622    -0.097527    -0.355537    6.467278    
-1.325421    -2.822291    30.459835    30.682219    -0.092366    -0.196680    2.122682    
1.007130     0.586232     27.435935    27.531136    0.093298     0.054307     2.541602    
1.167716     -0.912959    11.035739    11.307499    0.032627     -0.025509    0.308352    
-0.184692    -2.654230    84.488162    84.552963    -0.008906    -0.127990    4.074118    
-0.535210    1.301641     34.769244    34.853350    -0.029791    0.072452     1.935329    
-0.737398    0.437719     23.929675    24.025813    -0.011605    0.006889     0.376605    
-0.169342    -1.099400    97.998037    98.024117    -0.024781    -0.160881    14.340558   
-0.466645    -0.786252    32.819552    32.891243    -0.004728    -0.007966    0.332518    
-0.457264    -0.552952    59.273717    59.310735    -0.001369    -0.001655    0.177455    
-0.850157    -1.573181    26.326202    26.460188    -0.024164    -0.044715    0.748281    
-2.334775    1.446043     21.406105    21.671144    -0.355295    0.220052     3.257482    
-0.903163    -0.634872    24.545125    24.648669    -0.068520    -0.048166    1.862168    
-0.406494    -0.233945    11.989587    12.159158    -0.006029    -0.003470    0.177827    
-0.066982    0.540106     8.351363     8.597466     -0.003599    0.029023     0.448769    
0.404869     1.106405     41.292963    41.356641    0.012220     0.033395     1.246377    
-0.043945    0.000749     89.721254    89.742856    -0.003350    0.000057     6.840024    
-0.638575    -1.855183    65.761702    65.820406    -0.028145    -0.081767    2.898438    
-0.194801    0.017650     39.941150    39.990107    -0.030422    0.002756     6.237625    
2.475366     -0.206235    60.418769    60.501839    0.578107     -0.048165    14.110443   
-0.906946    0.888611     29.622805    29.715278    -0.019700    0.019302     0.643457    
-1.763023    0.832263     17.710286    17.925683    -0.008893    0.004198     0.089332    
0.837404     -1.795883    37.914382    38.017124    0.021592     -0.046305    0.977585    
0.700374     0.636652     29.573357    29.653907    0.296383     0.269417     12.514814   
-0.786960    0.866756     89.746005    89.775225    -0.010128    0.011155     1.155040    
-0.945404    -2.483836    42.198145    42.327551    -0.018793    -0.049375    0.838831    
0.917217     1.232973     63.186868    63.236198    0.054171     0.072820     3.731839    
1.380539     -0.299288    26.130717    26.242805    0.060789     -0.013178    1.150606    
0.072902     0.066028     122.907228   122.923030   0.002632     0.002384     4.437939    
0.000617     -0.994093    15.920749    16.072754    0.000041     -0.065512    1.049200    
0.620673     1.279880     43.797382    43.864666    0.083659     0.172512     5.903343    
-0.604743    2.376423     19.939520    20.185949    -0.075295    0.295881     2.482606    
0.181694     -1.055070    79.565655    79.597202    0.006048     -0.035122    2.648678    
0.269104     0.512520     85.474233    85.498857    0.007844     0.014940     2.491518    
1.038633     -0.280814    25.088649    25.188745    0.057996     -0.015680    1.400917    
0.452862     -0.216167    20.129717    20.231961    0.016234     -0.007749    0.721614    
-0.949360    0.484733     37.813378    37.879583    -0.013570    0.006929     0.540505    
-1.628459    -0.588377    49.092736    49.162687    -0.108954    -0.039366    3.284598    
1.357031     1.074696     39.849511    39.935635    0.340857     0.269940     10.009335   
-0.379684    -0.708902    30.839344    30.912567    -0.005468    -0.010210    0.444146    
1.840523     -0.527046    17.676856    17.888865    0.027910     -0.007992    0.268054    
-1.443478    0.967322     98.626737    98.661682    -0.170893    0.114521     11.676401   
1.077089     -0.057177    24.386195    24.489281    0.029348     -0.001558    0.664458    
1.519086     0.338393     37.733958    37.817306    0.152961     0.034074     3.799535    
0.121861     -0.835501    40.388668    40.445425    0.011366     -0.077925    3.766948    
-0.605185    1.001946     57.090908    57.136826    -0.000074    0.000123     0.006993    
0.079529     -0.384058    43.597174    43.643354    0.009430     -0.045539    5.169436    
-1.180680    2.385742     29.799033    29.982379    -0.163227    0.329824     4.119654    
0.208027     -0.809481    69.802663    69.835415    0.006643     -0.025849    2.228996    
-0.344425    0.602383     38.109881    38.166995    -0.005675    0.009926     0.627962    
1.528004     1.353283     82.677700    82.726315    0.189738     0.168042     10.266417   
0.042806     -0.098157    62.333292    62.364459    0.000692     -0.001588    1.008222    
1.087978     -1.738760    55.285105    55.358150    0.025997     -0.041548    1.321044    
-2.571633    -0.633718    63.428451    63.514237    -0.137230    -0.033817    3.384735    
0.821080     -0.338397    4.704953     5.176893     0.010764     -0.004436    0.061677    
-0.438910    0.378881     22.979333    23.070780    -0.018084    0.015611     0.946812    
-0.803917    -2.352738    147.703381   147.737421   -0.024264    -0.071011    4.458001    
-0.986516    -0.279571    21.426035    21.540690    -0.006117    -0.001733    0.132848    
-0.764003    -1.095551    40.742393    40.811781    -0.073765    -0.105776    3.933696    
3.090140     -0.297419    62.830617    62.938056    0.089114     -0.008577    1.811924    
0.242396     -0.995701    74.637830    74.670816    0.002582     -0.010607    0.795065    
0.064449     0.191458     17.649243    17.759829    0.002990     0.008882     0.818725    
-1.443297    -1.573917    52.809975    52.889779    -0.043894    -0.047866    1.606056    
0.213842     0.654597     8.455590     8.708971     0.007820     0.023939     0.309223    
1.150510     -1.489039    49.130635    49.206048    0.016552     -0.021422    0.706828    
0.365406     0.031173     42.127329    42.174890    0.133402     0.011381     15.379831   
-0.588059    0.682103     9.271626     9.520981     -0.027448    0.031838     0.432764    
-2.347928    0.579763     147.217703   147.250725   -0.040667    0.010042     2.549893    
1.485253     -0.458770    22.352628    22.492919    0.044762     -0.013826    0.673662    
-1.092326    1.490956     34.653718    34.758758    -0.017307    0.023623     0.549049    
1.815868     1.104637     29.818330    29.958728    0.175783     0.106933     2.886525    
0.463805     -0.494078    35.864228    35.924602    0.033095     -0.035255    2.559108    
0.152705     -0.722811    51.073588    51.116848    0.008243     -0.039017    2.756942    
0.779361     -1.067364    24.646354    24.760137    0.010396     -0.014237    0.328755    
-0.655736    0.388281     110.985983   111.006055   -0.011054    0.006545     1.870948    
0.680767     -0.570696    25.870479    25.960466    0.054400     -0.045604    2.067314    
1.195926     -1.321516    89.456942    89.496347    0.058122     -0.064226    4.347621    
-0.217235    -1.888191    31.018894    31.139351    -0.010511    -0.091361    1.500871    
0.145572     -1.437949    39.805365    39.880207    0.004695     -0.046377    1.283823    
0.666833     0.841996     57.738181    57.781711    0.085157     0.107526     7.373372    
-0.633743    -0.578497    135.961677   135.978634   -0.023322    -0.021289    5.003378    
0.166479     -1.308507    85.720795    85.753540    0.006587     -0.051772    3.391610    
-1.647549    -0.545207    78.656494    78.700258    -0.082343    -0.027249    3.931189    
0.601447     -1.401990    35.136332    35.224481    0.002092     -0.004876    0.122200    
-2.458222    -2.131131    57.340382    57.466329    -0.347205    -0.301005    8.098878    
0.732499     1.190498     12.207806    12.444249    0.065596     0.106610     1.093221    
0.907251     0.353677     33.010597    33.083570    0.083079     0.032387     3.022848    
0.097140     -0.445312    55.484010    55.520790    0.000471     -0.002161    0.269208    
0.121224     1.573641     15.533633    15.737209    0.022398     0.290760     2.870129    
-1.192961    -0.590611    35.637917    35.717056    -0.341351    -0.168996    10.197332   
-0.577839    -0.500081    10.079692    10.298501    -0.097784    -0.084626    1.705731    
0.998134     0.724993     30.973308    31.060306    0.003729     0.002708     0.115703    
-0.375668    1.508321     121.096910   121.122883   -0.055016    0.220891     17.734453   
-0.266856    -2.344062    56.260695    56.344535    -0.006920    -0.060787    1.458982    
2.677108     0.577070     72.764839    72.842959    0.019785     0.004265     0.537774    
-0.515012    1.144757     16.199533    16.366903    -0.018166    0.040380     0.571417    
1.050843     0.126357     49.735754    49.785946    0.171073     0.020570     8.096790    
-1.035934    -0.696148    33.631761    33.712433    -0.016868    -0.011335    0.547610    
0.098305     0.295635     68.421496    68.450516    0.011858     0.035661     8.253405    
-1.037250    0.105820     22.300834    22.411811    -0.095190    0.009711     2.046575    
0.013104     -0.844516    42.395931    42.450009    0.001321     -0.085132    4.273762    
0.071344     -0.190535    20.729265    20.823515    0.002213     -0.005909    0.642891    
-1.354058    0.016190     24.248683    24.366110    -0.624948    0.007472     11.191662   
-1.540580    -0.706748    44.348123    44.424136    -0.058430    -0.026805    1.681989    
0.624528     -0.405277    123.365013   123.382963   0.019665     -0.012761    3.884426    
0.727512     0.982507     7.921914     8.253864     0.023350     0.031535     0.254264    
-0.058379    0.647284     46.715395    46.761367    -0.011140    0.123522     8.914759    
1.000908     -1.456132    31.397509    31.508739    0.032045     -0.046620    1.005232    
-2.418538    0.921249     88.035769    88.095798    -0.146240    0.055704     5.323190    
-0.442958    -1.925893    11.944067    12.265438    -0.036209    -0.157430    0.976353    
-0.468200    -0.062499    83.451824    83.476374    -0.051056    -0.006815    9.100186    
-0.697510    0.857281     11.469133    11.689201    -0.020573    0.025286     0.338286    
0.440246     -0.083417    109.542681   109.561283   0.009621     -0.001823    2.394001    
0.647422     0.610883     52.869851    52.913972    0.012160     0.011474     0.992997    
0.041272     -0.608952    30.271937    30.342011    0.003654     -0.053906    2.679734    
-0.572852    -0.224671    33.820566    33.883393    -0.005488    -0.002152    0.323978    
0.446470     1.630502     14.998732    15.221524    0.001539     0.005620     0.051698    
1.168736     0.437336     52.144630    52.196691    0.042712     0.015983     1.905653    
0.950351     -0.436333    28.330808    28.418360    0.089947     -0.041297    2.681410    
-0.332026    -1.595039    68.904377    68.951741    -0.000928    -0.004460    0.192648    
-1.624783    -1.685716    30.547574    30.700339    -0.199935    -0.207433    3.758986    
0.150773     0.585494     133.848898   133.864737   0.002380     0.009243     2.112922    
-0.839269    1.351960     11.783782    12.052579    -0.020333    0.032753     0.285481    
-0.999096    0.125086     6.759448     7.111886     -0.158156    0.019801     1.070012    
0.921536     -0.193103    10.040100    10.274487    0.038243     -0.008014    0.416658    
0.236501     0.353997     46.876665    46.919909    0.027407     0.041023     5.432311    
0.543166     0.511494     59.483530    59.520769    0.009951     0.009370     1.089726    
-0.094513    -0.153174    15.385791    15.512251    -0.002134    -0.003458    0.347357    
-1.064412    -0.724622    40.893879    40.961474    -0.004983    -0.003392    0.191432    
-0.893587    -0.581901    18.831792    18.964399    -0.074882    -0.048763    1.578100    
0.543405     1.121200     7.111223     7.483103     0.006012     0.012405     0.078678    
1.042042     1.732258     20.348057    20.542759    0.189118     0.314383     3.692917    
-0.635543    -0.453191    59.465507    59.503200    -0.009336    -0.006657    0.873545    
0.244014     -0.800473    24.305308    24.399247    0.024402     -0.080050    2.430623    
-0.269909    -1.452585    93.861029    93.893293    -0.021919    -0.117963    7.622370    
-0.734247    -0.749899    14.659824    14.828583    -0.156792    -0.160134    3.130474    
1.274461     0.003833     72.568770    72.606650    0.275189     0.000828     15.669460   
-1.119973    -2.436412    65.319584    65.404231    -0.041299    -0.089842    2.408638    
-0.249389    1.029351     60.890497    60.931513    -0.021533    0.088877     5.257460    
0.813396     -0.043393    28.806242    28.884910    0.170942     -0.009119    6.053863    
0.255026     1.351136     59.481679    59.530124    0.003828     0.020281     0.892851    
-0.895428    0.950447     127.805207   127.827036   -0.027123    0.028790     3.871321    
1.271117     0.264389     24.262351    24.376675    0.100422     0.020887     1.916798    
0.110098     -1.236371    38.594023    38.664121    0.008658     -0.097233    3.035177    
-0.414128    -1.459346    31.755229    31.852327    -0.008929    -0.031465    0.684680    
-0.022772    1.008225     27.196546    27.286336    -0.000350    0.015509     0.418342    
-0.085775    -0.632619    62.165762    62.200197    -0.018432    -0.135943    13.358768   
0.895560     -0.885578    86.536569    86.568118    0.313507     -0.310012    30.293671   
0.303439     -1.843891    48.929004    49.004228    0.023452     -0.142508    3.781548    
-1.092958    0.526002     29.764284    29.853957    -0.100776    0.048500     2.744411    
0.620113     -0.808503    44.675587    44.730540    0.044209     -0.057640    3.185006    
1.225797     0.086456     159.844719   159.861563   0.008258     0.000582     1.076795    
-0.179701    2.534386     43.888897    44.006428    -0.014705    0.207392     3.591485    
-0.012176    1.159062     15.577073    15.743689    -0.000642    0.061100     0.821147    
1.812985     0.660773     73.597601    73.649205    0.025495     0.009292     1.034955    
-1.269816    -0.022998    70.239414    70.278469    -0.252445    -0.004572    13.963892   
-0.004665    0.326694     4.764131     5.165138     -0.000061    0.004253     0.062023    
-0.308177    1.652772     24.128687    24.267162    -0.017871    0.095842     1.399193    
-0.654934    -0.038946    18.613811    18.729105    -0.007818    -0.000465    0.222181    
-0.855336    0.208907     42.794209    42.848507    -0.027602    0.006742     1.380993    
1.368968     1.607166     19.317199    19.531672    0.046600     0.054709     0.657568    
-0.698967    -1.984518    15.349979    15.618056    -0.028184    -0.080021    0.618955    
-1.279673    1.547449     45.773836    45.860126    -0.062795    0.075935     2.246173    
-0.000477    0.034859     6.446521     6.740460     -0.000003    0.000186     0.034310    
0.610399     0.304752     13.759027    13.915863    0.066091     0.032997     1.489755    
0.838069     0.589043     16.974084    17.118523    0.262119     0.184232     5.308905    
-2.165815    1.070451     43.340439    43.452333    -0.231657    0.114496     4.635731    
-2.151740    0.507280     22.394191    22.588981    -0.080754    0.019038     0.840447    
-1.024019    -1.195489    27.037959    27.155183    -0.118505    -0.138349    3.128983    
-1.298845    -0.554171    22.541843    22.671650    -0.003646    -0.001556    0.063279    
1.332803     -1.624178    41.056168    41.156994    0.118717     -0.144671    3.657004    
1.012730     -0.191909    32.649217    32.724743    0.029720     -0.005632    0.958130    
-1.589558    -0.282747    28.554466    28.667737    -0.105180    -0.018709    1.889422    
-0.489578    -0.337711    24.691426    24.776909    -0.047310    -0.032635    2.386062    
-0.599824    1.793616     58.936376    58.999561    -0.022102    0.066090     2.171654    
-0.853778    -0.618709    81.580070    81.610627    -0.010960    -0.007942    1.047250    
-1.793790    -0.949357    70.393660    70.450418    -0.022196    -0.011747    0.871023    
0.728396     0.320670     15.593070    15.736968    0.024862     0.010945     0.532237    
1.318359     1.184646     80.362121    80.405764    0.020447     0.018373     1.246349    
0.033771     -0.945276    18.342532    18.472090    0.002563     -0.071730    1.391880    
0.207425     0.937498     64.479449    64.516636    0.007701     0.034806     2.393924    
0.903990     1.802221     23.158038    23.328842    0.077500     0.154507     1.985374    
1.560004     -0.609207    30.823490    30.931654    0.162571     -0.063486    3.212168    
-0.568438    -0.625743    42.626760    42.680561    -0.026490    -0.029161    1.986503    
-0.945080    -0.594238    73.867662    73.902319    -0.017252    -0.010847    1.348389    
-0.370907    -0.532824    15.556544    15.694027    -0.035110    -0.050437    1.472580    
0.157542     0.805661     15.159764    15.309060    0.002660     0.013605     0.256006    
-0.415368    0.018177     12.003133    12.170580    -0.013613    0.000596     0.393379    
0.725167     -0.325308    9.483205     9.717912     0.001037     -0.000465    0.013567    
-0.166086    -0.216040    24.423555    24.504270    -0.001067    -0.001388    0.156869    
0.253497     0.414609     29.456208    29.525909    0.004672     0.007642     0.542898    
0.338082     -1.065654    80.957849    80.989495    0.058709     -0.185053    14.058500   
0.126022     -0.340112    45.483428    45.527450    0.015180     -0.040969    5.478769    
-1.708958    -1.220746    87.801106    87.848278    -0.023978    -0.017128    1.231920    
-0.813836    1.118565     63.671093    63.716533    -0.189918    0.261030     14.858363   
0.967649     -0.011871    57.078199    57.120332    0.024245     -0.000297    1.430139    
-0.368404    -0.716937    63.517732    63.553339    -0.017474    -0.034005    3.012740    
0.135491     0.223766     37.575461    37.627898    0.001526     0.002521     0.423302    
-0.204327    -0.215974    71.450170    71.477900    -0.010070    -0.010644    3.521209    
0.700607     0.407857     24.978686    25.069243    0.049185     0.028633     1.753589    
-0.924123    0.919558     14.901255    15.087145    -0.035874    0.035697     0.578462    
0.232923     -0.284233    15.840454    15.966527    0.047618     -0.058108    3.238371    
0.073179     -0.708069    15.638285    15.777758    0.001612     -0.015596    0.344452    
1.847730     1.520368     30.554724    30.711427    0.545133     0.448552     9.014521    
0.720897     1.090472     17.345825    17.506039    0.020243     0.030621     0.487076    
-1.961785    -0.427339    24.530880    24.691502    -0.135746    -0.029570    1.697422    
-0.284155    -0.375148    63.839167    63.871243    -0.024302    -0.032084    5.459791    
-0.047658    0.552380     15.173016    15.310217    -0.011398    0.132111     3.628871    
-0.904062    0.407250     40.858357    40.917765    -0.048372    0.021790     2.186128    
-0.354563    1.127726     40.402398    40.467595    -0.006424    0.020432     0.732006    
0.351201     -0.120900    8.931952     9.153834     0.003201     -0.001102    0.081417    
-0.589040    -0.534912    101.265919   101.288175   -0.035702    -0.032421    6.137735    
-0.822849    0.861675     28.070631    28.164780    -0.078386    0.082084     2.674051    
1.263780     0.843119     24.690024    24.814920    0.022404     0.014947     0.437706    
0.551339     1.894976     32.201529    32.321948    0.043243     0.148627     2.525634    
-0.940206    -2.991644    47.978024    48.120678    -0.253053    -0.805191    12.913133   
-1.708125    -0.978876    68.044909    68.101839    -0.118864    -0.068118    4.735084    
-0.182214    -0.531326    33.306205    33.369054    -0.004280    -0.012482    0.782414    
-1.408345    1.742244     32.912664    33.047500    -0.532138    0.658300     12.435925   
-0.782182    -0.677284    11.399618    11.614506    -0.026374    -0.022837    0.384379    
0.552698     -1.387795    49.930551    49.991663    0.015933     -0.040006    1.439351    
-0.572295    -0.171022    43.037676    43.086811    -0.095690    -0.028595    7.196033    
0.142242     0.809545     62.121962    62.158577    0.002993     0.017033     1.307077    
1.587813     0.998607     19.800722    19.986544    0.112942     0.071032     1.408438    
1.441432     -1.520940    132.983128   133.014203   0.028823     -0.030413    2.659132    
0.931258     -2.116150    10.906586    11.321391    0.042085     -0.095632    0.492887    
0.024041     -1.417333    39.598716    39.672947    0.002901     -0.171027    4.778296    
0.775229     0.062074     12.493145    12.671166    0.050558     0.004048     0.814771    
0.146843     0.143438     25.822389    25.898125    0.009962     0.009731     1.751883    
-0.190084    -2.425463    36.508693    36.642580    -0.031586    -0.403042    6.066686    
1.289414     1.139283     35.207569    35.304510    0.006104     0.005393     0.166663    
-1.138247    -0.317811    91.252294    91.281174    -0.012917    -0.003607    1.035569    
-0.267981    1.014597     11.970520    12.176597    -0.002163    0.008189     0.096616    
0.231164     1.061559     67.428568    67.466044    0.004263     0.019576     1.243467    
-0.303669    -0.345939    7.968315     8.220759     -0.002530    -0.002883    0.066399    
-1.363433    0.741697     106.874700   106.904095   -0.359534    0.195584     28.182621   
0.379140     0.268070     33.541843    33.602764    0.020119     0.014225     1.779879    
1.111726     0.373577     17.424001    17.574022    0.179195     0.060215     2.808506    
-0.362734    -1.220002    72.635876    72.673692    -0.011724    -0.039430    2.347582    
-0.554913    1.365406     27.845332    27.953707    -0.027678    0.068104     1.388884    
-1.781856    0.734810     17.312704    17.530534    -0.131440    0.054204     1.277081    
0.466004     1.907192     45.128989    45.214546    0.013800     0.056480     1.336471    
0.583228     -0.206802    81.946618    81.972593    0.078632     -0.027881    11.048206   
-0.718069    -0.239904    20.236440    20.346048    -0.053813    -0.017979    1.516538    
0.733644     -1.183065    16.595597    16.769814    0.047080     -0.075921    1.064987    
-0.106125    -0.895295    16.776218    16.915356    -0.015081    -0.127230    2.384058    
0.637520     -0.094497    56.379663    56.417699    0.021282     -0.003155    1.882093    
0.571583     -0.909163    61.928824    61.969408    0.003250     -0.005170    0.352153    
0.696017     -1.762689    19.654845    19.843876    0.043153     -0.109286    1.218587    
-0.127230    1.320686     95.307526    95.337086    -0.004875    0.050603     3.651787    
-0.858538    1.797487     15.716799    15.964360    -0.037266    0.078023     0.682210    
-0.391594    -0.824592    84.304290    84.332210    -0.001370    -0.002884    0.294885    
0.907032     -0.134053    9.464635     9.710558     0.038034     -0.005621    0.396877    
2.402070     -0.655033    43.334518    43.450598    0.344436     -0.093926    6.213787    
-0.564030    -0.126438    33.533746    33.596446    -0.162372    -0.036399    9.653621    
-1.205492    0.847328     22.231586    22.367153    -0.126226    0.088723     2.327845    
0.654793     0.685547     26.346638    26.437077    0.115841     0.121282     4.661061    
0.018153     0.033880     35.176389    35.231446    0.001228     0.002292     2.380165    
-2.459507    -0.279346    45.490767    45.600570    -0.070587    -0.008017    1.305567    
-0.113068    0.183036     69.616751    69.644908    -0.009480    0.015347     5.837116    
-0.915374    -1.113497    20.331430    20.477299    -0.195976    -0.238393    4.352841    
-0.672522    -0.307683    34.262328    34.326798    -0.147743    -0.067593    7.526904    
-0.262054    0.918243     7.536229     7.847391     -0.020610    0.072217     0.592700    
0.278660     -0.003192    5.311928     5.671789     0.057547     -0.000659    1.096984    
0.768347     -0.590650    32.176778    32.251499    0.159826     -0.122863    6.693203    
0.276292     1.705563     12.540493    12.811097    0.002986     0.018432     0.135523    
-0.002351    -0.622415    121.447440   121.464987   -0.000249    -0.065920    12.862484   
-1.086413    0.153321     9.577569     9.839135     -0.107970    0.015237     0.951841    
-0.105869    -0.481117    19.337768    19.443943    -0.023001    -0.104525    4.201234    
1.321656     1.602083     62.836840    62.901962    0.147469     0.178759     7.011268    
-1.116496    1.449241     43.250165    43.333574    -0.368630    0.478491     14.279773   
0.631467     -0.056503    94.510150    94.532774    0.111624     -0.009988    16.706517   
0.136078     -0.665603    23.507875    23.599930    0.004594     -0.022469    0.793548    
1.288289     0.203104     43.958901    44.022277    0.073095     0.011524     2.494128    
-0.419788    -0.978728    217.101125   217.112661   -0.005656    -0.013186    2.924925    
-1.495957    -0.936095    14.291306    14.533772    -0.011044    -0.006911    0.105507    
0.793941     -1.135255    27.675336    27.779819    0.022348     -0.031955    0.779007    
-0.380416    0.429244     13.353032    13.509529    -0.059735    0.067402     2.096757    
-0.055346    1.045140     61.838746    61.878921    -0.008674    0.163805     9.691997    
0.366092     -1.402920    37.907291    37.986049    0.020349     -0.077980    2.107031    
0.076801     0.257627     96.064213    96.084755    0.017433     0.058478     21.805346   
-0.720628    -0.536797    7.290069     7.604440     -0.033656    -0.025070    0.340469    
0.060956     1.035744     22.867681    22.975689    0.000515     0.008746     0.193102    
-0.252514    0.607088     19.810778    19.919192    -0.008057    0.019370     0.632077    
0.918077     -0.328695    25.697322    25.791049    0.027251     -0.009756    0.762753    
-0.929987    -0.309354    5.643781     6.057044     -0.043375    -0.014428    0.263225    
-0.495905    0.018846     89.356611    89.379668    -0.024697    0.000939     4.450092    
-0.066414    -1.077052    33.135689    33.211644    -0.008503    -0.137895    4.242353    
2.564032     2.211595     18.582347    18.990629    0.257814     0.222377     1.868460    
0.248189     1.024385     62.575321    62.615147    0.094725     0.390971     23.882719   
0.134408     -0.738635    52.402301    52.444635    0.009349     -0.051377    3.644922    
-0.187607    2.166122     89.462446    89.510511    -0.019717    0.227659     9.402497    
-0.838377    -0.560250    86.936180    86.964309    -0.041547    -0.027764    4.308293    
-1.034683    -0.701392    22.060352    22.183250    -0.013467    -0.009129    0.287126    
-1.560408    -0.608743    206.170583   206.186783   -0.195786    -0.076380    25.868487   
1.054345     -2.180056    51.599696    51.693983    0.061343     -0.126839    3.002150    
0.059149     0.444819     8.692301     8.923700     0.002902     0.021824     0.426469    
1.146990     0.257475     26.590438    26.689104    0.100161     0.022484     2.322021    
-0.276684    -1.869054    86.953305    86.996104    -0.000292    -0.001970    0.091630    
1.653630     0.298515     83.152798    83.193067    0.079444     0.014341     3.994860    
-0.533775    -0.225519    25.963017    26.043982    -0.032879    -0.013892    1.599268    
0.612053     0.882979     29.014286    29.100825    0.006097     0.008796     0.289033    
1.662216     -0.976822    37.746822    37.847255    0.022897     -0.013456    0.519970    
0.060511     -0.924045    102.805674   102.828688   0.008786     -0.134172    14.927412   
2.568291     1.383339     38.894857    39.053739    0.506299     0.272704     7.667523    
-0.225103    -1.558869    51.439446    51.501187    -0.001918    -0.013279    0.438195    
-0.100453    0.367364     37.067246    37.121433    -0.000826    0.003020     0.304726    
-0.273302    0.140389     38.758760    38.809932    -0.003776    0.001940     0.535500    
-0.278712    0.973671     12.551146    12.744879    -0.028114    0.098217     1.266070    
2.231135     -0.999587    32.210441    32.363013    0.030049     -0.013463    0.433815    
0.024188     -0.515769    39.489973    39.542376    0.000070     -0.001489    0.114001    
-0.939161    -1.220869    27.547819    27.660980    -0.055975    -0.072764    1.641864    
-0.794764    0.152980     15.533398    15.678535    -0.033663    0.006480     0.657927    
1.270110     0.444083     26.917105    27.022507    0.060395     0.021116     1.279926    
1.742390     -1.731328    160.717899   160.748722   0.404203     -0.401637    37.283691   
-0.183264    -0.911166    19.307325    19.429657    -0.019967    -0.099275    2.103613    
0.080892     0.737346     25.211734    25.299342    0.007333     0.066845     2.285601    
-1.630291    -0.106012    108.361171   108.391362   -0.028232    -0.001836    1.876504    
0.561176     0.122200     125.578403   125.595144   0.002498     0.000544     0.558982    
-0.752653    -0.540635    14.837678    14.996347    -0.016329    -0.011729    0.321909    
-1.407383    -1.233020    71.663631    71.715075    -0.019222    -0.016840    0.978757    
-0.224449    0.126934     16.938211    17.054162    -0.017647    0.009980     1.331725    
-1.830708    1.012976     36.808203    36.920135    -0.278352    0.154019     5.596544    
2.118553     -0.152844    76.449418    76.504249    0.054479     -0.003930    1.965924    
-0.595415    -0.291622    16.401004    16.532013    -0.009173    -0.004493    0.252683    
0.542906     0.595003     41.221787    41.276621    0.020494     0.022461     1.556078    
-0.464948    0.448166     71.404900    71.434948    -0.159266    0.153517     24.459479   
0.071613     0.811973     40.195347    40.251774    0.013649     0.154751     7.660698    
2.969689     -0.021093    49.960540    50.087424    0.051599     -0.000366    0.868074    
0.162781     -3.770926    55.463837    55.626959    0.032601     -0.755229    11.108115   
-1.115695    -0.317570    24.943386    25.047816    -0.170075    -0.048410    3.802342    
0.371632     -1.949459    65.798741    65.858088    0.006551     -0.034365    1.159904    
1.117750     -0.128913    23.168516    23.279199    0.041465     -0.004782    0.859488    
0.081530     1.422733     83.406749    83.442145    0.003332     0.058137     3.408272    
-1.446504    -0.477226    195.921035   195.936845   -0.249796    -0.082412    33.833476   
-0.117855    -2.091488    14.055943    14.346871    -0.000912    -0.016192    0.108821    
2.447767     1.986585     40.935630    41.104000    0.367852     0.298545     6.151834    
-1.821688    0.356238     46.545643    46.624213    -0.132569    0.025924     3.387235    
1.174752     -0.835555    64.924388    64.970219    0.120044     -0.085382    6.634394    
-1.549880    0.484090     80.955000    80.995206    -0.014692    0.004589     0.767413    
1.291271     -1.342906    79.072399    79.118835    0.029003     -0.030163    1.776048    
-1.073696    0.400422     24.933485    25.037308    -0.021844    0.008147     0.507272    
-0.534146    1.187229     22.162066    22.287372    -0.016523    0.036725     0.685546    
-0.394402    0.710985     7.460994     7.759023     -0.063550    0.114562     1.202198    
-1.201128    2.732739     24.724089    24.981315    -0.064211    0.146089     1.321718    
-0.260054    -1.339721    65.821936    65.865505    -0.016412    -0.084548    4.153959    
0.404080     -0.853682    17.413987    17.550327    0.023573     -0.049801    1.015870    
-0.813246    -1.691587    29.567995    29.692830    -0.061520    -0.127964    2.236731    
0.354359     2.300741     54.376116    54.461509    0.008737     0.056729     1.340737    
1.713432     -1.323703    15.556489    15.829319    0.136095     -0.105139    1.235621    
1.022019     0.433943     118.734777   118.756284   0.014482     0.006149     1.682511    
-1.251135    -1.313009    20.196553    20.373145    -0.162403    -0.170435    2.621603    
-1.167661    -0.824500    18.267029    18.428308    -0.213298    -0.150612    3.336862    
0.724731     -0.567579    32.581826    32.654214    0.047693     -0.037351    2.144137    
-1.695227    -0.151804    90.687253    90.724581    -0.007434    -0.000666    0.397668    
0.690704     -0.600944    11.466365    11.670077    0.028867     -0.025116    0.479220    
-0.740835    1.146458     12.861675    13.082845    -0.148568    0.229912     2.579293    
0.364118     1.133383     9.048207     9.336067     0.006779     0.021100     0.168448    
1.125685     -0.927969    16.001508    16.188005    0.173475     -0.143005    2.465926    
-0.026689    1.040806     125.516439   125.536191   -0.000641    0.024988     3.013467    
0.204899     -0.235636    20.920402    21.015130    0.012069     -0.013879    1.232231    
1.435567     -2.045497    22.887183    23.107207    0.029473     -0.041995    0.469887    
-0.161251    0.962230     22.768873    22.874624    -0.007654    0.045674     1.080774    
0.572535     -0.840856    18.337443    18.470831    0.056684     -0.083249    1.815496    
1.392263     0.158042     14.726089    14.923003    0.041202     0.004677     0.435801    
-1.244654    0.342209     9.778123     10.057481    -0.008938    0.002458     0.070220    
-0.953512    0.259699     130.004676   130.023334   -0.092171    0.025104     12.566822   
0.180080     -0.194552    64.472885    64.503474    0.010719     -0.011581    3.837724    
0.406833     0.977862     24.486185    24.588004    0.005519     0.013265     0.332167    
0.853872     -0.506540    54.732498    54.776884    0.067035     -0.039767    4.296913    
1.236180     0.273616     53.731779    53.782730    0.269739     0.059704     11.724459   
0.207526     0.491426     7.591031     7.860234     0.024486     0.057983     0.895652    
-1.544136    -0.083013    33.524731    33.618057    -0.010820    -0.000582    0.234906    
-0.456213    -0.526857    21.229156    21.331613    -0.009371    -0.010822    0.436054    
0.419992     -0.713584    46.812654    46.861339    0.017686     -0.030049    1.971309    
1.780650     0.815550     51.711917    51.786418    0.397134     0.181890     11.533190   
-1.754279    1.417248     71.144131    71.207081    -0.021217    0.017141     0.860464    
-2.479413    -0.694352    35.515636    35.663216    -0.048282    -0.013521    0.691602    
0.755565     1.847170     119.558668   119.591526   0.011785     0.028812     1.864893    
-1.178017    0.355272     46.214178    46.272444    -0.002049    0.000618     0.080391    
0.417193     1.096489     23.297756    23.410184    0.043720     0.114906     2.441477    
0.397017     -0.052907    4.878529     5.275929     0.020731     -0.002763    0.254745    
-0.212116    1.344208     100.543734   100.572210   -0.006007    0.038069     2.847476    
0.917288     0.878884     139.268885   139.288589   0.046678     0.044723     7.086898    
-1.069704    -1.149668    14.193315    14.414962    -0.002856    -0.003070    0.037897    
-1.723134    -0.910203    29.809029    29.937448    -0.059664    -0.031516    1.032148    
-0.253222    1.101839     15.109439    15.279014    -0.031927    0.138925     1.905064    
-0.446347    0.528730     52.388211    52.429747    -0.010307    0.012210     1.209763    
-1.503448    1.520649     28.050118    28.200298    -0.077221    0.078105     1.440729    
-0.415443    -0.428225    11.609749    11.790555    -0.008280    -0.008535    0.231388    
1.113596     -0.838727    31.759381    31.850852    0.006368     -0.004796    0.181620    
0.093773     1.022701     54.832211    54.877145    0.006155     0.067129     3.599116    
0.911195     -0.064550    46.804006    46.854288    0.138502     -0.009812    7.114246    
1.970943     1.369888     22.426177    22.639999    0.166779     0.115919     1.897680    
-2.023588    -1.838005    73.498541    73.575700    -0.002830    -0.002571    0.102793    
-1.145477    0.838649     147.125827   147.145844   -0.068694    0.050294     8.823105    
0.254707     0.581429     23.166256    23.258403    0.032430     0.074028     2.949550    
-2.038505    0.314328     39.786181    39.888212    -0.253401    0.039073     4.945708    
-0.664419    1.855177     19.854959    20.049376    -0.020023    0.055909     0.598361    
-0.535811    -0.380326    57.481649    57.519098    -0.031265    -0.022192    3.354085    
0.431683     -0.733347    44.302154    44.354030    0.014329     -0.024342    1.470546    
0.624772     -1.531790    60.923840    60.978077    0.053429     -0.130994    5.210030    
-0.797756    -0.525241    18.359918    18.489831    -0.044305    -0.029170    1.019650    
-0.935621    -1.089645    78.968567    79.006153    -0.044019    -0.051265    3.715276    
1.183899     -0.769641    22.397063    22.527701    0.045865     -0.029816    0.867672    
-0.382435    0.801872     55.262953    55.305137    -0.013393    0.028082     1.935320    
-0.016211    1.614663     82.567963    82.607209    -0.002812    0.280099     14.323242   
-0.379125    -1.033092    20.370064    20.494524    -0.078552    -0.214050    4.220551    
0.384516     -0.419014    63.068898    63.102174    0.006712     -0.007314    1.100863    
2.979451     0.967352     52.399538    52.529986    0.175279     0.056909     3.082633    
1.768828     1.479319     36.338568    36.464827    0.046609     0.038980     0.957523    
-1.201209    -0.559300    20.810173    20.945023    -0.116843    -0.054404    2.024227    
-0.168661    -0.203635    37.933698    37.985659    -0.032072    -0.038722    7.213283    
0.859225     1.184955     28.899465    29.003386    0.062842     0.086665     2.113653    
2.736499     0.591262     147.249038   147.288806   0.116990     0.025278     6.295167    
0.112134     0.480051     46.755765    46.799781    0.015179     0.064983     6.329218    
2.213397     0.613032     22.561235    22.763111    0.039276     0.010878     0.400340    
0.001207     -0.384221    10.371389    10.563536    0.000058     -0.018606    0.502243    
-1.442396    1.503978     62.754331    62.819770    -0.389618    0.406252     16.951095   
-0.000410    0.355867     40.814248    40.863241    -0.000044    0.038445     4.409287    
0.862878     1.149523     85.827322    85.861924    0.020479     0.027283     2.037006    
-0.769342    -0.958780    88.353215    88.383691    -0.084266    -0.105015    9.677312    
0.232247     -0.142493    39.681960    39.731690    0.008707     -0.005342    1.487771    
-0.152234    0.126343     32.440821    32.501091    -0.000138    0.000114     0.029343    
-0.677558    -1.540243    26.944580    27.068742    -0.006547    -0.014882    0.260349    
-2.234615    0.760930     46.038020    46.140511    -0.016660    0.005673     0.343236    
-0.555242    1.638202     74.746376    74.792297    -0.013552    0.039985     1.824381    
-0.362048    -0.598069    9.964077     10.180695    -0.004733    -0.007818    0.130248    
-0.546329    -1.410684    31.238477    31.336973    -0.003893    -0.010053    0.222618    
-0.496522    -0.839179    46.025979    46.078373    -0.081050    -0.136984    7.513092    
0.591137     0.177674     58.576980    58.613297    0.006319     0.001899     0.626130    
-0.878525    0.695049     35.702532    35.774302    -0.037695    0.029822     1.531884    
0.485224     -0.486617    24.072419    24.162545    0.017834     -0.017885    0.884777    
1.682498     0.403574     12.483652    12.755791    0.041942     0.010060     0.311194    
-1.409765    1.898519     99.479008    99.526578    -0.213920    0.288084     15.095072   
-1.091882    -0.793879    14.886890    15.077033    -0.053265    -0.038728    0.726222    
-0.218210    -0.599497    98.200862    98.222662    -0.015276    -0.041968    6.874508    
1.302086     -1.242158    63.587317    63.643226    0.035420     -0.033790    1.729740    
1.473405     -2.411655    19.301818    19.606686    0.151662     -0.248239    1.986791    
1.053627     0.096429     21.201850    21.319307    0.051535     0.004717     1.037026    
-0.188826    -1.176963    119.235124   119.257329   -0.003224    -0.020095    2.035736    
2.150109     -0.317597    91.268840    91.315935    0.049706     -0.007342    2.109929    
0.824640     1.250552     75.593874    75.634335    0.175214     0.265708     16.061649   
-0.042944    -0.971796    85.851076    85.879150    -0.008961    -0.202786    17.914708   
1.239561     -1.926009    56.437603    56.518351    0.042015     -0.065282    1.912949    
0.091879     1.659872     93.893445    93.928790    0.001507     0.027222     1.539884    
0.307192     0.351915     22.947048    23.036062    0.046924     0.053755     3.505178    
-0.062589    -1.123224    83.204706    83.235591    -0.001105    -0.019833    1.469182    
0.704057     0.382904     12.971172    13.144146    0.144578     0.078629     2.663619    
0.643663     0.911574     13.571251    13.758600    0.077654     0.109976     1.637291    
0.636579     -0.645138    127.592482   127.610884   0.063810     -0.064668    12.789772   
-0.247859    1.319600     75.260099    75.297810    -0.000161    0.000856     0.048793    
-0.979245    -0.299057    33.785194    33.857978    -0.149478    -0.045650    5.157168    
-1.604429    -0.357607    67.096381    67.145375    -0.311297    -0.069384    13.018279   
-0.081501    -1.219851    14.485122    14.669301    -0.006118    -0.091565    1.087287    
-0.558195    0.134471     58.346925    58.382945    -0.009082    0.002188     0.949279    
-0.090626    -0.722054    24.449152    24.539062    -0.036549    -0.291198    9.860119    
1.023513     0.383690     32.003395    32.082504    0.028881     0.010827     0.903065    
0.719714     -0.118867    65.092096    65.125940    0.074468     -0.012299    6.734976    
-1.361208    0.071827     30.536730    30.630456    -0.165384    0.008727     3.710153    
-1.416190    1.051350     72.782207    72.830183    -0.149558    0.111029     7.686225    
-0.334007    -0.996683    7.012644     7.359149     -0.050203    -0.149806    1.054034    
-1.054378    -1.549295    30.184516    30.306633    -0.055496    -0.081546    1.588735    
1.463928     -0.366461    99.291513    99.322490    0.059910     -0.014997    4.063396    
-1.476182    0.953729     31.048128    31.160069    -0.322900    0.208618     6.791461    
-0.654067    0.915040     35.731384    35.803238    -0.001162    0.001626     0.063484    
-0.369107    0.658882     7.851792     8.129942     -0.010444    0.018644     0.222177    
-0.762708    -2.504249    85.406435    85.469217    -0.204589    -0.671741    22.909465   
0.613860     2.140724     45.505565    45.602532    0.042905     0.149622     3.180520    
-0.057764    0.640322     13.333797    13.493644    -0.002896    0.032100     0.668438    
0.856738     1.342343     12.632873    12.884111    0.005592     0.008762     0.082455    
0.110100     -1.927278    55.983374    56.051224    0.010626     -0.185997    5.402837    
0.511942     1.143987     16.939616    17.099600    0.012275     0.027430     0.406176    
0.510022     0.864052     23.077446    23.182971    0.046003     0.077936     2.081533    
1.181604     0.216568     8.123704     8.444679     0.077052     0.014122     0.529743    
2.525683     2.666755     69.456017    69.580916    0.042125     0.044478     1.158432    
-0.714295    1.207493     12.593130    12.823031    -0.016876    0.028528     0.297525    
-1.232103    0.085596     8.591269     8.900014     -0.022980    0.001596     0.160236    
0.676083     -1.076777    14.509167    14.697191    0.082074     -0.130716    1.761355    
-1.196665    1.706467     64.533326    64.596975    -0.201699    0.287627     10.877178   
0.767814     0.224742     43.822649    43.874133    0.000701     0.000205     0.040027    
-0.101511    -0.819920    17.732109    17.860157    -0.019221    -0.155254    3.357616    
-0.884001    -1.297982    52.703064    52.763189    -0.022454    -0.032969    1.338687    
0.973952     -0.704035    25.587497    25.691229    0.000640     -0.000463    0.016818    
-0.143756    0.843210     23.795695    23.892295    -0.005304    0.031112     0.877993    
-0.300408    -0.418763    24.672856    24.756623    -0.015895    -0.022157    1.305442    
0.962917     1.998971     35.764806    35.887594    0.078615     0.163201     2.919930    
1.391230     0.708801     151.434333   151.455175   0.499600     0.254536     54.381144   
0.199607     -0.533201    35.162134    35.221794    0.001659     -0.004430    0.292158    
-2.020759    0.211674     80.542711    80.592379    -0.190251    0.019929     7.582970    
-0.918517    -0.278348    20.604510    20.720568    -0.074551    -0.022592    1.672354    
1.772993     -1.004355    46.140407    46.227311    0.102909     -0.058295    2.678093    
-1.035053    0.189778     25.678200    25.775032    -0.006846    0.001255     0.169838    
0.002336     0.956372     30.014072    30.093756    0.000047     0.019398     0.608763    
0.793512     -0.645965    16.794508    16.940407    0.010100     -0.008222    0.213755    
0.685471     -1.132402    46.979401    47.039252    0.020553     -0.033954    1.408625    
1.206969     0.139520     94.789673    94.817895    0.110138     0.012731     8.649706    
-0.016420    1.225016     18.688639    18.831918    -0.000513    0.038298     0.584271    
-0.459967    0.589415     8.991964     9.235224     -0.016195    0.020753     0.316602    
1.834057     -0.615446    134.520336   134.548646   0.068288     -0.022915    5.008608    
1.810986     0.306603     57.052286    57.115777    0.051167     0.008663     1.611933    
-1.796559    0.018211     60.398735    60.457506    -0.429216    0.004351     14.429865   
-0.380444    -0.079028    67.873917    67.903568    -0.029782    -0.006186    5.313241    
-0.477822    0.829493     25.384862    25.479061    -0.058664    0.101840     3.116585    
-0.797828    1.101412     75.383519    75.421479    -0.035068    0.048411     3.313398    
0.558936     0.527750     47.146362    47.193700    0.061663     0.058222     5.201264    
-0.627843    0.460191     18.955177    19.073009    -0.008501    0.006231     0.256662    
-0.776541    -0.263107    66.208234    66.242565    -0.110507    -0.037442    9.421902    
2.354171     -0.457589    145.464429   145.497514   0.003220     -0.000626    0.198956    
0.871062     -0.459928    23.311373    23.415067    0.069950     -0.036934    1.872013    
-1.439245    0.627588     22.726769    22.865832    -0.095355    0.041580     1.505735    
0.112243     -0.113810    54.045253    54.081326    0.000970     -0.000983    0.466930    
0.008113     -0.120966    16.126787    16.246936    0.000002     -0.000030    0.003994    
-1.571260    0.011127     14.370678    14.589734    -0.156815    0.001110     1.434219    
1.462941     1.468341     44.637846    44.729280    0.055069     0.055272     1.680287    
0.899226     0.891107     122.998162   123.020427   0.167547     0.166035     22.917519   
-0.312134    -0.406713    58.106021    58.141616    -0.002703    -0.003522    0.503181    
-0.050612    0.557147     6.304341     6.628171     -0.002027    0.022318     0.252533    
-0.557786    0.628507     63.110006    63.146291    -0.004657    0.005248     0.526950    
2.270269     -0.286805    10.935173    11.344133    0.125476     -0.015851    0.604377    
-2.307551    -0.615294    93.020473    93.071944    -0.152691    -0.040714    6.155168    
-0.083221    1.485470     44.205199    44.274011    -0.011573    0.206581     6.147509    
0.809278     -1.373735    31.479221    31.580981    0.052287     -0.088757    2.033873    
-0.396120    0.576812     22.012479    22.111396    -0.017228    0.025086     0.957344    
-0.259358    -0.208298    11.189268    11.365972    -0.006365    -0.005112    0.274581    
1.393654     -0.910838    161.970336   161.990853   0.081962     -0.053567    9.525616    
0.065482     -1.004073    39.628615    39.690232    0.007239     -0.111002    4.381004    
-1.562698    -1.552657    33.923832    34.052226    -0.142823    -0.141905    3.100464    
0.566920     1.974836     17.884733    18.109666    0.028497     0.099267     0.898994    
1.535665     -0.360968    36.888431    36.974584    0.172059     -0.040444    4.133066    
-0.672649    -0.909174    61.739128    61.780854    -0.065962    -0.089157    6.054358    
0.260404     0.556318     101.062804   101.083839   0.013271     0.028352     5.150581    
-0.756088    2.751512     88.976427    89.043933    -0.074596    0.271467     8.778505    
0.298288     -0.870196    28.981705    29.063041    0.016395     -0.047830    1.592975    
-2.043984    0.098640     16.323575    16.568695    -0.314656    0.015185     2.512894    
1.158255     -0.387131    37.538085    37.609496    0.196698     -0.065744    6.374814    
0.008792     0.780496     138.913378   138.929517   0.000834     0.074008     13.172045   
-0.729824    1.757254     115.788239   115.820602   -0.056257    0.135453     8.925230    
0.456588     -1.015176    11.712529    11.928845    0.052081     -0.115797    1.335998    
-1.264782    3.208785     28.821825    29.094132    -0.048434    0.122877     1.103702    
-1.095881    -1.450407    85.420153    85.462167    -0.067090    -0.088794    5.229455    
1.525965     1.073914     33.826030    33.934601    0.087176     0.061351     1.932422    
1.491581     0.671096     26.555048    26.678094    0.096558     0.043444     1.719046    
-0.778520    -0.913283    76.496758    76.531491    -0.194694    -0.228396    19.130446   
0.733682     -2.796716    58.882690    58.986490    0.137520     -0.524212    11.036884   
2.523800     0.308030     92.172275    92.228345    0.533143     0.065070     19.471026   
0.159702     -0.502595    88.585318    88.608756    0.014590     -0.045917    8.093162    
0.927933     -0.232395    12.301827    12.494998    0.013397     -0.003355    0.177611    
0.663852     0.410602     52.810227    52.852666    0.183310     0.113380     14.582528   
1.731504     -0.590369    62.215353    62.273363    0.507881     -0.173165    18.248856   
1.274160     0.768492     73.538970    73.580359    0.133401     0.080459     7.699327    
-0.297901    -0.554825    19.233081    19.343809    -0.017285    -0.032193    1.115964    
0.385493     0.697893     25.944695    26.031477    0.027729     0.050200     1.866235    
0.936328     -1.232876    106.891004   106.920336   0.025440     -0.033497    2.904216    
-1.220026    -1.224146    54.538129    54.601003    -0.127015    -0.127444    5.677888    
-0.421493    0.677829     22.865805    22.964257    -0.014782    0.023772     0.801922    
-1.763834    -0.280445    89.108889    89.148521    -0.091187    -0.014499    4.606780    
0.746079     -0.423824    71.381014    71.413307    0.067479     -0.038333    6.456043    
-1.332132    -0.305790    18.661159    18.814406    -0.044918    -0.010311    0.629231    
-1.789024    1.142159     25.982320    26.143087    -0.141263    0.090186     2.051581    
0.121326     -1.141862    22.401387    22.517009    0.017004     -0.160034    3.139603    
-0.016032    0.082178     13.607938    13.749834    -0.002278    0.011677     1.933688    
0.759894     0.647910     67.349909    67.386070    0.010252     0.008742     0.908677    
1.374490     -1.204892    81.953219    81.997232    0.103774     -0.090969    6.187474    
-0.411118    4.473699     43.796051    44.069854    -0.013827    0.150461     1.472965    
0.115573     2.461631     87.899403    87.955972    0.003165     0.067416     2.407279    
-0.357601    0.194924     24.584735    24.666779    -0.017277    0.009418     1.187789    
-0.992317    -0.038148    50.154659    50.203096    -0.093784    -0.003605    4.740107    
-0.422190    1.341828     61.521452    61.569008    -0.004930    0.015670     0.718447    
1.044479     -1.257866    19.821594    19.986087    0.001094     -0.001317    0.020753    
0.491630     0.894637     49.792871    49.842221    0.000624     0.001135     0.063190    
-0.266596    0.569109     72.650480    72.679861    -0.015594    0.033288     4.249443    
1.124095     -0.388799    53.430764    53.480242    0.040246     -0.013920    1.912969    
0.707845     0.858561     11.724595    11.940655    0.072118     0.087474     1.194554    
0.708896     -1.656812    43.705731    43.787138    0.030941     -0.072315    1.907621    
1.136960     -0.543725    90.729864    90.759966    0.237192     -0.113432    18.928055   
-0.296907    -0.811061    45.569866    45.620540    -0.020326    -0.055525    3.119709    
-0.899625    -1.375509    91.751287    91.787117    -0.037311    -0.057047    3.805258    
1.027044     1.373043     30.143348    30.256180    0.047147     0.063030     1.383746    
-0.058485    0.527850     35.139290    35.198391    -0.000496    0.004473     0.297762    
0.044529     -1.857042    62.777791    62.836109    0.001397     -0.058251    1.969205    
1.189070     -1.093326    28.547942    28.661283    0.002492     -0.002292    0.059839    
-0.120146    3.562476     30.079777    30.354137    -0.012301    0.364745     3.079726    
-0.776778    1.007516     73.292380    73.329846    -0.023535    0.030527     2.220673    
-1.062408    1.579892     29.173487    29.301742    -0.182764    0.271786     5.018665    
-0.992848    -0.483588    22.083681    22.198728    -0.513926    -0.250318    11.431126   
-0.237031    0.792801     41.321146    41.376282    -0.022020    0.073651     3.838740    
1.130887     0.468656     26.567793    26.668729    0.061876     0.025643     1.453655    
0.343663     0.365198     35.082006    35.140768    0.018614     0.019780     1.900128    
0.546090     -0.133713    28.858655    28.931177    0.018486     -0.004527    0.976936    
-0.581694    1.711669     46.800694    46.876946    -0.055591    0.163580     4.472640    
0.218170     1.249859     15.724317    15.897762    0.004885     0.027985     0.352079    
-1.716284    -0.551584    45.859039    45.936655    -0.097430    -0.031312    2.603314    
-0.576492    0.595070     47.031234    47.079703    -0.145746    0.150442     11.890182   
1.037619     -0.418371    113.203032   113.225674   0.185909     -0.074959    20.282498   
