-0.127259    -1.803349    9.054287     9.440515     -0.005834    -0.082666    0.415049    
0.212211     -0.278314    41.132712    41.181275    0.001841     -0.002415    0.356886    
-0.982655    0.242469     13.620862    13.799538    -0.199225    0.049159     2.761511    
-0.828030    1.769837     24.242225    24.400377    -0.005402    0.011546     0.158153    
1.533928     0.111171     50.132450    50.194649    0.142114     0.010300     4.644616    
1.043323     -0.188811    12.378676    12.578980    0.095344     -0.017254    1.131226    
0.321309     -1.090515    16.722902    16.876696    0.017915     -0.060804    0.932422    
0.003739     -1.536227    15.524505    15.724033    0.000122     -0.050288    0.508192    
0.601839     0.405257     40.568989    40.623198    0.019774     0.013315     1.332902    
0.916371     -1.588547    50.875335    50.946422    0.003849     -0.006672    0.213687    
-0.985504    -1.196692    133.966661   133.990091   -0.018040    -0.021906    2.452375    
-2.369874    1.073447     19.379073    19.651769    -0.177571    0.080432     1.452041    
-1.339487    -0.854822    67.019471    67.067201    -0.162144    -0.103476    8.112660    
-1.237587    -0.085014    10.745572    10.994595    -0.066795    -0.004588    0.579960    
1.346735     2.121456     29.428096    29.600710    0.075880     0.119531     1.658092    
-0.855392    -0.422311    57.096415    57.138302    -0.012889    -0.006363    0.860329    
-0.605830    -1.423558    63.535493    63.584805    -0.013441    -0.031584    1.409656    
-0.529042    -1.603973    23.033056    23.178637    -0.023472    -0.071163    1.021900    
-0.461144    -1.839633    32.919995    33.033285    -0.028771    -0.114778    2.053929    
1.799872     -0.607749    15.571330    15.809812    0.344686     -0.116387    2.982001    
-0.439660    -1.860942    108.456122   108.490837   -0.013940    -0.059002    3.438664    
1.362352     1.565141     40.341986    40.443250    0.186831     0.214641     5.532435    
-0.968285    -0.262178    61.610442    61.650043    -0.014586    -0.003949    0.928083    
1.000345     -1.001837    83.763009    83.798097    0.284885     -0.285310    23.854600   
-1.773970    -0.542242    27.112162    27.246748    -0.414161    -0.126595    6.329762    
0.215424     -0.096200    70.724759    70.752542    0.007929     -0.003541    2.602995    
0.876717     1.010797     51.515127    51.570085    0.087005     0.100311     5.112334    
1.204526     -0.756415    57.828469    57.879442    0.018580     -0.011668    0.892035    
-1.729767    -0.282977    75.313855    75.359962    -0.154427    -0.025263    6.723753    
-1.161015    0.048166     64.105767    64.146509    -0.165839    0.006880     9.156847    
0.325768     -0.646645    5.507311     5.893191     0.019933     -0.039567    0.336984    
0.133092     0.095443     15.381701    15.508015    0.000444     0.000319     0.051351    
0.353876     -0.246781    72.919152    72.946993    0.008224     -0.005735    1.694561    
1.533619     -0.911534    24.607661    24.750653    0.103606     -0.061580    1.662402    
0.122412     -2.574011    93.026862    93.083363    0.000379     -0.007975    0.288212    
1.880816     1.193523     26.528995    26.695028    0.143525     0.091078     2.024430    
1.355366     0.529849     28.112693    28.219075    0.325587     0.127281     6.753242    
-2.651102    0.307033     53.127814    53.231215    -0.387283    0.044853     7.761119    
-0.585567    1.270798     48.292573    48.352925    -0.028704    0.062293     2.367250    
1.390026     1.501531     27.594763    27.740452    0.278369     0.300700     5.526181    
-1.675853    -1.264498    79.414466    79.466596    -0.152777    -0.115277    7.239741    
1.029221     0.595578     44.035246    44.095259    0.000054     0.000031     0.002297    
-0.099059    -1.178603    15.947007    16.111515    -0.000858    -0.010211    0.138164    
-0.877108    2.561173     30.533277    30.716199    -0.098908    0.288812     3.443101    
-2.647436    0.686553     28.232707    28.433096    -0.025133    0.006518     0.268021    
-1.912691    0.161699     54.260897    54.330511    -0.339159    0.028672     9.621551    
0.967499     -0.020723    36.382919    36.448981    0.027865     -0.000597    1.047860    
-2.277322    0.215443     90.989421    91.039455    -0.377476    0.035711     15.081873   
0.824924     0.828701     64.587554    64.628123    0.012293     0.012349     0.962465    
2.122317     2.577521     20.695126    21.054953    0.313569     0.380825     3.057672    
0.991099     -1.313830    48.720666    48.788182    0.134963     -0.178911    6.634526    
0.565256     -0.643225    76.907151    76.937105    0.012022     -0.013681    1.635738    
-1.230461    0.800481     99.527584    99.557871    -0.032570    0.021188     2.634432    
0.343544     0.384513     8.205627     8.454179     0.014492     0.016220     0.346135    
0.404802     0.555527     19.393934    19.505694    0.018257     0.025054     0.874672    
-0.871029    -0.961604    91.942815    91.973037    -0.062744    -0.069268    6.623016    
-0.586304    -1.488724    43.188515    43.262950    -0.033259    -0.084450    2.449932    
-1.039953    0.861868     47.634471    47.694257    -0.108294    0.089749     4.960334    
1.158545     0.583715     21.156086    21.287035    0.219945     0.110816     4.016395    
0.753738     0.029026     63.094930    63.130136    0.012771     0.000492     1.069048    
0.761796     -0.506499    71.355675    71.388684    0.066119     -0.043961    6.193175    
0.578847     0.073508     26.946359    27.024465    0.046709     0.005932     2.174385    
-0.010578    0.218582     7.449921     7.708708     -0.001249    0.025800     0.879353    
0.175657     -0.654161    57.022718    57.060705    0.002469     -0.009197    0.801657    
0.091431     1.064868     37.246858    37.314149    0.015198     0.177011     6.191484    
0.382811     0.262025     9.048809     9.272060     0.006327     0.004330     0.149547    
0.372021     -0.707035    40.129078    40.185273    0.038870     -0.073873    4.192803    
0.676003     -0.923093    53.621493    53.669811    0.069304     -0.094636    5.497323    
-2.436405    -0.234059    39.389887    39.514922    -0.265648    -0.025520    4.294784    
-0.504574    -0.229993    54.873114    54.911211    -0.001066    -0.000486    0.115972    
0.027174     -0.754314    88.895741    88.920737    0.005782     -0.160509    18.915964   
0.397471     0.170514     90.960087    90.982413    0.045434     0.019491     10.397555   
1.720628     0.699319     22.117305    22.282274    0.000356     0.000145     0.004571    
-1.277645    0.120230     12.508869    12.727670    -0.032260    0.003036     0.315843    
-1.326284    -1.565293    89.772428    89.817442    -0.071291    -0.084138    4.825470    
0.508108     0.704783     11.627687    11.825099    0.005268     0.007308     0.120562    
0.136169     3.089876     79.948968    80.032983    0.026132     0.592968     15.342749   
1.009085     -0.580757    13.099071    13.297223    0.208352     -0.119913    2.704651    
-0.484033    -0.369158    13.390940    13.548534    -0.073338    -0.055933    2.028933    
0.742997     -0.108062    41.286870    41.340589    0.104470     -0.015194    5.805209    
0.497344     -1.150493    18.160405    18.309731    0.004916     -0.011371    0.179490    
-1.193974    -0.055477    38.377975    38.447010    -0.033080    -0.001537    1.063297    
0.615632     -0.083351    19.246555    19.356932    0.028354     -0.003839    0.886440    
-0.613988    1.449126     41.120705    41.197867    -0.049415    0.116628     3.309451    
-1.309597    -0.203487    64.704093    64.747595    -0.067470    -0.010484    3.333544    
-1.055074    2.499661     51.341067    51.450380    -0.093686    0.221960     4.558885    
-0.138434    0.767865     32.040309    32.110203    -0.013103    0.072681     3.032743    
1.883755     -0.225875    36.874944    36.976155    0.000303     -0.000036    0.005935    
0.581204     -0.457856    34.808251    34.871718    0.105335     -0.082980    6.308485    
1.477326     -1.125554    13.223056    13.497168    0.000775     -0.000590    0.006937    
0.035997     0.066014     61.666956    61.698412    0.000744     0.001365     1.274674    
0.165385     0.197212     131.672122   131.687087   0.000273     0.000325     0.217221    
-0.687722    -0.422904    66.380847    66.414935    -0.057498    -0.035358    5.549899    
-0.036046    0.794711     68.528707    68.561589    -0.000208    0.004579     0.394815    
-0.505305    -0.732052    110.371794   110.392931   -0.085824    -0.124336    18.746248   
-1.945516    -1.180466    44.699930    44.801085    -0.524291    -0.318120    12.046052   
-1.044364    -1.424180    21.735053    21.895352    -0.054707    -0.074603    1.138548    
-1.199202    1.398526     42.080060    42.166341    -0.046646    0.054400     1.636820    
0.284846     0.740079     52.951886    52.994396    0.055341     0.143785     10.287698   
-0.369490    0.880350     42.291156    42.347708    -0.014624    0.034843     1.673809    
0.959184     1.364419     45.532237    45.605277    0.003005     0.004274     0.142626    
-1.306324    1.402968     18.759293    18.959452    -0.088042    0.094555     1.264314    
-1.371374    -0.736515    41.422361    41.498314    -0.138072    -0.074154    4.170470    
-0.589350    0.594357     26.114525    26.201983    -0.023334    0.023532     1.033933    
-0.555074    -0.435077    50.530768    50.574014    -0.012827    -0.010054    1.167737    
0.227401     -1.721958    51.221077    51.288308    0.009282     -0.070284    2.090646    
-0.099357    -0.930619    20.808551    20.922396    -0.000071    -0.000662    0.014803    
-1.536707    0.197684     78.983440    79.023157    -0.349374    0.044944     17.957093   
0.175611     0.263785     67.146728    67.176324    0.005220     0.007840     1.995791    
0.415615     1.659242     52.105616    52.170835    0.109805     0.438370     13.766268   
0.529424     -0.178828    21.362352    21.460133    0.003745     -0.001265    0.151130    
-1.237414    -1.518769    29.336130    29.467293    -0.061265    -0.075195    1.452448    
-0.281689    -0.243005    122.258040   122.274453   -0.005202    -0.004487    2.257631    
-0.840725    1.052243     111.341762   111.367306   -0.008232    0.010304     1.090264    
0.815371     -1.300850    35.408803    35.496695    0.002979     -0.004753    0.129371    
0.919677     -0.095733    34.087665    34.156973    0.018662     -0.001943    0.691707    
-0.431494    0.898071     6.314200     6.688557     -0.023039    0.047951     0.337134    
-0.113410    1.194981     14.154396    14.340946    -0.010122    0.106657     1.263336    
0.987192     -0.048335    8.113715     8.407390     0.059973     -0.002936    0.492917    
0.727923     0.105670     16.474948    16.608428    0.008017     0.001164     0.181447    
-1.583407    0.694977     22.496679    22.648746    -0.001666    0.000731     0.023676    
-0.819697    1.861480     10.901878    11.263344    -0.136424    0.309810     1.814423    
0.259865     -0.961566    38.064645    38.128523    0.023158     -0.085691    3.392164    
-0.317402    -1.304705    40.163719    40.234342    -0.030979    -0.127343    3.920099    
0.917478     1.534011     76.379081    76.425348    0.014540     0.024311     1.210444    
0.452547     1.081641     73.758748    73.794327    0.029546     0.070619     4.815585    
0.051847     -0.031019    28.407288    28.475474    0.005717     -0.003421    3.132478    
-1.036441    -0.860928    27.474702    27.578063    -0.023083    -0.019174    0.611905    
0.406676     -0.454208    95.524064    95.546290    0.000104     -0.000116    0.024435    
0.197857     1.596569     13.036731    13.282300    0.002709     0.021856     0.178462    
0.650130     0.814119     50.253359    50.302688    0.005257     0.006583     0.406376    
-0.475441    1.106980     31.420761    31.505407    -0.037082    0.086338     2.450626    
0.298001     0.317224     73.542738    73.570365    0.019930     0.021216     4.918479    
-0.190402    1.115687     14.573085    14.748925    -0.006189    0.036267     0.473716    
-0.913991    -0.842686    68.436114    68.475705    -0.026213    -0.024168    1.962744    
0.945905     1.757682     30.103806    30.234058    0.041680     0.077450     1.326479    
1.632449     -0.062323    47.042259    47.111759    0.152958     -0.005840    4.407784    
-0.447900    -1.643093    23.419067    23.563277    -0.007403    -0.027158    0.387083    
-1.724600    -1.484855    67.190264    67.257606    -0.444888    -0.383042    17.332811   
-1.607731    0.471130     74.466547    74.511397    -0.053375    0.015641     2.472205    
0.892101     -1.510590    41.464446    41.548201    0.016489     -0.027921    0.766400    
3.946197     0.450259     77.591143    77.717666    0.012115     0.001382     0.238200    
0.961830     1.504748     69.084719    69.135829    0.049819     0.077940     3.578326    
-0.807948    -0.406924    35.214623    35.281199    -0.018524    -0.009330    0.807383    
-0.714535    -0.568186    64.413125    64.449663    -0.028975    -0.023041    2.612035    
0.392194     -0.920964    50.716503    50.764560    0.012322     -0.028936    1.593462    
1.124948     -0.511846    51.516302    51.568710    0.120045     -0.054620    5.497369    
0.376225     1.470383     31.108197    31.207346    0.036138     0.141237     2.988089    
0.104009     0.604368     42.635022    42.684847    0.001205     0.007003     0.494025    
0.356538     0.088981     85.606602    85.630019    0.076703     0.019143     18.416693   
0.329548     0.625900     32.933521    32.999880    0.070356     0.133625     7.031049    
-0.206529    0.544356     28.438110    28.512103    -0.034198    0.090138     4.708966    
-0.762883    -0.105946    65.234460    65.268698    -0.032629    -0.004531    2.790099    
-1.696614    -0.577874    19.701015    19.880075    -0.622664    -0.212082    7.230348    
0.165213     -3.488246    113.676314   113.746976   0.005112     -0.107937    3.517501    
-0.311724    -2.405226    98.234027    98.283678    -0.019665    -0.151729    6.196912    
-0.976137    1.895226     29.763738    29.904846    -0.281700    0.546937     8.589419    
0.437637     0.162430     11.518492    11.694808    0.040563     0.015055     1.067613    
-0.090926    -0.899017    73.321714    73.353699    -0.002065    -0.020419    1.665292    
-1.047335    -1.849094    76.770533    76.825164    -0.055720    -0.098375    4.084332    
1.686764     -0.674025    21.613765    21.779102    0.113005     -0.045156    1.448016    
-0.562437    -0.331251    63.208602    63.242616    -0.011623    -0.006846    1.306257    
1.089650     -0.880104    25.889804    26.002285    0.025542     -0.020630    0.606874    
1.560596     -0.724768    107.573049   107.604817   0.109283     -0.050753    7.532961    
0.986403     -0.798682    38.339957    38.411432    0.024967     -0.020216    0.970444    
-0.739922    0.169370     22.700158    22.797989    -0.133365    0.030528     4.091525    
-1.112745    -0.745376    57.351563    57.400963    -0.470514    -0.315175    24.250585   
-0.666823    0.916249     52.664930    52.713887    -0.134955    0.185436     10.658633   
-1.502974    -0.175593    22.580738    22.716832    -0.087884    -0.010268    1.320375    
-0.906358    -0.653439    31.462704    31.544019    -0.360625    -0.259993    12.518508   
1.259330     0.045359     40.496332    40.563726    0.093871     0.003381     3.018615    
-0.202085    -1.114904    55.856864    55.903024    -0.029057    -0.160306    8.031348    
1.388539     0.181159     51.796740    51.853043    0.073449     0.009583     2.739879    
0.621210     0.093218     59.708676    59.744419    0.015948     0.002393     1.532884    
-0.268826    1.416283     17.556346    17.725078    -0.056024    0.295156     3.658773    
-1.086728    0.212630     23.859813    23.966473    -0.043683    0.008547     0.959085    
-1.529718    -0.818478    27.909764    28.032835    -0.108579    -0.058095    1.981023    
0.494666     -0.890474    13.087161    13.273521    0.060317     -0.108579    1.595773    
0.926085     -1.251233    34.752500    34.842997    0.052824     -0.071370    1.982277    
1.020849     1.465639     112.722883   112.754217   0.051646     0.074149     5.702819    
-0.380185    -1.054085    131.497976   131.517483   -0.033143    -0.091892    11.463559   
0.252419     0.408588     13.859097    14.006434    0.066960     0.108387     3.676447    
0.608222     -0.796563    50.935937    50.983812    0.062341     -0.081646    5.220827    
0.785957     -0.316396    87.570288    87.596508    0.005930     -0.002387    0.660744    
1.167134     -0.336961    36.490404    36.563647    0.027961     -0.008073    0.874196    
-1.087646    -0.178137    73.222247    73.256994    -0.117688    -0.019275    7.922988    
1.109299     0.669753     37.587286    37.661096    0.011926     0.007200     0.404083    
-0.752425    1.050207     18.992354    19.137752    -0.003591    0.005013     0.090650    
-0.007010    1.108566     20.115927    20.242393    -0.000254    0.040176     0.729024    
-1.072022    0.880251     81.279526    81.315192    -0.014170    0.011635     1.074376    
1.406358     0.867069     59.598809    59.654192    0.521001     0.321215     22.079054   
-0.052670    0.048198     4.673958     5.072074     -0.000809    0.000741     0.071810    
-0.484831    1.424386     32.635384    32.729302    -0.025880    0.076032     1.742044    
0.642151     -0.447810    25.073299    25.162635    0.103725     -0.072333    4.050021    
-0.487619    1.175367     48.782360    48.838641    -0.017212    0.041488     1.721926    
-0.496080    1.017184     104.970398   104.994953   -0.004829    0.009901     1.021727    
-1.051298    0.428053     34.768368    34.842543    -0.049626    0.020206     1.641208    
0.284923     1.733405     99.995136    100.029936   0.023778     0.144661     8.345106    
0.415379     -1.337385    18.649743    18.805558    0.016532     -0.053228    0.742268    
-2.721153    1.956832     99.741261    99.816972    -0.167838    0.120695     6.151932    
0.867248     -0.521597    4.323552     4.857184     0.130805     -0.078671    0.652109    
0.060596     -1.114600    33.279174    33.356024    0.000316     -0.005812    0.173538    
-0.975318    0.882073     25.431001    25.540948    -0.217672    0.196862     5.675706    
-0.746123    -1.455222    12.526099    12.784854    -0.048134    -0.093880    0.808086    
0.304161     -2.004006    28.921206    29.058900    0.051196     -0.337310    4.867960    
1.089887     -0.161176    106.714997   106.738837   0.064577     -0.009550    6.322967    
0.456755     0.020332     96.910668    96.931736    0.071629     0.003188     15.197592   
-1.458073    -0.404941    16.321997    16.509770    -0.005931    -0.001647    0.066395    
0.360713     -1.085577    17.087770    17.238776    0.029068     -0.087482    1.377025    
-0.414769    1.487178     50.456211    50.518194    -0.053204    0.190765     6.472166    
3.054424     -0.775444    22.102124    22.412266    0.041083     -0.010430    0.297281    
-0.329259    0.117466     2.953832     3.566831     -0.009435    0.003366     0.084642    
-1.731035    0.818924     31.224354    31.344894    -0.171501    0.081134     3.093524    
-0.231935    1.446209     31.875196    31.969491    -0.007958    0.049624     1.093746    
1.477567     -1.228291    52.892188    52.963671    0.264893     -0.220204    9.482340    
-1.252170    2.407174     64.360381    64.447623    -0.028578    0.054938     1.468883    
-1.208243    0.007677     13.866891    14.057935    -0.116846    0.000742     1.341034    
0.467270     0.351635     11.695132    11.874050    0.025807     0.019421     0.645912    
-1.548084    -0.567865    55.488711    55.548096    -0.124319    -0.045602    4.456017    
0.939089     -0.463976    10.859255    11.085826    0.135328     -0.066861    1.564875    
2.173725     -0.881511    38.073055    38.196003    0.007195     -0.002918    0.126013    
1.723767     -0.575963    19.072079    19.259342    0.088059     -0.029423    0.974304    
-1.135587    1.013403     37.166840    37.250040    -0.036344    0.032434     1.189522    
-1.335352    -0.257921    53.421859    53.475412    -0.053475    -0.010329    2.139295    
0.769685     -0.973229    12.313399    12.531334    0.030993     -0.039189    0.495819    
-0.077946    0.908647     33.790188    33.859762    -0.002265    0.026404     0.981899    
-1.495534    -0.291227    41.788261    41.862336    -0.117542    -0.022889    3.284362    
-1.052522    -0.207867    10.023339    10.270993    -0.127122    -0.025106    1.210602    
1.694218     0.662081     157.048734   157.071603   0.005904     0.002307     0.547265    
1.173468     0.140476     13.308026    13.504639    0.028837     0.003452     0.327032    
0.069160     -0.204374    15.420091    15.546727    0.000341     -0.001007    0.075969    
-1.891381    1.341977     26.360526    26.535458    -0.054472    0.038649     0.759190    
-2.158327    -0.711986    31.556630    31.699545    -0.053025    -0.017492    0.775275    
-0.705860    -2.645271    49.564775    49.679347    -0.050381    -0.188807    3.537696    
-2.069209    0.578744     50.226841    50.311302    -0.048368    0.013528     1.174058    
1.832549     0.606438     20.578343    20.762205    0.031104     0.010293     0.349273    
-1.466269    1.313655     39.126034    39.224956    -0.012110    0.010849     0.323139    
2.723746     1.923140     60.552777    60.676445    0.099515     0.070264     2.212354    
-0.981119    -0.439180    35.291489    35.362687    -0.007451    -0.003335    0.268027    
1.321489     -0.291053    21.121619    21.256264    0.136714     -0.030111    2.185125    
0.681288     0.174690     27.126772    27.207193    0.077593     0.019896     3.089510    
-2.325997    0.048039     39.728064    39.844781    -0.054002    0.001115     0.922358    
-0.947568    1.492557     72.971891    73.019842    -0.058441    0.092054     4.500546    
1.598941     -0.960377    85.734078    85.776955    0.110238     -0.066213    5.910896    
-0.805854    0.867349     57.166864    57.212997    -0.038957    0.041929     2.763563    
-0.593455    0.540061     25.356753    25.445702    -0.013940    0.012686     0.595605    
0.527701     0.298534     9.813335     10.027168    0.010661     0.006031     0.198258    
-1.215349    -2.603152    23.957409    24.209211    -0.011110    -0.023797    0.219013    
0.187219     -1.264409    42.649693    42.714225    0.002038     -0.013762    0.464206    
1.750357     0.289650     64.272869    64.327477    0.098867     0.016361     3.630392    
0.152491     -0.578189    32.128669    32.194469    0.012145     -0.046050    2.558884    
0.708260     1.590995     141.131537   141.156008   0.044198     0.099285     8.807213    
0.727043     -0.270039    93.215334    93.239343    0.052242     -0.019404    6.698077    
0.544428     0.626104     52.664209    52.707516    0.018076     0.020788     1.748579    
-1.100183    -0.711525    44.119228    44.182552    -0.049120    -0.031768    1.969814    
0.262267     -0.919131    14.979356    15.138350    0.023260     -0.081516    1.328484    
0.466296     1.352877     42.825133    42.894227    0.043716     0.126834     4.014928    
0.298165     1.349785     79.147082    79.183624    0.049261     0.223002     13.076126   
1.232805     -0.202624    96.080463    96.108746    0.475417     -0.078140    37.052304   
0.542883     -0.601783    147.848903   147.864228   0.136041     -0.150800    37.049303   
1.859478     1.371437     105.009548   105.053409   0.111977     0.082588     6.323652    
0.676753     1.672665     19.365641    19.548883    0.062685     0.154933     1.793767    
0.631985     -0.926664    22.109363    22.225143    0.012371     -0.018139    0.432791    
-0.277041    0.778920     88.551191    88.576926    -0.003974    0.011173     1.270212    
-0.430578    0.475315     7.745938     8.017844     -0.126309    0.139433     2.272258    
0.017950     0.399720     66.008004    66.038561    0.000849     0.018900     3.121035    
-1.459581    -0.980547    81.519128    81.561848    -0.028538    -0.019172    1.593861    
0.031300     0.119940     11.138923    11.312203    0.004430     0.016977     1.576637    
-0.768109    -0.376823    62.413994    62.450889    -0.009293    -0.004559    0.755154    
0.600185     0.333452     7.822700     8.095740     0.074028     0.041128     0.964861    
-0.041324    0.985116     16.085279    16.235249    -0.006904    0.164574     2.687219    
-0.366507    -1.888203    17.820661    18.031931    -0.000915    -0.004712    0.044470    
-0.234420    0.508985     16.999216    17.121984    -0.008180    0.017762     0.593213    
-0.074093    -1.048866    7.094997     7.437711     -0.004110    -0.058185    0.393589    
-0.390676    -0.476238    44.244006    44.292059    -0.051513    -0.062795    5.833855    
0.650574     1.036062     54.430420    54.479741    0.043782     0.069724     3.663011    
-1.177572    -1.665015    35.808038    35.920043    -0.040341    -0.057040    1.226706    
-0.092485    0.419701     8.924399     9.149019     -0.003397    0.015414     0.327757    
1.165369     -0.730296    93.130698    93.161651    0.033592     -0.021051    2.684535    
0.209905     -0.243239    10.609904    10.795751    0.002799     -0.003243    0.141465    
0.060481     0.243355     8.982153     9.198745     0.004955     0.019938     0.735913    
1.540354     -0.788850    17.905784    18.096603    0.074349     -0.038076    0.864263    
-0.039669    0.146648     5.942925     6.262299     -0.001228    0.004538     0.183904    
-1.577931    -1.419007    35.070699    35.189947    -0.006348    -0.005709    0.141098    
0.494709     1.656158     110.138894   110.170043   0.016821     0.056312     3.744906    
-1.183678    -0.846873    20.501270    20.646921    -0.017634    -0.012617    0.305428    
0.961690     0.662472     8.800124     9.092901     0.041830     0.028815     0.382777    
-0.922043    1.387330     121.157806   121.185246   -0.049904    0.075086     6.557400    
-0.076122    0.410727     11.543578    11.717664    -0.008544    0.046100     1.295649    
1.131303     -1.018274    106.688004   106.717018   0.009315     -0.008384    0.878463    
-0.633457    2.696600     27.282130    27.492954    -0.133712    0.569208     5.758806    
1.246771     0.926111     95.058871    95.091935    0.111817     0.083059     8.525390    
0.298851     1.150011     35.449749    35.524238    0.044615     0.171681     5.292177    
0.410999     -0.956306    9.090832     9.359574     0.026456     -0.061557    0.585171    
0.471858     -0.466684    26.634925    26.715813    0.054100     -0.053507    3.053775    
1.009920     -1.366270    25.463382    25.595808    0.156174     -0.211280    3.937653    
1.152168     -1.541854    17.168121    17.387471    0.059163     -0.079173    0.881575    
0.584079     0.539585     28.303765    28.383277    0.027437     0.025347     1.329562    
1.420005     0.936528     81.889816    81.931132    0.033787     0.022283     1.948449    
-0.363867    1.396196     23.497249    23.623662    -0.064143    0.246124     4.142143    
-1.725821    -2.606998    69.593542    69.691542    -0.345162    -0.521397    13.918624   
-0.007271    -1.389236    34.784477    34.867819    -0.000737    -0.140795    3.525307    
-1.300283    0.324779     75.739624    75.777054    -0.037082    0.009262     2.159959    
0.851081     -0.104967    7.997775     8.280985     0.111260     -0.013722    1.045530    
0.527206     -0.614396    126.377222   126.395145   0.001362     -0.001587    0.326485    
0.346058     -0.255413    10.955098    11.138857    0.003851     -0.002842    0.121919    
-0.752120    -1.257710    53.643697    53.699802    -0.004950    -0.008277    0.353021    
-0.713770    0.157863     21.297633    21.400900    -0.040658    0.008992     1.213163    
0.519553     -0.765885    13.607493    13.780251    0.008002     -0.011796    0.209586    
0.700713     2.325382     27.483940    27.661170    0.057947     0.192303     2.272848    
-0.131238    0.075193     23.035139    23.119590    -0.011018    0.006313     1.933862    
0.552388     0.231886     41.313919    41.365127    0.078530     0.032966     5.873407    
-0.231090    -0.857980    9.892914     10.125918    -0.004593    -0.017051    0.196608    
0.069613     1.579641     99.912163    99.944061    0.002502     0.056782     3.591451    
0.708123     -0.122930    15.221650    15.365224    0.009521     -0.001653    0.204654    
1.316106     -0.324928    57.588248    57.637826    0.211915     -0.052319    9.272656    
1.165082     -0.268207    16.894316    17.050578    0.018217     -0.004194    0.264156    
0.627272     -0.301860    59.944981    59.981332    0.081076     -0.039016    7.748000    
-0.300938    3.800586     86.911465    87.017313    -0.013402    0.169255     3.870499    
1.071111     -1.299304    23.109245    23.253981    0.022793     -0.027649    0.491770    
-0.858575    -1.242729    24.761908    24.885911    -0.132265    -0.191445    3.814620    
0.571497     1.124958     28.769392    28.864251    0.020598     0.040546     1.036922    
-0.506136    -0.452896    26.739029    26.819990    -0.107912    -0.096561    5.700949    
0.804202     0.963686     61.394495    61.438867    0.144435     0.173079     11.026506   
-0.718184    -0.957738    68.032300    68.071300    -0.006682    -0.008911    0.633019    
-1.216421    0.280345     60.407350    60.452305    -0.007285    0.001679     0.361791    
-0.061961    0.134954     160.239075   160.251234   -0.006254    0.013621     16.172590   
-0.078289    -0.955771    11.129731    11.343082    -0.009986    -0.121913    1.419646    
1.434690     1.524152     26.074767    26.232610    0.194604     0.206739     3.536832    
1.464361     -0.242890    44.692270    44.760220    0.052297     -0.008674    1.596108    
-0.446567    0.875659     14.206411    14.375787    -0.012446    0.024405     0.395933    
0.967862     1.022602     31.106785    31.200793    0.072482     0.076581     2.329539    
1.067668     0.725440     17.597384    17.754128    0.070683     0.048026     1.165003    
-0.103512    -1.378841    154.528135   154.546858   -0.001223    -0.016294    1.826129    
-1.174795    -1.823986    17.458058    17.702141    -0.003099    -0.004812    0.046060    
-0.539261    -2.030564    61.121393    61.189163    -0.037937    -0.142850    4.299872    
0.859984     -1.613847    28.291488    28.418785    0.077066     -0.144621    2.535279    
1.239775     0.757054     78.029060    78.067403    0.015009     0.009165     0.944664    
0.049990     -0.016556    66.484523    66.513679    0.004259     -0.001410    5.663738    
-2.099802    0.384183     8.631994     9.107306     -0.270573    0.049504     1.112289    
0.364563     1.068280     18.341641    18.481474    0.045495     0.133313     2.288898    
0.557751     -1.760774    20.895429    21.069061    0.061560     -0.194339    2.306262    
1.452157     0.366018     11.514545    11.777199    0.017298     0.004360     0.137162    
1.315545     -1.726978    82.620916    82.672872    0.069625     -0.091400    4.372690    
-1.624700    1.383185     68.200410    68.262169    -0.290781    0.247556     12.206188   
0.419966     -2.022528    79.386044    79.437308    0.012292     -0.059198    2.323590    
-0.404007    -0.892961    118.163846   118.184306   -0.004964    -0.010972    1.451936    
2.444021     0.545483     77.240955    77.306603    0.042661     0.009522     1.348261    
1.428905     -0.588865    56.467673    56.523107    0.255832     -0.105431    10.110003   
0.621939     -1.294079    21.273573    21.412644    0.004701     -0.009781    0.160785    
0.753776     -0.260348    11.480785    11.675587    0.018754     -0.006478    0.285649    
0.810437     1.116822     103.568610   103.596506   0.005285     0.007283     0.675396    
-0.239805    -0.794200    16.174655    16.315106    -0.004579    -0.015165    0.308848    
0.479779     0.405839     92.439438    92.462531    0.034594     0.029263     6.665239    
-1.740266    0.655535     71.908257    71.959229    -0.082692    0.031149     3.416858    
0.132467     0.150638     72.085878    72.113029    0.007011     0.007973     3.815506    
-0.347801    -0.635947    19.423632    19.536577    -0.064500    -0.117936    3.602102    
0.250077     -0.360177    60.835782    60.869201    0.003884     -0.005594    0.944838    
-1.661075    0.445803     77.796585    77.840487    -0.245763    0.065958     11.510318   
0.241060     0.714130     6.935222     7.248472     0.019794     0.058640     0.569474    
0.963894     0.053763     80.619977    80.649784    0.022300     0.001244     1.865170    
0.790547     -1.127835    46.172891    46.235352    0.154501     -0.220419    9.023838    
-1.176915    -0.127081    70.722546    70.759839    -0.032569    -0.003517    1.957112    
0.941266     -1.153680    54.370841    54.426834    0.225112     -0.275912    13.003231   
1.284030     -0.453651    57.879329    57.928803    0.141903     -0.050135    6.396469    
0.602902     -0.099404    15.475594    15.612250    0.033863     -0.005583    0.869203    
-0.621728    1.956214     86.894546    86.941074    -0.001761    0.005541     0.246147    
-0.368382    0.486726     33.315384    33.379071    -0.028676    0.037888     2.593386    
-1.273086    0.421868     26.145812    26.254089    -0.044087    0.014609     0.905429    
0.793704     0.306724     43.463333    43.516207    0.145785     0.056338     7.983226    
-0.001606    -0.702097    23.175969    23.270012    -0.000049    -0.021428    0.707342    
-1.189542    0.081834     38.247884    38.317062    -0.444626    0.030588     14.296244   
-0.077007    -2.089114    46.607840    46.696210    -0.000300    -0.008151    0.181856    
-1.660610    0.105577     71.951826    71.997979    -0.141531    0.008998     6.132345    
-0.340363    0.162384     38.678106    38.730002    -0.002722    0.001299     0.309337    
-1.307212    3.422710     50.221041    50.392972    -0.030459    0.079751     1.170171    
-1.630978    0.450722     47.989459    48.059613    -0.185069    0.051144     5.445422    
-1.169652    0.819369     63.665405    63.711838    -0.015072    0.010558     0.820380    
0.236404     0.476476     116.881477   116.899263   0.005251     0.010584     2.596186    
-0.595598    2.008661     34.429257    34.549069    -0.001658    0.005591     0.095834    
0.419437     -0.621127    33.108544    33.175478    0.013796     -0.020430    1.088979    
-0.494413    1.238053     18.246083    18.400318    -0.113039    0.283059     4.171648    
0.948917     -1.326509    73.319347    73.363899    0.138148     -0.193119    10.674160   
0.560776     0.005320     31.597269    31.663494    0.021946     0.000208     1.236567    
-0.452932    -0.266718    33.656379    33.717993    -0.143511    -0.084509    10.663945   
-1.232303    1.149719     7.006321     7.470201     -0.044432    0.041454     0.252618    
-1.090925    -1.019213    131.261209   131.284457   -0.056675    -0.052949    6.819177    
-1.519910    -0.351674    97.091711    97.124194    -0.060701    -0.014045    3.877550    
-0.902742    0.462365     22.004027    22.115173    -0.115025    0.058913     2.803683    
-1.084062    -0.260128    13.372182    13.562192    -0.106123    -0.025465    1.309051    
1.394752     0.142109     34.722656    34.806656    0.120447     0.012272     2.998548    
-0.916105    0.516900     14.852675    15.019432    -0.001932    0.001090     0.031318    
-0.998957    1.128788     28.135907    28.244934    -0.019864    0.022446     0.559472    
-1.352156    -0.541701    22.373595    22.507210    -0.124550    -0.049897    2.060879    
1.261897     0.198468     13.567164    13.768612    0.105942     0.016662     1.139020    
-0.588890    -1.689757    88.439144    88.479146    -0.001765    -0.005066    0.265138    
-1.812096    0.281223     21.033774    21.205126    -0.007774    0.001206     0.090236    
0.213477     0.901888     28.404715    28.487923    0.014827     0.062641     1.972856    
0.336386     0.676691     31.826098    31.895871    0.032349     0.065076     3.060642    
1.001583     -0.356820    61.792422    61.832911    0.069384     -0.024718    4.280633    
1.261609     0.036406     11.243175    11.483767    0.162785     0.004698     1.450702    
2.458201     0.556637     26.427205    26.620006    0.121301     0.027468     1.304064    
1.387786     0.528222     20.969175    21.113650    0.058615     0.022310     0.885663    
-0.902677    0.398879     12.303616    12.499114    -0.083998    0.037118     1.144910    
0.341134     -0.925254    23.698904    23.800955    0.018502     -0.050183    1.285358    
0.528996     -2.453495    87.366382    87.424591    0.038173     -0.177046    6.304414    
-2.263090    -1.088745    75.080905    75.148681    -0.235889    -0.113483    7.825911    
1.102123     1.624478     27.281496    27.422775    0.053487     0.078837     1.323993    
-0.098342    1.019752     24.429921    24.530502    -0.001504    0.015595     0.373601    
0.650813     0.092236     29.286796    29.360236    0.050446     0.007149     2.270076    
-0.894131    0.245324     177.722551   177.735871   -0.084638    0.023222     16.823220   
-0.132596    -1.169272    20.571744    20.699188    -0.000912    -0.008039    0.141429    
1.869814     -1.631888    19.601002    19.855314    0.204290     -0.178295    2.141546    
2.420424     -1.098702    73.279702    73.354313    0.070973     -0.032217    2.148754    
1.283431     -0.324971    35.982881    36.060997    0.223781     -0.056663    6.274039    
0.690459     0.113257     15.406620    15.547619    0.037449     0.006143     0.835611    
1.906805     -2.222634    79.302206    79.380671    0.010562     -0.012312    0.439270    
-0.320932    -0.751959    9.118902     9.364708     -0.027719    -0.064948    0.787611    
-0.593717    -2.389293    75.387031    75.452903    -0.047132    -0.189674    5.984592    
0.708485     1.842820     40.335150    40.431389    0.046740     0.121573     2.660959    
-0.064061    0.025838     58.950523    58.983421    -0.002226    0.000898     2.048278    
0.915903     0.171446     16.034737    16.181966    0.032754     0.006131     0.573433    
-0.251984    0.289234     107.816793   107.835444   -0.000253    0.000290     0.108088    
-0.449445    -0.065717    19.866653    19.969105    -0.025584    -0.003741    1.130888    
1.136631     0.411037     17.616476    17.767275    0.068947     0.024933     1.068601    
-1.482871    -1.495585    34.466952    34.587301    -0.084445    -0.085169    1.962786    
-0.906946    0.888611     29.622805    29.715278    -0.019700    0.019302     0.643457    
-0.621456    -0.260889    81.931414    81.957830    -0.051625    -0.021672    6.806070    
-0.896638    -1.532597    36.114253    36.211422    -0.086796    -0.148358    3.495925    
0.385577     -0.190374    6.219905     6.538125     0.023340     -0.011524    0.376504    
1.141672     0.040892     79.643361    79.675874    0.124178     0.004448     8.662664    
0.674627     -1.518801    56.069581    56.128734    0.025076     -0.056455    2.084145    
0.450179     0.450420     29.742574    29.814447    0.086467     0.086513     5.712726    
-0.353228    -1.005779    14.829124    14.997141    -0.005785    -0.016472    0.242857    
1.622384     -0.796212    73.699430    73.747861    0.076136     -0.037365    3.458612    
0.563762     1.258538     12.220596    12.454704    0.069318     0.154744     1.502588    
1.046304     2.314028     39.158479    39.290087    0.072461     0.160257     2.711900    
-1.855319    -0.568564    114.454644   114.488016   -0.129577    -0.039709    7.993580    
0.129344     -0.650000    19.665253    19.774640    0.017579     -0.088342    2.672723    
1.549065     -1.897059    55.765009    55.853466    0.094209     -0.115372    3.391425    
-0.693800    -0.296343    137.858144   137.874261   -0.088361    -0.037741    17.557239   
0.745551     -0.253566    21.494881    21.599190    0.082565     -0.028081    2.380421    
-0.258076    -0.376202    9.857544     10.062518    -0.002622    -0.003823    0.100165    
0.208563     -2.125130    41.514616    41.616078    0.031320     -0.319132    6.234275    
-0.074147    0.803879     13.935620    14.097098    -0.004060    0.044020     0.763116    
1.159132     0.244337     8.152367     8.469907     0.020950     0.004416     0.147346    
1.002505     0.193922     26.058478    26.152665    0.007358     0.001423     0.191270    
-0.964070    -0.056926    56.878587    56.920833    -0.010094    -0.000596    0.595512    
-0.560123    -0.796977    10.246382    10.479132    -0.013501    -0.019210    0.246972    
-0.674374    -0.700508    59.387150    59.427721    -0.001259    -0.001308    0.110883    
0.597528     0.739520     19.403839    19.526593    0.050224     0.062159     1.630951    
2.031821     0.866257     56.065172    56.143184    0.011817     0.005038     0.326059    
-1.128897    -0.129311    11.552762    11.774225    -0.165297    -0.018934    1.691596    
-0.285452    1.045827     83.033665    83.064070    -0.003323    0.012176     0.966750    
2.780902     -0.264690    97.251515    97.311538    0.093559     -0.008905    3.271862    
1.569136     0.269073     49.637398    49.701920    0.169246     0.029022     5.353861    
-0.823762    0.287752     58.801396    58.840806    -0.069695    0.024345     4.974946    
0.177231     -0.818225    17.765097    17.893421    0.000422     -0.001947    0.042281    
-0.246125    -0.213120    5.414768     5.770672     -0.001155    -0.001000    0.025412    
-0.173929    0.423320     50.303173    50.343755    -0.009424    0.022936     2.725495    
-0.048662    -0.286778    63.995101    64.026030    -0.000592    -0.003487    0.778128    
-0.934594    -0.250381    24.961733    25.057917    -0.076293    -0.020439    2.037694    
-0.559285    2.002136     11.774475    12.117531    -0.032475    0.116255     0.683693    
-0.214567    0.252626     21.920317    22.011022    -0.006365    0.007495     0.650304    
0.233103     1.494009     21.116345    21.261735    0.005721     0.036670     0.518294    
-0.653456    -0.969682    206.647084   206.659768   -0.018609    -0.027614    5.884801    
-1.928097    -0.952328    16.754086    17.005847    -0.022158    -0.010944    0.192539    
-0.521959    -1.946280    69.158049    69.215397    -0.072554    -0.270538    9.613150    
0.183525     0.761715     30.932647    31.005120    0.004393     0.018231     0.740362    
0.450366     -1.767321    109.426815   109.459714   0.028632     -0.112358    6.956816    
-0.714558    0.461729     77.612931    77.642552    -0.027820    0.017977     3.021717    
-0.322422    0.068358     7.167499     7.440203     -0.017690    0.003750     0.393245    
2.226898     0.545512     16.289022    16.566950    0.030308     0.007424     0.221691    
0.783653     0.214854     173.329282   173.342364   0.077172     0.021158     17.069060   
0.150809     -0.482539    18.322154    18.434529    0.000388     -0.001241    0.047108    
-0.596263    -0.949616    34.606523    34.680596    -0.028207    -0.044922    1.637087    
0.301181     0.632736     40.611030    40.664749    0.014646     0.030768     1.974817    
1.505545     1.697775     9.837097     10.285550    0.101593     0.114565     0.663801    
0.138912     1.057193     18.177089    18.314434    0.026246     0.199745     3.434371    
-1.092326    1.490956     34.653718    34.758758    -0.017307    0.023623     0.549049    
-0.800282    1.171374     22.642637    22.772275    -0.006422    0.009400     0.181708    
-3.243131    0.946260     88.148629    88.235305    -0.281084    0.082013     7.639898    
-0.845780    -0.929077    34.167738    34.247449    -0.056452    -0.062012    2.280560    
1.817481     -1.499011    130.676913   130.712971   0.317570     -0.261923    22.833267   
1.815868     1.104637     29.818330    29.958728    0.175783     0.106933     2.886525    
1.972414     0.492320     47.263510    47.348148    0.305918     0.076358     7.330484    
-0.445690    0.789811     6.167463     6.537200     -0.013765    0.024392     0.190475    
0.023499     4.160289     75.624538    75.764466    0.004055     0.717926     13.050248   
1.071405     1.234094     68.551941    68.599669    0.130710     0.150557     8.363226    
0.280405     1.302987     34.208839    34.291340    0.010459     0.048602     1.275994    
-0.369381    -0.613920    8.873783     9.117693     -0.017420    -0.028952    0.418487    
-0.003690    0.732193     10.793865    10.996299    -0.000537    0.106471     1.569573    
-0.910940    0.693015     13.426625    13.618344    -0.255117    0.194085     3.760246    
-1.699727    2.445855     68.546629    68.639541    -0.065547    0.094320     2.643382    
0.178250     -0.178847    51.573731    51.611902    0.025543     -0.025629    7.390501    
0.001627     -0.687993    146.687796   146.702617   0.000004     -0.001819    0.387864    
1.976412     -0.523074    78.803503    78.854593    0.046618     -0.012338    1.858752    
0.498397     -1.667005    26.023172    26.155453    0.018972     -0.063455    0.990575    
0.205807     -0.096338    6.712307     6.998690     0.037534     -0.017570    1.224168    
-1.566795    0.824349     66.141238    66.194204    -0.056576    0.029767     2.388306    
-1.089657    -0.466672    38.094703    38.163942    -0.077859    -0.033345    2.721968    
-0.361837    2.432430     31.545761    31.702644    -0.005111    0.034358     0.445585    
0.883040     -0.818614    17.571918    17.722786    0.085921     -0.079652    1.709762    
0.782365     -0.372273    74.217473    74.248629    0.042797     -0.020364    4.059823    
-0.656459    0.102332     12.636509    12.806160    -0.072676    0.011329     1.398973    
-0.334316    -0.189374    11.764572    11.934309    -0.062889    -0.035624    2.213058    
-0.188703    -0.286359    7.327728     7.595272     -0.022379    -0.033960    0.869008    
-1.515165    1.069797     41.645578    41.733311    -0.038543    0.027213     1.059379    
-0.376861    -0.438941    13.469335    13.624706    -0.030429    -0.035442    1.087576    
1.208342     0.460503     96.238409    96.267224    0.000635     0.000242     0.050604    
0.155640     -0.244706    11.305541    11.479300    0.005575     -0.008765    0.404964    
-1.409435    -1.049507    29.669377    29.786488    -0.074828    -0.055719    1.575162    
1.915622     -0.366168    74.168899    74.220646    0.087632     -0.016751    3.392947    
-0.772235    1.238637     17.998279    18.164349    -0.036854    0.059113     0.858949    
-0.326376    0.525489     96.396635    96.418716    -0.001567    0.002523     0.462757    
-1.540580    -0.706748    44.348123    44.424136    -0.058430    -0.026805    1.681989    
0.444018     0.470097     89.996320    90.020168    0.006910     0.007316     1.400565    
-0.535045    -0.434922    21.692815    21.792856    -0.028730    -0.023354    1.164836    
-0.382876    -0.814614    37.342042    37.404722    -0.002752    -0.005856    0.268418    
-0.674498    -1.157783    81.677524    81.712228    -0.151098    -0.259361    18.296971   
-2.420036    -0.575854    60.951944    61.034438    -0.362222    -0.086192    9.123055    
-0.083325    2.170723     148.175130   148.204126   -0.011051    0.287891     19.651676   
-0.070306    -1.025689    48.534613    48.585395    -0.018753    -0.273581    12.945601   
-0.489418    -0.185639    51.788984    51.829025    -0.009396    -0.003564    0.994287    
1.889440     -2.278113    50.946067    51.069918    0.023310     -0.028105    0.628516    
0.872880     -0.927370    28.253884    28.350994    0.064749     -0.068791    2.095827    
-2.602514    -0.936259    33.343811    33.516181    -0.124392    -0.044750    1.593734    
0.068469     -1.108042    38.129952    38.196867    0.001471     -0.023806    0.819215    
-1.612320    -1.031816    25.421223    25.569078    -0.038023    -0.024333    0.599503    
0.171613     -1.766303    28.930538    29.051683    0.055200     -0.568142    9.305684    
-1.490655    1.330980     92.399180    92.441749    -0.213463    0.190597     13.231632   
2.765268     0.626871     36.907522    37.068583    0.226676     0.051386     3.025402    
1.698050     -0.683746    26.015143    26.153652    0.089251     -0.035938    1.367383    
-1.501384    -0.559839    20.771078    20.925587    -0.096043    -0.035813    1.328725    
1.022461     0.275434     10.675418    10.906915    0.140258     0.037783     1.464425    
-1.481187    0.639662     76.736156    76.778355    -0.229790    0.099237     11.904784   
-0.917373    0.940076     19.311692    19.456149    -0.058789    0.060244     1.237572    
-0.026469    -0.212657    12.651007    12.805033    -0.002950    -0.023703    1.410089    
-2.824536    -0.154749    95.490561    95.552730    -0.117222    -0.006422    3.962998    
-1.294980    1.132853     21.397962    21.557088    -0.132892    0.116254     2.195880    
0.974250     -1.463818    39.394731    39.483056    0.002300     -0.003455    0.092988    
2.909337     2.332269     34.231647    34.490351    0.569809     0.456787     6.704444    
-0.845231    -0.539297    38.312492    38.376129    -0.179744    -0.114685    8.147394    
0.279556     0.324758     13.440751    13.590893    0.001041     0.001209     0.050055    
0.591452     -2.017707    30.853759    30.987906    0.037500     -0.127928    1.956214    
0.726183     -0.395738    86.834333    86.860579    0.021560     -0.011749    2.578044    
0.321897     -0.117245    143.336841   143.350767   0.019521     -0.007110    8.692589    
1.115420     -0.269345    35.690248    35.762906    0.198432     -0.047916    6.349240    
-0.346345    0.588691     8.255759     8.514636     -0.033011    0.056110     0.786879    
-1.083026    1.432961     38.895771    38.986950    -0.067167    0.088869     2.412228    
2.121964     -1.326920    28.695776    28.871889    0.130539     -0.081629    1.765307    
2.266193     -0.726225    42.316762    42.429310    0.032114     -0.010291    0.599670    
0.369772     -0.298601    18.549699    18.659908    0.022643     -0.018285    1.135880    
0.927272     -1.425220    27.559737    27.682217    0.019912     -0.030604    0.591805    
-1.316230    -0.497494    53.484501    53.539207    -0.184793    -0.069846    7.508988    
0.642712     0.053790     6.547611     6.867470     0.026549     0.002222     0.270470    
1.134995     -0.035147    70.105613    70.142436    0.001395     -0.000043    0.086193    
-0.744868    0.332033     5.329825     5.739953     -0.007992    0.003562     0.057184    
-0.015601    0.174151     65.862172    65.891815    -0.002683    0.029948     11.325864   
-1.150648    1.386895     79.776279    79.820906    -0.004824    0.005814     0.334428    
-0.080282    0.104178     72.449318    72.476175    -0.002720    0.003529     2.454477    
0.860756     1.489339     84.142914    84.183514    0.083114     0.143809     8.124735    
-0.428792    0.970622     12.364627    12.565226    -0.042023    0.095123     1.211765    
0.519987     -0.576067    101.962926   101.984878   0.003222     -0.003569    0.631762    
0.188017     -0.868060    39.501174    39.560164    0.001306     -0.006028    0.274301    
-0.382244    -0.550701    19.962065    20.070086    -0.064072    -0.092308    3.346030    
-2.338531    -0.135550    32.535051    32.678611    -0.005712    -0.000331    0.079475    
-0.927764    1.030050     12.624402    12.851935    -0.072703    0.080718     0.989291    
1.614977     -0.545981    52.563483    52.627948    0.024432     -0.008260    0.795208    
0.364006     0.504150     72.749332    72.778616    0.028616     0.039633     5.719064    
0.771655     2.210287     56.865584    56.947787    0.006280     0.017987     0.462759    
2.518071     -1.100880    61.222433    61.315690    0.088568     -0.038721    2.153372    
0.329452     -0.479878    54.968505    55.006821    0.002441     -0.003555    0.407255    
-1.823874    0.408371     19.482736    19.670923    -0.148067    0.033153     1.581661    
0.109182     0.930727     107.268331   107.290484   0.017575     0.149822     17.267318   
-1.126515    0.579612     57.206577    57.254453    -0.002157    0.001110     0.109523    
1.097965     0.187843     46.512585    46.567546    0.275483     0.047131     11.670179   
-2.038986    -0.353785    133.854633   133.885101   -0.045243    -0.007850    2.970067    
-1.888822    1.641112     85.261471    85.320890    -0.019040    0.016543     0.859477    
0.047286     -0.460811    12.365643    12.529910    0.011313     -0.110251    2.958549    
0.174481     0.583286     54.055270    54.094527    0.001508     0.005042     0.467243    
-0.884436    -0.169747    130.218304   130.236295   -0.011228    -0.002155    1.653133    
0.804995     -1.366248    41.106096    41.183743    0.175859     -0.298470    8.980015    
-0.459970    -0.457321    9.118822     9.351394     -0.013362    -0.013285    0.264890    
-0.167177    1.225519     37.519858    37.591815    -0.025972    0.190392     5.828944    
0.073799     -2.089989    55.622991    55.697088    0.002099     -0.059454    1.582298    
-0.150771    -1.551526    52.692535    52.752328    -0.006820    -0.070177    2.383349    
1.011829     -0.036898    90.371272    90.398379    0.025786     -0.000940    2.303102    
0.890915     0.983674     60.803883    60.850214    0.011699     0.012917     0.798469    
0.348455     -0.003014    37.938844    37.991476    0.016033     -0.000139    1.745624    
1.107091     -0.046172    12.563253    12.764719    0.162907     -0.006794    1.848670    
1.409568     0.673253     22.358093    22.498876    0.212921     0.101698     3.377285    
-0.017582    -3.200314    20.547722    20.888421    -0.000387    -0.070477    0.452503    
0.820430     1.629831     78.374374    78.420322    0.014103     0.028017     1.347264    
0.288803     1.578581     32.951877    33.049607    0.015285     0.083548     1.744009    
-1.490316    -0.246086    7.223010     7.637305     -0.125976    -0.020802    0.610557    
0.961451     -0.183463    57.736563    57.778402    0.025210     -0.004811    1.513905    
-1.668581    -0.306206    50.194478    50.261700    -0.006685    -0.001227    0.201114    
0.587808     0.496524     102.394919   102.416729   0.018568     0.015684     3.234502    
-0.243493    -0.916826    57.404822    57.446396    -0.027014    -0.101718    6.368803    
-1.201118    -0.811612    86.709327    86.743782    -0.107640    -0.072734    7.770616    
0.183261     -0.194374    10.602798    10.787291    0.020931     -0.022200    1.210984    
0.601623     -0.550408    12.592661    12.771647    0.018101     -0.016560    0.378870    
-0.506375    1.950909     55.232807    55.304615    -0.002612    0.010065     0.284958    
1.270908     -0.523308    11.049522    11.307341    0.110476     -0.045489    0.960497    
0.583325     0.509825     66.787512    66.821006    0.063128     0.055174     7.227871    
1.974103     0.333528     53.894243    53.967330    0.053322     0.009009     1.455718    
-0.621268    -1.204223    21.486379    21.618871    -0.217181    -0.420970    7.511166    
-0.743957    0.414180     22.059136    22.163155    -0.058314    0.032465     1.729088    
-1.049198    0.465679     51.069642    51.120455    -0.126387    0.056096     6.151878    
1.308403     -1.710238    143.390046   143.419723   0.002059     -0.002691    0.225628    
-1.096856    1.103948     41.497957    41.573756    -0.083925    0.084467     3.175163    
0.828592     1.593500     54.421960    54.487159    0.017810     0.034252     1.169790    
0.047454     0.445588     11.278840    11.458097    0.003489     0.032761     0.829262    
1.301994     -0.169822    50.759020    50.814143    0.007473     -0.000975    0.291323    
0.100405     0.342427     5.631759     5.976537     0.010826     0.036923     0.607260    
0.587894     1.369719     14.908627    15.111713    0.020918     0.048737     0.530478    
-1.721702    1.408928     26.567911    26.733466    -0.076651    0.062726     1.182822    
0.912443     -0.484200    9.992380     10.236680    0.107621     -0.057110    1.178581    
0.644695     -2.125642    157.267937   157.295941   0.086357     -0.284731    21.066106   
-0.258357    -0.359556    162.660318   162.672831   -0.026457    -0.036821    16.657309   
0.062286     -0.001052    6.897264     7.172941     0.002100     -0.000035    0.232566    
0.121698     0.742676     47.718491    47.765005    0.003412     0.020825     1.338061    
2.456758     -2.023846    53.901444    54.031215    0.183227     -0.150940    4.020021    
1.965189     0.128855     79.112261    79.161249    0.133118     0.008728     5.358891    
0.556446     -1.582183    28.179832    28.298248    0.144104     -0.409742    7.297810    
1.349743     1.413850     46.070657    46.154103    0.106966     0.112046     3.651056    
-0.227984    -2.158556    32.935688    33.065780    -0.030451    -0.288315    4.399163    
-0.350209    0.789456     74.930175    74.961003    -0.064983    0.146487     13.903657   
1.477795     -0.726305    68.195649    68.243922    0.088157     -0.043327    4.068166    
-0.790567    -0.551274    11.206684    11.419002    -0.067913    -0.047357    0.962707    
-1.649644    1.120692     90.434129    90.477533    -0.102981    0.069960     5.645442    
1.252597     0.666670     54.599673    54.653570    0.150183     0.079932     6.546335    
0.726684     0.372849     33.828535    33.895602    0.184905     0.094872     8.607675    
0.798880     0.397952     73.513066    73.544833    0.250446     0.124757     23.046112   
1.660976     -0.617041    96.647090    96.683373    0.067141     -0.024942    3.906720    
0.773850     -0.127440    13.826608    13.988035    0.022812     -0.003757    0.407584    
0.963896     -1.263971    47.987036    48.053692    0.050483     -0.066199    2.513282    
1.178814     -0.700862    41.452410    41.521778    0.009161     -0.005446    0.322126    
-2.377864    -0.977767    33.458703    33.615027    -0.134086    -0.055135    1.886707    
0.224992     -0.049622    49.680986    49.720502    0.008268     -0.001823    1.825618    
-1.233627    0.946230     12.038535    12.297091    -0.079217    0.060762     0.773053    
1.519862     1.374677     33.697794    33.817391    0.050801     0.045948     1.126340    
-0.500147    0.744638     65.075980    65.111925    -0.007572    0.011273     0.985204    
1.742054     0.856430     36.032134    36.138039    0.231191     0.113658     4.781880    
0.238803     -0.549964    8.373512     8.622653     0.020762     -0.047816    0.728024    
1.603998     -0.101186    69.232669    69.279293    0.352353     -0.022228    15.208461   
1.123220     -0.359012    22.941801    23.056273    0.188038     -0.060102    3.840685    
-0.433098    -2.201930    86.675100    86.726489    -0.028395    -0.144363    5.682601    
0.483015     1.772131     36.021533    36.122009    0.036442     0.133702     2.717712    
0.003984     2.285615     19.899690    20.127013    0.000048     0.027449     0.238982    
-1.208645    0.427491     29.353966    29.447816    -0.100971    0.035713     2.452259    
-0.998250    0.081966     6.418198     6.787595     -0.102232    0.008394     0.657295    
1.365979     -0.478729    24.323138    24.445553    0.021645     -0.007586    0.385414    
-1.236036    -0.503575    16.484222    16.654906    -0.257093    -0.104743    3.428686    
1.221343     0.814991     29.416563    29.518893    0.142361     0.094996     3.428829    
-3.397181    -0.696472    77.517329    77.619824    -0.115471    -0.023673    2.634822    
-0.435719    2.541201     152.008582   152.043190   -0.004627    0.026984     1.614095    
0.078960     -0.396552    9.069511     9.289481     0.012032     -0.060426    1.382008    
0.472374     -0.250566    32.869522    32.932755    0.007628     -0.004046    0.530795    
-1.608131    0.910297     45.472630    45.552714    -0.017362    0.009828     0.490927    
-0.613894    -0.333255    50.339052    50.382368    -0.021708    -0.011784    1.780015    
0.168610     -0.149517    12.387292    12.544749    0.012250     -0.010863    0.899983    
-1.120226    2.185496     19.394532    19.648260    -0.109352    0.213339     1.893214    
-1.207739    0.595913     14.586256    14.779971    -0.012593    0.006214     0.152094    
-0.940771    -1.055996    97.287321    97.317511    -0.010263    -0.011520    1.061350    
-0.216888    -2.201765    33.239773    33.371429    -0.036299    -0.368496    5.563141    
0.449014     0.358811     16.323119    16.451429    0.123977     0.099071     4.506973    
0.087046     -0.453321    89.043903    89.066855    0.008275     -0.043092    8.464464    
2.370746     -0.564113    49.209107    49.308719    0.115538     -0.027492    2.398190    
2.584990     -0.524929    11.706614    12.160488    0.023419     -0.004756    0.106057    
-0.093850    0.752105     66.041779    66.075456    -0.006664    0.053401     4.689130    
-0.934322    -0.606387    23.153616    23.263825    -0.010844    -0.007038    0.268733    
-0.839859    -1.296452    17.813397    17.988280    -0.431733    -0.666447    9.157061    
1.641264     -0.282138    95.276661    95.311544    0.132732     -0.022817    7.705173    
0.600716     -1.226766    9.301665     9.605297     0.027159     -0.055463    0.420535    
-0.754213    0.242323     19.794118    19.907527    -0.015641    0.005025     0.410482    
0.431214     -1.449536    34.531240    34.620349    0.115039     -0.386706    9.212219    
0.785124     0.543085     58.754853    58.795570    0.062320     0.043108     4.663749    
0.046292     -0.194904    83.569069    83.592490    0.002891     -0.012171    5.218737    
1.010662     0.384116     12.540343    12.739864    0.025446     0.009671     0.315730    
0.684238     1.612763     81.098468    81.141270    0.018935     0.044630     2.244219    
-0.361584    0.070136     11.194391    11.372115    -0.000859    0.000167     0.026603    
-1.169753    0.817787     59.327138    59.376943    -0.106684    0.074584     5.410758    
-0.038624    0.407109     19.956389    20.057409    -0.000104    0.001098     0.053806    
1.963977     0.260630     51.091334    51.167612    0.020326     0.002697     0.528761    
1.344634     0.029186     20.128022    20.268723    0.178469     0.003874     2.671533    
-1.889199    -0.361337    46.282911    46.364668    -0.506674    -0.096909    12.412847   
-0.846843    0.359223     64.877580    64.913955    -0.055390    0.023496     4.243463    
0.360042     -0.804057    42.875190    42.929396    0.043924     -0.098092    5.230609    
0.756750     -1.038354    11.722832    11.956194    0.004592     -0.006301    0.071133    
-0.093420    -0.559125    38.771414    38.825493    -0.011571    -0.069256    4.802423    
-0.281036    0.190199     5.977449     6.302381     -0.005034    0.003407     0.107070    
1.168334     -0.761387    14.649666    14.846966    0.015178     -0.009891    0.190316    
-0.704698    1.479165     27.924327    28.041532    -0.000164    0.000344     0.006496    
0.614816     -0.073403    23.578467    23.668597    0.039957     -0.004770    1.532359    
0.812401     0.467737     83.714965    83.743353    0.027621     0.015903     2.846289    
-0.219754    -0.516756    25.903762    25.984518    -0.025223    -0.059313    2.973213    
-0.246863    0.035931     6.586938     6.879313     -0.033334    0.004852     0.889447    
0.733368     1.124638     53.851285    53.903975    0.073860     0.113267     5.423568    
-0.932510    0.229190     66.701058    66.737007    -0.052905    0.013003     3.784236    
-1.006578    0.109858     42.450211    42.507889    -0.175479    0.019152     7.400457    
1.123105     -0.456259    71.027211    71.064824    0.116509     -0.047332    7.368246    
-0.642713    -0.493943    41.755614    41.809847    -0.135744    -0.104323    8.818973    
-0.074345    -1.071476    53.861932    53.908592    -0.004339    -0.062537    3.143675    
0.892925     -1.279431    83.675344    83.713036    0.099453     -0.142502    9.319691    
-0.540409    -0.338626    42.602250    42.652472    -0.119796    -0.075066    9.443952    
0.338433     -0.133253    87.973197    87.995969    0.000962     -0.000379    0.250090    
-0.881934    1.941842     13.511510    13.819711    -0.047765    0.105169     0.731775    
0.232109     -0.253598    60.294549    60.327653    0.047777     -0.052201    12.411023   
0.245161     -1.050556    42.571110    42.630249    0.003904     -0.016729    0.677892    
1.072484     2.114408     70.358333    70.425783    0.000880     0.001734     0.057705    
-1.489925    0.362161     22.930407    23.065766    -0.008054    0.001958     0.123955    
-4.467688    0.610739     79.739664    79.891315    -0.070554    0.009645     1.259261    
0.397459     1.505537     23.913820    24.045173    0.022148     0.083896     1.332599    
0.273893     -1.481319    122.760391   122.785414   0.048505     -0.262333    21.740145   
0.996843     -0.437655    38.046868    38.113310    0.026688     -0.011717    1.018607    
-1.401302    -0.347129    37.685603    37.764583    -0.044044    -0.010911    1.184488    
-3.204540    -1.046401    25.434115    25.731949    -0.332027    -0.108419    2.635269    
1.045255     0.052167     14.221290    14.394975    0.025117     0.001254     0.341736    
-0.669823    -0.943943    145.781264   145.799148   -0.091864    -0.129459    19.993401   
0.781422     -2.364377    170.508708   170.538252   0.023066     -0.069790    5.032980    
-1.342025    0.571235     23.579048    23.705986    -0.110214    0.046913     1.936439    
1.358168     -0.041422    34.529865    34.612611    0.050736     -0.001547    1.289909    
3.499905     2.177999     34.229321    34.532801    0.290197     0.180591     2.838151    
0.558177     -1.421289    15.997461    16.190286    0.144407     -0.367703    4.138720    
-0.789706    0.404992     44.836681    44.888646    -0.110240    0.056535     6.259015    
0.280059     1.058249     20.734472    20.856452    0.049537     0.187185     3.667541    
-1.244745    0.025809     12.069171    12.291864    -0.041691    0.000864     0.404236    
0.129285     -0.192079    22.877512    22.963212    0.001013     -0.001505    0.179256    
-2.073489    0.044724     37.294253    37.403711    -0.046929    0.001012     0.844078    
1.162216     1.473655     102.766978   102.802962   0.009966     0.012637     0.881262    
-0.028878    -0.482659    60.217240    60.251346    -0.000437    -0.007298    0.910475    
0.031094     0.299959     73.417535    73.444539    0.003719     0.035878     8.781457    
0.507731     -0.362025    35.073895    35.134626    0.055684     -0.039704    3.846638    
-1.151046    -0.328724    33.881492    33.959732    -0.044971    -0.012843    1.323746    
-2.189616    -1.205429    57.317754    57.405987    -0.009999    -0.005505    0.261746    
0.668018     1.935159     12.592495    12.908794    0.141412     0.409652     2.665696    
0.277896     -2.457529    81.517139    81.578401    0.001138     -0.010060    0.333708    
0.548229     -0.955244    21.217926    21.337488    0.021928     -0.038208    0.848674    
-1.043099    -0.945722    119.030265   119.054867   -0.071873    -0.065164    8.201604    
0.476800     1.367907     31.786514    31.880337    0.022874     0.065625     1.524942    
0.081530     1.422733     83.406749    83.442145    0.003332     0.058137     3.408272    
-1.446504    -0.477226    195.921035   195.936845   -0.249796    -0.082412    33.833476   
-1.733305    -1.080295    50.303073    50.382988    -0.252060    -0.157098    7.315148    
1.868914     0.021793     53.519165    53.587958    0.029029     0.000338     0.831290    
-1.790816    -1.072738    80.634305    80.685338    -0.039188    -0.023475    1.764505    
1.373420     -0.027569    45.935762    45.998437    0.002659     -0.000053    0.088921    
-0.393402    1.484200     94.263577    94.296630    -0.002062    0.007778     0.494005    
-1.217533    1.403459     30.184548    30.305676    -0.008757    0.010094     0.217098    
0.678738     0.336625     18.257280    18.378717    0.048402     0.024005     1.301950    
0.174352     -0.234591    72.357918    72.385280    0.029746     -0.040023    12.344958   
-0.669109    0.434002     117.481217   117.500415   -0.045477    0.029497     7.984746    
0.224824     -0.026265    59.054812    59.088045    0.023110     -0.002700    6.070315    
0.086125     0.497994     44.557590    44.603915    0.016822     0.097271     8.703208    
1.320072     1.474750     71.026443    71.081278    0.149647     0.167182     8.051744    
-0.381388    -1.368596    42.796543    42.865342    -0.017824    -0.063962    2.000127    
0.186660     -0.761687    43.105271    43.157321    0.047391     -0.193384    10.943982   
-1.148575    -1.161442    24.426873    24.560440    -0.070360    -0.071148    1.496359    
-0.864596    0.098773     8.168439     8.447226     -0.029822    0.003407     0.281752    
0.521443     0.584301     22.039269    22.140859    0.020607     0.023091     0.870987    
-1.303374    -0.427404    16.357048    16.532073    -0.059719    -0.019583    0.749459    
-0.007634    0.086589     26.191820    26.265833    -0.001232    0.013977     4.227942    
-0.003728    1.474485     54.374358    54.429954    -0.000216    0.085486     3.152451    
-0.197441    -0.838795    32.449219    32.520291    -0.004866    -0.020672    0.799712    
0.722425     0.532225     110.698490   110.719627   0.020424     0.015046     3.129545    
-0.288041    -0.166705    35.166735    35.223358    -0.010731    -0.006211    1.310184    
0.304912     -0.182845    6.584443     6.881588     0.088018     -0.052781    1.900703    
-0.432306    -2.313385    26.815715    26.990668    -0.018355    -0.098222    1.138547    
1.354069     -0.344944    6.330725     6.775362     0.119415     -0.030421    0.558307    
-2.462873    1.561068     22.320055    22.595630    -0.057430    0.036402     0.520470    
-1.071877    -1.747514    75.230700    75.284367    -0.011587    -0.018890    0.813224    
1.412675     -0.840128    33.638195    33.735806    0.055744     -0.033151    1.327348    
-0.642570    1.203263     45.580533    45.643408    -0.067127    0.125701     4.761661    
-1.794674    0.392884     27.758172    27.888462    -0.071830    0.015725     1.110985    
0.831492     -1.375977    10.985895    11.276060    0.130776     -0.216411    1.727841    
-0.873061    -0.663893    37.276996    37.345045    -0.037289    -0.028355    1.592127    
-1.236779    -0.320986    20.669313    20.802118    -0.018397    -0.004775    0.307448    
-1.406674    -1.388406    32.180550    32.301226    -0.092593    -0.091390    2.118249    
-1.223438    0.166112     14.730367    14.912514    -0.142460    0.019342     1.715237    
-0.006551    -1.583840    39.651667    39.732081    -0.000449    -0.108473    2.715642    
-0.464801    -2.275140    20.568485    20.792542    -0.014128    -0.069155    0.625198    
-0.492428    0.746399     23.003440    23.104822    -0.032779    0.049685     1.531266    
2.263866     -0.281886    22.321517    22.523979    0.201351     -0.025071    1.985308    
0.697854     1.085259     36.579629    36.655272    0.050655     0.078776     2.655208    
-0.981355    0.115628     15.375417    15.532380    -0.049987    0.005890     0.783176    
-0.686219    0.949749     25.148459    25.252582    -0.134282    0.185850     4.921142    
-0.787120    0.488113     115.760660   115.781100   -0.017534    0.010873     2.578730    
-0.906011    1.768071     11.645278    11.976410    -0.010278    0.020057     0.132104    
-0.266355    1.032457     32.754221    32.830639    -0.047343    0.183514     5.821907    
0.166388     -0.125903    6.259663     6.565202     0.004230     -0.003201    0.159151    
0.198210     -1.060110    31.721444    31.800756    0.032506     -0.173857    5.202293    
-1.074164    0.329892     119.675831   119.697294   -0.030923    0.009497     3.445216    
0.734313     -2.439239    75.605691    75.674200    0.017274     -0.057379    1.778500    
0.081973     1.041738     33.893125    33.966319    0.000586     0.007446     0.242242    
0.712319     1.499397     73.056924    73.102289    0.046476     0.097829     4.766628    
0.407036     1.797169     12.650123    12.934298    0.003810     0.016824     0.118420    
1.576493     -2.185245    51.689194    51.796799    0.016983     -0.023541    0.556833    
-0.825800    1.050092     72.630921    72.669872    -0.063337    0.080540     5.570638    
0.310557     0.604076     15.001988    15.145823    0.011141     0.021671     0.538190    
1.293942     -0.718981    58.606471    58.658202    0.617078     -0.342880    27.949301   
0.633663     0.585266     62.294289    62.331352    0.003129     0.002890     0.307582    
-1.093155    0.015180     20.342908    20.467146    -0.163819    0.002275     3.048560    
0.294691     0.325942     21.121101    21.217185    0.041398     0.045788     2.967045    
-0.254533    0.992008     58.913291    58.955065    -0.016847    0.065659     3.899339    
1.469797     -0.490961    23.769561    23.901220    0.421275     -0.140720    6.812868    
0.331388     0.263865     21.289915    21.384921    0.002607     0.002076     0.167473    
1.215971     -0.070249    20.195034    20.327269    0.197071     -0.011385    3.272991    
-0.339086    0.683485     11.740940    11.929239    -0.045493    0.091698     1.575190    
1.132564     1.273676     10.756446    11.067115    0.015433     0.017356     0.146573    
0.505385     0.655524     60.544657    60.582304    0.116202     0.150723     13.920886   
-0.761602    -0.068835    41.463154    41.516899    -0.004068    -0.000368    0.221447    
-0.094176    1.613607     23.230807    23.370023    -0.018917    0.324131     4.666456    
-1.262456    0.896713     12.723717    12.967877    -0.088692    0.062997     0.893885    
-0.067618    0.665282     34.660960    34.723253    -0.013826    0.136032     7.087193    
-1.001978    -0.713047    7.215250     7.579392     -0.041347    -0.029424    0.297739    
2.083752     0.020610     18.805963    19.023187    0.388388     0.003842     3.505224    
-0.764780    -0.720163    150.667509   150.684029   -0.039927    -0.037598    7.865903    
0.548452     0.074372     123.512855   123.529780   0.002938     0.000398     0.661737    
-1.027012    -1.248015    105.408493   105.439260   -0.093339    -0.113424    9.579917    
-0.305803    1.707522     23.301004    23.448260    -0.079609    0.444515     6.065890    
-0.608186    -1.589655    41.547375    41.628791    -0.008398    -0.021950    0.573698    
2.161540     -0.554040    60.999521    61.072054    0.242944     -0.062271    6.855989    
0.449700     -0.143517    95.394777    95.416253    0.013441     -0.004289    2.851154    
-0.377191    -0.234837    20.608276    20.706844    -0.016548    -0.010303    0.904129    
1.496984     -0.312031    108.181517   108.210230   0.015876     -0.003309    1.147309    
0.035489     -0.399211    19.436510    19.540049    0.001136     -0.012777    0.622080    
-0.615708    -1.448662    20.261340    20.417506    -0.100342    -0.236089    3.301992    
-1.905130    3.662288     58.144574    58.324166    -0.009428    0.018123     0.287728    
0.547769     -2.074876    46.921719    47.011996    0.088795     -0.336342    7.606114    
-0.780553    1.068412     94.736064    94.765751    -0.074894    0.102514     9.089907    
0.596700     -1.522233    32.500011    32.600597    0.032936     -0.084024    1.793923    
0.591889     -1.077894    12.568226    12.780746    0.001699     -0.003095    0.036086    
0.904772     -0.747851    23.934237    24.043722    0.009380     -0.007753    0.248138    
-0.805226    -0.163767    68.717338    68.750438    -0.199953    -0.040666    17.063801   
-1.526207    -0.814020    78.249153    78.293019    -0.174100    -0.092858    8.926170    
1.939715     -0.809438    18.049947    18.278217    0.375365     -0.156639    3.492945    
1.408651     1.304524     22.856601    23.021408    0.050977     0.047209     0.827149    
-1.043397    0.223042     25.979459    26.075768    -0.074027    0.015824     1.843198    
0.441951     -1.030775    16.180872    16.338708    0.023707     -0.055293    0.867976    
-1.139215    1.403559     103.490609   103.525112   -0.061962    0.076340     5.628861    
-0.656258    -0.802930    35.556419    35.625963    -0.021215    -0.025957    1.149462    
0.957571     -0.439356    39.044287    39.108072    0.023539     -0.010800    0.959792    
0.193938     2.056327     100.062757   100.103428   0.008477     0.089877     4.373490    
-0.731715    0.160911     40.485289    40.540041    -0.169885    0.037359     9.399618    
-0.325236    1.298894     46.465163    46.526113    -0.027093    0.108202     3.870699    
-1.299246    -0.494477    74.682595    74.721466    -0.395831    -0.150648    22.752941   
-1.255368    0.896726     14.602494    14.815122    -0.290901    0.207795     3.383777    
-0.641591    -0.991659    84.392023    84.423240    -0.069321    -0.107144    9.118185    
-0.654898    1.767524     89.863782    89.905102    -0.098951    0.267061     13.577820   
-1.481633    -0.362686    11.526694    11.792642    -0.062557    -0.015313    0.486678    
-1.245499    -0.461525    59.792409    59.839547    -0.032705    -0.012119    1.570071    
-0.137612    0.033272     9.405811     9.610634     -0.002815    0.000681     0.192435    
-0.226978    1.375092     185.172720   185.188427   -0.013010    0.078816     10.613576   
0.169609     -1.690136    23.836789    23.978174    0.040929     -0.407855    5.752178    
0.062976     -2.678502    23.868445    24.098879    0.003027     -0.128735    1.147177    
-1.138322    0.310714     61.573690    61.616447    -0.006972    0.001903     0.377147    
-0.667557    -0.691802    5.028038     5.484555     -0.000331    -0.000343    0.002491    
-0.335053    -0.288578    40.607400    40.657490    -0.003582    -0.003085    0.434108    
-0.808322    -2.304094    40.552967    40.674075    -0.259343    -0.739247    13.011046   
1.440343     -0.142311    65.699028    65.744445    0.185944     -0.018372    8.481550    
0.538454     0.757394     30.782702    30.859573    0.019867     0.027945     1.135772    
0.702401     -1.040725    13.278100    13.481816    0.022399     -0.033188    0.423431    
-0.083348    -2.343131    56.128078    56.211505    -0.000876    -0.024624    0.589856    
1.437379     2.301397     116.850199   116.898274   0.025045     0.040099     2.035988    
-1.371321    -1.130223    48.605609    48.677901    -0.052584    -0.043339    1.863790    
-0.946121    0.969916     34.371420    34.454395    -0.068794    0.070524     2.499198    
-0.081634    0.176036     18.443732    18.549497    -0.007545    0.016271     1.704753    
-0.089107    0.894056     167.818349   167.832299   -0.001433    0.014380     2.699149    
1.568833     -0.773122    143.523538   143.547692   0.174362     -0.085926    15.951407   
0.314593     0.590511     10.809660    11.007787    0.037319     0.070049     1.282294    
-0.539598    -1.789228    19.265447    19.455716    -0.001988    -0.006592    0.070977    
-2.198170    0.030181     57.922266    57.997386    -0.251683    0.003456     6.631908    
0.980372     0.916713     32.917699    33.003808    0.126717     0.118489     4.254754    
-0.058172    -0.422705    8.541311     8.775592     -0.001161    -0.008435    0.170439    
1.707441     -0.308388    18.464007    18.649530    0.049589     -0.008956    0.536244    
0.124870     -0.361875    63.784255    63.815772    0.006719     -0.019471    3.431915    
0.660821     -1.256550    7.186265     7.585048     0.006644     -0.012634    0.072257    
-1.026086    -1.144520    22.784828    22.921303    -0.061441    -0.068533    1.364330    
1.083621     0.571451     28.145473    28.240811    0.248051     0.130810     6.442756    
0.882262     -0.209714    35.677627    35.743396    0.086627     -0.020591    3.503084    
-0.078045    -0.276493    21.461252    21.553256    -0.000048    -0.000171    0.013242    
-1.214385    -0.057839    7.471051     7.821102     -0.106168    -0.005057    0.653160    
-0.117050    0.455650     34.732382    34.791301    -0.002586    0.010068     0.767440    
-0.535123    -0.276731    10.706349    10.902467    -0.061162    -0.031629    1.223689    
1.073583     -2.866191    97.375709    97.443682    0.008149     -0.021756    0.739129    
-1.585865    0.516950     42.894592    42.972121    -0.028161    0.009180     0.761689    
0.388762     -0.136056    91.894241    91.916245    0.044534     -0.015586    10.526780   
-0.044027    0.334139     16.827389    16.945488    -0.005006    0.037991     1.913235    
-0.512234    2.066154     30.762832    30.899161    -0.045921    0.185229     2.757862    
0.109674     0.171609     10.030410    10.223774    0.000273     0.000427     0.024963    
0.034806     -0.428136    19.341522    19.446181    0.000339     -0.004169    0.188330    
-0.835819    -0.720980    7.771873     8.092921     -0.051218    -0.044181    0.476252    
0.267944     0.520971     118.982527   119.000252   0.019538     0.037988     8.675840    
-0.455787    0.284412     121.255253   121.272421   -0.035176    0.021950     9.358048    
0.371847     0.755829     9.786495     10.017983    0.086139     0.175089     2.267064    
0.407921     -0.516753    86.161812    86.186811    0.003974     -0.005034    0.839374    
-0.623475    -1.037918    14.940772    15.118453    -0.013438    -0.022371    0.322026    
-0.566205    0.487051     15.644205    15.785244    -0.045312    0.038977     1.251960    
-0.254127    -0.007380    152.388988   152.401914   -0.053466    -0.001553    32.061074   
-0.096322    -1.642613    15.647404    15.856344    -0.011252    -0.191876    1.827797    
-0.572889    -1.008389    18.246609    18.389093    -0.026352    -0.046384    0.839303    
1.209645     0.229074     66.622908    66.663352    0.172660     0.032697     9.509503    
-0.676304    -0.530369    31.707316    31.779986    -0.022712    -0.017811    1.064806    
-0.375769    0.801211     170.622655   170.636305   -0.070834    0.151031     32.162878   
-2.114749    1.679166     30.504778    30.687264    -0.633672    0.503152     9.140576    
0.807676     -1.374942    31.494186    31.595910    0.052184     -0.088835    2.034840    
0.614724     2.481999     74.359587    74.429573    0.011433     0.046163     1.383017    
-0.737719    1.301957     74.700486    74.741400    -0.178171    0.314444     18.041388   
1.382576     0.577208     122.740928   122.765855   0.063972     0.026708     5.679256    
-1.135729    -1.071002    10.631080    10.923906    -0.021890    -0.020643    0.204905    
0.046818     -1.444596    18.237387    18.400171    0.000274     -0.008445    0.106615    
2.092700     1.054970     139.994687   140.028138   0.038881     0.019601     2.601026    
-0.213134    -1.282702    20.258135    20.395042    -0.000681    -0.004098    0.064727    
-1.110902    -0.043131    46.134492    46.189850    -0.135941    -0.005278    5.645465    
-0.073717    0.123504     70.430234    70.457885    -0.003656    0.006124     3.492543    
-0.163668    -0.144134    25.624248    25.700673    -0.002405    -0.002118    0.376539    
-0.304595    0.074687     31.936678    31.998824    -0.000253    0.000062     0.026482    
0.137932     0.005655     41.392637    41.439648    0.026823     0.001100     8.049525    
-1.541985    0.242272     48.947246    49.011674    -0.048820    0.007670     1.549702    
0.268479     -0.330379    36.143551    36.199619    0.032933     -0.040526    4.433595    
-0.589095    -1.270371    67.399591    67.442869    -0.001219    -0.002629    0.139495    
0.548912     0.251613     22.891974    22.984387    0.014940     0.006848     0.623071    
-0.685640    1.160585     20.135253    20.276105    -0.046075    0.077992     1.353096    
-0.320713    -0.452226    21.574942    21.671651    -0.015422    -0.021746    1.037486    
-1.182091    -1.566392    21.800254    21.976737    -0.000677    -0.000897    0.012483    
-0.097478    1.566634     43.596771    43.669409    -0.013893    0.223285     6.213634    
2.812162     -0.449446    35.592857    35.760826    0.109268     -0.017463    1.382976    
-2.368854    0.760504     25.455911    25.652840    -0.932149    0.299260     10.016952   
-0.747403    -0.556031    103.231598   103.254567   -0.067277    -0.050051    9.292380    
1.141756     -1.499495    92.309725    92.349945    0.092640     -0.121666    7.489838    
0.839634     0.574319     53.589848    53.635638    0.175319     0.119920     11.189805   
2.938728     -0.189013    20.559597    20.862498    0.041417     -0.002664    0.289760    
0.044975     -0.681070    77.908902    77.936755    0.000382     -0.005778    0.660936    
0.673925     -0.320923    11.892170    12.077079    0.060372     -0.028749    1.065334    
-1.378811    1.513281     38.491931    38.596565    -0.052412    0.057523     1.463161    
0.005196     -1.110319    9.853514     10.109378    0.000481     -0.102724    0.911619    
0.422968     1.462082     37.488022    37.570511    0.041131     0.142180     3.645512    
-1.089039    0.825068     25.174599    25.288379    -0.071416    0.054105     1.650870    
-0.566007    -0.068833    68.133013    68.163828    -0.015698    -0.001909    1.889621    
-1.042312    1.402074     35.093628    35.192185    -0.094142    0.126636     3.169668    
0.884871     0.680851     52.316778    52.365702    0.040265     0.030981     2.380623    
0.309979     -0.731793    7.600991     7.891871     0.020801     -0.049107    0.510069    
-1.843321    1.373136     13.900212    14.225828    -0.282532    0.210465     2.130531    
-0.457995    -0.058624    12.083922    12.251911    -0.037336    -0.004779    0.985095    
-0.656766    -0.661607    91.802549    91.828384    -0.085714    -0.086345    11.981003   
-1.387859    -1.682733    21.313598    21.515161    -0.101909    -0.123561    1.565031    
0.036838     -0.484336    19.792286    19.895865    0.002144     -0.028188    1.151879    
1.986464     0.481821     99.297906    99.338448    0.235802     0.057194     11.787098   
0.797802     2.174415     44.680677    44.783953    0.052166     0.142178     2.921530    
0.689274     0.345213     29.584822    29.660258    0.090266     0.045208     3.874369    
1.244766     -0.656714    78.113725    78.151198    0.182193     -0.096122    11.433315   
1.576494     -1.082456    50.883689    50.957647    0.131013     -0.089956    4.228625    
0.179707     0.665751     111.538612   111.558112   0.030835     0.114231     19.138092   
-1.109417    -1.036546    35.823209    35.909365    -0.001033    -0.000965    0.033354    
-4.038491    0.346642     144.376384   144.446685   -0.048615    0.004173     1.737976    
0.103685     0.964252     57.928215    57.969764    0.006053     0.056295     3.381972    
0.863183     -2.221720    92.585404    92.636997    0.072029     -0.185393    7.725845    
0.844705     0.612168     18.661989    18.794496    0.022048     0.015979     0.487110    
2.228860     -1.169081    14.809305    15.150083    0.151838     -0.079642    1.008863    
-0.614908    -0.232445    10.680255    10.880025    -0.017985    -0.006799    0.312376    
0.667686     -1.800509    16.135704    16.368370    0.064392     -0.173641    1.556128    
0.212897     0.196503     70.802484    70.830436    0.028807     0.026589     9.580368    
0.693015     1.105007     148.533739   148.552509   0.088704     0.141438     19.011876   
-0.159426    1.600732     16.561828    16.755801    -0.008132    0.081654     0.844826    
-0.166806    -1.071271    85.385900    85.415469    -0.011275    -0.072409    5.771408    
1.791720     0.913254     27.679144    27.821831    0.014199     0.007237     0.219349    
-0.758052    -1.206804    51.855420    51.912335    -0.147419    -0.234688    10.084349   
0.830372     -1.823767    44.395591    44.484369    0.080556     -0.176927    4.306890    
-0.459106    1.265288     42.995062    43.061143    -0.021683    0.059759     2.030648    
-1.288829    -0.773565    69.363676    69.407881    -0.076621    -0.045989    4.123683    
1.356183     -1.587371    72.158209    72.215241    0.083755     -0.098032    4.456328    
1.784717     0.879622     59.129883    59.196089    0.093754     0.046208     3.106176    
-1.617910    -1.226701    89.430985    89.475687    -0.280090    -0.212364    15.482125   
-1.152657    -0.230184    32.194607    32.276141    -0.094047    -0.018781    2.626802    
1.189744     0.106829     19.759820    19.893525    0.051899     0.004660     0.861960    
1.184019     0.182438     10.889936    11.131076    0.101545     0.015646     0.933954    
0.171350     1.148539     10.846357    11.084535    0.004740     0.031771     0.300034    
-0.081257    1.542336     63.067933    63.117545    -0.000408    0.007749     0.316855    
0.851694     0.654198     9.101683     9.373844     0.114280     0.087780     1.221256    
-0.766859    -0.039454    19.064534    19.181268    -0.014080    -0.000724    0.350027    
-0.312057    1.523939     19.595372    19.755336    -0.032221    0.157351     2.023274    
0.574345     -0.060693    85.262924    85.287600    0.043422     -0.004589    6.446152    
0.311853     1.395861     32.772861    32.863065    0.052385     0.234478     5.505211    
0.040390     1.112354     12.897577    13.094328    0.001791     0.049321     0.571866    
-0.302103    -0.244939    24.076409    24.159877    -0.002858    -0.002318    0.227802    
0.432694     1.586756     28.277066    28.393176    0.018692     0.068547     1.221549    
-1.808923    0.385684     102.278229   102.313889   -0.122652    0.026151     6.934838    
0.434936     1.262214     85.639785    85.672808    0.000413     0.001198     0.081293    
0.828656     -0.931850    56.001168    56.049628    0.056633     -0.063686    3.827297    
-1.664380    0.655254     28.104578    28.230157    -0.005747    0.002262     0.097039    
0.007539     0.405761     16.005473    16.131175    0.000255     0.013738     0.541899    
0.394440     0.756261     186.897323   186.909635   0.091587     0.175601     43.396904   
-0.343037    1.703244     94.826476    94.862818    -0.008935    0.044362     2.469838    
-2.236450    1.421476     107.450496   107.501192   -0.164621    0.104632     7.909216    
0.056630     -0.230707    10.925746    11.104203    0.000912     -0.003714    0.175885    
1.041340     -0.031825    90.643727    90.671085    0.002603     -0.000080    0.226541    
-0.083074    -1.877522    24.298831    24.450770    -0.003088    -0.069799    0.903341    
-0.030295    -1.614203    43.746914    43.820931    -0.000321    -0.017126    0.464143    
-1.546736    1.407729     20.538524    20.738371    -0.064847    0.059020     0.861084    
