0.585036     2.323438     65.244625    65.318273    0.014295     0.056770     1.594174    
-0.331945    0.237489     55.874331    55.910485    -0.003398    0.002431     0.571915    
0.607674     0.846197     23.892729    23.996307    0.006364     0.008862     0.250211    
0.795302     2.551377     28.908360    29.098287    0.028471     0.091335     1.034873    
-0.715296    0.197344     26.549506    26.632721    -0.161032    0.044427     5.976981    
-2.058576    1.472897     30.606507    30.774021    -0.000728    0.000521     0.010821    
1.501630     0.696381     105.913598   105.944820   0.044131     0.020466     3.112688    
-0.285178    3.350549     112.864276   112.931516   -0.009015    0.105915     3.567784    
0.072596     -0.890512    17.250667    17.385590    0.000559     -0.006851    0.132721    
-0.420119    1.500762     17.622554    17.800510    -0.013215    0.047207     0.554322    
0.420022     1.617734     28.080670    28.199157    0.015907     0.061266     1.063463    
-0.548521    -0.047861    60.303948    60.338580    -0.033980    -0.002965    3.735724    
-0.061302    1.026104     24.228886    24.330444    -0.007969    0.133386     3.149576    
-2.560173    0.410773     47.977676    48.087998    -0.326443    0.052377     6.117543    
0.669607     -0.235981    14.446697    14.597468    0.110509     -0.038945    2.384212    
-0.875496    0.985192     34.749776    34.830432    -0.027194    0.030602     1.079382    
0.386896     0.728639     126.027642   126.045714   0.061882     0.116543     20.157577   
-0.422593    0.280758     13.478293    13.630728    -0.000613    0.000407     0.019558    
-0.114329    0.641386     109.108369   109.128069   -0.001463    0.008209     1.396406    
0.450550     -0.462143    19.642842    19.751778    0.011057     -0.011341    0.482050    
0.287718     -0.870538    23.377372    23.478013    0.000330     -0.000997    0.026781    
-1.195151    0.040953     24.227139    24.336378    -0.080470    0.002757     1.631215    
1.400429     -0.063998    50.960599    51.017869    0.379362     -0.017336    13.804700   
0.480983     -0.487413    171.984506   171.997135   0.009025     -0.009145    3.226980    
-0.401769    1.950795     63.318880    63.380775    -0.014687    0.071311     2.314610    
-1.161015    0.048166     64.105767    64.146509    -0.165839    0.006880     9.156847    
-0.144043    -0.342994    69.465763    69.494644    -0.001148    -0.002734    0.553784    
-0.631096    -2.627348    25.982290    26.196481    -0.039762    -0.165536    1.637012    
-2.599491    0.412616     28.820293    29.007100    -0.073394    0.011650     0.813715    
2.543682     -0.148977    35.785679    35.930242    0.031374     -0.001838    0.441384    
-0.243117    -0.254934    13.315165    13.464497    -0.006876    -0.007210    0.376597    
-0.402242    1.113068     37.387504    37.457992    -0.117262    0.324484     10.899298   
-0.386851    2.140608     15.463337    15.739174    -0.032486    0.179759     1.298543    
0.969156     -0.173686    36.482761    36.549094    0.007080     -0.001269    0.266508    
1.445537     -0.927933    28.971973    29.089531    0.148333     -0.095219    2.972942    
-1.739839    -0.485860    38.170763    38.264151    -0.104441    -0.029166    2.291368    
-0.306182    -1.033795    11.769894    11.981979    -0.007094    -0.023951    0.272683    
0.126469     0.321400     15.997642    16.121997    0.044314     0.112618     5.605534    
-0.627673    1.028585     59.863415    59.907891    -0.022509    0.036887     2.146794    
0.632492     0.064468     13.348576    13.507910    0.082156     0.008374     1.733873    
-0.077051    0.509896     13.713293    13.863451    -0.005367    0.035516     0.955183    
1.670770     -0.613045    84.306611    84.348366    0.015581     -0.005717    0.786233    
-0.083653    0.865876     20.654059    20.765881    -0.007275    0.075302     1.796210    
-1.325278    0.244726     48.532529    48.591126    -0.027028    0.004991     0.989797    
1.660479     -1.608043    35.865363    35.993641    0.077897     -0.075437    1.682535    
0.209931     -0.120639    7.054409     7.327910     0.004694     -0.002697    0.157719    
-0.633559    -0.374175    36.619702    36.679953    -0.053697    -0.031713    3.103702    
1.786655     -0.357870    16.348734    16.567325    0.179425     -0.035939    1.641825    
0.104377     1.068210     49.269759    49.320747    0.026739     0.273653     12.621883   
-1.002430    -0.547956    38.627821    38.694814    -0.026582    -0.014530    1.024304    
-1.505817    -0.156695    8.014931     8.390835     -0.148402    -0.015443    0.789890    
-2.268598    -0.392019    73.112611    73.175331    -0.050096    -0.008657    1.614498    
0.653338     1.193172     102.732812   102.760674   0.028404     0.051874     4.466390    
0.266500     0.466393     27.197411    27.273846    0.028525     0.049920     2.911052    
0.815113     1.474359     30.236546    30.347352    0.062814     0.113616     2.330063    
-0.315179    0.611045     16.577535    16.708152    -0.008674    0.016816     0.456209    
-0.010578    0.218582     7.449921     7.708708     -0.001249    0.025800     0.879353    
1.105186     0.626996     82.409473    82.442773    0.030287     0.017182     2.258358    
-0.788515    0.588679     17.640598    17.777344    -0.037612    0.028080     0.841442    
0.875386     -0.767675    34.057485    34.134189    0.027262     -0.023908    1.060662    
-1.709919    0.421444     74.953633    75.000157    -0.061261    0.015099     2.685351    
-0.092484    -1.379771    11.955649    12.195278    -0.002921    -0.043586    0.377668    
-0.229592    -0.270473    13.018169    13.170936    -0.007601    -0.008954    0.430990    
0.076488     1.523004     75.309030    75.350184    0.000699     0.013925     0.688537    
1.479075     -0.499085    42.481977    42.556199    0.012440     -0.004198    0.357290    
1.106963     0.870056     72.294737    72.335236    0.013523     0.010628     0.883142    
-0.737197    -1.705670    17.994937    18.197403    -0.025536    -0.059083    0.623330    
0.376070     -0.075848    12.196207    12.360000    0.001894     -0.000382    0.061433    
-1.285014    -0.396336    29.126630    29.224029    -0.146434    -0.045164    3.319123    
-0.801089    1.241889     76.230853    76.270584    -0.222166    0.344414     21.141144   
-0.608912    -1.066769    10.237403    10.497054    -0.011047    -0.019353    0.185722    
0.125867     0.322888     24.061524    24.144399    0.020509     0.052611     3.920580    
-1.985114    1.864309     74.034229    74.110447    -0.179826    0.168882     6.706547    
-0.864086    -1.034705    34.082596    34.166001    -0.009871    -0.011821    0.389362    
1.277155     -0.561239    33.290548    33.377861    0.023602     -0.010372    0.615216    
1.425775     0.297061     9.430281     9.743009     0.029731     0.006194     0.196642    
0.673608     -0.144726    109.884674   109.904464   0.099524     -0.021383    16.235286   
0.391763     -1.299872    24.322326    24.439592    0.015984     -0.053034    0.992334    
0.292555     0.972747     19.404661    19.530685    0.078931     0.262445     5.235338    
0.924734     0.804038     35.149954    35.226351    0.031979     0.027805     1.215538    
-1.205340    -0.336840    87.275056    87.306223    -0.099208    -0.027724    7.183324    
0.024078     -1.220989    32.008889    32.092605    0.003929     -0.199259    5.223688    
0.359124     -1.781866    75.671917    75.719337    0.016232     -0.080540    3.420348    
1.200168     -0.064634    67.009534    67.049214    0.007579     -0.000408    0.423187    
-1.024263    -1.387009    94.620838    94.657017    -0.211867    -0.286901    19.572192   
0.722286     0.024428     40.202621    40.257273    0.008742     0.000296     0.486570    
-1.924230    -1.543333    43.251344    43.366326    -0.038539    -0.030910    0.866252    
0.065213     -0.214568    12.093550    12.254763    0.010637     -0.034998    1.972584    
0.516914     -0.684467    140.593171   140.609567   0.018361     -0.024312    4.993815    
0.184810     -0.111014    18.470710    18.576559    0.002447     -0.001470    0.244584    
-0.334214    0.478288     76.544466    76.571997    -0.001459    0.002087     0.334041    
-1.998370    0.398053     59.227629    59.295353    -0.012336    0.002457     0.365607    
-1.569899    1.661619     36.604241    36.728340    -0.012819    0.013567     0.298881    
-1.517865    1.131501     48.224413    48.301690    -0.004372    0.003259     0.138909    
-0.335857    -0.890735    62.791833    62.829893    -0.006924    -0.018363    1.294470    
-2.066105    -1.454677    43.638474    43.755871    -0.156801    -0.110398    3.311808    
-0.234112    0.145558     56.785181    56.819959    -0.013424    0.008346     3.255944    
-0.032525    -1.127562    16.947412    17.098602    -0.001653    -0.057304    0.861291    
0.995344     1.520183     50.053223    50.124862    0.031235     0.047706     1.570744    
0.644446     -0.753143    41.473171    41.531692    0.007498     -0.008762    0.482518    
-0.099300    0.551037     24.430012    24.515585    -0.006974    0.038699     1.715685    
-1.118825    0.402081     61.884466    61.927180    -0.037890    0.013617     2.095747    
0.031690     -0.467686    49.163433    49.205059    0.001113     -0.016428    1.726946    
0.842957     -0.030729    66.117088    66.151764    0.020540     -0.000749    1.611050    
-0.131039    -1.066416    13.846772    14.027204    -0.016197    -0.131815    1.711545    
0.514233     -1.343310    9.988008     10.281254    0.146723     -0.383279    2.849822    
-1.498609    -0.790749    112.465329   112.495316   -0.078786    -0.041572    5.912592    
0.540367     0.955173     196.975988   196.988881   0.033533     0.059274     12.223579   
1.317553     -0.130423    9.525766     9.816727     0.029448     -0.002915    0.212906    
-0.458992    -0.117639    10.783541    10.971975    -0.026605    -0.006819    0.625051    
2.350523     0.084632     78.523270    78.583147    0.079063     0.002847     2.641238    
-1.549968    0.122111     183.536878   183.554019   -0.041270    0.003251     4.886945    
0.714681     1.886066     51.840606    51.917159    0.011035     0.029121     0.800415    
-0.007468    1.910801     23.762076    23.919917    -0.000200    0.051069     0.635072    
-1.628748    -0.834002    40.777115    40.865590    -0.195882    -0.100301    4.904068    
-0.183019    0.329106     6.261337     6.574276     -0.000570    0.001025     0.019499    
-1.087702    0.713505     13.076085    13.287254    -0.240695    0.157890     2.893571    
0.277003     -2.711195    69.537634    69.618853    0.051239     -0.501509    12.862866   
1.057166     0.803892     19.386048    19.530941    0.027667     0.021038     0.507348    
0.820003     -0.014502    28.984718    29.063060    0.002827     -0.000050    0.099943    
-0.705763    1.585708     24.811132    24.949545    -0.019969    0.044867     0.702019    
2.079855     -1.460412    41.782329    41.905806    0.035285     -0.024776    0.708851    
-0.083156    -1.239237    61.611971    61.655921    -0.001099    -0.016372    0.814000    
-0.825804    0.553228     181.984111   181.997471   -0.019611    0.013138     4.321674    
0.429569     0.932689     96.303553    96.329142    0.007347     0.015953     1.647181    
0.289182     -0.101607    22.296417    22.385244    0.029364     -0.010317    2.264028    
1.521079     2.034186     78.947125    79.012500    0.198055     0.264865     10.279477   
-1.542006    0.507641     16.982257    17.172871    -0.168136    0.055352     1.851695    
-2.408253    -0.855491    45.354288    45.468868    -0.163921    -0.058230    3.087094    
-0.595810    1.194405     79.977882    80.013237    -0.019820    0.039733     2.660550    
-0.247409    1.311444     41.589483    41.657426    -0.005291    0.028046     0.889420    
-0.135947    -1.226774    46.581847    46.639756    -0.003447    -0.031105    1.181077    
0.932108     0.953029     13.551391    13.758352    0.069730     0.071295     1.013767    
-0.681041    0.338418     36.825408    36.885823    -0.042120    0.020930     2.277546    
-0.073967    -1.443360    11.571584    11.826465    -0.012971    -0.253115    2.029250    
-1.293449    -1.019821    14.828668    15.049166    -0.111588    -0.087982    1.279298    
2.381724     -0.514624    53.403883    53.495674    0.413324     -0.089308    9.267713    
-1.459973    0.494611     20.826601    20.976139    -0.056339    0.019086     0.803676    
0.205926     1.175988     11.124769    11.360493    0.003873     0.022117     0.209228    
1.014833     1.195104     53.533329    53.592447    0.018179     0.021408     0.958935    
0.667239     -0.233690    55.940678    55.979766    0.006992     -0.002449    0.586193    
-0.188730    0.719479     12.298248    12.476984    -0.002236    0.008523     0.145687    
-1.469261    0.612079     85.875713    85.913017    -0.140075    0.058354     8.187117    
3.561718     -0.561201    115.129548   115.202815   0.639284     -0.100729    20.664321   
-1.678813    -2.093227    45.433728    45.555446    -0.320785    -0.399971    8.681417    
0.537490     -1.579848    61.087590    61.142076    0.002362     -0.006942    0.268426    
1.040510     -0.707476    18.026800    18.177559    0.210787     -0.143321    3.651874    
-0.504524    0.295544     10.717963    10.912908    -0.029904    0.017517     0.635274    
-0.383474    -0.537649    40.366452    40.419816    -0.013313    -0.018666    1.401436    
0.238468     -0.621892    89.387898    89.412051    0.000081     -0.000211    0.030368    
-0.649964    0.503392     15.694758    15.839073    -0.003651    0.002828     0.088169    
1.333454     -1.854290    24.424686    24.610094    0.090930     -0.126447    1.665560    
1.586605     -0.698308    106.986277   107.018425   0.037805     -0.016639    2.549215    
-0.867656    1.819642     218.103516   218.121715   -0.088105    0.184774     22.147111   
-1.310476    -0.936457    15.518539    15.725594    -0.040348    -0.028832    0.477799    
0.208596     1.939913     10.117613    10.490369    0.013351     0.124161     0.647562    
-0.824501    -1.696991    24.687188    24.837306    -0.008447    -0.017387    0.252933    
-0.602197    -0.913264    20.336960    20.461271    -0.013584    -0.020601    0.458748    
1.189251     0.269881     10.820678    11.065676    0.131651     0.029876     1.197854    
-1.818160    0.922716     48.922979    49.004999    -0.351450    0.178361     9.456801    
0.572739     0.920118     20.757187    20.878468    0.016935     0.027206     0.613758    
0.664257     0.138602     53.872874    53.913096    0.044877     0.009364     3.639604    
0.495632     0.129095     129.460834   129.476812   0.008924     0.002324     2.330922    
-1.430295    -0.007015    21.686240    21.822322    -0.052518    -0.000258    0.796276    
-0.665176    -1.470751    71.648005    71.693215    -0.002472    -0.005465    0.266250    
-1.036652    0.185166     8.970434     9.244056     -0.047476    0.008480     0.410824    
0.147483     -1.156591    39.155204    39.221989    0.024590     -0.192840    6.528383    
0.484673     2.220463     65.940633    66.009147    0.006287     0.028802     0.855323    
-0.182429    -0.650366    49.935005    49.978355    -0.004150    -0.014794    1.135852    
0.986133     0.686703     9.166621     9.452296     0.253175     0.176301     2.353396    
-0.109116    -0.291295    19.733324    19.833704    -0.000332    -0.000885    0.059971    
-0.078592    1.411436     16.305609    16.484725    -0.004763    0.085544     0.988244    
-1.280355    0.530307     26.711763    26.820025    -0.224850    0.093130     4.690997    
-0.348716    -1.184801    44.895966    44.956068    -0.010630    -0.036118    1.368627    
-1.537649    -0.529381    69.692313    69.739071    -0.454304    -0.156408    20.590866   
-1.625955    -1.107597    60.955617    61.019117    -0.213636    -0.145529    8.009040    
0.274767     1.236434     18.447911    18.595823    0.009707     0.043681     0.651728    
-0.389687    1.412757     13.985982    14.199661    -0.013053    0.047321     0.468469    
-0.650679    -1.298437    20.796325    20.939709    -0.046676    -0.093143    1.491820    
-2.752011    -2.124667    75.264153    75.370123    -0.375672    -0.290034    10.274164   
-1.872544    1.466327     17.000051    17.278114    -0.087409    0.068447     0.793553    
0.821195     0.715969     8.309438     8.608640     0.026147     0.022797     0.264576    
-0.249550    -0.245230    24.444452    24.526080    -0.013470    -0.013236    1.319408    
0.361750     -2.023512    20.392994    20.590644    0.027284     -0.152617    1.538079    
1.313594     -0.827357    76.108129    76.149408    0.020278     -0.012772    1.174857    
-1.995415    0.742862     93.950850    93.995589    -0.075531    0.028119     3.556248    
0.621694     -1.096947    33.235184    33.317296    0.004255     -0.007507    0.227456    
1.649713     -1.614101    91.365893    91.416237    0.202093     -0.197730    11.192478   
0.902509     0.283558     16.356056    16.501226    0.095011     0.029851     1.721863    
-0.205671    0.965293     21.292925    21.406488    -0.017105    0.080281     1.770868    
-0.347816    1.045483     27.058671    27.152544    -0.003280    0.009859     0.255177    
0.112310     0.412575     78.977569    79.003254    0.017532     0.064406     12.329026   
-0.683181    -1.572212    28.813625    28.931618    -0.013661    -0.031438    0.576155    
-0.112095    -1.707037    60.878376    60.934212    -0.002200    -0.033498    1.194644    
0.346289     1.281588     38.869285    38.941734    0.003645     0.013489     0.409115    
0.686434     1.148594     17.894386    18.051994    0.021042     0.035210     0.548546    
-0.040835    0.278418     10.789557    10.971266    -0.007544    0.051435     1.993254    
0.423247     3.172290     46.468589    46.620246    0.027025     0.202553     2.967051    
1.698605     -0.848194    10.802167    11.143001    0.024950     -0.012459    0.158669    
-0.057990    -0.763478    61.141111    61.177583    -0.003235    -0.042586    3.410399    
-0.198312    -0.168345    14.564831    14.699556    -0.003143    -0.002668    0.230852    
-0.087992    -0.827133    13.705391    13.870998    -0.003221    -0.030278    0.501700    
-1.742568    0.335606     32.156052    32.265087    -0.019282    0.003714     0.355809    
0.891774     -0.296858    12.889784    13.073058    0.001417     -0.000472    0.020483    
1.052896     -0.783859    21.125268    21.257350    0.051917     -0.038651    1.041652    
-0.711824    -0.353104    51.073455    51.117552    -0.023424    -0.011620    1.680675    
-0.769383    0.546668     155.235436   155.250785   -0.108284    0.076939     21.847984   
1.108471     0.722865     26.874469    26.978941    0.038023     0.024796     0.921853    
0.948823     -1.119647    29.816387    29.917315    0.008298     -0.009792    0.260755    
0.493842     0.346933     8.317689     8.568730     0.042628     0.029947     0.717974    
-1.212561    -1.507160    20.759230    20.941882    -0.041389    -0.051445    0.708586    
0.036976     0.247987     10.132779    10.325261    0.001131     0.007583     0.309823    
0.471301     -0.325898    21.911451    22.007157    0.094581     -0.065401    4.397204    
0.143822     -0.629879    61.198410    61.233469    0.000098     -0.000428    0.041600    
-0.405000    0.192666     82.187977    82.212770    -0.008784    0.004179     1.782663    
-1.315633    -0.527266    22.750230    22.879179    -0.128935    -0.051673    2.229571    
1.526860     0.250743     44.990479    45.060097    0.151258     0.024840     4.456979    
0.817051     -0.455215    20.684748    20.799243    0.045874     -0.025558    1.161353    
-0.837805    0.793957     51.426525    51.477128    -0.007931    0.007516     0.486826    
0.053736     -0.310924    32.056566    32.118498    0.010409     -0.060230    6.209741    
-0.947568    1.492557     72.971891    73.019842    -0.058441    0.092054     4.500546    
-1.566626    1.471957     39.245596    39.353688    -0.148170    0.139216     3.711808    
-0.677314    -0.695541    54.610968    54.655057    -0.002437    -0.002502    0.196469    
0.161109     0.483418     55.660047    55.697176    0.000777     0.002331     0.268438    
0.293682     -0.539225    13.554078    13.710033    0.045087     -0.082783    2.080858    
-1.937434    1.382527     45.351070    45.456127    -0.011061    0.007893     0.258924    
-0.539712    -0.496083    9.243996     9.479652     -0.062253    -0.057221    1.066247    
-0.530667    1.482511     11.993489    12.255536    -0.005543    0.015486     0.125279    
-1.049392    -0.789790    48.616888    48.674447    -0.029586    -0.022267    1.370661    
0.923209     -0.172057    6.331400     6.696529     0.171216     -0.031909    1.174208    
0.101902     -0.969732    8.369050     8.652556     0.010770     -0.102493    0.884539    
-1.242037    -0.844928    28.907427    29.013288    -0.107089    -0.072850    2.492403    
0.661137     0.465417     10.389159    10.604871    0.018176     0.012796     0.285626    
1.806715     0.371171     85.483132    85.525685    0.014835     0.003048     0.701924    
0.326871     0.628991     14.628843    14.777702    0.008348     0.016065     0.373630    
-0.045644    -0.228815    47.873985    47.915006    -0.002365    -0.011856    2.480563    
-0.157041    -0.898097    19.268903    19.390638    -0.025379    -0.145142    3.114052    
0.945587     -0.458958    30.689357    30.770381    0.182433     -0.088547    5.920928    
-1.138610    0.310713     11.889065    12.108584    -0.013999    0.003820     0.146169    
0.958684     1.092839     56.847764    56.900409    0.059881     0.068260     3.550795    
0.862354     0.221338     7.628080     7.928128     0.011283     0.002896     0.099802    
-0.255799    0.508140     7.235143     7.519700     -0.014842    0.029484     0.419812    
1.568979     -0.931079    71.317908    71.368394    0.368949     -0.218945    16.770581   
0.071281     0.780894     18.010170    18.134389    0.021956     0.240534     5.547559    
-0.645607    0.442145     18.422990    18.544374    -0.028802    0.019725     0.821893    
0.437201     0.803639     13.819518    13.988961    0.020828     0.038284     0.658338    
1.010816     -0.499182    23.288438    23.398659    0.035685     -0.017623    0.822163    
1.656790     -0.970075    171.061611   171.083710   0.058099     -0.034018    5.998642    
-0.223398    -0.405287    59.292799    59.327271    -0.013976    -0.025356    3.709539    
-1.139943    0.301755     75.022588    75.057673    -0.031798    0.008417     2.092684    
-0.006534    -2.003479    206.692792   206.711875   -0.000643    -0.197206    20.345151   
1.228965     0.746238     120.119581   120.144313   0.208670     0.126706     20.395473   
-0.369411    0.097136     9.876278     10.077783    -0.017845    0.004692     0.477090    
0.535398     1.322767     28.957150    29.059041    0.047392     0.117088     2.563221    
-0.904769    -0.254760    64.613851    64.650663    -0.126243    -0.035547    9.015583    
0.011326     1.550143     54.571597    54.629087    0.001046     0.143183     5.040655    
1.255835     1.374190     13.590827    13.858249    0.063018     0.068957     0.681994    
-0.239283    0.332020     6.352885     6.663452     -0.020022    0.027782     0.531574    
-0.490667    -1.148386    22.054451    22.177315    -0.013929    -0.032600    0.626068    
-0.295034    1.020705     26.536902    26.631016    -0.003171    0.010970     0.285199    
-0.539959    0.171957     12.443219    12.610701    -0.099794    0.031781     2.299729    
1.325516     0.031305     11.355618    11.600991    0.168199     0.003972     1.440950    
0.185804     -1.636229    63.430297    63.482196    0.008315     -0.073224    2.838613    
-0.776772    2.324812     23.492843    23.702252    -0.000847    0.002534     0.025608    
0.803582     -1.190357    25.726036    25.841180    0.132417     -0.196151    4.239230    
0.859340     0.271423     75.554413    75.585425    0.027902     0.008813     2.453186    
-1.263262    -0.062311    11.325745    11.564911    -0.021934    -0.001082    0.196648    
0.470737     0.607684     13.949526    14.108689    0.012150     0.015685     0.360057    
-1.642796    -0.177437    10.247676    10.565040    -0.023204    -0.002506    0.144747    
1.293970     -0.541360    26.268688    26.379658    0.176294     -0.073756    3.578926    
0.374677     0.194136     6.812704     7.103940     0.028975     0.015013     0.526842    
-1.840003    1.326706     100.100506   100.145554   -0.162862    0.117429     8.860071    
-0.402215    0.469664     84.733325    84.758443    -0.025125    0.029338     5.292951    
-1.825515    2.271892     39.940247    40.094791    -0.085472    0.106371     1.870029    
0.004920     0.133999     10.666859    10.847802    0.000742     0.020220     1.609604    
1.774594     0.524251     19.420336    19.607357    0.104490     0.030868     1.143491    
-0.200182    2.299055     46.704742    46.803137    -0.002286    0.026256     0.533384    
-1.334782    -0.177279    29.030904    29.128704    -0.057468    -0.007633    1.249896    
0.252402     -1.662911    50.989169    51.054865    0.006646     -0.043783    1.342497    
0.386875     -0.632539    26.543070    26.626289    0.019564     -0.031988    1.342286    
0.670842     -0.592640    9.938937     10.171463    0.054667     -0.048295    0.809931    
0.614642     0.943712     139.811278   139.829671   0.016559     0.025424     3.766527    
0.069064     -0.058100    156.503056   156.515461   0.011579     -0.009741    26.238095   
-0.804340    -1.255207    149.980311   150.000637   -0.032103    -0.050097    5.985959    
-1.434731    1.492884     63.754308    63.818288    -0.123610    0.128620     5.492779    
0.360554     0.772088     18.569420    18.692898    0.084398     0.180730     4.346713    
0.882516     0.643967     10.464611    10.704044    0.314638     0.229589     3.730883    
-1.334361    -1.643679    65.111103    65.175247    -0.068971    -0.084959    3.365500    
0.339896     1.834454     41.919927    42.007571    0.001754     0.009469     0.216385    
-0.181727    -0.228873    9.707164     9.909056     -0.019540    -0.024609    1.043740    
0.150263     -0.693639    29.938824    30.011861    0.007575     -0.034968    1.509285    
0.348454     0.004125     61.216599    61.249232    0.040315     0.000477     7.082580    
-0.857781    0.070800     50.255434    50.301336    -0.042402    0.003500     2.484247    
-1.636960    0.075373     37.180901    37.269018    -0.011016    0.000507     0.250216    
-0.100527    -0.729669    131.702046   131.718816   -0.004339    -0.031496    5.684930    
-0.101302    -0.251882    34.563192    34.620268    -0.002054    -0.005108    0.700960    
0.542576     0.412336     9.117700     9.352637     0.009960     0.007569     0.167368    
-0.351547    -0.577216    65.708275    65.741229    -0.068954    -0.113217    12.888268   
2.942146     0.947074     17.794138    18.167539    0.240557     0.077435     1.454891    
1.871786     0.208557     24.764268    24.913671    0.084316     0.009395     1.115528    
0.574431     3.244821     67.235829    67.345308    0.051283     0.289686     6.002571    
-0.267211    -0.390194    19.197140    19.303595    -0.040924    -0.059759    2.940103    
0.497411     0.363319     182.357162   182.368827   0.003929     0.002870     1.440334    
-0.826602    -2.051221    55.645657    55.724365    -0.032672    -0.081076    2.199442    
0.100311     -0.079685    126.646173   126.661535   0.013417     -0.010658    16.939271   
0.629311     -0.205049    134.201151   134.217219   0.020955     -0.006828    4.468758    
1.448811     0.765640     13.498544    13.739393    0.065820     0.034783     0.613242    
-1.199858    -2.157124    162.765225   162.795842   -0.050790    -0.091311    6.889870    
1.006362     -0.460748    17.333733    17.480226    0.009857     -0.004513    0.169771    
-1.045817    0.835658     39.990640    40.061431    -0.052652    0.042071     2.013334    
0.273825     -1.549364    53.221532    53.281159    0.030675     -0.173565    5.962056    
0.903748     0.768678     32.112801    32.194946    0.042454     0.036109     1.508515    
-0.107487    -0.541617    23.075660    23.166052    -0.007205    -0.036305    1.546761    
-0.871601    -1.096309    31.436555    31.529249    -0.021434    -0.026960    0.773084    
-0.745293    0.084912     7.394414     7.688627     -0.042568    0.004850     0.422339    
-0.943872    1.230886     20.444526    20.597563    -0.150325    0.196037     3.256087    
-1.039551    0.574691     93.566352    93.594594    -0.143850    0.079524     12.947435   
-0.402507    0.085565     86.195792    86.219248    -0.070816    0.015054     15.164962   
-1.273062    0.429917     12.199391    12.430029    -0.027834    0.009400     0.266725    
0.669655     -0.552661    7.627772     7.925385     0.033090     -0.027309    0.376914    
-1.149233    1.432376     13.605255    13.869043    -0.095135    0.118574     1.126264    
1.381035     -1.596358    132.868000   132.899346   0.332973     -0.384888    32.034962   
-1.245613    -0.953593    82.673478    82.711788    -0.055148    -0.042219    3.660259    
0.302239     -0.109992    76.419726    76.445752    0.050238     -0.018283    12.702325   
-0.749436    -2.424775    56.954473    57.044966    -0.010970    -0.035492    0.833661    
0.967302     0.181370     57.375085    57.417278    0.038195     0.007162     2.265520    
0.581441     -0.409769    50.972227    51.015183    0.007767     -0.005474    0.680892    
1.086532     -0.695684    12.450248    12.670760    0.009948     -0.006370    0.113992    
2.004883     0.239013     60.879083    60.944355    0.165163     0.019690     5.015254    
-1.340179    0.129431     92.525912    92.556643    -0.046073    0.004450     3.180851    
-0.175990    1.172038     104.325958   104.351258   -0.006530    0.043488     3.870998    
0.614555     0.149675     33.309063    33.373173    0.030107     0.007332     1.631783    
0.340126     1.677902     16.395113    16.601377    0.049542     0.244398     2.388064    
-1.210352    0.396010     12.249733    12.472076    -0.165324    0.054092     1.673207    
-0.447901    0.326297     10.195689    10.398756    -0.044875    0.032691     1.021494    
0.717505     1.371014     91.342385    91.376697    0.003141     0.006002     0.399882    
-0.006076    1.010102     10.006059    10.247757    -0.000668    0.111031     1.099871    
-0.781178    -0.065224    11.370634    11.566363    -0.071253    -0.005949    1.037135    
0.827976     1.654861     27.717334    27.848693    0.006246     0.012485     0.209104    
0.326533     0.258383     17.980760    18.092984    0.009861     0.007803     0.542976    
0.029737     0.811503     162.284628   162.298598   0.001236     0.033733     6.745877    
-1.116753    0.682753     27.094432    27.197362    -0.058578    0.035813     1.421199    
-0.434304    1.378750     28.605227    28.709293    -0.009147    0.029040     0.602490    
-0.142982    2.154786     44.021551    44.118425    -0.014364    0.216467     4.422348    
2.441329     0.427588     26.842212    27.028174    0.237623     0.041619     2.612649    
-1.446519    0.840404     32.065466    32.169361    -0.039421    0.022903     0.873860    
-0.088054    2.316218     49.753282    49.846130    -0.002789    0.073357     1.575746    
0.035287     0.795549     13.577422    13.742470    0.008897     0.200590     3.423412    
-1.517840    -0.200137    31.208891    31.308365    -0.154412    -0.020360    3.174918    
-0.303863    0.253126     74.194942    74.222105    -0.047765    0.039790     11.662994   
1.208688     0.428130     146.625886   146.644705   0.004876     0.001727     0.591559    
0.293897     2.055782     17.763236    17.992224    0.013812     0.096613     0.834800    
0.880968     0.372551     44.866575    44.919922    0.349889     0.147964     17.819398   
0.471716     -0.717904    43.103482    43.156958    0.007230     -0.011004    0.660676    
1.144107     0.502786     34.262812    34.342059    0.001881     0.000827     0.056328    
1.118394     -0.004107    12.930661    13.127368    0.007622     -0.000028    0.088128    
-0.813087    -0.350361    18.840049    18.963287    -0.046516    -0.020044    1.077824    
-2.357902    0.221323     18.003203    18.264692    -0.483443    0.045378     3.691214    
1.597726     -0.474987    46.599865    46.671198    0.015406     -0.004580    0.449351    
-0.388390    -0.078065    62.037959    62.070446    -0.045107    -0.009066    7.205064    
0.286157     0.817312     112.448935   112.469498   0.018485     0.052796     7.263860    
0.523092     -0.591816    20.995124    21.101992    0.010877     -0.012306    0.436561    
-1.184619    0.944667     33.587551    33.679285    -0.130806    0.104311     3.708760    
-1.473817    -0.849868    21.253892    21.412550    -0.049189    -0.028365    0.709355    
-1.323507    0.550814     102.427407   102.456351   -0.125460    0.052214     9.709463    
0.322630     1.041965     6.723536     7.090181     0.022957     0.074141     0.478413    
2.577653     0.347336     25.624291    25.831070    0.169463     0.022835     1.684617    
0.747471     -0.459540    21.360931    21.469379    0.093053     -0.057209    2.659245    
-0.018052    -1.298110    31.383346    31.471809    -0.001612    -0.115934    2.802839    
1.221352     -0.658028    23.903440    24.024447    0.186863     -0.100676    3.657142    
0.940246     -1.641932    21.445748    21.618859    0.040020     -0.069886    0.912797    
1.589160     -0.111879    10.491304    10.792607    0.068239     -0.004804    0.450500    
-0.089613    1.383425     11.973244    12.212920    -0.013531    0.208883     1.807836    
-0.814611    -1.293804    19.327687    19.487739    -0.058897    -0.093542    1.397398    
-0.049311    -1.260993    60.116184    60.161642    -0.004545    -0.116238    5.541502    
0.370285     1.328211     37.853265    37.929485    0.036678     0.131565     3.749527    
-0.340798    0.453598     22.552218    22.645074    -0.014714    0.019585     0.973721    
-0.594393    -2.114760    85.590776    85.641587    -0.023259    -0.082753    3.349268    
0.721123     -1.162051    8.050789     8.400032     0.013864     -0.022342    0.154785    
0.662927     -1.113177    48.039441    48.097209    0.028745     -0.048268    2.083023    
0.495932     -0.168751    10.085377    10.289033    0.021952     -0.007470    0.446418    
-0.797622    -1.330668    12.989180    13.228780    -0.019873    -0.033154    0.323625    
-0.946483    2.391404     39.458211    39.590908    -0.008291    0.020948     0.345643    
0.305280     0.723234     41.759246    41.812986    0.006819     0.016156     0.932815    
-1.130153    -2.129790    18.012389    18.279342    -0.020635    -0.038886    0.328876    
0.442921     0.757534     11.772806    11.968456    0.007124     0.012184     0.189348    
2.148105     0.235402     17.819137    18.057308    0.186125     0.020397     1.543958    
-1.353402    -1.576796    19.250944    19.462574    -0.110100    -0.128274    1.566080    
0.688487     2.256795     46.814916    46.915653    0.016716     0.054794     1.136654    
-0.857120    -2.660096    63.666843    63.758549    -0.039001    -0.121042    2.897016    
-1.711044    0.840364     15.120833    15.367121    -0.101478    0.049840     0.896778    
1.468745     -0.163845    22.632010    22.765475    0.042756     -0.004770    0.658834    
1.513807     -1.537574    14.818263    15.103365    0.035434     -0.035990    0.346852    
-1.022084    -0.594771    42.902617    42.964030    -0.029113    -0.016941    1.222038    
-0.044317    -0.056854    45.376683    45.419418    -0.001014    -0.001301    1.038257    
-0.905408    0.001913     12.105821    12.298196    -0.056034    0.000118     0.749209    
0.382492     0.850107     88.276484    88.303350    0.028353     0.063016     6.543630    
-2.921529    -0.475498    66.919775    67.014122    -0.387218    -0.063022    8.869504    
-0.068622    -1.285164    8.806866     9.115493     -0.009209    -0.172462    1.181834    
1.358106     -1.091213    94.689140    94.725621    0.084311     -0.067742    5.878278    
-0.550384    0.451440     11.196020    11.390019    -0.000813    0.000667     0.016540    
-0.843828    0.123901     53.960692    54.003321    -0.030674    0.004504     1.961547    
2.541599     -0.622170    40.294950    40.427772    0.500538     -0.122529    7.935615    
-0.811210    1.064037     46.453164    46.514101    -0.049569    0.065019     2.838545    
0.818351     -1.307144    14.074325    14.294751    0.027566     -0.044030    0.474083    
-1.479515    -0.657045    64.042987    64.093680    -0.038033    -0.016890    1.646306    
1.908721     -0.814954    15.311233    15.576141    0.416405     -0.177790    3.340289    
-1.136634    -0.416602    9.890530     10.156920    -0.153964    -0.056432    1.339737    
-1.125141    -1.867102    65.801893    65.867413    -0.027351    -0.045388    1.599586    
2.069546     -0.374423    22.109324    22.296196    0.042406     -0.007672    0.453034    
-1.400460    -0.744169    69.801546    69.847304    -0.048998    -0.026036    2.442161    
0.157759     -1.388697    72.211108    72.251453    0.032101     -0.282574    14.693620   
-0.066956    -0.625503    14.773602    14.917440    -0.000694    -0.006485    0.153178    
-0.328285    -0.416829    32.188379    32.252879    -0.025546    -0.032436    2.504757    
0.428618     -1.294945    88.657469    88.689809    0.001703     -0.005147    0.352353    
-0.497765    0.057267     44.948774    44.994647    -0.055251    0.006357     4.989261    
-1.030056    -0.266071    67.394237    67.431372    -0.023332    -0.006027    1.526545    
0.215928     -0.006285    38.309882    38.361031    0.028268     -0.000823    5.015248    
0.867503     0.257864     14.307779    14.470886    0.217629     0.064690     3.589368    
0.295753     0.150767     34.835657    34.892810    0.048854     0.024904     5.754335    
0.077047     -0.789360    65.926686    65.960836    0.002381     -0.024398    2.037714    
-0.678346    1.394805     30.710963    30.813046    -0.094952    0.195238     4.298774    
1.235834     0.785158     119.646725   119.671874   0.060003     0.038122     5.809173    
2.196274     -1.814517    18.018802    18.348523    0.024641     -0.020358    0.202162    
-1.970444    0.339211     16.877431    17.109072    -0.027240    0.004689     0.233321    
-1.515153    -0.040966    25.462875    25.583791    -0.136686    -0.003696    2.297071    
-0.100469    -0.230779    11.595598    11.764191    -0.001818    -0.004176    0.209849    
-0.220365    -0.378282    14.150514    14.293483    -0.001865    -0.003202    0.119769    
2.825890     -0.441816    146.465500   146.506650   0.096348     -0.015064    4.993728    
-1.460583    -1.297137    209.300126   209.318498   -0.189960    -0.168703    27.221084   
-0.497279    1.271651     91.926049    91.957261    -0.010623    0.027165     1.963722    
0.862379     -0.997107    18.854939    19.003199    0.010617     -0.012276    0.232128    
-0.352319    -0.639688    95.871263    95.894251    -0.024173    -0.043890    6.577855    
-1.168924    -0.246280    92.596186    92.624811    -0.100214    -0.021114    7.938467    
-0.920642    0.800071     22.665537    22.783530    -0.026746    0.023243     0.658460    
0.590137     0.756357     38.809257    38.870988    0.025781     0.033042     1.695421    
1.666326     -0.133864    8.520028     8.902831     0.015917     -0.001279    0.081385    
-1.012480    -0.155213    29.462036    29.545486    -0.045563    -0.006985    1.325818    
-2.382201    0.423776     55.007508    55.095874    -0.212707    0.037839     4.911619    
1.283123     2.089476     30.178190    30.341562    0.036258     0.059043     0.852759    
0.644116     1.214843     34.488179    34.571668    0.040250     0.075914     2.155134    
-0.023099    0.371902     19.764268    19.865550    -0.001650    0.026571     1.412108    
0.350171     0.394314     18.816927    18.926960    0.024608     0.027710     1.322355    
1.074853     0.688692     22.506881    22.628837    0.003652     0.002340     0.076464    
-1.020139    -0.677968    77.557492    77.592138    -0.142678    -0.094822    10.847327   
-0.352732    -0.208170    5.951320     6.281792     -0.031244    -0.018439    0.527143    
0.752284     -0.564235    67.788902    67.823996    0.067541     -0.050658    6.086217    
0.061809     1.936011     28.270067    28.404640    0.012451     0.390005     5.694937    
0.417589     -1.016614    12.065503    12.274331    0.007335     -0.017857    0.211929    
0.994739     -0.279770    25.033620    25.132148    0.019151     -0.005386    0.481945    
0.302759     -1.987318    52.081491    52.157432    0.003556     -0.023339    0.611656    
1.175586     2.046012     36.116045    36.246542    0.079524     0.138406     2.443128    
-0.157353    1.416870     39.270616    39.345756    -0.023201    0.208909     5.790231    
-0.607684    -0.009836    5.174452     5.569495     -0.051858    -0.000839    0.441576    
0.786039     0.167899     61.336080    61.372923    0.073047     0.015603     5.699999    
1.087978     -1.738760    55.285105    55.358150    0.025997     -0.041548    1.321044    
0.331513     0.672154     15.676309    15.817184    0.047712     0.096738     2.256174    
-2.953136    -0.555741    41.189283    41.345638    -0.017162    -0.003230    0.239364    
0.142568     -0.846131    76.591575    76.621672    0.023775     -0.141105    12.772763   
2.895116     -0.004096    50.344583    50.466164    0.181137     -0.000256    3.149882    
0.508027     -0.137430    10.594364    10.788534    0.000749     -0.000203    0.015623    
-1.210412    0.661724     40.544887    40.616078    -0.003397    0.001857     0.113780    
-0.566566    0.498978     130.492540   130.509571   -0.023666    0.020842     5.450712    
-1.643968    -2.640726    105.007194   105.071699   -0.528459    -0.848871    33.754928   
-0.437526    -0.405643    30.593021    30.662091    -0.014187    -0.013154    0.992026    
-0.699037    -0.383214    46.362701    46.411319    -0.153518    -0.084159    10.181860   
0.123855     -1.015245    110.375701   110.397991   0.002456     -0.020129    2.188407    
-0.549710    1.418954     56.468866    56.523653    -0.091378    0.235873     9.386841    
-1.229401    -0.655533    20.319388    20.462005    -0.038662    -0.020615    0.639005    
-1.080221    1.372847     70.727247    70.776196    -0.119655    0.152069     7.834408    
0.485038     -1.183801    9.828151     10.104659    0.063632     -0.155301    1.289344    
1.093008     -0.945170    92.744889    92.777030    0.300608     -0.259949    25.507475   
1.552610     0.510026     103.417595   103.449237   0.218816     0.071880     14.575109   
-0.429175    0.159935     21.932575    22.025498    -0.047011    0.017519     2.402441    
-0.722452    -0.194530    76.071062    76.100205    -0.060039    -0.016166    6.321796    
-0.044890    0.019861     39.785163    39.833862    -0.002067    0.000915     1.832022    
-0.734472    -0.381112    79.764053    79.792630    -0.036422    -0.018899    3.955479    
-1.527328    0.635775     48.366924    48.435227    -0.056329    0.023448     1.783794    
0.368252     0.564211     9.050001     9.286088     0.006929     0.010617     0.170294    
-0.201282    -0.033931    31.984981    32.046149    -0.020541    -0.003463    3.264051    
0.654407     1.151074     19.599269    19.742328    0.050043     0.088024     1.498781    
-0.485494    -0.264488    168.836283   168.848663   -0.000717    -0.000390    0.249267    
0.298769     1.232280     10.853199    11.102913    0.024327     0.100338     0.883721    
-1.829186    1.086822     72.267531    72.325639    -0.188572    0.112041     7.450092    
-2.723744    0.476909     29.309602    29.505490    -0.397562    0.069610     4.278076    
0.937031     -0.138079    78.775730    78.806013    0.092781     -0.013672    7.800090    
0.978686     -0.364895    17.164214    17.308269    0.016033     -0.005978    0.281191    
0.067309     1.261258     12.654085    12.868416    0.006858     0.128503     1.289256    
-0.381718    -0.300899    12.759505    12.919604    -0.023490    -0.018516    0.785183    
0.184579     -1.565423    88.217843    88.253881    0.005206     -0.044151    2.488077    
0.673653     -0.860499    41.471204    41.532276    0.026453     -0.033791    1.628520    
-1.649262    0.487119     46.947619    47.020328    -0.220458    0.065114     6.275529    
1.242431     0.685975     56.075745    56.128231    0.047391     0.026166     2.138944    
1.443022     1.118167     57.474331    57.537000    0.036728     0.028459     1.462828    
-0.467276    0.734530     49.931277    49.977648    -0.006394    0.010051     0.683228    
-0.818324    0.197808     11.172634    11.375917    -0.211563    0.051140     2.888486    
0.404726     -2.884919    44.404312    44.543287    0.031322     -0.223263    3.436429    
1.088862     -2.252074    27.476639    27.660407    0.026384     -0.054570    0.665781    
0.763463     1.574671     22.474882    22.628693    0.026869     0.055419     0.790975    
-0.562603    -0.535277    35.645951    35.708708    -0.003177    -0.003023    0.201288    
0.907251     0.353677     33.010597    33.083570    0.083079     0.032387     3.022848    
0.097140     -0.445312    55.484010    55.520790    0.000471     -0.002161    0.269208    
-2.125793    0.702417     58.365046    58.441132    -0.208671    0.068950     5.729199    
1.297660     0.223223     24.323864    24.438884    0.142840     0.024571     2.677442    
1.055374     0.473891     21.488848    21.609811    0.096282     0.043233     1.960439    
-0.112429    0.768144     56.995881    57.035148    -0.007110    0.048581     3.604656    
-1.259865    0.000083     31.831139    31.916824    -0.009113    0.000001     0.230250    
1.758732     -1.465401    82.978987    83.033895    0.198059     -0.165026    9.344674    
-0.305157    0.253737     13.597138    13.744621    -0.009586    0.007971     0.427145    
0.937729     -0.124412    6.248440     6.619121     0.002467     -0.000327    0.016438    
-0.758321    0.585904     63.413744    63.451527    -0.030625    0.023662     2.560997    
1.655043     -0.981096    17.060715    17.281338    0.287181     -0.170239    2.960353    
-0.609506    1.029210     34.076753    34.154514    -0.005522    0.009324     0.308726    
0.850971     -0.417129    23.955863    24.055280    0.066391     -0.032544    1.869002    
-0.101720    1.191277     29.948948    30.037375    -0.027011    0.316341     7.952879    
-1.608603    0.027420     51.578807    51.641424    -0.114099    0.001945     3.658523    
-0.382876    -0.814614    37.342042    37.404722    -0.002752    -0.005856    0.268418    
0.163430     -1.151215    112.072134   112.095452   0.022978     -0.161858    15.757073   
-0.326666    0.638518     57.653775    57.691829    -0.034155    0.066761     6.028046    
-0.468200    -0.062499    83.451824    83.476374    -0.051056    -0.006815    9.100186    
-0.918569    1.362563     18.160174    18.340317    -0.036270    0.053801     0.717052    
1.104701     -1.653586    20.914622    21.100973    0.014055     -0.021038    0.266086    
0.788490     -1.804966    108.063931   108.099804   0.034379     -0.078698    4.711697    
0.949017     0.240071     65.002628    65.039795    0.075220     0.019028     5.152147    
0.331460     0.333027     89.763400    89.786211    0.007177     0.007211     1.943582    
1.339726     -1.356844    8.878448     9.291808     0.032835     -0.033254    0.217599    
0.646802     -2.664956    49.857009    49.971159    0.039097     -0.161089    3.013718    
-0.262954    -0.729948    28.055384    28.135058    -0.021325    -0.059198    2.275279    
0.344321     -1.137281    86.334511    86.365125    0.030871     -0.101966    7.740584    
0.068469     -1.108042    38.129952    38.196867    0.001471     -0.023806    0.819215    
-0.393633    -1.686990    75.187772    75.233482    -0.024971    -0.107018    4.769707    
-0.868428    0.370027     48.036282    48.085865    -0.082111    0.034987     4.541915    
2.180244     -0.240657    31.917842    32.053626    0.083507     -0.009218    1.222502    
-0.851283    1.709260     49.446408    49.522404    -0.002052    0.004119     0.119169    
1.208703     -0.120787    44.431893    44.492062    0.019077     -0.001906    0.701283    
0.458925     1.224394     17.034702    17.197842    0.043421     0.115844     1.611716    
-1.702500    -0.445654    63.031588    63.086870    -0.295381    -0.077320    10.935896   
-0.927920    0.115212     24.754143    24.849886    -0.038391    0.004767     1.024154    
-0.255546    1.050656     29.670989    29.755869    -0.009876    0.040603     1.146656    
-0.625291    -1.190342    61.150345    61.196793    -0.021240    -0.040434    2.077191    
-0.563953    -1.462544    27.686249    27.800367    -0.077171    -0.200134    3.788572    
0.543405     1.121200     7.111223     7.483103     0.006012     0.012405     0.078678    
0.423340     -0.354741    80.523621    80.549572    0.061677     -0.051683    11.731615   
-0.608443    -0.144436    36.949558    37.007241    -0.034992    -0.008307    2.124971    
0.553159     0.633906     17.387168    17.518459    0.042419     0.048611     1.333324    
0.631987     0.317315     35.917246    35.978099    0.099113     0.049764     5.632789    
-0.563267    1.923699     78.868780    78.918802    -0.028417    0.097050     3.978902    
1.279830     0.950623     18.018109    18.195298    0.011906     0.008843     0.167615    
-1.604257    1.419678     46.327559    46.418819    -0.146152    0.129336     4.220556    
-0.784404    -0.999919    42.985597    43.049409    -0.113994    -0.145314    6.246898    
1.600684     -0.447893    20.563701    20.724467    0.057296     -0.016032    0.736074    
-1.399879    1.189663     38.671692    38.765315    -0.003253    0.002765     0.089866    
0.208731     -0.230550    70.610218    70.638337    0.005069     -0.005599    1.714773    
1.225797     0.086456     159.844719   159.861563   0.008258     0.000582     1.076795    
2.694740     0.694569     41.483871    41.623678    0.267442     0.068933     4.117103    
0.185539     -0.634614    45.980080    46.026947    0.007381     -0.025246    1.829149    
-2.510405    -0.194806    36.583719    36.723065    -0.171762    -0.013329    2.503054    
0.661268     0.045583     72.991860    73.021407    0.076462     0.005271     8.440009    
0.554921     -1.408458    21.978120    22.117966    0.069285     -0.175855    2.744103    
0.076335     -0.585168    121.474653   121.492035   0.008022     -0.061497    12.766025   
-0.476160    -0.552201    23.276756    23.371221    -0.194439    -0.225490    9.505012    
1.313247     1.765667     50.786223    50.871973    0.158373     0.212934     6.124653    
-0.517016    1.107551     33.044104    33.125243    -0.015305    0.032787     0.978210    
-0.550481    0.724165     44.243692    44.296802    -0.011455    0.015070     0.920704    
1.300127     -1.381128    91.618537    91.659310    0.069651     -0.073990    4.908201    
-0.392524    0.494015     83.064686    83.090403    -0.003862    0.004860     0.817179    
0.760932     -1.024782    10.273115    10.537601    0.034804     -0.046872    0.469881    
-1.284124    -1.649141    61.361881    61.429017    -0.114638    -0.147225    5.477995    
0.345972     0.305536     8.468582     8.706600     0.057715     0.050970     1.412731    
0.813006     0.981278     27.063474    27.164875    0.180670     0.218065     6.014188    
0.122531     2.349989     76.514793    76.576275    0.000371     0.007119     0.231786    
-1.498446    1.199359     27.308374    27.446421    -0.125360    0.100338     2.284616    
0.616015     -1.148683    50.203527    50.259009    0.084506     -0.157578    6.886987    
-0.452243    0.185242     52.630153    52.669220    -0.041017    0.016801     4.773331    
0.018866     -0.579962    43.981491    44.029345    0.000171     -0.005258    0.398769    
-0.714218    -0.725557    113.100230   113.121941   -0.050429    -0.051230    7.985762    
-0.338388    -1.187359    13.330819    13.531815    -0.017359    -0.060909    0.683848    
-1.336256    -0.551866    13.683449    13.899707    -0.166700    -0.068846    1.707036    
-0.019867    1.153067     9.123564     9.404484     -0.003006    0.174479     1.380550    
0.900695     -0.991566    26.110771    26.219111    0.026603     -0.029287    0.771214    
0.562913     -0.063670    106.783037   106.802682   0.006031     -0.000682    1.144128    
-0.263232    -0.999163    16.856864    17.002836    -0.019102    -0.072505    1.223227    
0.263360     -0.908381    12.620897    12.808454    0.000398     -0.001372    0.019065    
0.416939     -0.934246    42.792074    42.849541    0.012471     -0.027945    1.279995    
-0.834253    0.695608     7.110991     7.457949     -0.013512    0.011266     0.115172    
-0.967592    0.884728     20.313743    20.450968    -0.177796    0.162569     3.732663    
-0.660660    -0.675763    21.638811    21.748706    -0.070767    -0.072385    2.317858    
-0.419635    -0.458427    43.971926    44.020353    -0.011127    -0.012156    1.165990    
-0.372623    -0.111927    33.655052    33.714816    -0.073828    -0.022176    6.668053    
0.961493     0.586085     18.412271    18.551406    0.036742     0.022396     0.703598    
-0.958559    -0.092566    54.786176    54.829986    -0.005929    -0.000573    0.338887    
1.662750     0.025312     27.554032    27.674266    0.323939     0.004931     5.368112    
-1.933898    0.306712     17.644081    17.861203    -0.072104    0.011436     0.657847    
-1.064070    -1.375256    24.396034    24.537013    -0.126281    -0.163212    2.895256    
-0.705811    -0.340994    15.407862    15.552865    -0.065123    -0.031463    1.421645    
-2.564854    -0.212775    137.769831   137.807928   -0.410719    -0.034072    22.061539   
-0.572698    -1.323635    29.315265    29.416657    -0.001756    -0.004059    0.089893    
1.420013     0.782562     17.907062    18.087749    0.143280     0.078961     1.806837    
-0.031328    -0.785503    125.002301   125.020271   -0.000036    -0.000903    0.143678    
1.170102     -1.270525    28.892965    29.011407    0.018249     -0.019815    0.450610    
0.440187     -0.059292    83.632201    83.656544    0.000977     -0.000132    0.185701    
-0.037448    0.480785     7.468193     7.738308     -0.000068    0.000870     0.013511    
-0.123360    -0.910288    19.981077    20.098812    -0.016455    -0.121421    2.665218    
0.791536     -0.586150    15.091402    15.251081    0.050813     -0.037628    0.968807    
0.603781     -0.663465    31.857240    31.930603    0.056147     -0.061698    2.962499    
0.892544     1.444203     37.231622    37.322258    0.150382     0.243330     6.273063    
-0.155809    -0.721602    6.287424     6.629603     -0.005544    -0.025674    0.223701    
1.714659     1.265074     33.115689    33.242507    0.268022     0.197747     5.176386    
1.137296     1.101735     14.369548    14.589932    0.017347     0.016804     0.219174    
0.533796     -0.150985    8.257341     8.506842     0.035612     -0.010073    0.550880    
0.326525     2.696679     86.435072    86.500146    0.045983     0.379762     12.172282   
2.266833     -0.335093    39.742604    39.857250    0.078361     -0.011584    1.373834    
0.359449     0.978640     60.040098    60.081405    0.009635     0.026233     1.609381    
-0.521345    -0.495389    10.030320    10.246925    -0.003651    -0.003469    0.070242    
0.155664     1.291302     70.256095    70.295700    0.027474     0.227912     12.400040   
0.774482     -0.434896    36.603040    36.666694    0.076612     -0.043020    3.620793    
-0.470785    -0.268560    53.129971    53.169187    -0.002672    -0.001524    0.301495    
-0.727766    -1.990506    34.192084    34.314214    -0.011669    -0.031915    0.548228    
0.412547     -1.765404    32.022152    32.133783    0.138554     -0.592911    10.754639   
-1.692270    -0.249115    76.454049    76.498513    -0.092341    -0.013593    4.171804    
-2.079792    -1.725666    25.843936    26.059306    -0.186373    -0.154639    2.315911    
0.950715     -0.422812    23.679458    23.783909    0.102021     -0.045372    2.541027    
-0.556029    -2.034953    11.745637    12.094839    -0.190205    -0.696111    4.017914    
-1.020866    0.116808     83.721480    83.750922    -0.038708    0.004429     3.174422    
-0.747007    -0.167486    31.415988    31.486907    -0.018271    -0.004096    0.768390    
-0.000297    -0.495916    8.741439     8.974054     -0.000005    -0.008989    0.158447    
-1.427427    2.019655     85.088514    85.147207    -0.049561    0.070124     2.954339    
-0.840669    0.077515     78.512468    78.541679    -0.145465    0.013413     13.585369   
-1.814257    0.934951     20.471908    20.667357    -0.010702    0.005515     0.120757    
0.576867     0.281428     56.525373    56.563281    0.030091     0.014680     2.948492    
-1.282342    -0.923346    151.187154   151.208225   -0.086546    -0.062317    10.203666   
0.595001     -0.706939    81.668962    81.697908    0.060580     -0.071977    8.315106    
0.548547     0.773033     50.441109    50.488404    0.109308     0.154041     10.051293   
-0.436610    -0.204791    4.979502     5.376147     -0.171697    -0.080534    1.958189    
-0.961185    0.310025     7.947637     8.249841     -0.176420    0.056903     1.458743    
-0.633591    -1.526697    16.049622    16.254155    -0.025818    -0.062211    0.654005    
-0.646790    1.061409     17.455964    17.610524    -0.092592    0.151947     2.498926    
-1.677013    -0.506038    31.838403    31.947258    -0.018229    -0.005501    0.346090    
-0.742934    0.512013     28.839245    28.920427    -0.057031    0.039304     2.213831    
2.092487     0.160097     82.157669    82.208039    0.255108     0.019518     10.016333   
0.870772     -0.614175    43.704344    43.761628    0.105263     -0.074244    5.283185    
-1.240440    0.580266     51.110591    51.166814    -0.032308    0.015113     1.331198    
-0.497610    0.303448     39.313066    39.366633    -0.004906    0.002992     0.387579    
0.063219     -0.769313    8.237576     8.504613     0.000065     -0.000787    0.008424    
0.125640     -0.894859    7.559542     7.863726     0.007120     -0.050708    0.428369    
0.592620     -1.800168    15.263920    15.506579    0.015842     -0.048123    0.408040    
0.452137     -1.544378    84.185696    84.224082    0.006870     -0.023465    1.279087    
1.760843     -0.556950    13.774394    14.036369    0.247210     -0.078192    1.933828    
1.358925     0.771333     214.728651   214.743359   0.022713     0.012892     3.589031    
0.711186     -1.049122    15.087878    15.268447    0.056139     -0.082815    1.190996    
-0.362112    1.151559     39.256997    39.324852    -0.030690    0.097599     3.327192    
-1.175906    -1.639070    38.988676    39.090423    -0.248343    -0.346159    8.234115    
-0.354455    -1.710612    68.937639    68.987860    -0.022685    -0.109478    4.411958    
-0.777886    0.959407     26.534540    26.636109    -0.168949    0.208373     5.763033    
0.444751     -0.700794    80.882897    80.911105    0.015932     -0.025104    2.897388    
-0.358893    0.859799     81.560715    81.589786    -0.021415    0.051304     4.866707    
-0.457437    0.326269     36.878477    36.935250    -0.089978    0.064177     7.253979    
-0.173940    1.136771     26.418692    26.516876    -0.043528    0.284474     6.611216    
-0.111398    -0.346452    37.390845    37.444394    -0.010780    -0.033525    3.618179    
-0.235528    0.313973     36.420506    36.475777    -0.020939    0.027914     3.237940    
2.912823     0.666454     80.638066    80.717416    0.139662     0.031955     3.866383    
-0.439348    -0.089912    19.752151    19.855064    -0.007288    -0.001492    0.327674    
1.740162     0.198051     23.322236    23.470599    0.079795     0.009082     1.069436    
-1.676449    2.184256     23.352537    23.596554    -0.043190    0.056272     0.601623    
-2.027421    -0.045491    101.840455   101.879663   -0.057303    -0.001286    2.878434    
2.299135     0.311435     39.151760    39.269814    0.243132     0.032934     4.140275    
0.026158     -0.989292    43.013734    43.070125    0.005953     -0.225157    9.789655    
-0.670287    1.620656     63.152695    63.207702    -0.015031    0.036342     1.416151    
0.453898     -0.665049    15.387915    15.534195    0.041958     -0.061477    1.422451    
-0.701657    -1.508925    28.810955    28.926031    -0.014351    -0.030862    0.589279    
-1.116520    -1.571720    20.777910    20.959805    -0.053429    -0.075212    0.994297    
-0.597126    -2.854733    45.925570    46.060167    -0.028568    -0.136579    2.197215    
0.280109     0.466330     9.250389     9.473151     0.016456     0.027396     0.543439    
-0.755096    -0.657159    25.194467    25.291069    -0.055283    -0.048113    1.844577    
-0.108358    0.085318     18.272300    18.378545    -0.012895    0.010153     2.174505    
-0.987415    -0.737726    20.581773    20.712401    -0.006742    -0.005037    0.140539    
-0.204430    0.749181     45.636714    45.685749    -0.003033    0.011115     0.677101    
0.451300     0.950563     109.773665   109.796356   0.013692     0.028839     3.330363    
0.483916     1.876641     73.890219    73.941837    0.047624     0.184688     7.271845    
-1.854757    -1.607192    22.393384    22.613310    -0.004180    -0.003622    0.050470    
-1.037211    0.550612     55.376545    55.423963    -0.037898    0.020119     2.023388    
0.137376     -2.276633    51.139453    51.228122    0.035231     -0.583850    13.114877   
1.893180     -0.186932    49.251595    49.327615    0.124316     -0.012275    3.234119    
0.873359     -1.107282    68.195509    68.238488    0.017671     -0.022404    1.379811    
0.972350     1.336137     9.266547     9.616370     0.087007     0.119560     0.829185    
1.257137     0.834769     23.653308    23.783002    0.083256     0.055284     1.566486    
0.425372     1.353224     47.077367    47.139852    0.026571     0.084530     2.940714    
0.278187     2.426592     127.139368   127.178063   0.019155     0.167084     8.754239    
0.530708     -0.613032    24.180544    24.274083    0.047883     -0.055310    2.181670    
-0.361718    -0.387451    24.815480    24.899076    -0.094436    -0.101154    6.478715    
-0.827897    0.703805     58.509237    58.552425    -0.054643    0.046452     3.861709    
1.315668     -1.128204    83.819360    83.860384    0.234709     -0.201267    14.953001   
1.576038     0.015001     70.742361    70.787292    0.087728     0.000835     3.937779    
0.273533     -0.887958    20.445348    20.560897    0.004590     -0.014901    0.343101    
0.302835     1.535587     26.897368    27.014683    0.043497     0.220560     3.863325    
-1.450275    -2.112542    27.237251    27.428251    -0.635051    -0.925047    11.926736   
2.171200     -0.055723    24.111613    24.289134    0.093275     -0.002394    1.035843    
-0.640783    -0.303702    16.647676    16.778645    -0.064193    -0.030424    1.667738    
1.727995     -1.379969    20.342724    20.557035    0.059606     -0.047601    0.701705    
-1.510448    0.099140     32.736201    32.830246    -0.252406    0.016567     5.470431    
-0.336500    0.894697     38.561535    38.623577    -0.047901    0.127360     5.489215    
-0.358576    0.937945     19.817615    19.940439    -0.003149    0.008237     0.174040    
0.933279     0.634305     25.031102    25.133729    0.006392     0.004344     0.171436    
-0.738148    1.614793     50.180071    50.250043    -0.068885    0.150695     4.682885    
-0.428921    2.472425     68.664754    68.738783    -0.010363    0.059736     1.658994    
-0.683674    0.245119     46.977766    47.024599    -0.069238    0.024824     4.757573    
-1.933168    2.470779     51.586125    51.718905    -0.180485    0.230678     4.816207    
-0.196102    -0.196292    40.639654    40.688247    -0.001544    -0.001545    0.319931    
0.673693     0.004511     23.445046    23.537183    0.073839     0.000494     2.569652    
0.505135     1.968879     58.286026    58.354669    0.041548     0.161941     4.794047    
0.476457     -1.828597    156.918377   156.942100   0.002175     -0.008346    0.716190    
2.083775     -0.088400    29.253071    29.393317    0.038756     -0.001644    0.544072    
0.629010     -0.829092    17.013208    17.158300    0.017687     -0.023314    0.478400    
-1.851878    1.963045     82.787285    82.854647    -0.001081    0.001146     0.048336    
0.048334     1.026115     12.702868    12.895467    0.000963     0.020454     0.253209    
0.178481     0.099819     23.362020    23.445698    0.050383     0.028178     6.594793    
2.137434     -0.417912    73.799019    73.857386    0.043516     -0.008508    1.502487    
-0.056097    -1.558103    89.076598    89.111987    -0.008607    -0.239046    13.666240   
1.602853     -0.857226    24.622168    24.767520    0.373477     -0.199740    5.737150    
-0.856408    0.851319     9.437096     9.715550     -0.292292    0.290555     3.220875    
-0.256326    -0.178682    26.338375    26.413682    -0.056595    -0.039452    5.815361    
-2.300823    0.080553     14.848087    15.153908    -0.059257    0.002075     0.382409    
1.209787     1.798395     38.378076    38.489602    0.032865     0.048855     1.042573    
0.280469     -2.114075    25.154324    25.321196    0.035750     -0.269472    3.206312    
0.614865     1.633615     51.681239    51.748161    0.039976     0.106211     3.360117    
1.058974     -0.165875    16.734012    16.883455    0.241568     -0.037838    3.817275    
0.642618     -0.317651    73.692545    73.722317    0.037781     -0.018675    4.332562    
0.843447     0.108173     14.252965    14.413364    0.119662     0.015347     2.022110    
0.075541     0.856625     119.563148   119.582443   0.007851     0.089026     12.425835   
1.364850     0.486075     46.354757    46.419151    0.123872     0.044115     4.207083    
1.412082     -0.658801    38.719225    38.800532    0.293111     -0.136750    8.037088    
0.027776     -0.474744    50.914667    50.954925    0.001644     -0.028093    3.012861    
-0.781318    0.344403     46.137461    46.187328    -0.054638    0.024085     3.226447    
-1.049745    -0.014985    11.648357    11.860074    -0.007126    -0.000102    0.079076    
-0.990774    -0.758469    10.360450    10.619359    -0.138753    -0.106220    1.450929    
-0.740660    -1.140949    25.345833    25.458526    -0.273492    -0.421301    9.359072    
0.995083     0.267177     13.559080    13.739911    0.203335     0.054595     2.770655    
1.649133     -0.388569    25.762701    25.893288    0.122763     -0.028926    1.917803    
0.732634     0.202201     74.460487    74.490380    0.015269     0.004214     1.551866    
1.394530     -1.130133    16.601708    16.814089    0.006262     -0.005075    0.074550    
-1.194280    -0.946886    83.611622    83.648677    -0.047906    -0.037982    3.353918    
-0.722663    1.242762     55.233017    55.286778    -0.080736    0.138841     6.170630    
-0.395845    -1.061920    49.912353    49.964011    -0.011412    -0.030614    1.438942    
-0.453140    -0.828447    15.556705    15.709159    -0.011596    -0.021201    0.398108    
0.068111     1.028058     73.607124    73.640649    0.015920     0.240299     17.204962   
1.219339     0.682756     47.035801    47.097712    0.049677     0.027816     1.916271    
0.185354     0.532644     10.789040    10.981639    0.001731     0.004975     0.100777    
-1.181589    0.580185     64.840023    64.883252    -0.145819    0.071600     8.001858    
2.391067     1.603615     31.786275    31.977039    0.038167     0.025597     0.507384    
0.412455     0.377748     65.082789    65.114954    0.027962     0.025609     4.412159    
-2.134698    2.076512     67.746452    67.840442    -0.091836    0.089333     2.914502    
0.262371     1.565370     8.863584     9.217228     0.003398     0.020276     0.114807    
-0.456743    0.415300     7.635192     7.908994     -0.010056    0.009143     0.168097    
1.347360     -1.832537    20.892145    21.107587    0.125741     -0.171020    1.949745    
0.412083     0.387555     6.266539     6.592759     0.022914     0.021550     0.348453    
0.366160     -0.317544    32.547321    32.610397    0.014762     -0.012802    1.312155    
-3.415563    -0.663258    101.736933   101.815443   -0.223775    -0.043454    6.665439    
-0.531393    -3.512446    48.985262    49.153337    -0.073171    -0.483651    6.745092    
0.665533     -0.913858    13.558327    13.747045    0.126354     -0.173499    2.574100    
1.240237     -1.150174    93.971522    94.007356    0.013961     -0.012947    1.057828    
0.794826     -0.977193    76.307279    76.343057    0.055791     -0.068591    5.356172    
0.337544     0.067132     12.055900    12.220397    0.073851     0.014688     2.637722    
-0.862242    -0.546407    35.562227    35.631292    -0.043937    -0.027843    1.812133    
-0.798731    0.418775     8.838267     9.099629     -0.054253    0.028445     0.600335    
-0.215441    -1.326998    32.040480    32.129031    -0.022261    -0.137113    3.310599    
0.910901     0.822610     51.281950    51.334392    0.098810     0.089233     5.562805    
-0.997291    -1.687693    106.763577   106.799716   -0.004945    -0.008369    0.529412    
-1.069544    0.099204     37.930699    37.996930    -0.044480    0.004126     1.577472    
0.474540     0.740880     20.351796    20.465695    0.042042     0.065639     1.803075    
0.105454     0.356432     12.187483    12.351027    0.004812     0.016264     0.556113    
1.934125     0.659595     88.774037    88.819370    0.050526     0.017231     2.319102    
-2.118221    -0.984036    26.436621    26.612498    -0.001881    -0.000874    0.023470    
0.598019     0.794341     123.276759   123.296484   0.007872     0.010456     1.622727    
1.019392     1.457754     32.809478    32.916576    0.025806     0.036904     0.830588    
-0.454821    1.017775     141.904550   141.922581   -0.033850    0.075748     10.561248   
0.486825     -0.707695    57.644151    57.684148    0.027727     -0.040307    3.283106    
0.391342     -1.809587    152.373470   152.397432   0.015550     -0.071905    6.054672    
-1.777522    -0.492727    46.801135    46.878817    -0.078038    -0.021632    2.054705    
0.297758     -0.850626    144.629023   144.645227   0.002156     -0.006159    1.047170    
-0.245353    -1.377469    28.413343    28.515796    -0.028621    -0.160688    3.314536    
0.940952     1.268195     40.505807    40.584345    0.038716     0.052180     1.666616    
-1.586664    -0.399092    33.130317    33.229048    -0.026897    -0.006765    0.561623    
-1.303020    -0.043156    79.318845    79.353978    -0.047533    -0.001574    2.893494    
0.134062     -1.029435    59.499960    59.541564    0.000534     -0.004099    0.236906    
-0.161963    -1.169991    57.758261    57.803865    -0.018249    -0.131824    6.507677    
0.367838     -1.321202    27.414157    27.518935    0.002884     -0.010359    0.214937    
2.364327     0.468912     30.404189    30.563043    0.085836     0.017024     1.103813    
-4.046219    1.005542     50.871587    51.080097    -0.275906    0.068567     3.468865    
-0.827235    1.651558     46.359694    46.438218    -0.016829    0.033599     0.943128    
2.870141     -1.134092    46.743843    46.886946    0.044177     -0.017456    0.719477    
-2.110920    -0.237029    94.857307    94.901506    -0.018187    -0.002042    0.817253    
-1.486651    0.243688     29.201492    29.306511    -0.300897    0.049322     5.910360    
0.815572     1.944808     42.777608    42.874773    0.067802     0.161679     3.556263    
-1.379331    -1.335910    43.374601    43.461686    -0.038312    -0.037106    1.204776    
-0.470799    0.650960     21.813867    21.917235    -0.000493    0.000682     0.022844    
0.305347     -0.650492    85.350575    85.376296    0.032932     -0.070156    9.205069    
0.899449     -2.789103    64.166324    64.263366    0.021680     -0.067229    1.546672    
0.604011     0.932139     17.873404    18.015750    0.022156     0.034192     0.655617    
1.439738     -0.603395    20.155538    20.311514    0.156690     -0.065669    2.193576    
-1.278398    1.098795     42.096378    42.176079    -0.157877    0.135697     5.198742    
1.725430     -1.624166    150.913133   150.944571   0.021337     -0.020085    1.866230    
0.782497     0.015340     34.353341    34.418592    0.051404     0.001008     2.256752    
-0.991307    -1.982161    26.992830    27.155100    -0.011107    -0.022209    0.302433    
-0.564576    -0.833647    16.360301    16.509032    -0.020305    -0.029981    0.588385    
-0.832182    0.576407     101.612626   101.636733   -0.015826    0.010962     1.932405    
1.263512     0.439108     105.043277   105.070235   0.015251     0.005300     1.267879    
0.923389     -0.809643    53.205016    53.255580    0.032230     -0.028259    1.857044    
-1.796938    0.020007     110.013476   110.045760   -0.285550    0.003179     17.482174   
1.382873     -0.285666    62.601443    62.648300    0.013456     -0.002780    0.609136    
-0.512049    0.286782     122.515491   122.532710   -0.030607    0.017142     7.323240    
2.161540     -0.554040    60.999521    61.072054    0.242944     -0.062271    6.855989    
-1.583598    -0.368872    124.308454   124.334671   -0.126887    -0.029556    9.960317    
0.862132     2.037565     84.267125    84.319145    0.090901     0.214835     8.884874    
-0.366492    -0.781308    6.639977     6.979184     -0.077759    -0.165771    1.408808    
2.237980     -0.422625    48.393362    48.486902    0.836771     -0.158018    18.094072   
-0.780553    1.068412     94.736064    94.765751    -0.074894    0.102514     9.089907    
-0.409314    -1.506966    31.012248    31.113871    -0.008664    -0.031899    0.656454    
0.125206     -0.828948    28.285740    28.366545    0.009687     -0.064135    2.188454    
-1.412645    1.557313     59.401651    59.471437    -0.051907    0.057223     2.182680    
1.734363     -0.511225    39.443724    39.534183    0.209822     -0.061848    4.771874    
-0.263234    -1.371584    55.383544    55.436112    -0.009803    -0.051077    2.062464    
-0.210470    -0.847253    15.525587    15.674212    -0.009552    -0.038452    0.704622    
-1.526207    -0.814020    78.249153    78.293019    -0.174100    -0.092858    8.926170    
0.036315     -0.401597    42.775184    42.822353    0.000293     -0.003237    0.344749    
-1.035830    -0.542800    85.747413    85.777977    -0.016510    -0.008652    1.366755    
-0.486679    -0.205115    21.920556    22.015101    -0.098695    -0.041596    4.445348    
0.729278     0.014207     17.408708    17.534826    0.007436     0.000145     0.177506    
0.113177     0.258320     15.494167    15.621258    0.009099     0.020767     1.245620    
-1.447687    -0.121441    52.930900    52.987410    -0.209260    -0.017554    7.651047    
-0.884912    2.189872     110.165877   110.208774   -0.009376    0.023203     1.167265    
0.657661     -0.253212    136.477026   136.493041   0.058014     -0.022337    12.039093   
-1.450565    0.726070     61.281810    61.334872    -0.029039    0.014535     1.226807    
-2.500842    0.410003     53.014264    53.111293    -0.347981    0.057050     7.376697    
0.306729     0.483271     77.317312    77.344485    0.020600     0.032457     5.192723    
-0.785864    1.888841     71.624531    71.680777    -0.021977    0.052823     2.003036    
-0.562783    0.878948     11.877345    12.084517    -0.017816    0.027825     0.376001    
-1.576775    0.986265     24.109047    24.260669    -0.226721    0.141813     3.466587    
-0.288273    0.789316     9.109982     9.358037     -0.025674    0.070298     0.811355    
-1.116622    -1.208653    64.111832    64.163149    -0.004544    -0.004919    0.260903    
0.300675     0.877919     145.826348   145.842585   0.012326     0.035989     5.977987    
-1.462586    -0.924176    17.338840    17.535780    -0.063448    -0.040091    0.752169    
-0.621310    -0.410840    86.560802    86.586385    -0.004936    -0.003264    0.687709    
-0.572372    1.344912     122.116192   122.140803   -0.007735    0.018175     1.650246    
-0.750155    -2.341870    32.805071    32.955951    -0.011087    -0.034613    0.484858    
1.585546     -0.127741    54.581575    54.640219    0.147047     -0.011847    5.061996    
-2.421447    0.018781     51.110617    51.205799    -0.151454    0.001175     3.196810    
0.248512     -0.055842    15.561178    15.687258    0.002297     -0.000516    0.143826    
2.121104     -0.325598    15.810093    16.076041    0.181156     -0.027808    1.350281    
0.271851     0.148588     38.391444    38.443126    0.003202     0.001750     0.452258    
0.312680     1.371485     87.445794    87.479258    0.004345     0.019059     1.215205    
-0.632954    -0.603725    70.090659    70.123752    -0.029671    -0.028301    3.285614    
-0.785437    0.316169     14.431858    14.590077    -0.113229    0.045579     2.080497    
-0.607143    1.852921     20.540252    20.726284    -0.017022    0.051948     0.575856    
-2.883425    -0.191440    59.555546    59.658099    -0.245130    -0.016275    5.063014    
0.646682     0.339244     17.325007    17.451765    0.012508     0.006561     0.335085    
1.755335     -0.617734    65.722029    65.777829    0.100556     -0.035387    3.764933    
-0.464809    0.661898     52.516960    52.560063    -0.015857    0.022580     1.791569    
-0.868838    1.010814     16.545053    16.714974    -0.000704    0.000819     0.013404    
-1.702564    0.989640     23.468532    23.633135    -0.053838    0.031294     0.742112    
-0.793945    0.110727     10.984341    11.188088    -0.053539    0.007467     0.740713    
0.628781     0.944275     28.134444    28.226033    0.027233     0.040897     1.218525    
-0.460075    0.780209     19.435367    19.555788    -0.019782    0.033547     0.835682    
-0.030532    -0.963342    72.467446    72.500583    -0.000701    -0.022102    1.662652    
0.339924     0.471905     89.212290    89.235900    0.000700     0.000972     0.183766    
-1.888541    2.272992     36.820528    36.991341    -0.004164    0.005012     0.081188    
-0.336502    0.619385     45.694677    45.742489    -0.007290    0.013419     0.989984    
-0.541390    -0.170960    19.538683    19.645799    -0.028370    -0.008959    1.023852    
0.383887     -1.014123    14.951843    15.119801    0.060606     -0.160104    2.360506    
-0.207412    -0.612592    15.218088    15.358498    -0.000870    -0.002571    0.063857    
-0.595794    0.872124     39.736986    39.799731    -0.027323    0.039996     1.822348    
-0.022042    -1.069618    107.979106   108.002347   -0.000556    -0.027001    2.725744    
-1.699752    0.660076     127.380791   127.409049   -0.031229    0.012127     2.340326    
-0.689915    -1.301405    37.248568    37.329618    -0.054201    -0.102240    2.926305    
-0.540238    0.780581     59.773914    59.813853    -0.025113    0.036286     2.778651    
-0.245475    1.149571     45.808269    45.865611    -0.009007    0.042183     1.680896    
-0.627308    -0.672413    19.221521    19.343926    -0.066667    -0.071461    2.042761    
-1.973721    0.636643     38.008068    38.115470    -0.149694    0.048285     2.882669    
-1.250461    0.482578     26.454673    26.561650    -0.085051    0.032823     1.799328    
-0.042395    -0.065008    179.811384   179.822175   -0.000599    -0.000918    2.538719    
-0.126555    -0.343526    42.062462    42.110091    -0.007820    -0.021228    2.599221    
-0.796051    0.546526     57.441867    57.483697    -0.025321    0.017384     1.827136    
0.705860     -1.162402    22.750089    22.875553    0.008827     -0.014536    0.284492    
1.160654     -0.750561    14.039814    14.244360    0.004545     -0.002939    0.054984    
0.036160     0.875687     105.809546   105.831484   0.006533     0.158212     19.116800   
-1.180958    2.251536     33.613160    33.766604    -0.008897    0.016963     0.253242    
1.306637     -1.697326    62.694680    62.762138    0.205733     -0.267248    9.871408    
0.419454     0.006477     36.964973    37.019726    0.025175     0.000389     2.218584    
1.361829     -1.210297    114.370872   114.402320   0.222958     -0.198149    18.724750   
0.531991     0.004465     59.821355    59.856098    0.009410     0.000079     1.058180    
-1.186286    -1.480401    79.166559    79.213748    -0.020299    -0.025332    1.354646    
-0.099646    -0.558688    11.423772    11.606015    -0.001830    -0.010261    0.209805    
0.757752     -0.600202    42.359268    42.415999    0.081419     -0.064491    4.551440    
-0.568370    0.110204     151.923443   151.937299   -0.138664    0.026886     37.064513   
0.450438     1.094614     13.510063    13.703935    0.016675     0.040521     0.500129    
-0.971056    2.071109     34.946619    35.076681    -0.040835    0.087094     1.469563    
0.101082     -0.580453    34.243804    34.305396    0.008193     -0.047049    2.775647    
0.572510     -1.050835    35.937038    36.010799    0.052204     -0.095819    3.276870    
-2.345157    0.419659     26.105910    26.288199    -0.097946    0.017527     1.090317    
0.932635     0.973498     42.085659    42.153234    0.040359     0.042128     1.821241    
0.891537     0.010549     60.338301    60.376986    0.119682     0.001416     8.099937    
-1.127035    -0.614729    17.206117    17.365872    -0.000542    -0.000296    0.008281    
-0.194071    -0.205135    102.721699   102.740946   -0.020204    -0.021356    10.693972   
-0.339893    0.116009     7.919954     8.168820     -0.027568    0.009409     0.642382    
-1.209814    0.258911     36.992861    37.065853    -0.056296    0.012048     1.721389    
1.007472     0.306944     63.584903    63.624084    0.124241     0.037852     7.841268    
-0.061549    1.310799     51.854854    51.908793    -0.008334    0.177487     7.021354    
-1.176982    -0.388091    35.424746    35.501035    -0.018308    -0.006037    0.551036    
1.158255     -0.387131    37.538085    37.609496    0.196698     -0.065744    6.374814    
0.112878     0.355349     16.258999    16.381972    0.004537     0.014283     0.653515    
-0.362964    -1.423411    22.894852    23.026225    -0.012417    -0.048695    0.783229    
1.806786     0.982571     34.521496    34.638686    0.357301     0.194308     6.826801    
-0.397157    0.442981     56.854601    56.891780    -0.150556    0.167927     21.552621   
-0.514459    1.352181     65.933597    65.978840    -0.021238    0.055822     2.721941    
0.354299     0.212060     10.889396    11.073590    0.023488     0.014058     0.721898    
0.085817     1.258530     33.941937    34.022365    0.005271     0.077305     2.084876    
0.929343     1.704350     52.426205    52.499051    0.035300     0.064738     1.991346    
-0.071482    0.750801     16.306524    16.442217    -0.011848    0.124440     2.702689    
1.064429     0.017306     51.893037    51.941270    0.032932     0.000535     1.605522    
0.283631     0.702043     54.735948    54.776567    0.003518     0.008708     0.678961    
0.064690     0.389957     92.138890    92.160763    0.005019     0.030258     7.149330    
1.286649     -1.822899    108.395116   108.435947   0.014141     -0.020035    1.191328    
0.451769     -1.119680    80.011641    80.044959    0.055241     -0.136912    9.783668    
0.354314     0.508568     19.464831    19.573931    0.003703     0.005315     0.203433    
2.266643     1.488555     79.244687    79.315502    0.048057     0.031560     1.680143    
1.799413     -0.523939    46.423814    46.503310    0.085640     -0.024936    2.209475    
0.637988     -0.589347    12.373594    12.559265    0.043620     -0.040294    0.845991    
-1.147085    -0.631329    28.414497    28.512681    -0.019147    -0.010538    0.474280    
-0.758909    0.125488     27.678787    27.759357    -0.003095    0.000512     0.112870    
-0.598215    -0.800925    36.195062    36.262333    -0.032470    -0.043473    1.964602    
-1.501342    -1.795590    98.014079    98.061780    -0.024081    -0.028800    1.572088    
-1.070346    1.568606     17.140139    17.357001    -0.079387    0.116343     1.271277    
-1.393535    0.863644     51.576099    51.639682    -0.003639    0.002255     0.134682    
0.569343     0.905131     14.310494    14.484771    0.030998     0.049280     0.779143    
-0.788255    -0.316436    181.701330   181.713977   -0.011061    -0.004440    2.549726    
1.434628     -2.396601    36.255601    36.416279    0.078202     -0.130640    1.976315    
1.577630     0.611825     34.897863    34.994272    0.121168     0.046991     2.680291    
1.100687     -1.187289    13.668994    13.904586    0.225164     -0.242880    2.796219    
1.802275     0.028131     18.568532    18.759379    0.135855     0.002121     1.399695    
-1.541846    0.651649     10.039301    10.366506    -0.013051    0.005516     0.084979    
0.354891     -0.130749    35.473224    35.529813    0.014222     -0.005240    1.421588    
1.519848     -1.377519    15.211369    15.474760    0.049144     -0.044542    0.491861    
0.206502     -0.165239    13.617102    13.761191    0.002620     -0.002096    0.172759    
0.802627     0.356922     6.981590     7.306789     0.087083     0.038725     0.757487    
0.290028     0.910042     16.595823    16.739432    0.028850     0.090524     1.650826    
-0.923515    -0.487521    26.666595    26.759536    -0.040308    -0.021278    1.163892    
1.321212     -0.752964    44.594977    44.664297    0.109347     -0.062317    3.690798    
0.365275     0.494842     5.776818     6.133911     0.105753     0.143265     1.672483    
-0.135410    0.387988     7.647788     7.907748     -0.007750    0.022206     0.437709    
-0.997813    -0.962475    18.702734    18.857073    -0.017073    -0.016469    0.320019    
1.045795     -1.415469    129.779736   129.806595   0.067143     -0.090878    8.332288    
-0.105594    0.041041     162.083033   162.095026   -0.018528    0.007201     28.439191   
-0.439474    0.023487     7.045849     7.328890     -0.003215    0.000172     0.051538    
-0.095030    -0.830722    19.016342    19.136231    -0.014873    -0.130013    2.976161    
0.159491     -0.213172    48.518913    48.559559    0.024045     -0.032139    7.314894    
-1.268778    -1.094947    45.886209    45.958980    -0.231466    -0.199753    8.371105    
1.204378     0.129211     13.933731    14.124130    0.044466     0.004770     0.514435    
-2.849059    -2.992769    71.304081    71.450827    -0.228595    -0.240125    5.721092    
-0.948221    -0.120656    26.716629    26.806098    -0.007659    -0.000975    0.215807    
-0.224562    1.012670     100.694176   100.718757   -0.005150    0.023225     2.309335    
1.317826     -0.441133    57.565959    57.616368    0.354539     -0.118679    15.487153   
-0.822940    0.942831     74.065080    74.101803    -0.036340    0.041634     3.270619    
-0.986371    0.495174     73.387556    73.422248    -0.006507    0.003267     0.484157    
0.012696     -0.039782    9.278640     9.485244     0.000845     -0.002647    0.617383    
2.370282     0.120000     28.366524    28.533617    0.269021     0.013620     3.219527    
0.057817     -1.256075    112.966227   112.990373   0.003355     -0.072896    6.555928    
1.478320     0.048867     96.695423    96.726768    0.230736     0.007627     15.092230   
1.887949     -0.736467    28.976759    29.114159    0.023296     -0.009087    0.357551    
0.644933     -1.184341    11.925510    12.161880    0.014035     -0.025773    0.259517    
2.090100     -0.312328    96.089744    96.133137    0.232343     -0.034720    10.681680   
0.124898     1.413007     18.162703    18.324053    0.005954     0.067359     0.865828    
-1.328140    1.068838     37.481274    37.571628    -0.193406    0.155646     5.458075    
-1.115321    -0.716077    26.744606    26.849686    -0.000167    -0.000107    0.004000    
1.336826     3.075459     59.507668    59.634579    0.032215     0.074112     1.434002    
1.410919     0.972581     42.455900    42.536044    0.036998     0.025503     1.113298    
-0.822931    0.114201     75.576804    75.607000    -0.003069    0.000426     0.281880    
-1.291670    1.534177     24.550528    24.710838    -0.034315    0.040758     0.652219    
0.278458     1.264761     76.499006    76.535287    0.017760     0.080665     4.879025    
-0.790338    -0.051813    83.761129    83.788001    -0.057052    -0.003740    6.046496    
1.383585     1.448555     36.494493    36.602399    0.056861     0.059531     1.499810    
0.948632     -0.162107    4.390728     4.907100     0.073325     -0.012530    0.339385    
-0.780017    0.978336     14.088349    14.280130    -0.114103    0.143113     2.060876    
-0.225098    1.225983     60.442841    60.487732    -0.069605    0.379101     18.690272   
-0.600244    1.171979     32.264628    32.351430    -0.010903    0.021287     0.586037    
-0.130634    0.113611     204.043287   204.052856   -0.014314    0.012449     22.358157   
-0.929084    1.331654     10.731160    11.030378    -0.055905    0.080128     0.645712    
-1.466955    -2.574625    53.010336    53.129571    -0.000196    -0.000344    0.007092    
1.653779     0.735605     15.581698    15.809502    0.026105     0.011612     0.245959    
-0.231105    -1.075466    66.051427    66.089909    -0.007206    -0.033533    2.059483    
-0.412492    1.052495     49.479791    49.531834    -0.024786    0.063242     2.973129    
-0.253555    -1.580214    72.088709    72.133337    -0.027043    -0.168540    7.688742    
-0.793820    0.060465     110.734701   110.755057   -0.090305    0.006879     12.597215   
1.549961     -1.627635    53.036551    53.120639    0.097970     -0.102880    3.352352    
-2.712515    0.047559     31.365484    31.544073    -0.261666    0.004588     3.025703    
-1.837681    0.536584     71.398004    71.450787    -0.028161    0.008223     1.094127    
0.263907     -0.821150    27.147948    27.232884    0.005903     -0.018368    0.607256    
-1.497788    -0.554996    45.241881    45.312848    -0.034922    -0.012940    1.054853    
-1.691452    -0.981939    128.082960   128.113016   -0.097501    -0.056602    7.383124    
-1.579018    0.291684     10.710482    11.007622    -0.011697    0.002161     0.079341    
-1.048886    0.036981     28.686407    28.773015    -0.075599    0.002665     2.067593    
1.070457     0.152895     101.095329   101.120273   0.059732     0.008532     5.641202    
