-2.172682    -0.293205    46.524398    46.617605    -0.075625    -0.010206    1.619378    
-0.107107    -0.340150    103.913461   103.932716   -0.003140    -0.009970    3.045915    
0.766414     0.382645     14.425487    14.584356    0.015857     0.007917     0.298453    
-0.436086    -1.173928    10.744463    10.994849    -0.005271    -0.014190    0.129878    
-0.501671    -0.860071    4.707548     5.198785     -0.063755    -0.109302    0.598259    
0.458268     1.250584     27.660749    27.762672    0.016967     0.046303     1.024137    
1.291773     0.147514     118.183642   118.207185   0.103199     0.011785     9.441602    
0.079274     0.844150     50.738332    50.783582    0.007993     0.085109     5.115542    
-0.420119    1.500762     17.622554    17.800510    -0.013215    0.047207     0.554322    
0.172453     -0.279433    77.083501    77.109331    0.005024     -0.008140    2.245437    
-0.899929    -1.115803    13.856414    14.068761    -0.150295    -0.186347    2.314119    
0.689694     0.526522     39.275651    39.334522    0.013033     0.009949     0.742159    
-0.189782    0.995539     8.281381     8.572243     -0.013050    0.068458     0.569469    
1.280496     -0.587123    23.283290    23.408779    0.266980     -0.122414    4.854507    
-1.620423    -0.480575    44.679994    44.755263    -0.060004    -0.017796    1.654502    
1.259124     0.920468     10.732708    11.022642    0.009895     0.007233     0.084342    
0.953669     1.395091     27.822814    27.943509    0.040879     0.059800     1.192619    
0.282362     0.420998     84.400287    84.424761    0.085035     0.126786     25.417564   
1.937522     0.231237     86.509564    86.553955    0.017328     0.002068     0.773684    
-1.766120    0.082313     25.439241    25.576471    -0.046850    0.002184     0.674823    
-0.547388    -0.054569    10.993776    11.182159    -0.012117    -0.001208    0.243349    
1.311454     -1.502826    25.823407    25.975021    0.376539     -0.431485    7.414301    
-1.161421    1.455947     36.760156    36.859906    -0.089410    0.112083     2.829904    
0.061298     1.291026     8.573619     8.891142     0.001486     0.031305     0.207893    
0.350899     1.553141     14.489775    14.709313    0.020926     0.092624     0.864119    
-0.393717    -0.937001    66.282210    66.319222    -0.082406    -0.196117    13.873035   
-3.380265    0.943301     82.890812    82.988419    -0.716005    0.199809     17.557865   
0.546895     -1.643067    48.090447    48.161860    0.117742     -0.353738    10.353458   
-2.223113    -1.280200    19.392509    19.660252    -0.339767    -0.195658    2.963834    
-0.157526    0.228487     112.975845   112.993334   -0.003802    0.005514     2.726418    
0.304714     1.043919     52.976032    53.023745    0.000346     0.001185     0.060133    
0.284754     -1.071470    46.607087    46.661812    0.004442     -0.016713    0.727002    
-0.605005    -0.217948    85.294904    85.320040    -0.000690    -0.000249    0.097297    
0.247945     -0.392193    76.165606    76.192452    0.000552     -0.000873    0.169459    
0.972298     0.267023     55.560198    55.604201    0.030108     0.008269     1.720472    
-0.026200    1.686414     60.590534    60.645960    -0.000482    0.031054     1.115712    
-0.545818    -0.734564    17.479312    17.613597    -0.020107    -0.027060    0.643897    
-1.122849    2.215078     85.452323    85.511062    -0.059758    0.117887     4.547809    
1.284780     1.407188     32.919321    33.033127    0.030473     0.033377     0.780807    
0.528032     2.139986     25.480862    25.651660    0.036196     0.146695     1.746699    
-0.030173    -0.486744    11.831706    12.004251    -0.003227    -0.052054    1.265310    
-0.776170    1.126987     32.955397    33.042483    -0.072067    0.104641     3.059902    
0.912194     -0.432918    118.907864   118.928443   0.013213     -0.006271    1.722410    
-1.289660    -0.395211    98.678210    98.707059    -0.028608    -0.008767    2.188973    
1.578138     -1.324601    39.209259    39.312670    0.026146     -0.021946    0.649605    
0.367534     0.078736     40.245121    40.294987    0.013965     0.002992     1.529183    
-0.862809    -1.119767    42.189224    42.258772    -0.053429    -0.069341    2.612552    
0.171469     0.803136     45.156022    45.206368    0.021315     0.099835     5.613210    
-0.046345    0.537683     20.860319    20.959941    -0.008447    0.098003     3.802176    
0.715554     1.195818     32.023737    32.114431    0.004721     0.007889     0.211275    
-0.589688    -0.578708    21.103975    21.211680    -0.156053    -0.153147    5.584868    
-1.574562    0.637483     22.307856    22.458874    -0.610723    0.247259     8.652509    
-1.092903    -0.647684    10.301629    10.564679    -0.024629    -0.014596    0.232155    
1.329920     -0.809967    101.179783   101.210909   0.093484     -0.056935    7.112254    
1.475718     1.522611     16.468636    16.720856    0.004574     0.004720     0.051049    
-0.195605    0.006159     8.102879     8.340857     -0.010547    0.000332     0.436901    
1.156304     -1.406002    32.569623    32.679798    0.351915     -0.427910    9.912396    
-0.958110    0.495609     25.422113    25.521019    -0.085869    0.044418     2.278402    
0.519584     0.386638     10.324967    10.530876    0.016282     0.012116     0.323557    
-0.399261    0.043270     18.604782    18.712940    -0.011784    0.001277     0.549113    
1.557275     -0.615598    11.957422    12.233518    0.006897     -0.002726    0.052958    
1.903129     -0.525145    26.800926    26.945543    0.124096     -0.034243    1.747591    
-0.341860    0.518588     171.995680   172.008065   -0.019326    0.029317     9.723238    
-0.648024    -0.841204    27.663006    27.753278    -0.006192    -0.008038    0.264342    
-0.457067    -1.070975    21.095119    21.218739    -0.019609    -0.045948    0.905035    
-1.164341    0.255382     9.824255     10.090186    -0.065722    0.014415     0.554533    
-0.592861    0.228889     101.142613   101.163763   -0.017401    0.006718     2.968552    
0.280332     3.179337     88.381325    88.460841    0.007807     0.088547     2.461490    
0.456917     -0.876540    15.477696    15.633653    0.003161     -0.006063    0.107061    
0.835278     0.113399     55.461218    55.502542    0.089389     0.012136     5.935311    
0.738071     2.127281     80.194637    80.250388    0.003008     0.008671     0.326872    
0.629213     -2.303634    61.684528    61.762113    0.017862     -0.065395    1.751083    
-1.120152    -0.190363    44.101260    44.159790    -0.196325    -0.033364    7.729464    
-1.408807    0.244032     49.741439    49.800903    -0.236757    0.041011     8.359305    
1.416988     -0.232404    48.409478    48.470758    0.121112     -0.019864    4.137634    
1.678084     -1.594289    88.886096    88.938016    0.034467     -0.032746    1.825689    
3.240285     0.032384     46.745928    46.899437    0.006681     0.000067     0.096382    
-1.232781    -0.381671    121.941401   121.964117   -0.001596    -0.000494    0.157872    
-0.852559    1.069801     15.900403    16.080084    -0.018536    0.023259     0.345698    
0.797194     0.210139     122.094968   122.113618   0.195685     0.051582     29.970338   
0.745182     2.200504     40.859763    40.973073    0.018271     0.053953     1.001823    
-0.324132    -2.114344    17.492951    17.732845    -0.024213    -0.157942    1.306727    
-1.445549    -0.426893    62.152568    62.201998    -0.094255    -0.027835    4.052555    
0.347519     0.054353     26.908299    26.982499    0.002215     0.000347     0.171544    
0.117760     -1.216846    93.628657    93.657328    0.023955     -0.247533    19.046138   
-0.191873    0.819213     22.652607    22.753537    -0.012704    0.054240     1.499837    
0.726761     0.049577     18.920444    19.036512    0.079071     0.005394     2.058530    
0.249567     -0.955385    33.241218    33.314089    0.009821     -0.037595    1.308069    
-1.613777    -1.463096    36.258019    36.376694    -0.104345    -0.094602    2.344409    
-0.932475    -0.115706    142.087669   142.104411   -0.089763    -0.011138    13.677836   
0.331893     -0.392651    30.966008    31.032772    0.009976     -0.011802    0.930746    
0.836963     -0.218969    20.009344    20.124544    0.010811     -0.002828    0.258453    
0.970811     0.399041     18.311030    18.446422    0.092221     0.037907     1.739442    
0.024550     -2.307951    18.729066    18.973142    0.003514     -0.330358    2.680858    
0.813709     -0.123491    10.906905    11.113635    0.031402     -0.004766    0.420907    
-0.808312    -1.419478    66.313274    66.362591    -0.117896    -0.207038    9.672103    
-3.548223    2.841522     30.123381    30.527973    -0.008397    0.006724     0.071286    
0.149854     0.632368     89.880340    89.904243    0.023399     0.098742     14.034416   
-1.323447    -0.320173    11.762828    12.003879    -0.047949    -0.011600    0.426172    
0.352614     -3.919406    54.436629    54.614170    0.019619     -0.218072    3.028802    
-1.771479    0.539265     22.184783    22.348791    -0.034330    0.010450     0.429920    
-0.319212    -1.027786    96.412995    96.439094    -0.042606    -0.137180    12.868361   
-0.279425    0.490513     27.773664    27.849058    -0.055817    0.097984     5.547998    
0.596395     -0.906557    16.407860    16.561110    0.050834     -0.077271    1.398541    
-0.003116    -0.183904    29.143750    29.210734    -0.000179    -0.010578    1.676250    
-1.591519    0.535639     32.047647    32.151928    -0.170315    0.057321     3.429544    
0.292489     1.168698     33.401034    33.480672    0.014183     0.056671     1.619630    
1.570033     0.071939     64.544305    64.593440    0.263483     0.012073     10.831812   
1.018698     -0.199686    10.539884    10.772266    0.361652     -0.070891    3.741804    
-0.293687    2.647427     18.907492    19.195399    -0.001332    0.012004     0.085733    
1.782012     0.022932     23.992874    24.139367    0.086097     0.001108     1.159208    
-0.692215    -0.232778    47.345847    47.392379    -0.002100    -0.000706    0.143634    
-1.607638    1.536979     24.470127    24.649724    -0.191075    0.182677     2.908386    
-1.587876    0.591633     19.536254    19.708160    -0.175306    0.065318     2.156858    
0.964628     -1.334576    151.834856   151.856544   0.222971     -0.308483    35.096165   
-2.217480    -0.027493    56.302727    56.380759    -0.084537    -0.001048    2.146438    
-0.448785    -2.616656    60.242519    60.333111    -0.020335    -0.118565    2.729687    
-0.087676    -0.453737    11.257910    11.438053    -0.006751    -0.034939    0.866891    
1.288166     0.777699     24.850863    24.974077    0.011418     0.006893     0.220270    
-0.444212    0.332005     11.804541    11.980387    -0.034787    0.026000     0.924421    
-0.838513    -0.317787    22.317476    22.422060    -0.008678    -0.003289    0.230968    
0.373008     1.032587     35.495260    35.566752    0.002050     0.005676     0.195122    
-0.540093    0.433560     65.347567    65.380878    -0.067840    0.054459     8.208234    
0.922430     -0.676854    36.149854    36.221484    0.023222     -0.017040    0.910060    
1.677736     0.064518     14.256087    14.488959    0.015016     0.000577     0.127592    
0.391929     0.902502     49.955216    50.003667    0.007853     0.018084     1.000980    
-0.687631    -0.430169    62.444963    62.481247    -0.034675    -0.021692    3.148898    
2.945231     1.116163     36.816345    37.003222    0.006099     0.002311     0.076240    
0.402651     0.673539     29.061056    29.138218    0.023576     0.039437     1.701588    
1.239982     0.853674     21.484312    21.626764    0.276158     0.190123     4.784804    
-0.005630    0.472134     13.611085    13.760797    -0.000685    0.057478     1.657025    
-0.448814    2.145930     41.290798    41.395790    -0.000542    0.002593     0.049896    
0.093937     1.292691     36.206086    36.282716    0.016167     0.222483     6.231380    
-1.007913    0.542261     16.125832    16.285802    -0.072161    0.038823     1.154513    
-1.140087    -2.152305    29.960588    30.123811    -0.054034    -0.102007    1.419960    
0.877606     1.792258     42.069032    42.162315    0.030172     0.061618     1.446326    
-1.129801    0.440813     16.175979    16.340380    -0.064503    0.025167     0.923517    
0.284625     -0.057361    29.215760    29.283440    0.015231     -0.003070    1.563415    
-2.590162    -1.582647    50.494349    50.623789    -0.152618    -0.093253    2.975230    
0.467751     1.087301     17.353800    17.505152    0.000195     0.000453     0.007236    
1.774392     -1.667994    127.513670   127.552113   0.070001     -0.065803    5.030489    
1.954567     -0.763337    18.329797    18.554229    0.041570     -0.016235    0.389836    
-1.200999    -1.816724    39.420737    39.529892    -0.133783    -0.202370    4.391194    
-0.436173    0.075241     79.347800    79.373448    -0.029964    0.005169     5.450937    
-0.342177    0.246162     26.938106    27.013223    -0.040235    0.028945     3.167539    
-2.525201    0.539555     153.765209   153.799487   -0.117356    0.025075     7.146077    
-1.298519    0.211345     25.436691    25.546644    -0.066813    0.010874     1.308799    
-1.397606    -0.703868    50.458923    50.521545    -0.055735    -0.028069    2.012248    
-0.985386    -0.443944    46.113292    46.167941    -0.027349    -0.012321    1.279853    
-2.403072    4.319580     57.019783    57.267479    -0.377629    0.678798     8.960344    
-1.173450    -0.334935    13.108382    13.311416    -0.005529    -0.001578    0.061768    
-0.100665    1.067236     15.303542    15.466818    -0.008714    0.092382     1.324700    
0.496574     -0.160816    24.136502    24.222265    0.003552     -0.001150    0.172651    
1.049996     -0.062564    103.679083   103.703103   0.135654     -0.008083    13.394847   
-0.473340    0.417466     59.391457    59.427421    -0.028154    0.024831     3.532604    
1.285076     0.866107     75.107897    75.149669    0.020020     0.013493     1.170103    
-1.985514    1.305371     120.102600   120.142231   -0.254671    0.167433     15.404906   
0.522732     -1.498498    7.830665     8.228792     0.016422     -0.047076    0.246006    
-2.069649    -0.201939    49.911502    49.993572    -0.098029    -0.009565    2.364063    
-0.996855    0.235157     15.207408    15.368449    -0.026162    0.006171     0.399105    
-1.107661    -0.992205    24.378125    24.502639    -0.026954    -0.024145    0.593222    
0.485984     0.982531     35.061433    35.133753    0.025908     0.052378     1.869103    
-0.348961    1.921750     107.678566   107.714268   -0.070585    0.388719     21.780504   
0.827992     0.888342     39.419946    39.487743    0.017746     0.019039     0.844849    
-0.335422    -0.747267    88.877688    88.903258    -0.007623    -0.016983    2.019909    
2.757023     1.848215     158.248013   158.295059   0.066779     0.044766     3.832985    
-0.788245    0.379310     27.068786    27.154361    -0.013448    0.006472     0.461829    
-1.138545    -2.150403    47.068289    47.172230    -0.270456    -0.510818    11.180845   
-0.314043    -1.488286    23.175990    23.309120    -0.008785    -0.041633    0.648322    
-0.506382    0.424317     10.215805    10.424687    -0.059094    0.049517     1.192176    
0.666482     -0.763729    19.178395    19.305783    0.041163     -0.047169    1.184488    
0.289881     -0.679986    71.123725    71.154801    0.035254     -0.082698    8.649851    
-0.370812    0.078739     21.412064    21.505700    -0.004050    0.000860     0.233840    
-1.836465    0.657073     63.227035    63.287733    -0.062730    0.022444     2.159721    
-0.536917    2.853526     24.547261    24.796651    -0.001287    0.006841     0.058847    
-0.230152    -0.435158    19.536623    19.641714    -0.001509    -0.002854    0.128111    
-0.667453    0.562332     19.065840    19.187051    -0.042320    0.035654     1.208862    
1.704867     -0.193476    23.878203    24.020565    0.039060     -0.004433    0.547068    
1.548893     0.829339     60.790380    60.847614    0.009638     0.005161     0.378286    
0.515361     0.957162     56.021346    56.066460    0.096353     0.178954     10.473930   
-0.574748    -0.998160    86.095161    86.125364    -0.019101    -0.033173    2.861280    
1.857763     0.737576     19.427804    19.629310    0.033502     0.013301     0.350349    
-0.319708    1.651312     46.474553    46.546622    -0.000641    0.003313     0.093236    
0.542052     -1.206506    28.275023    28.374308    0.006282     -0.013984    0.327713    
3.138421     0.685445     85.694366    85.777146    0.511341     0.111679     13.962141   
0.166751     0.307778     20.891044    20.986501    0.005397     0.009961     0.676096    
2.550453     0.086169     46.739101    46.850088    0.457189     0.015446     8.378348    
-0.863867    2.630991     23.048512    23.297580    -0.085820    0.261374     2.289743    
2.009616     -1.200111    25.783272    25.964031    0.180167     -0.107593    2.311529    
0.360376     -0.692886    100.919105   100.941323   0.022985     -0.044194    6.436822    
-2.343382    0.426387     64.384831    64.458938    -0.129636    0.023588     3.561769    
-0.789903    3.014744     66.073245    66.175987    -0.003884    0.014824     0.324901    
0.018396     -1.343688    49.866276    49.923204    0.000202     -0.014744    0.547170    
-0.006588    -2.666450    62.842555    62.929895    -0.000265    -0.107448    2.532310    
1.194029     0.906306     19.967132    20.119851    0.089589     0.068001     1.498155    
-0.181969    1.124233     11.343985    11.569701    -0.054394    0.336055     3.390936    
1.137657     0.336734     48.926756    48.980711    0.016143     0.004778     0.694274    
-0.584788    -1.367327    9.465875     9.782091     -0.000138    -0.000322    0.002227    
-0.583494    0.695217     13.015174    13.194450    -0.008699    0.010365     0.194045    
0.829935     -0.066676    79.499762    79.528487    0.088455     -0.007106    8.473109    
1.103602     -0.892056    115.088247   115.113828   0.044284     -0.035795    4.618080    
0.976449     -0.014625    44.819265    44.873101    0.008493     -0.000127    0.389816    
2.174192     -0.477620    35.859685    35.982596    0.068347     -0.015014    1.127269    
0.076947     1.642609     37.802520    37.889439    0.002423     0.051723     1.190339    
-0.306951    -0.818834    13.013135    13.190199    -0.007465    -0.019915    0.316488    
-1.191133    2.075003     26.565303    26.745368    -0.061836    0.107721     1.379102    
-0.207563    -0.488266    44.517821    44.564480    -0.004883    -0.011486    1.047201    
-0.489680    0.239606     8.719810     8.955850     -0.023481    0.011490     0.418135    
-1.208243    0.007677     13.866891    14.057935    -0.116846    0.000742     1.341034    
1.812054     1.032885     48.460008    48.544802    0.359732     0.205050     9.620348    
-0.167193    0.602752     131.885218   131.901391   -0.006025    0.021722     4.752968    
-0.716912    0.093210     15.115958    15.260727    -0.018226    0.002370     0.384286    
0.476338     -0.813046    41.785065    41.842019    0.019347     -0.033023    1.697168    
-1.073304    0.712238     36.319299    36.395408    -0.044131    0.029285     1.493350    
0.613905     2.076926     28.173559    28.325163    0.043787     0.148137     2.009483    
-0.568790    1.485419     27.083423    27.201410    -0.038965    0.101760     1.855369    
0.891774     -0.296858    12.889784    13.073058    0.001417     -0.000472    0.020483    
-0.443781    -0.855252    80.094168    80.124148    -0.011143    -0.021475    2.011129    
-2.538723    1.081747     45.010382    45.137842    -0.068618    0.029238     1.216562    
0.887680     0.752587     25.416181    25.518847    0.049509     0.041974     1.417548    
0.713708     -0.002839    31.600515    31.669811    0.003851     -0.000015    0.170496    
-0.556259    0.608234     33.972615    34.039578    -0.127196    0.139081     7.768308    
1.274337     0.212736     16.926129    17.089119    0.140015     0.023374     1.859722    
0.984135     -2.013336    47.499356    47.592917    0.135960     -0.278146    6.562117    
-2.384398    -1.809886    67.594473    67.689355    -0.033582    -0.025491    0.952008    
0.681989     -0.127518    65.083714    65.117173    0.015746     -0.002944    1.502659    
-2.411039    -1.314391    44.503181    44.631254    -0.665372    -0.362731    12.281501   
1.008917     -1.366653    38.007526    38.096360    0.034036     -0.046104    1.282187    
0.434007     1.763652     47.392917    47.468541    0.043323     0.176051     4.730848    
-0.805854    0.867349     57.166864    57.212997    -0.038957    0.041929     2.763563    
-1.652312    1.398324     35.518774    35.639075    -0.018745    0.015864     0.402950    
-1.608182    -0.906111    30.803138    30.921118    -0.029220    -0.016464    0.559675    
-1.111169    -0.156058    27.417752    27.511218    -0.072254    -0.010148    1.782847    
1.603482     -0.378794    43.915278    43.990240    0.102821     -0.024290    2.816019    
0.527701     0.298534     9.813335     10.027168    0.010661     0.006031     0.198258    
1.882994     -0.255883    13.612554    13.884802    0.427320     -0.058069    3.089189    
-0.371850    0.110991     58.047351    58.082016    -0.079015    0.023585     12.334576   
1.509915     0.804257     47.767703    47.838845    0.155612     0.082887     4.922930    
-0.020737    -0.061458    84.368644    84.391630    -0.000334    -0.000991    1.360225    
0.474035     -1.057543    124.693801   124.714723   0.014510     -0.032370    3.816701    
-1.197538    0.737700     119.594084   119.618552   -0.179891    0.110815     17.965072   
-0.913970    -1.454299    49.164250    49.233615    -0.031850    -0.050679    1.713271    
0.817798     1.271908     55.362665    55.418284    0.053954     0.083913     3.652508    
-0.834190    0.365383     57.765826    57.806531    -0.005508    0.002413     0.381424    
0.553904     -0.030896    5.187844     5.576418     0.008023     -0.000447    0.075140    
0.599170     2.291270     49.491365    49.587085    0.117865     0.450724     9.735623    
-1.028041    0.771508     94.678323    94.707507    -0.029856    0.022406     2.749581    
-0.933355    0.174879     22.703788    22.808741    -0.037737    0.007071     0.917955    
-0.489615    2.012354     44.372622    44.464524    -0.006187    0.025430     0.560742    
0.572455     -0.065052    91.899451    91.922336    0.060620     -0.006889    9.731640    
0.123698     0.088873     8.714678     8.935534     0.002346     0.001686     0.165281    
1.874202     0.217167     27.226939    27.363131    0.040760     0.004723     0.592122    
1.970001     0.895642     17.143577    17.391385    0.075496     0.034323     0.656987    
0.042129     -2.003716    31.972651    32.095826    0.002851     -0.135612    2.163913    
2.089222     0.171173     24.546059    24.713926    0.064645     0.005296     0.759508    
0.591140     -0.957005    27.665900    27.758644    0.196060     -0.317405    9.175800    
0.525594     0.307148     37.640146    37.696501    0.004526     0.002645     0.324151    
-0.427226    2.908318     22.185184    22.465489    -0.076489    0.520694     3.971952    
0.166158     -0.779078    27.814958    27.895904    0.017799     -0.083456    2.979578    
1.533949     1.026819     20.911968    21.085367    0.196783     0.131726     2.682697    
-1.629784    0.097973     41.762005    41.840242    -0.061046    0.003670     1.564263    
0.650221     1.144936     50.554383    50.609824    0.025346     0.044631     1.970659    
-0.399338    0.112519     118.964776   118.981785   -0.002218    0.000625     0.660731    
-0.224723    2.159696     51.527107    51.610392    -0.000307    0.002951     0.070408    
0.502872     -0.498743    19.057093    19.171577    0.079229     -0.078578    3.002492    
0.908664     0.035880     79.652280    79.681789    0.221019     0.008727     19.374217   
-3.502738    -2.031318    182.520388   182.575909   -1.188871    -0.689453    61.949574   
1.130627     -2.058352    84.093710    84.149523    0.079665     -0.145033    5.925316    
-0.849053    -0.349839    78.719416    78.749379    -0.041037    -0.016909    3.804755    
1.582162     -0.300631    13.425168    13.663957    0.070808     -0.013455    0.600832    
-0.749363    -0.130745    13.128652    13.297184    -0.075088    -0.013101    1.315526    
-0.034543    -2.040880    38.303520    38.408345    -0.004676    -0.276273    5.185127    
1.195059     -1.726616    82.845407    82.895390    0.082255     -0.118842    5.702183    
-0.498445    0.460425     18.685685    18.801335    -0.027406    0.025315     1.027388    
3.416352     -1.023282    44.617909    44.803474    0.154949     -0.046411    2.023650    
0.087562     -0.568364    99.733131    99.754214    0.002078     -0.013490    2.367206    
1.016913     0.827416     104.509651   104.536409   0.002495     0.002030     0.256408    
-0.552324    1.135849     32.145474    32.230447    -0.021489    0.044191     1.250650    
-0.963535    -2.452650    108.833782   108.883474   -0.255523    -0.650427    28.862040   
1.153062     -0.271709    22.948877    23.063592    0.005163     -0.001217    0.102751    
-0.954508    1.186418     70.222755    70.266841    -0.065950    0.081973     4.851908    
0.423031     0.750113     26.265662    26.353398    0.080285     0.142361     4.984844    
1.643691     1.244593     30.516818    30.649664    0.027552     0.020862     0.511532    
1.909870     -0.820290    58.930175    58.999670    0.092390     -0.039682    2.850745    
0.076791     -0.409961    29.268022    29.337110    0.004603     -0.024576    1.754547    
-0.789698    -1.156193    64.614617    64.659757    -0.041895    -0.061338    3.427908    
-0.112740    -0.148362    7.030295     7.303062     -0.014544    -0.019139    0.906930    
0.979349     0.133458     9.159476     9.420610     0.015232     0.002076     0.142457    
-1.161046    -1.190807    13.057454    13.309324    -0.051813    -0.053141    0.582704    
0.079852     0.252392     15.437028    15.564282    0.000719     0.002273     0.139044    
1.567794     -0.723684    31.376858    31.485931    0.103491     -0.047771    2.071202    
0.418919     0.242032     11.962125    12.132661    0.025683     0.014838     0.733362    
1.534302     -1.153461    75.256464    75.306672    0.054614     -0.041058    2.678773    
-0.232430    1.260876     24.668066    24.779674    -0.015602    0.084639     1.655896    
-0.536578    1.712672     44.187858    44.268080    -0.048978    0.156330     4.033386    
0.811672     0.395781     119.035440   119.055140   0.049188     0.023985     7.213649    
-0.953080    -0.401351    99.560928    99.585756    -0.007908    -0.003330    0.826119    
-0.116192    -0.608208    41.032562    41.084420    -0.006739    -0.035278    2.380007    
1.812629     -0.120323    26.466261    26.601467    0.012165     -0.000807    0.177615    
1.538628     0.581031     13.725886    13.963520    0.060408     0.022812     0.538887    
0.021554     -0.409357    42.775882    42.823114    0.000231     -0.004392    0.458970    
0.368127     0.503162     20.355111    20.459575    0.029843     0.040790     1.650124    
0.200768     0.076998     11.703211    11.869555    0.015864     0.006084     0.924760    
-1.046399    -1.041660    33.889342    33.978558    -0.233155    -0.232099    7.551112    
0.189556     -1.040748    42.850740    42.908973    0.002726     -0.014968    0.616292    
-1.963034    -0.756854    87.387790    87.435274    -0.308039    -0.118765    13.712859   
0.738593     -1.477186    84.156013    84.195232    0.035522     -0.071044    4.047383    
1.132565     -0.715739    34.612705    34.694513    0.382588     -0.241781    11.692391   
-0.489310    0.597509     15.094316    15.241711    -0.011471    0.014007     0.353851    
-0.071583    0.495447     86.837236    86.860988    -0.002182    0.015099     2.646443    
-0.333490    -1.142038    5.311564     5.788189     -0.050254    -0.172095    0.800406    
-0.228777    0.441109     29.444799    29.514709    -0.017837    0.034392     2.295725    
-0.797927    0.337581     13.848999    14.015005    -0.041924    0.017737     0.727639    
0.206821     -0.330935    81.668341    81.692993    0.030421     -0.048676    12.012314   
0.020146     -0.638218    15.754330    15.889669    0.004384     -0.138898    3.428679    
-0.243887    1.355187     31.989784    32.079857    -0.014991    0.083296     1.966250    
-0.956794    1.484377     9.051443     9.429867     -0.219697    0.340840     2.078376    
0.150619     2.305406     88.044656    88.096958    0.024392     0.373355     14.258626   
-0.570885    -1.356518    13.566246    13.787097    -0.005552    -0.013193    0.131944    
-1.462563    0.585600     41.672439    41.748642    -0.063291    0.025341     1.803330    
-1.756101    0.593134     88.070453    88.111948    -0.072131    0.024363     3.617454    
-1.111841    -1.734436    50.437326    50.517752    -0.037682    -0.058783    1.709405    
1.010035     -1.207616    25.046785    25.173297    0.012490     -0.014933    0.309716    
0.973321     0.891174     23.529619    23.648667    0.063355     0.058008     1.531570    
0.906795     -0.728761    70.741543    70.778487    0.218372     -0.175498    17.035815   
-0.376138    1.576113     120.372738   120.399737   -0.071582    0.299944     22.907712   
-4.168664    1.701688     122.528449   122.626952   -0.423696    0.172957     12.453578   
0.772529     1.199596     10.460495    10.739308    0.055456     0.086114     0.750912    
0.302239     -0.109992    76.419726    76.445752    0.050238     -0.018283    12.702325   
-1.167733    0.561979     18.573491    18.722418    -0.077238    0.037171     1.228514    
0.802707     -1.332770    72.134640    72.178264    0.002123     -0.003524    0.190754    
0.472374     -0.123543    20.016413    20.118900    0.018497     -0.004838    0.783785    
-0.666709    2.750014     49.950084    50.068882    -0.013945    0.057520     1.044760    
-1.581393    -0.447707    61.732407    61.785648    -0.027144    -0.007685    1.059613    
-0.244363    -0.133246    59.982399    60.015337    -0.034428    -0.018773    8.450896    
-1.259788    0.944139     35.657385    35.746364    -0.243232    0.182288     6.884505    
-1.385145    -2.226515    18.451816    18.740877    -0.097313    -0.156423    1.296324    
-1.466835    0.536003     20.976853    21.126813    -0.016473    0.006019     0.235572    
1.531072     -0.655082    82.589924    82.630163    0.118766     -0.050815    6.406563    
-0.853117    0.694054     58.379017    58.422547    -0.101065    0.082222     6.915903    
-1.183870    -1.397911    29.027844    29.152125    -0.002325    -0.002746    0.057013    
0.292225     -0.718502    21.080142    21.186056    0.005228     -0.012855    0.377159    
-0.466462    -0.670217    39.262485    39.320280    -0.049759    -0.071494    4.188241    
-1.523324    0.746704     127.475381   127.501866   -0.199921    0.097997     16.729829   
0.112309     -0.268084    51.861921    51.900080    0.003244     -0.007743    1.497961    
-1.697244    1.033975     40.230181    40.327313    -0.096987    0.059085     2.298898    
2.094205     0.346971     22.579784    22.764615    0.028440     0.004712     0.306638    
0.926822     0.967945     25.304681    25.416485    0.007544     0.007879     0.205979    
-1.492765    -0.133750    12.472221    12.715246    -0.146199    -0.013099    1.221513    
-0.807283    1.255876     25.365946    25.485978    -0.008845    0.013760     0.277923    
0.799014     0.865800     46.411302    46.467967    0.052718     0.057125     3.062176    
-0.668024    0.230987     9.087808     9.325386     -0.040476    0.013996     0.550637    
-0.099835    0.079903     27.892583    27.962251    -0.005981    0.004787     1.670957    
0.449147     -0.809533    50.488856    50.535696    0.009913     -0.017867    1.114338    
-2.266147    -0.998981    68.279439    68.352690    -0.096479    -0.042530    2.906920    
-0.467931    -0.433960    30.658625    30.728383    -0.015092    -0.013996    0.988824    
0.750678     1.155686     22.133975    22.264028    0.030788     0.047399     0.907795    
-0.329693    -0.853372    5.741280     6.137930     -0.032525    -0.084186    0.566384    
-0.026571    -2.149112    75.150132    75.206626    -0.000023    -0.001882    0.065793    
-0.494349    -1.162070    47.473802    47.531375    -0.077855    -0.183014    7.476649    
2.296615     -1.202658    80.676515    80.742157    0.065627     -0.034366    2.305366    
-0.983290    -0.238586    12.989630    13.176844    -0.056096    -0.013611    0.741055    
-2.538958    -0.216994    33.341466    33.496592    -0.606076    -0.051799    7.958954    
-0.405200    -1.125615    6.044752     6.468785     -0.018535    -0.051488    0.276499    
-0.133228    -2.255154    24.692391    24.873532    -0.002330    -0.039443    0.431872    
-1.598300    -0.229733    97.661169    97.694351    -0.363832    -0.052296    22.231256   
1.639991     -1.037985    46.632860    46.714726    0.134766     -0.085296    3.832055    
-0.621092    -0.698449    88.472917    88.499749    -0.156926    -0.176471    22.353712   
3.090584     0.601985     41.902208    42.066425    0.535959     0.104394     7.266545    
0.440599     -1.019508    71.989861    72.025333    0.011637     -0.026926    1.901304    
2.451995     0.203347     52.769141    52.863133    0.549249     0.045550     11.820327   
2.386745     -0.500576    81.989847    82.049723    0.576265     -0.120861    19.795959   
-0.051909    0.325810     121.159526   121.175965   -0.002100    0.013179     4.901035    
1.707619     -1.533993    67.929971    67.997242    0.044416     -0.039900    1.766909    
1.410735     0.130949     11.729688    11.977806    0.038149     0.003541     0.317191    
-0.976255    -0.524466    44.673305    44.730385    -0.056365    -0.030280    2.579244    
-1.786167    0.000527     29.868375    29.986416    -0.055945    0.000017     0.935518    
-1.573409    2.113923     71.187168    71.263119    -0.211270    0.283848     9.558688    
-0.643075    -3.517260    119.679546   119.749126   -0.169563    -0.927414    31.556509   
0.698193     1.715327     28.875297    29.001509    0.033124     0.081380     1.369925    
-0.482355    0.832732     106.541135   106.563664   -0.018640    0.032179     4.117038    
0.247261     -0.278160    11.532109    11.704828    0.016278     -0.018312    0.759204    
0.734536     -1.123610    8.453805     8.783155     0.013963     -0.021359    0.160702    
0.687207     -0.306067    26.547657    26.631165    0.001134     -0.000505    0.043810    
-1.713335    0.017162     20.509491    20.674863    -0.019148    0.000192     0.229217    
-0.322119    -0.656044    9.790729     10.013365    -0.005682    -0.011571    0.172688    
-0.710424    -2.045322    25.744360    25.910135    -0.274699    -0.790862    9.954532    
0.670364     1.315915     87.976422    88.010833    0.004020     0.007891     0.527566    
-0.463914    -0.987805    14.983056    15.151168    -0.023883    -0.050853    0.771347    
0.532043     0.289336     65.829949    65.862158    0.165794     0.090162     20.513746   
0.045010     -1.365262    90.188149    90.219971    0.001255     -0.038066    2.514638    
-1.281771    -1.069457    64.369600    64.421324    -0.065018    -0.054249    3.265176    
-0.154983    -1.143560    25.599436    25.700930    -0.006578    -0.048537    1.086543    
0.195625     -0.852311    7.829847     8.120724     0.001675     -0.007298    0.067040    
-0.494713    0.115102     30.074825    30.143458    -0.018962    0.004412     1.152735    
-0.436125    0.681637     20.059319    20.171913    -0.090451    0.141369     4.160217    
-0.415718    -0.341215    13.476863    13.630482    -0.042508    -0.034890    1.378034    
-0.051995    -1.822159    40.475946    40.564765    -0.004484    -0.157125    3.490241    
-0.340817    1.207558     91.256265    91.286117    -0.084397    0.299028     22.597836   
-0.891401    -0.873422    23.857078    23.970661    -0.017221    -0.016873    0.460889    
-0.715817    0.917381     51.327264    51.378176    -0.054047    0.069265     3.875376    
1.781355     -0.167224    20.998999    21.166816    0.490493     -0.046045    5.782043    
-0.904307    -0.059840    40.110447    40.168947    -0.062429    -0.004131    2.769027    
1.284828     -0.746435    182.226676   182.243365   0.015583     -0.009053    2.210159    
-0.632045    1.184205     16.499993    16.671129    -0.073546    0.137796     1.919969    
0.987323     0.941491     15.602518    15.785269    0.061011     0.058179     0.964146    
-1.108250    0.942920     23.898440    24.023483    -0.236151    0.200921     5.092382    
-0.282972    -0.144388    47.074953    47.117163    -0.005950    -0.003036    0.989847    
-2.530376    -0.564795    57.791520    57.883128    -0.153074    -0.034167    3.496063    
-0.410386    -1.497494    96.899721    96.932151    -0.016826    -0.061397    3.972852    
0.958392     0.527960     62.501788    62.542351    0.184020     0.101373     12.000908   
0.479100     -1.065423    20.041624    20.171919    0.027811     -0.061847    1.163404    
1.172213     -2.254790    80.532285    80.596415    0.040011     -0.076963    2.748828    
-0.526056    0.171114     27.218836    27.295531    -0.020899    0.006798     1.081326    
-1.023815    0.001874     43.276454    43.333297    -0.001667    0.000003     0.070482    
-1.595515    0.318162     35.512963    35.604668    -0.050885    0.010147     1.132604    
-3.059480    0.760907     61.558602    61.670705    -0.092908    0.023107     1.869367    
-2.215638    1.807868     18.809735    19.127429    -0.045022    0.036736     0.382218    
-2.263090    -1.088745    75.080905    75.148681    -0.235889    -0.113483    7.825911    
-0.889842    0.074174     59.653264    59.692413    -0.008098    0.000675     0.542878    
-1.948102    2.096702     125.340259   125.388384   -0.006176    0.006647     0.397370    
0.164635     -2.383415    30.739479    30.894955    0.018428     -0.266784    3.440783    
-1.801127    0.454528     77.733815    77.780921    -0.070819    0.017872     3.056421    
0.174652     -0.704440    75.278576    75.307806    0.001322     -0.005333    0.569895    
-0.112280    0.419760     43.619261    43.665819    -0.010108    0.037788     3.926783    
1.203434     -0.616386    75.227906    75.265802    0.031380     -0.016073    1.961625    
1.413639     0.924507     157.045433   157.066852   0.025312     0.016554     2.812000    
-1.102368    -0.333998    22.533447    22.648575    -0.002942    -0.000891    0.060129    
0.583521     0.383947     80.751108    80.778118    0.046775     0.030777     6.473047    
0.113348     -0.173904    8.422659     8.652123     0.037009     -0.056781    2.750057    
0.458404     0.932987     20.229933    20.352045    0.064566     0.131411     2.849382    
-0.597456    -0.534987    53.886362    53.928268    -0.009919    -0.008882    0.894630    
0.191305     -2.057029    17.957817    18.183127    0.047598     -0.511808    4.468072    
-0.141019    -0.145189    34.729966    34.786297    -0.000727    -0.000748    0.178991    
0.918109     0.647737     162.003964   162.019819   0.008824     0.006226     1.557098    
-0.443040    0.800876     15.248694    15.402445    -0.000964    0.001743     0.033183    
-2.233179    -0.592020    23.965356    24.156797    -0.023922    -0.006342    0.256718    
-1.240964    1.464323     28.624334    28.756072    -0.048775    0.057554     1.125065    
0.285853     0.889840     50.677511    50.724340    0.000780     0.002429     0.138318    
-0.140025    0.555285     27.472005    27.548393    -0.025067    0.099405     4.917958    
-0.495578    -0.308662    72.118414    72.147636    -0.039213    -0.024423    5.706361    
0.373051     -1.029162    10.571958    10.809236    0.021586     -0.059550    0.611725    
1.635356     -0.241143    153.755157   153.776643   0.021762     -0.003209    2.046066    
3.026593     1.273860     40.447446    40.628239    0.057485     0.024195     0.768237    
-0.139326    -1.735119    8.712574     9.100217     -0.009657    -0.120260    0.603861    
-1.558428    -4.015707    158.785497   158.856110   -0.143366    -0.369420    14.607274   
1.130642     0.363386     17.443027    17.593878    0.011440     0.003677     0.176492    
1.353889     1.036561     34.239359    34.338261    0.126630     0.096950     3.202436    
-0.705271    -1.022092    32.490613    32.573870    -0.015264    -0.022120    0.703167    
0.322101     -1.946627    38.192167    38.293729    0.006092     -0.036814    0.722288    
0.070317     -1.033591    58.928838    58.970807    0.000106     -0.001554    0.088588    
-1.678724    2.453185     47.604570    47.737892    -0.041555    0.060725     1.178387    
0.180549     0.465255     56.543554    56.580010    0.013919     0.035867     4.358956    
-0.667949    -0.066168    7.815377     8.087374     -0.024722    -0.002449    0.289258    
-0.386830    0.768892     40.774536    40.831098    -0.001459    0.002899     0.153747    
0.120380     -1.209553    48.583598    48.638652    0.015186     -0.152584    6.128762    
-0.872507    1.642241     70.639464    70.691351    -0.025649    0.048277     2.076581    
1.841722     0.922282     33.867928    33.987558    0.099456     0.049805     1.828925    
1.213326     0.455086     72.482821    72.521125    0.189935     0.071240     11.346539   
-1.095056    -1.296866    47.382062    47.453301    -0.018592    -0.022018    0.804440    
-0.116883    -0.374823    37.154630    37.208811    -0.019025    -0.061009    6.047524    
-0.514820    0.023090     95.571930    95.593590    -0.006789    0.000304     1.260254    
1.910079     -1.009954    39.425155    39.533355    0.130253     -0.068871    2.688507    
-0.103162    -0.515564    19.092793    19.201201    -0.005244    -0.026206    0.970498    
-0.548281    -0.565639    30.006097    30.080913    -0.005494    -0.005668    0.300673    
-0.155820    0.190240     18.154316    18.262382    -0.003511    0.004286     0.409008    
-1.703725    -0.260007    49.169183    49.238743    -0.080638    -0.012306    2.327211    
-0.973452    0.851095     11.791947    12.024846    -0.066299    0.057965     0.803110    
1.254858     1.559388     114.963506   114.997778   0.232900     0.289420     21.337064   
-0.613003    0.056632     12.755038    12.920717    -0.004410    0.000407     0.091770    
-1.997873    -2.711835    35.875390    36.086897    -0.018661    -0.025330    0.335092    
0.890670     0.241128     40.643557    40.701660    0.029414     0.007963     1.342252    
0.261642     -1.589388    75.062766    75.105848    0.012582     -0.076430    3.609608    
-0.132392    0.584984     26.368450    26.448627    -0.024202    0.106937     4.820223    
1.576133     0.715686     30.867456    30.978560    0.004374     0.001986     0.085655    
-0.891551    0.571504     14.045677    14.222428    -0.209485    0.134285     3.300272    
-0.256265    -0.027587    20.444724    20.540890    -0.010828    -0.001166    0.863861    
-0.774080    0.636393     21.896850    22.007980    -0.136284    0.112043     3.855157    
-0.641351    -0.411976    83.751271    83.777869    -0.012547    -0.008060    1.638466    
0.164602     1.172312     10.450473    10.699941    0.003128     0.022280     0.198615    
0.763522     -0.344394    18.256145    18.381060    0.037624     -0.016971    0.899605    
0.938692     0.312516     30.130680    30.211118    0.100828     0.033569     3.236445    
0.560569     -0.345312    21.690453    21.789543    0.071827     -0.044245    2.779233    
1.095464     0.517732     21.226270    21.351758    0.029286     0.013841     0.567457    
0.160486     -0.817753    10.271153    10.491235    0.004608     -0.023481    0.294927    
-1.090588    -0.616379    72.981087    73.018377    -0.007113    -0.004020    0.476003    
-0.188524    -2.487446    37.782949    37.916344    -0.008919    -0.117677    1.787442    
-0.352125    0.110341     6.316593     6.626497     -0.003180    0.000996     0.057043    
0.253602     1.572087     77.804341    77.845528    0.031555     0.195610     9.680938    
-0.265394    0.649491     33.793493    33.858048    -0.030194    0.073892     3.844664    
0.626619     -0.825709    34.193757    34.266053    0.016184     -0.021326    0.883127    
-1.754610    1.281400     37.432837    37.547476    -0.045588    0.033293     0.972581    
2.338923     -0.545352    29.957630    30.118142    0.185080     -0.043154    2.370559    
-0.305434    0.940264     37.823596    37.887687    -0.016449    0.050636     2.036921    
1.411450     0.344097     35.024959    35.110301    0.012226     0.002981     0.303397    
1.242789     -0.548869    39.398888    39.471421    0.074153     -0.032749    2.350783    
-1.472906    0.602832     16.554591    16.747008    -0.083076    0.034002     0.933728    
2.051465     1.448304     61.187854    61.270993    0.115263     0.081374     3.437882    
0.620982     0.144780     9.445926     9.669905     0.053071     0.012373     0.807278    
0.627263     -0.405442    107.283129   107.303786   0.012446     -0.008045    2.128730    
0.099747     -1.291954    29.318528    29.413094    0.001625     -0.021049    0.477663    
-0.256662    -0.181271    40.418053    40.467181    -0.027594    -0.019488    4.345303    
1.141409     0.293875     12.443477    12.653231    0.071939     0.018522     0.784272    
1.578210     2.450168     103.343947   103.403774   0.045615     0.070817     2.986932    
-0.274860    -0.975305    27.597601    27.686266    -0.030392    -0.107843    3.051571    
-0.118726    0.253547     30.580930    30.645499    -0.001613    0.003445     0.415451    
-0.260406    -1.321662    56.841230    56.891256    -0.008910    -0.045223    1.944918    
1.621802     -0.980272    11.130776    11.461252    0.045465     -0.027481    0.312039    
-0.457250    -0.878695    21.096422    21.211204    -0.026051    -0.050061    1.201910    
-2.068737    -0.694141    98.517669    98.561491    -0.306874    -0.102968    14.613977   
-0.975227    -2.480244    80.394087    80.462332    -0.026718    -0.067949    2.202499    
-1.894954    0.592399     18.761790    18.968962    -0.008639    0.002701     0.085532    
-2.422124    -0.898522    32.526306    32.688065    -0.078910    -0.029273    1.059666    
0.360638     0.138320     6.235496     6.550233     0.023083     0.008853     0.399112    
1.186230     0.071590     56.030673    56.077834    0.010397     0.000627     0.491095    
-0.771223    1.806726     10.361753    10.728463    -0.143408    0.335959     1.926757    
0.660113     1.538103     30.608819    30.717686    0.078681     0.183332     3.648377    
-0.895780    0.024611     21.246169    21.355975    -0.021697    0.000596     0.514603    
-1.493860    0.429294     40.896220    40.973060    -0.006903    0.001984     0.188966    
0.734014     1.898418     76.400044    76.452498    0.018747     0.048485     1.951237    
-0.222890    0.255233     68.958245    68.987168    -0.017275    0.019781     5.344436    
0.276734     1.291249     34.320308    34.402070    0.044516     0.207714     5.520874    
-0.255800    -0.108877    39.356902    39.407081    -0.016198    -0.006895    2.492252    
0.177763     -1.489123    77.486527    77.526034    0.004545     -0.038077    1.981325    
1.863055     0.361394     64.634169    64.691980    0.013904     0.002697     0.482358    
-1.672840    -1.004274    56.358333    56.426444    -0.001968    -0.001182    0.066308    
-0.353503    -0.840906    82.290394    82.318989    -0.030459    -0.072456    7.090524    
0.172296     -0.856793    42.320073    42.374843    0.025516     -0.126887    6.267382    
-0.461616    1.356097     17.100075    17.272511    -0.006858    0.020147     0.254047    
0.579564     -0.563324    27.488689    27.570931    0.031545     -0.030661    1.496162    
0.972541     1.885830     159.396133   159.422408   0.214258     0.415463     35.116236   
-0.743595    0.187661     93.964046    93.987792    -0.055462    0.013997     7.008474    
-0.130738    1.463578     63.466398    63.513918    -0.005513    0.061717     2.676290    
0.756081     1.270852     26.852061    26.964697    0.002328     0.003913     0.082688    
0.574073     2.195075     25.884320    26.058030    0.050304     0.192347     2.268160    
1.285806     -1.518670    37.217224    37.322330    0.034949     -0.041278    1.011580    
-0.656459    0.102332     12.636509    12.806160    -0.072676    0.011329     1.398973    
-0.395649    0.418186     78.576569    78.603330    -0.047485    0.050190     9.430551    
-2.020150    -0.242476    18.915635    19.126317    -0.534126    -0.064110    5.001273    
1.219838     0.297072     101.402543   101.429418   0.067116     0.016345     5.579230    
0.202839     1.621105     25.069847    25.200026    0.036566     0.292237     4.519349    
0.067200     -0.280008    49.229266    49.269448    0.004767     -0.019864    3.492374    
-0.053621    1.595076     56.104298    56.161503    -0.006820    0.202874     7.135771    
0.783427     0.773422     70.955601    70.991438    0.008526     0.008417     0.772169    
-1.586027    0.364805     52.051323    52.113949    -0.450913    0.103715     14.798385   
0.713871     1.793067     121.270381   121.301711   0.110876     0.278494     18.835355   
2.484683     0.728951     39.531035    39.664628    0.034896     0.010238     0.555186    
0.492171     -0.322327    16.778538    16.903859    0.028519     -0.018677    0.972237    
-0.756663    -1.346284    13.651772    13.879152    -0.045971    -0.081794    0.829417    
0.851479     1.509467     66.423675    66.475432    0.058673     0.104013     4.577061    
-2.415089    0.982140     86.562720    86.624342    -0.949793    0.386250     34.042893   
0.337253     0.194454     10.664589    10.851726    0.031196     0.017987     0.986477    
0.044054     0.932393     57.422493    57.463806    0.003201     0.067743     4.172031    
-1.015581    -1.249444    38.664138    38.747684    -0.021581    -0.026551    0.821615    
-0.550089    0.402386     13.468012    13.628163    -0.042065    0.030770     1.029888    
0.428463     -1.065837    13.913098    14.098540    0.037735     -0.093868    1.225326    
-1.039044    1.170100     22.636359    22.775611    -0.063110    0.071070     1.374897    
0.479746     0.778684     61.434630    61.472964    0.041614     0.067545     5.328993    
0.320882     -0.026025    72.065557    72.093155    0.002198     -0.000178    0.493540    
0.100328     -1.066385    9.983595     10.232026    0.013983     -0.148629    1.391479    
0.251391     0.735313     6.893405     7.210954     0.010048     0.029389     0.275515    
-1.162190    -0.048508    31.391919    31.475078    -0.019005    -0.000793    0.513347    
-0.782428    0.241253     21.082251    21.189777    -0.015431    0.004758     0.415786    
-0.049046    -1.018057    9.905645     10.150645    -0.005199    -0.107907    1.049926    
-0.851553    -1.007957    63.233144    63.277536    -0.013290    -0.015731    0.986883    
0.888618     -1.086369    14.552899    14.752344    0.085179     -0.104135    1.394976    
-0.441260    -0.516766    59.612801    59.649164    -0.001633    -0.001913    0.220652    
0.044557     0.526919     78.864338    78.890674    0.001853     0.021918     3.280469    
-0.754674    -0.099247    58.423350    58.461459    -0.053544    -0.007042    4.145128    
2.165582     0.495954     30.790390    30.933134    0.382009     0.087486     5.431423    
-0.028973    0.707958     6.602588     6.926122     -0.000758    0.018533     0.172848    
-0.232199    -0.663465    18.854902    18.970408    -0.020604    -0.058872    1.673081    
-0.044395    0.189739     24.123322    24.204289    -0.002470    0.010556     1.342083    
-0.033586    -0.147162    61.399405    61.431138    -0.007004    -0.030687    12.803286   
1.131600     -0.692991    20.645695    20.781734    0.047460     -0.029064    0.865890    
0.432253     -1.001972    30.800125    30.882251    0.002987     -0.006923    0.212816    
-0.050834    0.233653     83.359959    83.383541    -0.000630    0.002895     1.033017    
-0.539645    -0.498067    42.008151    42.060658    -0.029722    -0.027432    2.313717    
-0.192863    0.286460     34.797259    34.854604    -0.038164    0.056685     6.885766    
0.348320     0.160236     58.295104    58.329591    0.010988     0.005055     1.838965    
-0.733331    -0.101288    154.922958   154.937232   -0.037760    -0.005215    7.977215    
0.231567     -3.543391    39.058362    39.268816    0.001075     -0.016452    0.181348    
1.579062     0.001692     86.598960    86.635722    0.006056     0.000006     0.332104    
-0.398793    1.508509     37.525557    37.609533    -0.055389    0.209519     5.211984    
-0.867941    0.070991     24.818365    24.911535    -0.090617    0.007412     2.591165    
0.053883     -0.496930    138.046211   138.061150   0.002165     -0.019968    5.547069    
0.637430     1.837336     30.567905    30.692897    0.077122     0.222297     3.698374    
-1.453317    -0.493814    32.441483    32.537375    -0.015594    -0.005299    0.348106    
-2.165003    0.678840     62.597496    62.669526    -0.825971    0.258985     23.881589   
0.756656     -0.319209    17.819782    17.946977    0.026857     -0.011330    0.632504    
1.281699     -0.058796    20.034165    20.171488    0.025730     -0.001180    0.402184    
-1.898408    -1.128399    32.065488    32.201672    -0.100015    -0.059448    1.689318    
-0.651341    -1.521315    17.411874    17.600766    -0.096806    -0.226107    2.587857    
1.852821     -1.116585    14.750305    15.037491    0.337125     -0.203165    2.683853    
1.462806     -0.543563    85.945469    85.982172    0.086715     -0.032222    5.094817    
1.106945     1.335778     20.572001    20.738655    0.018416     0.022223     0.342248    
1.339384     -0.524461    39.922771    39.997145    0.053522     -0.020957    1.595310    
0.079143     2.372795     130.920111   130.956431   0.001410     0.042287     2.333188    
0.132307     -2.698155    36.513409    36.666081    0.000414     -0.008439    0.114205    
-1.363978    0.908673     82.653341    82.693022    -0.113637    0.075704     6.886120    
-0.992094    0.528418     7.924369     8.242211     -0.091135    0.048541     0.727944    
-1.799143    0.100020     58.899099    58.959526    -0.079250    0.004406     2.594437    
-1.376313    -1.441339    48.703178    48.783667    -0.083542    -0.087489    2.956265    
-0.563271    -1.889501    82.390404    82.437498    -0.022897    -0.076808    3.349144    
-0.065296    -0.516663    32.877906    32.940899    -0.003697    -0.029253    1.861487    
0.229711     0.600028     122.371799   122.389317   0.084442     0.220571     44.984111   
-0.539176    0.363609     6.224172     6.560350     -0.004959    0.003345     0.057252    
-1.823484    0.460247     70.102173    70.155018    -0.026566    0.006705     1.021312    
-0.118811    -1.348928    108.260410   108.286773   -0.027807    -0.315712    25.338008   
-0.445548    -1.507167    24.243231    24.373742    -0.050583    -0.171108    2.752321    
-2.413700    1.528836     41.239466    41.385164    -0.521782    0.330496     8.914942    
-1.513193    -0.584058    78.654962    78.696307    -0.040106    -0.015480    2.084683    
2.330831     0.966746     28.331537    28.511723    0.102143     0.042365     1.241565    
0.181111     -0.894521    17.612576    17.745725    0.000130     -0.000643    0.012651    
-1.402164    -0.719426    66.283801    66.331748    -0.104039    -0.053381    4.918185    
0.825599     1.475093     200.855023   200.871782   0.143046     0.255579     34.800707   
-1.303203    -0.123664    21.719592    21.847867    -0.048621    -0.004614    0.810330    
0.971833     0.433055     126.892287   126.912015   0.133497     0.059487     17.430665   
-0.705864    0.539035     49.417383    49.464548    -0.025440    0.019427     1.781026    
0.255146     -0.550081    38.600891    38.655807    0.007777     -0.016766    1.176531    
0.476784     -0.866817    24.526430    24.625179    0.004392     -0.007984    0.225911    
0.208193     0.989244     27.585233    27.673850    0.009773     0.046435     1.294851    
0.198478     0.339762     10.728715    10.914903    0.000656     0.001123     0.035472    
0.538778     1.371198     63.230934    63.278721    0.043291     0.110176     5.080628    
-0.150771    -1.551526    52.692535    52.752328    -0.006820    -0.070177    2.383349    
0.432628     -0.817478    9.703504     9.944264     0.013040     -0.024639    0.292469    
-0.328548    -0.630312    6.724129     7.042308     -0.010142    -0.019458    0.207578    
0.961451     -0.183463    57.736563    57.778402    0.025210     -0.004811    1.513905    
1.425664     -0.857740    98.882603    98.916188    0.068852     -0.041424    4.775496    
0.908714     -0.500066    10.473327    10.707071    0.089727     -0.049377    1.034144    
-0.370853    1.503092     13.406074    13.637984    -0.002293    0.009292     0.082878    
-0.364442    0.750594     93.749528    93.773905    -0.012221    0.025170     3.143718    
-0.975363    -2.071139    57.689789    57.768742    -0.000959    -0.002037    0.056736    
-0.536527    -0.397596    36.983040    37.041411    -0.047619    -0.035288    3.282408    
-0.561222    -0.300189    40.305512    40.358572    -0.072742    -0.038909    5.224148    
-0.112820    -0.802851    8.742114     8.997601     -0.009060    -0.064474    0.702043    
-0.583399    -1.185531    53.060550    53.113490    -0.020531    -0.041720    1.867266    
0.541583     1.280079     31.200920    31.293837    0.026002     0.061459     1.498009    
-1.807972    0.510983     13.595243    13.864900    -0.025552    0.007222     0.192141    
-0.534851    -0.293305    96.415534    96.437556    -0.052878    -0.028998    9.532111    
-3.496790    -0.181102    35.605406    35.831275    -0.358798    -0.018582    3.653392    
0.470633     0.324661     14.878512    15.019054    0.142199     0.098094     4.495440    
-1.752022    1.448125     26.941839    27.109119    -0.128593    0.106288     1.977443    
1.295677     0.931409     113.595553   113.623813   0.008797     0.006324     0.771263    
1.546650     -1.143208    25.141147    25.291328    0.052666     -0.038928    0.856099    
0.051769     0.186195     90.367218    90.388863    0.000916     0.003296     1.599565    
-0.037842    -0.118798    54.485995    54.521685    -0.001538    -0.004827    2.213937    
-1.847040    0.871121     21.834651    22.018114    -0.027927    0.013171     0.330139    
2.351794     0.602400     20.134538    20.375681    0.004889     0.001252     0.041854    
0.753060     0.407883     17.911482    18.039668    0.035846     0.019416     0.852600    
0.350742     -0.715883    28.910550    28.988452    0.004125     -0.008420    0.340036    
0.077664     -2.037454    30.735664    30.866053    0.000844     -0.022133    0.333888    
2.151550     1.284854     22.021800    22.251172    0.295410     0.176412     3.023617    
0.681688     0.899396     19.144655    19.278651    0.112185     0.148013     3.150627    
0.678067     -0.801821    70.993076    71.028125    0.002427     -0.002870    0.254092    
-0.328794    1.686915     25.073236    25.209044    -0.046729    0.239746     3.563440    
0.071482     -0.677736    39.605145    39.659890    0.000474     -0.004498    0.262875    
-0.887345    -2.329604    42.906052    43.023467    -0.073891    -0.193990    3.572853    
-0.706164    0.691600     7.023596     7.360899     -0.009018    0.008832     0.089692    
-1.471592    -0.122043    20.154416    20.304086    -0.213745    -0.017727    2.927383    
-2.141494    -1.490436    27.584175    27.777132    -0.120000    -0.083518    1.545703    
-0.225319    -0.614543    22.626076    22.720975    -0.011355    -0.030971    1.140267    
1.833133     1.217196     16.311194    16.576247    0.415252     0.275726     3.694905    
-0.134371    1.240469     49.417883    49.472810    -0.004208    0.038848     1.547634    
1.126498     -0.010782    13.080538    13.275712    0.077004     -0.000737    0.894152    
-1.644202    0.875376     26.760131    26.897012    -0.060632    0.032281     0.986812    
-1.258820    -0.486962    82.488277    82.522800    -0.084358    -0.032633    5.527828    
0.173488     0.317910     31.831854    31.894718    0.015936     0.029202     2.923990    
0.062931     -1.602769    145.207364   145.229564   0.004493     -0.114435    10.367562   
0.505609     -1.927350    32.136593    32.258423    0.013281     -0.050625    0.844128    
0.094935     2.660046     211.908558   211.934416   0.003423     0.095905     7.640157    
-0.021030    -0.110169    13.661722    13.803267    -0.000493    -0.002583    0.320251    
1.171829     2.153412     34.168700    34.313049    0.117845     0.216558     3.436175    
0.858001     1.191544     144.488820   144.509688   0.054083     0.075108     9.107679    
-1.672341    0.518192     17.767003    17.961253    -0.117741    0.036483     1.250885    
1.153728     0.937306     21.348138    21.490174    0.136332     0.110758     2.522640    
1.425537     -1.142101    79.305527    79.350981    0.313782     -0.251393    17.456317   
0.859788     -1.012488    161.101902   161.119403   0.172825     -0.203519    32.382822   
-0.863229    1.796402     41.521163    41.615552    -0.007313    0.015219     0.351760    
0.307839     0.794521     12.030767    12.220488    0.007599     0.019612     0.296965    
0.657135     -1.395741    19.626881    19.785584    0.031173     -0.066211    0.931052    
0.589311     -1.751771    41.665238    41.752641    0.022816     -0.067822    1.613116    
0.583404     1.075840     95.954542    95.982535    0.095317     0.175772     15.677123   
-1.573178    -1.651076    46.767387    46.864318    -0.047876    -0.050247    1.423256    
-0.257405    -0.310819    5.690884     6.035228     -0.017187    -0.020754    0.379988    
1.183306     -0.403147    35.464602    35.541183    0.038672     -0.013176    1.159044    
-0.891303    1.092644     119.599157   119.623667   -0.060435    0.074087     8.109477    
-1.170057    0.795340     92.291688    92.323519    -0.034006    0.023115     2.682309    
-0.196612    -0.042366    10.053017    10.245904    -0.006676    -0.001438    0.341330    
0.950733     0.190087     11.756413    11.959441    0.045213     0.009040     0.559092    
-0.636699    -0.417984    20.106445    20.216928    -0.123657    -0.081179    3.904977    
-0.603071    -0.755926    158.654164   158.669323   -0.031309    -0.039244    8.236556    
1.185353     -0.668186    20.799722    20.936927    0.324271     -0.182792    5.690075    
-0.948667    -0.058161    29.998955    30.078491    -0.074290    -0.004555    2.349230    
-1.242639    -1.006659    36.737865    36.825306    -0.026911    -0.021801    0.795616    
-0.845478    -0.078544    140.479400   140.495757   -0.048043    -0.004463    7.982572    
-0.825031    -1.046322    64.380167    64.424035    -0.068284    -0.086600    5.328464    
-0.499266    -0.438571    8.320282     8.575760     -0.013031    -0.011447    0.217158    
1.323531     0.517780     94.670474    94.701602    0.037022     0.014483     2.648113    
1.914463     -1.660334    15.059168    15.397252    0.138961     -0.120515    1.093065    
-2.782312    -0.379514    69.067234    69.152318    -0.040563    -0.005533    1.006930    
-0.547426    -0.393938    15.486332    15.625501    -0.004472    -0.003218    0.126519    
-0.877313    -0.733300    20.315293    20.442443    -0.010338    -0.008641    0.239389    
-1.321293    2.618609     89.563231    89.632863    -0.071879    0.142454     4.872312    
-1.073477    -1.519247    44.673720    44.755744    -0.066521    -0.094144    2.768332    
0.060956     1.035744     22.867681    22.975689    0.000515     0.008746     0.193102    
0.451763     -1.637823    114.981118   115.010517   0.034949     -0.126704    8.895046    
0.392131     -0.606062    30.014645    30.087787    0.004756     -0.007351    0.364067    
1.959144     -0.519631    31.351373    31.478434    0.017650     -0.004681    0.282441    
0.669767     0.417478     49.374324    49.419851    0.078012     0.048627     5.750968    
-0.212723    0.710360     18.825330    18.942489    -0.027561    0.092035     2.439041    
0.072990     0.567003     30.361670    30.430786    0.002581     0.020048     1.073543    
0.678415     -0.413897    93.249844    93.274004    0.027800     -0.016961    3.821233    
0.674861     0.895623     62.373550    62.414680    0.000550     0.000730     0.050868    
-0.526235    -1.630355    86.091079    86.130621    -0.045676    -0.141510    7.472432    
2.021141     2.419414     36.135016    36.325651    0.280434     0.335694     5.013738    
0.301168     -0.806937    41.019272    41.075510    0.025770     -0.069048    3.509961    
0.369938     -1.711171    28.880739    29.000638    0.045843     -0.212049    3.578918    
-2.854721    0.497060     54.878214    54.989907    -0.262994    0.045792     5.055711    
0.367699     -2.569161    67.962587    68.040605    0.008454     -0.059067    1.562500    
-1.176050    0.739582     68.700761    68.742996    -0.000909    0.000571     0.053074    
1.629168     0.455864     31.923706    32.029049    0.088874     0.024868     1.741488    
1.085973     -0.372026    18.372365    18.513143    0.295320     -0.101169    4.996194    
0.123618     -1.212376    18.944812    19.085754    0.000524     -0.005138    0.080287    
-0.614901    1.480470     51.427898    51.490519    -0.062499    0.150477     5.227212    
0.784611     -0.805199    49.880639    49.932125    0.074383     -0.076335    4.728807    
0.477782     -1.395376    165.684517   165.702774   0.021027     -0.061409    7.291558    
1.838403     0.436788     57.966630    58.030817    0.066163     0.015720     2.086196    
0.532508     -0.955428    83.688574    83.718868    0.010579     -0.018981    1.662582    
-1.111648    -0.638781    10.448082    10.708930    -0.027965    -0.016069    0.262832    
-0.788705    -0.622987    72.005391    72.039305    -0.036282    -0.028659    3.312408    
-0.976990    -2.760148    53.903866    54.019206    -0.001195    -0.003375    0.065912    
1.776480     -2.468882    41.405056    41.563263    0.056953     -0.079151    1.327429    
-0.045421    -1.205431    38.716343    38.785117    -0.000003    -0.000080    0.002572    
0.015355     2.751102     38.774074    38.921364    0.001227     0.219808     3.097973    
-0.790657    1.448512     37.510759    37.598608    -0.124639    0.228342     5.913164    
1.720189     -0.081534    22.333459    22.486085    0.670628     -0.031786    8.706858    
0.802005     -0.172527    20.410180    20.521291    0.086378     -0.018582    2.198237    
0.474259     0.422961     82.230757    82.256770    0.002402     0.002142     0.416450    
0.787702     0.548243     98.921485    98.945723    0.014928     0.010390     1.874676    
0.780791     -1.343931    17.263910    17.445152    0.029585     -0.050923    0.654146    
0.910236     -1.553428    20.954067    21.123199    0.073445     -0.125343    1.690740    
-1.130739    -0.027472    14.192672    14.373108    -0.101063    -0.002455    1.268515    
0.039595     1.859447     68.339098    68.392736    0.000314     0.014728     0.541302    
-2.224251    -0.492449    23.095805    23.291220    -0.089462    -0.019807    0.928942    
-1.877947    -0.016344    68.015522    68.069913    -0.256870    -0.002236    9.303316    
0.546630     1.997566     91.685603    91.730114    0.032835     0.119991     5.507438    
0.096930     -1.026454    15.008887    15.172497    0.007463     -0.079027    1.155537    
1.960319     0.124696     14.187402    14.457376    0.066212     0.004212     0.479197    
-3.772960    1.153214     88.268715    88.378765    -0.201049    0.061451     4.703552    
-0.114303    2.156088     62.946583    63.014356    -0.023336    0.440188     12.851212   
0.828488     -0.401349    16.178432    16.323728    0.058566     -0.028371    1.143653    
0.938349     1.024143     108.334470   108.361256   0.084572     0.092305     9.764043    
-0.856582    0.498372     26.924529    27.014576    -0.019350    0.011258     0.608218    
-0.232316    0.658375     9.666012     9.889093     -0.033748    0.095640     1.404146    
0.110135     -1.197014    24.776177    24.883305    0.007784     -0.084603    1.751149    
-1.659603    0.432683     60.752072    60.808147    -0.352430    0.091884     12.901181   
0.142007     -0.703986    117.774858   117.793497   0.003335     -0.016535    2.766243    
1.423408     -0.884117    26.177258    26.304592    0.000178     -0.000110    0.003267    
2.057057     1.492250     60.341156    60.426719    0.036598     0.026549     1.073562    
0.077349     -0.424327    89.708532    89.731164    0.007890     -0.043283    9.150681    
-0.258162    0.411271     35.650879    35.708485    -0.023563    0.037538     3.253997    
0.422067     -0.254807    57.157079    57.193092    0.044726     -0.027002    6.056921    
0.195629     -1.545697    14.140173    14.361299    0.015498     -0.122455    1.120231    
0.335058     1.113737     25.514605    25.616844    0.002504     0.008324     0.190701    
1.302779     -1.253824    30.775353    30.891206    0.200447     -0.192914    4.735122    
0.187982     -0.862126    21.245450    21.354688    0.013475     -0.061798    1.522895    
-0.419881    1.142443     13.692299    13.886522    -0.003841    0.010452     0.125265    
0.403458     -0.993223    15.201245    15.365613    0.036070     -0.088797    1.359037    
0.520222     -0.774520    51.455879    51.501970    0.021477     -0.031975    2.124273    
0.106655     -1.868910    69.761415    69.814283    0.003901     -0.068357    2.551579    
0.538357     0.194422     29.137038    29.209067    0.077600     0.028024     4.199891    
-0.387785    1.456247     70.929730    70.973041    -0.016411    0.061628     3.001750    
0.518848     1.167584     12.178529    12.402579    0.003370     0.007584     0.079100    
-1.098738    1.281412     57.012204    57.071145    -0.080846    0.094287     4.194993    
1.230091     -0.849070    46.447469    46.513185    0.044573     -0.030766    1.683042    
0.667050     -1.270111    13.872984    14.085197    0.025806     -0.049136    0.536694    
0.821779     -1.135305    57.451807    57.502602    0.001487     -0.002055    0.103979    
-0.999743    1.786306     53.443454    53.518858    -0.003473    0.006206     0.185673    
1.271602     0.366856     14.926354    15.113655    0.027050     0.007804     0.317523    
1.305602     0.593125     14.107446    14.316123    0.184006     0.083593     1.988244    
1.681068     0.313291     12.993015    13.252076    0.104163     0.019412     0.805077    
-0.279266    -0.107759    95.945979    95.966637    -0.013177    -0.005085    4.527171    
0.327200     -0.132322    7.389283     7.655131     0.023877     -0.009656    0.539225    
-2.019707    -1.788142    19.115859    19.405352    -0.235610    -0.208597    2.229976    
1.411116     -1.102587    22.220396    22.379184    0.044087     -0.034448    0.694223    
-1.289183    0.762122     25.867887    25.985869    -0.002216    0.001310     0.044465    
-0.833226    0.450176     12.839687    13.024186    -0.033653    0.018182     0.518582    
-1.854318    -0.146985    35.572350    35.675302    -0.102051    -0.008089    1.957697    
0.436051     1.012405     86.150333    86.179870    0.018102     0.042029     3.576471    
1.348920     -2.034792    22.769035    22.983992    0.148429     -0.223900    2.505405    
-0.878757    -0.641843    31.730402    31.810023    -0.029529    -0.021568    1.066252    
0.281891     -2.268458    30.924294    31.071084    0.076442     -0.615148    8.385884    
0.326113     -1.598261    33.637653    33.734662    0.077437     -0.379513    7.987382    
-0.044219    0.635396     22.250195    22.346182    -0.009582    0.137683     4.821360    
0.284150     -0.152247    25.005566    25.084999    0.013896     -0.007445    1.222841    
0.472089     -1.140380    9.468391     9.749293     0.130350     -0.314873    2.614339    
0.026880     0.782716     56.182121    56.222051    0.002013     0.058630     4.208385    
-0.902906    1.135823     125.557474   125.581287   -0.013556    0.017053     1.885140    
0.878633     0.481245     53.511189    53.556754    0.005004     0.002741     0.304741    
-2.639518    -1.073352    49.743208    49.863622    -0.180412    -0.073364    3.399967    
-0.422637    -0.735266    24.113213    24.208289    -0.093837    -0.163248    5.353770    
-1.260143    0.686087     179.017128   179.033700   -0.047578    0.025904     6.758938    
0.570897     -0.047137    27.235213    27.312267    0.008236     -0.000680    0.392916    
-0.759853    0.754622     82.887496    82.917783    -0.018918    0.018788     2.063654    
-1.942593    -0.325784    76.038617    76.089593    -0.175819    -0.029486    6.882069    
-0.751449    -0.567623    166.701196   166.715478   -0.011302    -0.008537    2.507245    
-0.451370    -0.159855    10.641505    10.832630    -0.009268    -0.003282    0.218501    
-0.614978    -1.617300    22.465139    22.617499    -0.006693    -0.017600    0.244478    
-0.039424    -0.150691    144.709483   144.722955   -0.000234    -0.000893    0.857814    
1.027022     -0.237430    45.250185    45.305247    0.141323     -0.032672    6.226636    
0.649428     -1.359658    53.841184    53.898223    0.003280     -0.006868    0.271960    
-1.614282    1.544913     45.339562    45.437248    -0.007791    0.007456     0.218825    
-0.981795    2.343626     60.401197    60.486660    -0.004392    0.010483     0.270173    
0.399177     -1.247488    29.521423    29.615957    0.061614     -0.192552    4.556671    
-0.949030    -0.299580    168.292815   168.307269   -0.071242    -0.022489    12.633532   
1.095702     -1.445930    75.750231    75.797518    0.019466     -0.025688    1.345775    
-0.255659    -0.818504    92.871732    92.896549    -0.004802    -0.015375    1.744483    
-0.196486    -2.321522    28.935936    29.096244    -0.000370    -0.004369    0.054461    
0.633663     0.585266     62.294289    62.331352    0.003129     0.002890     0.307582    
0.252157     1.607698     24.337582    24.471230    0.002606     0.016616     0.251529    
0.000312     0.819548     56.223587    56.264006    0.000047     0.122722     8.419147    
1.418527     -2.521572    59.789036    59.891355    0.033686     -0.059880    1.419818    
0.637189     1.924132     34.181883    34.298460    0.056874     0.171743     3.050977    
-0.986330    0.417217     55.683587    55.728662    -0.001987    0.000840     0.112153    
-0.262236    -0.241688    79.215050    79.240307    -0.044534    -0.041045    13.452658   
-2.270346    -1.627892    26.143333    26.365761    -0.069442    -0.049792    0.799637    
-1.025859    -0.482404    24.862677    24.966232    -0.215634    -0.101401    5.226098    
0.313479     1.227776     86.930348    86.961865    0.011777     0.046125     3.265769    
-0.888185    3.505317     74.289279    74.403280    -0.012897    0.050898     1.078702    
-1.411217    -1.482961    40.080433    40.180925    -0.138318    -0.145349    3.928404    
1.113745     -1.534698    61.423966    61.484748    0.020537     -0.028299    1.132643    
0.233837     1.514731     36.643892    36.728720    0.013137     0.085100     2.058707    
-1.228810    -1.941946    22.339281    22.543282    -0.169119    -0.267266    3.074515    
-0.755959    0.893496     93.143740    93.171890    -0.165399    0.195491     20.379192   
0.066374     -0.080008    27.340975    27.411944    0.005892     -0.007102    2.427054    
0.654591     1.077188     6.847877     7.235827     0.045850     0.075451     0.479655    
-2.683199    -0.744464    30.511235    30.701208    -0.029027    -0.008054    0.330069    
-0.358677    -0.038230    27.328865    27.402042    -0.004411    -0.000470    0.336077    
0.423055     -1.018360    69.200855    69.237629    0.049212     -0.118461    8.049798    
1.017159     0.794329     74.657585    74.694682    0.044745     0.034943     3.284196    
-3.109265    2.404034     52.866184    53.048612    -0.023407    0.018098     0.397983    
-2.122273    0.359831     31.075852    31.212451    -0.071311    0.012091     1.044187    
-0.366492    -0.781308    6.639977     6.979184     -0.077759    -0.165771    1.408808    
-1.115641    0.164027     95.894359    95.921189    -0.001564    0.000230     0.134459    
0.464476     -0.140882    11.459654    11.637620    0.060764     -0.018430    1.499178    
2.834103     -0.678057    39.486076    39.642365    0.006054     -0.001448    0.084349    
-0.618227    1.034111     99.621084    99.647814    -0.053428    0.089369     8.609394    
1.004475     0.152316     22.100570    22.211311    0.009760     0.001480     0.214743    
-0.824049    1.166012     30.632026    30.728401    -0.029316    0.041482     1.089767    
2.196824     -0.586244    104.154683   104.198093   0.071157     -0.018989    3.373672    
-1.552368    0.921695     42.714139    42.797570    -0.100893    0.059904     2.776124    
1.769681     0.823241     59.981230    60.045253    0.007130     0.003317     0.241679    
-0.865024    0.816595     85.124927    85.155994    -0.062306    0.058817     6.131335    
-0.120142    1.944269     23.976967    24.136373    -0.010941    0.177066     2.183602    
0.463217     -0.681306    130.504679   130.522124   0.025834     -0.037997    7.278393    
0.065715     0.803048     61.027363    61.064418    0.011797     0.144167     10.955958   
-0.541390    0.583196     12.693977    12.870324    -0.039069    0.042086     0.916058    
-0.486781    1.532779     146.071158   146.093273   -0.009908    0.031197     2.973054    
-2.085415    -0.563996    57.946208    58.019867    -0.278722    -0.075380    7.744683    
0.303738     1.196616     55.940664    55.988900    0.012638     0.049791     2.327666    
-1.335381    0.528272     23.007941    23.136608    -0.063292    0.025038     1.090489    
-1.526207    -0.814020    78.249153    78.293019    -0.174100    -0.092858    8.926170    
-2.160031    -0.826037    23.383324    23.579713    -0.129671    -0.049589    1.403745    
0.282406     -1.030657    16.433081    16.585027    0.021815     -0.079614    1.269384    
0.113177     0.258320     15.494167    15.621258    0.009099     0.020767     1.245620    
1.091494     0.010002     16.717627    16.868476    0.066685     0.000611     1.021359    
0.852405     0.284191     15.535536    15.685509    0.041454     0.013821     0.755514    
0.865905     0.737808     18.893509    19.029814    0.004138     0.003526     0.090288    
-0.107603    0.537644     7.132408     7.419356     -0.032223    0.161005     2.135905    
-0.740427    -0.099736    6.641785     6.967527     -0.066976    -0.009022    0.600791    
-0.190882    1.239306     136.396151   136.416118   -0.028024    0.181946     20.024702   
-0.619566    -0.155651    109.772541   109.792048   -0.019690    -0.004947    3.488684    
0.074937     -0.589406    11.259966    11.446170    0.013633     -0.107228    2.048480    
0.464261     0.136888     21.337226    21.433302    0.052850     0.015583     2.428951    
-1.216962    0.376542     56.842733    56.891071    -0.020829    0.006445     0.972910    
1.765578     1.981602     65.856461    65.939308    0.069017     0.077462     2.574355    
0.262654     1.090336     15.922179    16.082555    0.003184     0.013218     0.193019    
0.071448     -2.127239    16.722840    16.972289    0.002244     -0.066800    0.525137    
0.912433     0.294500     30.323872    30.402819    0.047818     0.015434     1.589198    
-1.844367    -0.226311    45.403917    45.484541    -0.158925    -0.019501    3.912348    
-1.907903    2.099156     52.572813    52.686072    -0.096321    0.105977     2.654155    
0.477014     -1.324496    52.627687    52.683302    0.044333     -0.123096    4.891105    
1.597892     -0.457809    99.264464    99.297893    0.097911     -0.028052    6.082456    
-0.432138    -0.756779    95.841438    95.865613    -0.051638    -0.090432    11.452603   
1.166175     0.456948     21.872836    21.996924    0.039344     0.015416     0.737935    
-1.492843    1.443023     23.635521    23.808060    -0.117642    0.113716     1.862576    
-2.252883    -0.964313    34.388599    34.531957    -0.287487    -0.123055    4.388279    
0.215237     -0.338953    17.311959    17.428141    0.008059     -0.012691    0.648195    
-0.611304    -2.387408    35.261667    35.402451    -0.019578    -0.076459    1.129285    
1.190322     1.727325     61.226930    61.294473    0.014019     0.020343     0.721079    
1.130576     1.653447     142.431418   142.459103   0.223273     0.326532     28.128193   
1.500964     -1.644798    38.501190    38.615733    0.010000     -0.010958    0.256514    
1.329223     0.381372     33.542662    33.628818    0.059436     0.017053     1.499844    
-0.220151    1.600503     69.717832    69.764325    -0.000734    0.005336     0.232457    
-0.239854    -2.184449    22.265546    22.460161    -0.000041    -0.000371    0.003783    
-0.341012    -0.138268    27.844470    27.916391    -0.036092    -0.014634    2.947023    
0.698764     -0.870901    25.453469    25.553880    0.005166     -0.006439    0.188192    
0.676083     -1.076777    14.509167    14.697191    0.082074     -0.130716    1.761355    
0.665637     -1.262023    32.344472    32.435714    0.121055     -0.229516    5.882286    
-1.735000    -0.404220    20.840267    21.008696    -0.181780    -0.042351    2.183481    
-0.600819    1.784119     24.722617    24.872210    -0.014657    0.043522     0.603092    
-0.072915    -1.400799    52.288047    52.343886    -0.001586    -0.030468    1.137284    
1.810762     2.856621     53.534526    53.677366    0.012766     0.020140     0.377428    
0.338306     -0.740498    37.633180    37.693421    0.022912     -0.050151    2.548742    
0.448309     -1.433522    33.275421    33.367418    0.008343     -0.026677    0.619238    
0.409850     1.622808     128.141528   128.167576   0.032304     0.127909     10.100027   
1.291223     0.000639     29.289498    29.383957    0.041445     0.000020     0.940124    
-0.390006    -1.215056    65.554783    65.596745    -0.025744    -0.080205    4.327211    
0.730260     -0.797382    20.964837    21.084792    0.012615     -0.013774    0.362154    
2.151501     2.093099     135.102949   135.150627   0.003782     0.003680     0.237505    
0.218793     -1.452459    110.509648   110.536939   0.020875     -0.138576    10.543453   
0.597042     0.587726     101.784703   101.807183   0.026658     0.026242     4.544723    
-0.220901    1.039505     12.268748    12.471026    -0.020903    0.098364     1.160946    
1.601426     -1.063980    47.673166    47.752511    0.054818     -0.036421    1.631890    
-0.270526    0.905705     36.701685    36.766589    -0.012245    0.040995     1.661222    
2.205541     -1.499245    68.642573    68.722558    0.380276     -0.258498    11.835251   
1.344690     -0.688031    66.507806    66.554074    0.087273     -0.044655    4.316480    
0.015351     0.662400     23.678934    23.769852    0.002972     0.128227     4.583767    
0.423228     0.139156     40.799139    40.849029    0.002554     0.000840     0.246226    
2.307296     -0.704406    78.319475    78.381343    0.109470     -0.033421    3.715869    
-1.034904    0.511047     52.741330    52.790672    -0.231402    0.114269     11.792842   
-1.133512    0.793417     53.739033    53.792871    -0.055228    0.038658     2.618331    
-0.913211    0.293400     11.672794    11.876409    -0.064726    0.020796     0.827341    
-0.443250    -0.271705    46.057253    46.102232    -0.060542    -0.037111    6.290819    
-0.549979    -0.484986    28.260321    28.338285    -0.014187    -0.012510    0.728979    
-3.094070    0.568445     98.302375    98.372396    -0.003893    0.000715     0.123685    
-0.934785    0.725411     15.170450    15.343323    -0.006568    0.005097     0.106584    
-0.611670    0.651858     48.984819    49.032505    -0.119002    0.126820     9.530098    
-1.816091    -0.523243    81.579601    81.625230    -0.285907    -0.082374    12.843052   
0.098135     -0.062327    101.207083   101.226291   0.006461     -0.004104    6.663639    
-0.859586    1.126463     14.712894    14.911472    -0.258078    0.338204     4.417335    
-1.904165    0.295488     46.063218    46.145510    -0.757463    0.117543     18.323624   
1.181000     1.168611     8.227911     8.621710     0.001001     0.000990     0.006971    
0.164219     -0.813291    38.548284    38.607429    0.004953     -0.024527    1.162541    
-0.271218    0.087109     67.186121    67.215556    -0.017187    0.005520     4.257516    
0.176694     1.142806     19.761043    19.892486    0.003110     0.020117     0.347860    
-0.470391    -0.326389    33.182319    33.245587    -0.024893    -0.017272    1.755998    
-2.246730    0.392970     15.337812    15.630920    -0.355479    0.062176     2.426760    
0.720605     -1.633648    43.112412    43.194248    0.077151     -0.174904    4.615775    
-0.343422    2.118756     30.237047    30.376982    -0.010642    0.065657     0.937003    
-0.208627    0.930261     83.047686    83.076483    -0.000653    0.002912     0.259948    
-0.633082    1.554443     47.092206    47.163205    -0.034260    0.084120     2.548441    
1.435961     0.173499     22.877376    23.007420    0.186976     0.022591     2.978858    
0.195968     1.468958     20.467144    20.614926    0.002456     0.018408     0.256475    
2.138353     -0.737995    45.251318    45.350567    0.063595     -0.021948    1.345787    
-0.516304    2.512695     24.019118    24.235783    -0.027100    0.131886     1.260712    
-1.431039    -0.146413    47.444518    47.507121    -0.115132    -0.011779    3.817086    
-0.684317    -0.683164    59.179836    59.220460    -0.024821    -0.024779    2.146512    
-0.004293    0.357896     7.467504     7.730891     -0.000071    0.005902     0.123135    
0.910520     0.321048     102.569668   102.593099   0.041839     0.014752     4.713154    
2.139753     -0.988904    49.846555    49.941070    0.097423     -0.045025    2.269518    
0.578367     -2.291654    97.663305    97.711731    0.006268     -0.024834    1.058354    
0.437501     -0.493802    80.724724    80.751416    0.006830     -0.007709    1.260246    
2.406356     0.411237     110.116584   110.161230   0.015619     0.002669     0.714727    
0.592220     -0.975069    23.845607    23.953902    0.194993     -0.321049    7.851355    
3.819301     1.479522     35.479237    35.769083    0.333421     0.129161     3.097298    
-1.446365    -0.169796    45.590732    45.656441    -0.021603    -0.002536    0.680955    
-0.874327    -0.773518    41.657516    41.720335    -0.127071    -0.112420    6.054339    
0.551999     0.619685     14.178883    14.338912    0.005683     0.006379     0.145968    
0.420949     -1.228900    95.212201    95.241406    0.037274     -0.108818    8.430921    
-0.115352    0.226920     19.312862    19.414592    -0.008797    0.017305     1.472775    
-2.954622    0.694785     33.411241    33.606525    -0.027350    0.006431     0.309279    
1.203816     0.328519     82.730014    82.762837    0.034254     0.009348     2.354062    
1.045303     0.906150     22.297589    22.427019    0.006276     0.005440     0.133871    
-2.430588    0.207426     29.655590    29.820794    -0.049352    0.004212     0.602148    
1.584154     -0.490212    44.206055    44.280922    0.043517     -0.013466    1.214340    
-2.388900    -0.757405    67.944101    68.018794    -0.130609    -0.041410    3.714736    
-1.964478    -2.067005    76.808197    76.886317    -0.236526    -0.248871    9.247835    
0.346949     0.184818     19.612470    19.714930    0.018884     0.010059     1.067464    
1.066316     1.834706     98.446963    98.489506    0.074122     0.127534     6.843244    
1.536745     -0.632314    44.496528    44.571037    0.343454     -0.141319    9.944720    
0.271352     1.017526     88.419452    88.447631    0.024674     0.092525     8.040075    
-0.050771    -2.122951    43.955147    44.050419    -0.006582    -0.275216    5.698268    
-1.809147    0.020275     20.845940    21.016698    -0.249770    0.002799     2.877977    
0.708884     0.886570     17.562072    17.708468    0.144671     0.180933     3.584106    
1.164838     0.545424     90.911193    90.941598    0.056354     0.026387     4.398190    
0.828170     -0.160428    23.045653    23.144950    0.091076     -0.017643    2.534388    
-0.111661    1.135685     60.382763    60.425618    -0.008174    0.083140     4.420418    
-1.503892    -1.613538    52.741627    52.824421    -0.021735    -0.023319    0.762241    
0.055610     1.356022     44.785501    44.849280    0.000426     0.010389     0.343109    
-1.151738    -1.076475    14.626601    14.842429    -0.032404    -0.030286    0.411515    
0.376279     -1.925292    35.414628    35.523502    0.009984     -0.051087    0.939709    
-1.553647    1.532373     72.547128    72.606630    -0.060379    0.059553     2.819400    
-1.727411    0.107792     49.386104    49.455615    -0.112926    0.007047     3.228525    
-0.448184    -0.449702    8.235722     8.491476     -0.020157    -0.020226    0.370407    
-0.996488    -1.148169    28.379720    28.488502    -0.024268    -0.027962    0.691146    
-0.373513    0.470839     162.694755   162.707773   -0.008345    0.010519     3.634878    
-0.720210    -2.287822    40.631299    40.749604    -0.024474    -0.077743    1.380703    
0.128991     0.874684     29.569370    29.648007    0.001638     0.011108     0.375519    
-0.222780    -0.893303    8.554166     8.825890     -0.023928    -0.095948    0.918783    
-0.461823    1.373376     7.083528     7.493381     -0.031561    0.093858     0.484094    
0.189454     -0.517227    14.694540    14.836033    0.007826     -0.021365    0.606976    
-0.582728    -0.129444    14.093241    14.242567    -0.025412    -0.005645    0.614578    
-1.609298    0.549166     52.946256    53.010116    -0.046036    0.015710     1.514593    
-0.073816    -0.244484    138.454570   138.468798   -0.000296    -0.000981    0.555761    
-0.192633    -2.600050    46.177851    46.293263    -0.005258    -0.070972    1.260483    
0.815765     0.963114     44.188051    44.249880    0.042992     0.050758     2.328792    
0.965577     0.714202     34.328564    34.405925    0.030084     0.022252     1.069556    
-0.039167    0.458971     60.099486    60.133480    -0.000275    0.003222     0.421905    
