-0.133479    -1.345278    53.612929    53.666085    -0.008152    -0.082162    3.274382    
1.130657     0.584335     48.344484    48.401280    0.066680     0.034461     2.851102    
0.264827     0.327115     6.386606     6.696329     0.005333     0.006587     0.128603    
0.791152     1.437745     97.998637    98.032142    0.011118     0.020205     1.377191    
-0.500953    -0.024175    20.241022    20.342700    -0.027391    -0.001322    1.106743    
-0.104675    0.409249     88.282355    88.305309    -0.001045    0.004086     0.881515    
-0.177639    -0.096864    5.603082     5.942258     -0.015103    -0.008235    0.476377    
-0.131047    1.268867     10.532437    10.790477    -0.016203    0.156885     1.302253    
0.649119     0.719374     49.907672    49.955876    0.164363     0.182152     12.637080   
0.785309     -2.864214    19.277947    19.604454    0.038433     -0.140175    0.943468    
1.766454     -2.868038    23.741878    24.060293    0.036308     -0.058950    0.487993    
-0.420119    1.500762     17.622554    17.800510    -0.013215    0.047207     0.554322    
1.541913     -0.196594    43.714403    43.786301    0.060306     -0.007689    1.709714    
-1.821593    -0.968222    58.058648    58.128627    -0.055765    -0.029641    1.777373    
-0.823748    0.517634     12.077684    12.275664    -0.002822    0.001773     0.041378    
-1.589293    1.062732     18.451427    18.654366    -0.022582    0.015100     0.262176    
-0.606349    1.275681     84.835956    84.870545    -0.013580    0.028572     1.900081    
-0.411312    -0.702495    17.884451    18.010864    -0.010190    -0.017404    0.443070    
-0.151437    -0.989704    21.719521    21.831513    -0.007366    -0.048138    1.056415    
0.809062     -0.378406    6.706812     7.046563     0.152340     -0.071251    1.262839    
1.292566     -1.018452    110.478156   110.507945   0.008644     -0.006811    0.738823    
-0.034071    1.115248     39.696418    39.760854    -0.006465    0.211627     7.532702    
-0.915489    -0.580965    57.985947    58.029481    -0.027894    -0.017701    1.766754    
0.270445     -0.565663    15.848347    15.982433    0.014840     -0.031039    0.869633    
-0.044889    -0.356875    71.114896    71.143044    -0.000358    -0.002845    0.566931    
-2.609131    0.040430     154.031325   154.066003   -0.294791    0.004568     17.403121   
0.915231     -3.761612    102.946576   103.038147   0.042361     -0.174106    4.764881    
-0.310582    -0.654650    29.207576    29.282802    -0.021567    -0.045460    2.028234    
-1.713616    -1.143752    34.657041    34.773986    -0.000189    -0.000126    0.003832    
0.018117     0.115369     102.151002   102.170034   0.004466     0.028440     25.181760   
0.452183     -1.821710    86.987396    87.029910    0.013335     -0.053722    2.565229    
-1.640347    -0.050169    63.609138    63.660747    -0.001025    -0.000031    0.039744    
0.703742     -1.093700    66.309046    66.351006    0.051957     -0.080748    4.895579    
0.225526     0.601389     35.916958    35.976595    0.029452     0.078536     4.690414    
-0.622022    -1.518932    17.643843    17.829028    -0.035397    -0.086438    1.004055    
-1.893056    1.334009     92.755412    92.805197    -0.073585    0.051855     3.605519    
-0.229873    -0.399191    191.501973   191.512644   -0.017715    -0.030764    14.758290   
0.354650     1.412046     64.078982    64.125740    0.014544     0.057909     2.627905    
1.303562     1.104649     37.816822    37.906549    0.076779     0.065063     2.227392    
-1.541931    0.563259     86.405544    86.443552    -0.330315    0.120662     18.509928   
-0.028194    0.245913     15.133631    15.263126    -0.003106    0.027092     1.667245    
-1.745501    -0.277565    55.670926    55.733749    -0.237179    -0.037716    7.564585    
0.404534     -0.349177    10.312576    10.512362    0.040977     -0.035370    1.044606    
3.397833     0.094962     70.771594    70.880518    0.050281     0.001405     1.047271    
1.488987     0.107169     104.746428   104.775558   0.043682     0.003144     3.072944    
-0.030351    0.722819     79.631559    79.659171    -0.000385    0.009162     1.009341    
-0.150778    -0.245754    131.659459   131.674490   -0.008549    -0.013934    7.464938    
3.192116     0.587955     30.232210    30.469604    0.050034     0.009216     0.473868    
-0.202158    -0.494015    56.356771    56.393665    -0.011512    -0.028133    3.209342    
0.350683     -0.640327    15.303599    15.446944    0.044342     -0.080966    1.935071    
1.189453     0.249504     123.169760   123.191484   0.020442     0.004288     2.116754    
2.476608     0.261334     107.867868   107.914567   0.063429     0.006693     2.762619    
-1.975267    0.284116     46.839013    46.922814    -1.064454    0.153108     25.241114   
-1.061776    -0.728428    59.089309    59.136109    -0.051905    -0.035609    2.888577    
0.437020     -1.664867    62.891210    62.945548    0.010527     -0.040103    1.514901    
-0.705338    -1.505258    95.622627    95.657332    -0.149513    -0.319076    20.269514   
1.597523     -1.647550    45.411974    45.512513    0.099015     -0.102116    2.814654    
1.049922     -1.425842    63.486756    63.541943    0.019424     -0.026378    1.174510    
-0.391484    0.964090     17.478673    17.619923    -0.013279    0.032701     0.592866    
1.443362     0.184614     18.658181    18.818077    0.238597     0.030518     3.084320    
0.758232     1.220045     69.034251    69.077248    0.069269     0.111459     6.306718    
0.616516     1.142414     10.632400    10.890734    0.006308     0.011689     0.108791    
0.952353     -0.436829    10.378814    10.615674    0.090938     -0.041712    0.991053    
0.208739     -1.159098    86.047790    86.078361    0.021123     -0.117290    8.707279    
-0.382839    -0.922152    14.190474    14.361109    -0.000739    -0.001779    0.027375    
1.378749     0.266032     8.730925     9.059565     0.010623     0.002050     0.067272    
-0.003932    1.507878     75.114954    75.155871    -0.000304    0.116620     5.809423    
0.348677     1.008113     25.702518    25.799850    0.056990     0.164772     4.200974    
0.947851     1.116112     16.771612    16.950105    0.086255     0.101567     1.526228    
-0.483470    -0.877492    54.629938    54.674572    -0.024455    -0.044385    2.763272    
-1.113708    -0.507081    9.165259     9.453804     -0.062927    -0.028651    0.517859    
-1.796112    -0.501675    72.730925    72.781455    -0.202737    -0.056627    8.209525    
-0.712627    0.146552     71.401127    71.431962    -0.017749    0.003650     1.778392    
-1.963955    2.779477     27.164514    27.447557    -0.504339    0.713763     6.975786    
1.666448     -0.598957    24.750737    24.891961    0.171092     -0.061494    2.541128    
2.360421     -0.019567    30.110586    30.267050    0.037403     -0.000310    0.477134    
0.778114     1.603201     22.532600    22.688515    0.077057     0.158766     2.231424    
-0.653462    -0.686244    6.759711     7.103984     -0.014755    -0.015496    0.152636    
1.644452     -0.379070    100.512879   100.546316   0.026084     -0.006013    1.594298    
-0.694904    -0.574657    41.468167    41.524655    -0.055665    -0.046033    3.321801    
1.083345     -0.842344    34.577068    34.660233    0.211624     -0.164546    6.754379    
1.557209     -0.951707    88.463317    88.504034    0.203598     -0.124432    11.566198   
1.596151     0.774466     62.440488    62.496696    0.010553     0.005121     0.412835    
0.725687     -0.602915    31.206053    31.282309    0.011654     -0.009682    0.501151    
0.880199     0.167523     58.777705    58.817483    0.029049     0.005529     1.939840    
0.442190     0.692727     90.047831    90.073094    0.032991     0.051682     6.718217    
-0.252758    -1.659894    32.708742    32.810911    -0.022133    -0.145348    2.864126    
2.200535     0.119249     20.351789    20.565185    0.152215     0.008249     1.407770    
-0.839965    -0.480454    13.737289    13.911306    -0.000070    -0.000040    0.001143    
-2.049190    0.495388     78.579343    78.632262    -0.035143    0.008496     1.347599    
0.170094     0.363592     160.167939   160.180538   0.027128     0.057988     25.544824   
0.758408     -0.073802    96.456629    96.479723    0.018990     -0.001848    2.415181    
-2.330527    0.112201     34.340406    34.475823    -0.059912    0.002884     0.882802    
0.655490     -1.649189    32.764137    32.871159    0.027957     -0.070340    1.397433    
-0.634464    -0.302144    21.162726    21.265694    -0.057000    -0.027144    1.901234    
-1.146000    -0.105368    47.320959    47.375865    -0.071244    -0.006550    2.941841    
1.459430     -0.215609    28.535589    28.641425    0.123064     -0.018181    2.406225    
-1.654462    -0.307367    79.156765    79.199117    -0.194486    -0.036132    9.305078    
-0.738497    -0.687139    64.170634    64.208744    -0.006694    -0.006228    0.581650    
-0.885820    -0.872646    65.689071    65.730321    -0.002385    -0.002350    0.176887    
-0.200896    0.464398     31.165532    31.231737    -0.013533    0.031284     2.099431    
0.000929     1.057734     88.683829    88.711979    0.000034     0.038443     3.223201    
-1.070595    1.904952     39.905277    40.013511    -0.098254    0.174826     3.662295    
0.673720     -0.148819    21.240725    21.342901    0.015754     -0.003480    0.496683    
0.313249     -0.196456    19.403720    19.506819    0.041558     -0.026064    2.574279    
-1.349985    0.262465     22.556112    22.683573    -0.157140    0.030551     2.625560    
1.193138     0.832207     24.580218    24.701786    0.007317     0.005104     0.150746    
-1.297839    -0.744858    82.029518    82.066778    -0.002316    -0.001329    0.146396    
-0.907658    0.339101     52.708267    52.753912    -0.001842    0.000688     0.106942    
-0.434968    1.215486     52.005593    52.058844    -0.040789    0.113982     4.876822    
0.915795     -1.068597    15.160915    15.352813    0.027931     -0.032591    0.462390    
1.462732     -0.809865    11.271150    11.563271    0.123189     -0.068205    0.949237    
0.293493     -1.433328    36.735453    36.817238    0.003156     -0.015415    0.395066    
1.736492     0.893967     104.357792   104.394627   0.117232     0.060352     7.045262    
0.394165     1.903725     52.710485    52.783043    0.001866     0.009013     0.249564    
-0.202061    -1.071316    70.159944    70.196021    -0.032262    -0.171054    11.202221   
-0.812305    0.116027     105.018510   105.040162   -0.081785    0.011682     10.573506   
1.026290     -0.078126    80.463780    80.494436    0.001422     -0.000108    0.111502    
-0.974777    -0.735580    9.484008     9.762819     -0.374528    -0.282624    3.643943    
-2.378238    -0.441301    100.057395   100.105983   -0.046017    -0.008539    1.936031    
0.206558     1.223397     57.245197    57.292468    0.007020     0.041576     1.945405    
-0.368265    -2.610432    15.087673    15.442241    -0.004514    -0.031996    0.184927    
1.132567     0.182249     35.039855    35.113847    0.177026     0.028486     5.476901    
0.101517     -0.098514    29.517178    29.583082    0.000394     -0.000382    0.114498    
0.697517     -1.014298    37.708881    37.780286    0.050782     -0.073846    2.745382    
-0.840698    -0.387911    77.249807    77.280430    -0.068560    -0.031635    6.299835    
-0.500460    -1.525618    21.390143    21.540454    -0.042810    -0.130505    1.829757    
1.374244     -1.185509    14.869653    15.108789    0.239911     -0.206962    2.595892    
-0.039311    -1.245253    13.608968    13.806924    -0.001116    -0.035354    0.386373    
-0.484194    0.317901     173.779083   173.791197   -0.000661    0.000434     0.237269    
-0.111357    0.488159     35.359842    35.418133    -0.005014    0.021980     1.592133    
-0.711942    3.010822     39.718091    39.887010    -0.113422    0.479667     6.327654    
-3.194759    -1.795085    68.594971    68.720986    -0.085697    -0.048152    1.840009    
-0.034562    -0.473372    11.174234    11.356220    -0.000551    -0.007548    0.178175    
-0.862153    -1.301248    84.211603    84.249068    -0.001805    -0.002724    0.176260    
-0.964461    -0.825986    42.305700    42.370505    -0.162487    -0.139157    7.127410    
0.942449     0.058410     48.588513    48.637538    0.152033     0.009423     7.838164    
-1.663982    -1.067171    56.263280    56.332400    -0.087033    -0.055818    2.942805    
-0.188730    0.719479     12.298248    12.476984    -0.002236    0.008523     0.145687    
-0.745986    0.422861     10.009558    10.237261    -0.062303    0.035317     0.835978    
2.021235     1.129677     28.913612    29.072899    0.094027     0.052552     1.345054    
0.541844     -0.901759    120.652849   120.673492   0.007301     -0.012151    1.625798    
-0.679408    1.148946     74.365075    74.403098    -0.176365    0.298251     19.304178   
0.723577     -1.180228    98.038648    98.068180    0.024651     -0.040208    3.339992    
0.949662     1.488011     27.506547    27.633334    0.106957     0.167590     3.097970    
-1.866018    0.625833     125.658349   125.689177   -0.298183    0.100006     20.079730   
-1.454860    1.801834     147.724098   147.755363   -0.029592    0.036650     3.004753    
1.829754     1.188879     59.938846    60.010846    0.197105     0.128069     6.456745    
-1.607581    1.525830     74.932610    74.991222    -0.014862    0.014106     0.692727    
-1.608670    -0.899863    16.347361    16.568305    -0.491025    -0.274671    4.989811    
0.411847     0.634117     39.799911    39.855735    0.017620     0.027129     1.702748    
0.990656     0.798829     31.226552    31.314407    0.256090     0.206501     8.072221    
1.135775     -0.020694    21.898749    22.016371    0.160795     -0.002930    3.100275    
-0.740274    0.095005     10.155708    10.371614    -0.245052    0.031449     3.361837    
-0.191028    1.166698     50.166332    50.218856    -0.001812    0.011066     0.475810    
-0.394886    0.364488     91.686585    91.709288    -0.068011    0.062775     15.791115   
3.119497     0.283097     44.481464    44.635042    0.078212     0.007098     1.115244    
-0.139062    0.124411     152.671432   152.684236   -0.009368    0.008381     10.284525   
-0.612175    -1.357273    49.189693    49.251577    -0.058040    -0.128683    4.663671    
-0.483871    0.658047     24.430335    24.523119    -0.048295    0.065680     2.438385    
0.114444     0.061498     6.985029     7.258269     0.000192     0.000103     0.011735    
0.316784     -0.382744    27.395709    27.470833    0.008240     -0.009956    0.712625    
0.457743     0.466027     35.970492    36.030237    0.028166     0.028676     2.213345    
1.296939     1.407096     55.269387    55.337528    0.086137     0.093454     3.670769    
0.150078     -0.956825    131.052852   131.071214   0.005412     -0.034505    4.726042    
0.656872     0.645705     7.183121     7.504705     0.186541     0.183370     2.039895    
-0.489255    -0.429818    90.098076    90.121931    -0.005110    -0.004489    0.941026    
-2.155788    -0.496032    52.132409    52.216438    -0.196057    -0.045111    4.741162    
-1.250363    0.817657     74.651157    74.692049    -0.056126    0.036703     3.350925    
0.202421     0.976782     12.769028    12.958322    0.037000     0.178545     2.334044    
1.962069     -0.115174    115.153566   115.187160   0.433615     -0.025453    25.448787   
0.465099     -0.758124    90.067992    90.093891    0.046466     -0.075740    8.998253    
-1.152681    -2.319984    73.334847    73.406987    -0.034570    -0.069579    2.199394    
-0.411281    -0.381109    7.548835     7.821398     -0.034304    -0.031787    0.629623    
3.206860     0.585270     75.365867    75.462012    0.073949     0.013496     1.737919    
1.169281     0.782075     33.191226    33.279292    0.116733     0.078077     3.313576    
-0.348716    -1.184801    44.895966    44.956068    -0.010630    -0.036118    1.368627    
0.873299     -1.192508    71.478938    71.521313    0.172183     -0.235120    14.093072   
1.724247     1.427297     31.292072    31.433723    0.019489     0.016133     0.353692    
-0.482417    1.871127     80.557967    80.605179    -0.011115    0.043111     1.856069    
1.102699     -0.250831    7.093897     7.448301     0.016357     -0.003721    0.105230    
-0.407451    -0.892957    64.173896    64.211582    -0.015702    -0.034411    2.473026    
-0.425268    -1.610536    46.046404    46.118553    -0.072366    -0.274059    7.835554    
-0.854645    -0.120007    30.472608    30.548316    -0.009843    -0.001382    0.350965    
-0.533775    -0.305402    82.990633    83.016254    -0.000603    -0.000345    0.093819    
-1.926413    0.810137     25.284223    25.446695    -0.095594    0.040201     1.254677    
-0.804898    -1.710908    12.212771    12.514063    -0.117111    -0.248934    1.776933    
-0.857868    0.948248     26.041986    26.147563    -0.009745    0.010771     0.295817    
0.227848     -0.909450    31.240028    31.316023    0.003676     -0.014674    0.504075    
-1.062364    0.293648     31.101130    31.182849    -0.006776    0.001873     0.198381    
1.331256     -1.933090    37.723887    37.848060    0.155095     -0.225210    4.394932    
0.054999     1.021226     72.302613    72.336635    0.005638     0.104686     7.411729    
-0.139142    -1.907912    97.893375    97.931850    -0.016849    -0.231038    11.854371   
0.558430     -1.256608    49.978153    50.035804    0.060452     -0.136031    5.410274    
-0.605393    -0.351132    123.137293   123.155015   -0.033940    -0.019685    6.903370    
0.608401     2.998429     43.841264    43.991955    0.199391     0.982675     14.368097   
0.769685     -0.973229    12.313399    12.531334    0.030993     -0.039189    0.495819    
0.459833     -0.642872    11.570606    11.763443    0.016381     -0.022901    0.412182    
-1.948155    1.335909     118.346983   118.386922   -0.352240    0.241542     21.397968   
0.328977     -0.982263    9.705340     9.956990     0.016725     -0.049937    0.493410    
1.768809     1.196100     22.981415    23.164191    0.143965     0.097352     1.870482    
0.914218     1.350884     28.044664    28.160945    0.028693     0.042398     0.880196    
-0.501664    0.793509     10.805994    11.023874    -0.029542    0.046728     0.636339    
1.564722     -0.140157    14.883973    15.095549    0.175617     -0.015731    1.670506    
0.448085     0.972740     135.156336   135.174913   0.006813     0.014790     2.054977    
0.898054     0.520534     67.895208    67.931670    0.082450     0.047790     6.233457    
1.870963     -0.131136    38.543337    38.639118    0.047604     -0.003337    0.980678    
-0.024249    -0.407134    95.493594    95.514751    -0.003064    -0.051441    12.065424   
0.363665     1.227838     26.462901    26.566895    0.013634     0.046033     0.992131    
1.063976     -0.433853    13.611040    13.800567    0.010942     -0.004462    0.139977    
-0.910153    0.356672     34.975728    35.044715    -0.004976    0.001950     0.191201    
-0.679831    -1.741633    118.966829   118.997802   -0.046399    -0.118868    8.119606    
-0.947045    -1.358655    28.577331    28.692885    -0.005832    -0.008367    0.175982    
0.171504     1.117682     69.952485    69.989311    0.003816     0.024870     1.556548    
-1.204365    -0.099653    28.718028    28.810770    -0.031950    -0.002644    0.761843    
-0.303099    1.326115     67.011918    67.054624    -0.009039    0.039547     1.998422    
-0.717139    -0.938660    22.583485    22.699870    -0.033349    -0.043651    1.050202    
1.148792     -2.349781    23.523060    23.749747    0.106259     -0.217346    2.175798    
-0.842214    -1.099404    82.327470    82.362645    -0.102971    -0.134416    10.065535   
-1.501942    -0.034292    39.639446    39.716717    -0.048642    -0.001111    1.283773    
1.687139     -0.058234    16.949384    17.146614    0.147053     -0.005076    1.477326    
0.405862     1.730101     24.891529    25.032402    0.044185     0.188350     2.709860    
-1.280406    -0.915255    20.054220    20.211972    -0.099284    -0.070970    1.555021    
0.602604     -0.921087    26.069685    26.167059    0.001822     -0.002786    0.078843    
1.010040     2.012661     47.526460    47.620482    0.043980     0.087638     2.069459    
0.992644     -0.590537    9.976654     10.234386    0.051533     -0.030657    0.517932    
-1.427561    0.192548     101.518387   101.547688   -0.025248    0.003405     1.795495    
1.250987     -0.836552    31.766492    31.862984    0.040927     -0.027368    1.039257    
0.106980     -0.969627    21.952552    22.062211    0.029385     -0.266335    6.029876    
0.444578     -0.834768    25.520504    25.613777    0.100572     -0.188841    5.773254    
-1.049247    -0.583330    68.152576    68.191566    -0.023626    -0.013135    1.534619    
1.673153     0.358016     67.382246    67.432704    0.031858     0.006817     1.282994    
-0.389772    0.130226     56.531301    56.567056    -0.037851    0.012646     5.489824    
-0.957668    -0.256699    13.902278    14.075913    -0.075662    -0.020281    1.098364    
-0.921055    0.188505     11.441774    11.647876    -0.032999    0.006754     0.409932    
-0.123971    0.629327     7.579734     7.857401     -0.019241    0.097675     1.176421    
1.653754     -1.332940    91.460430    91.506267    0.162293     -0.130810    8.975601    
0.206748     1.395615     63.390427    63.436675    0.009404     0.063483     2.883469    
-0.946721    -1.306785    21.518852    21.668870    -0.192575    -0.265817    4.377213    
-0.660844    2.537667     34.403512    34.559414    -0.000894    0.003433     0.046538    
0.007900     -0.203675    26.133616    26.208441    0.000720     -0.018552    2.380443    
1.514601     -0.272895    29.868111    29.972446    0.055000     -0.009910    1.084599    
0.513924     -0.134913    10.467529    10.664260    0.025075     -0.006583    0.510719    
-2.379927    -1.522756    44.488439    44.621508    -0.329596    -0.210886    6.161203    
-0.132923    -0.346391    52.011936    52.050496    -0.002334    -0.006082    0.913255    
-1.170695    -0.673657    56.401472    56.451973    -0.050648    -0.029145    2.440123    
0.557994     -0.576801    147.574505   147.589815   0.019250     -0.019898    5.091020    
-0.856155    -0.948544    16.163453    16.332940    -0.038714    -0.042891    0.730882    
2.140637     -0.323229    133.501030   133.533092   0.112265     -0.016952    7.001391    
-1.038704    0.418139     75.962857    75.996607    -0.007499    0.003019     0.548391    
-2.147888    0.601502     27.792913    27.951676    -0.228353    0.063949     2.954813    
1.384659     0.258050     25.510075    25.624651    0.058096     0.010827     1.070315    
1.896725     0.140425     33.217621    33.330205    0.079657     0.005897     1.395044    
0.933476     -0.977107    14.535043    14.729852    0.093204     -0.097560    1.451263    
-0.412540    0.409604     16.246815    16.375956    -0.000645    0.000641     0.025409    
-1.449645    -0.898792    66.322134    66.373261    -0.061665    -0.038233    2.821228    
1.016913     0.827416     104.509651   104.536409   0.002495     0.002030     0.256408    
-1.337735    0.055675     17.226624    17.390347    -0.040204    0.001673     0.517720    
-0.298672    -0.029935    18.093129    18.202373    -0.042984    -0.004308    2.603935    
0.521047     0.420639     27.484426    27.562965    0.028926     0.023352     1.525783    
-0.236800    1.131387     23.229308    23.341204    -0.014763    0.070535     1.448195    
0.746900     0.501434     31.757808    31.831472    0.007979     0.005356     0.339244    
0.222210     0.842578     78.498421    78.527934    0.021473     0.081423     7.585740    
-0.899753    -0.335758    15.100055    15.258077    -0.066842    -0.024943    1.121770    
-0.079258    -1.790812    81.242852    81.286464    -0.008429    -0.190457    8.640353    
-0.782381    -0.721007    16.375272    16.527445    -0.008789    -0.008099    0.183950    
1.123725     0.400654     18.305149    18.449301    0.015550     0.005544     0.253309    
1.342542     1.207662     54.020374    54.086382    0.056566     0.050883     2.276051    
0.578696     0.040316     18.835502    18.946968    0.088608     0.006173     2.884047    
1.479380     -1.411301    34.002822    34.121067    0.014298     -0.013640    0.328627    
-0.606521    0.552241     8.776437     9.031813     -0.058541    0.053302     0.847102    
0.552755     -0.411820    11.761440    11.944939    0.000086     -0.000064    0.001837    
0.137297     0.035434     44.973192    45.016475    0.007405     0.001911     2.425658    
-1.616277    -0.645072    117.944017   117.973279   -0.022984    -0.009173    1.677189    
-0.839503    0.779513     44.463666    44.521961    -0.040452    0.037561     2.142518    
0.084603     -1.215756    59.544646    59.589639    0.000472     -0.006783    0.332209    
0.752307     1.188925     25.105040    25.221370    0.129675     0.204934     4.327341    
0.248155     0.867143     18.844506    18.968497    0.005564     0.019444     0.422555    
-1.386466    -0.282082    26.523203    26.633758    -0.006200    -0.001261    0.118601    
-1.177175    0.206294     68.223328    68.262184    -0.012156    0.002130     0.704495    
0.672052     0.849704     22.960658    23.070336    0.013810     0.017461     0.471828    
-1.016678    -0.062689    42.309495    42.367510    -0.261145    -0.016102    10.867654   
0.439005     0.956613     37.363799    37.430419    0.002931     0.006387     0.249476    
0.646415     0.645016     20.533452    20.647797    0.015179     0.015146     0.482170    
-0.984113    -1.434611    39.517572    39.604798    -0.059106    -0.086162    2.373414    
-1.177797    -1.242994    17.385685    17.580366    -0.013291    -0.014027    0.196194    
-2.416596    0.236884     51.373540    51.468549    -0.030118    0.002952     0.640266    
-0.221412    -1.128759    20.934094    21.057881    -0.012303    -0.062719    1.163191    
-0.054115    1.060584     29.269618    29.354953    -0.006785    0.132986     3.670095    
1.123372     0.668273     41.797844    41.864583    0.102802     0.061155     3.825021    
0.843349     0.772289     25.248247    25.350672    0.016087     0.014732     0.481615    
-0.221594    -0.982516    39.134191    39.196611    -0.053397    -0.236753    9.430019    
2.273898     -0.641595    33.920980    34.060095    0.383435     -0.108189    5.719909    
-0.847408    0.064352     51.045043    51.090054    -0.035791    0.002718     2.155907    
-0.215642    1.021275     33.894475    33.967630    -0.004199    0.019885     0.659960    
-1.409771    0.576659     32.674690    32.769350    -0.048520    0.019847     1.124564    
0.562082     -0.301658    29.374638    29.447432    0.045573     -0.024458    2.381657    
0.843335     -1.120840    91.153472    91.185514    0.016835     -0.022375    1.819682    
1.051083     -1.350583    54.072035    54.134912    0.023530     -0.030234    1.210466    
-0.757109    -0.841067    40.570246    40.633735    -0.017581    -0.019530    0.942065    
-0.233904    -1.631002    14.359175    14.586835    -0.010743    -0.074909    0.659488    
1.255975     -0.268365    46.215658    46.275387    0.063046     -0.013471    2.319878    
-1.352707    -1.716621    45.812265    45.906592    -0.025845    -0.032798    0.875297    
0.286064     -0.298380    36.944107    36.998822    0.020237     -0.021108    2.613531    
-0.067953    -0.265495    13.297222    13.444931    -0.001908    -0.007453    0.373285    
-0.501680    1.479673     66.170041    66.217750    -0.119544    0.352588     15.767520   
1.435482     -1.712741    63.740793    63.810327    0.202378     -0.241467    8.986360    
0.371321     0.273513     14.068731    14.213263    0.041517     0.030581     1.573013    
-0.075954    -3.092125    29.301983    29.530462    -0.003595    -0.146362    1.386971    
1.676110     -0.272897    59.171733    59.228817    0.005649     -0.000920    0.199432    
-0.897033    0.331760     46.513765    46.565223    -0.034912    0.012912     1.810277    
-0.600139    0.953103     12.033398    12.245251    -0.007126    0.011317     0.142889    
-1.027346    0.384709     24.861708    24.963632    -0.020107    0.007530     0.486599    
-3.485009    -3.392004    71.604645    71.796595    -0.294740    -0.286874    6.055863    
-0.222573    -0.593386    5.049537     5.456595     -0.003135    -0.008359    0.071134    
0.645931     -0.124371    40.765361    40.818162    0.021396     -0.004120    1.350301    
-0.305223    0.810016     50.016803    50.063008    -0.143676    0.381294     23.544142   
2.541473     0.223601     42.258798    42.381482    0.236953     0.020847     3.939981    
0.858584     -0.722933    59.499180    59.542314    0.047692     -0.040157    3.305045    
1.300049     -0.303338    39.944677    40.015426    0.021490     -0.005014    0.660297    
0.852129     0.938637     24.465920    24.577700    0.006936     0.007640     0.199151    
-0.254152    1.120052     69.937095    69.974219    -0.035549    0.156667     9.782429    
-0.135024    0.198380     20.282997    20.379708    -0.048700    0.071551     7.315594    
-0.781411    -0.960744    12.589097    12.802108    -0.058926    -0.072450    0.949346    
-0.406638    0.718569     79.364754    79.393456    -0.010486    0.018530     2.046597    
-1.458934    1.006596     30.209997    30.325907    -0.223214    0.154007     4.622069    
-0.856518    1.943135     25.821833    25.983676    -0.053551    0.121489     1.614433    
-1.116753    0.682753     27.094432    27.197362    -0.058578    0.035813     1.421199    
-0.701087    1.214102     28.957705    29.058376    -0.000245    0.000424     0.010101    
-0.270288    2.118920     53.210880    53.290107    -0.007395    0.057970     1.455767    
-0.735888    0.240190     10.432996    10.645261    -0.005896    0.001925     0.083594    
0.488430     0.286537     51.024699    51.065796    0.013779     0.008084     1.439497    
-0.233164    -0.421299    50.349403    50.390169    -0.028589    -0.051657    6.173561    
0.008354     -1.727323    14.723488    14.954590    0.000247     -0.051007    0.434779    
-1.987821    -0.908497    137.464127   137.495592   -0.236431    -0.108057    16.349972   
-0.520270    0.911771     22.707565    22.816890    -0.022230    0.038957     0.970226    
-0.319104    0.876129     77.507325    77.537925    -0.006718    0.018444     1.631684    
-0.261619    0.892716     19.928785    20.047364    -0.025562    0.087226     1.947213    
-1.689146    -0.488091    19.645581    19.822090    -0.081307    -0.023494    0.945640    
0.564614     -0.301404    7.311838     7.599182     0.069827     -0.037276    0.904276    
0.135839     -1.069379    54.310802    54.357154    0.006132     -0.048275    2.451749    
-0.442079    -0.085387    24.664842    24.747365    -0.026183    -0.005057    1.460818    
0.426293     1.831243     32.508406    32.622180    0.018190     0.078138     1.387116    
-0.253646    -0.699946    133.562151   133.578731   -0.001310    -0.003614    0.689657    
-1.079339    -1.769829    145.038727   145.066897   -0.030220    -0.049553    4.060885    
-1.180975    1.037992     40.598398    40.676492    -0.034740    0.030534     1.194255    
1.279231     -0.485865    31.337129    31.428698    0.066748     -0.025351    1.635103    
1.809438     0.299777     56.341778    56.405983    0.084686     0.014030     2.636941    
0.146050     0.190121     51.851126    51.889033    0.012534     0.016316     4.449680    
0.630090     -1.110092    23.730965    23.846656    0.033707     -0.059384    1.269483    
0.548652     0.632054     45.320046    45.370497    0.026959     0.031057     2.226869    
-1.324737    -0.730896    17.097254    17.276579    -0.067255    -0.037107    0.868008    
-1.712105    -0.563308    15.315160    15.545987    -0.611145    -0.201076    5.466826    
-0.433123    1.287725     89.056583    89.088696    -0.047714    0.141860     9.810758    
-0.040494    -0.375556    26.068543    26.145488    -0.001249    -0.011588    0.804374    
1.261147     0.373595     8.380743     8.708724     0.080343     0.023800     0.533908    
0.357276     -0.006249    50.069034    50.108989    0.002252     -0.000039    0.315604    
-2.720546    -1.712719    38.303877    38.488917    -0.101770    -0.064069    1.432863    
-1.609854    0.068530     13.788973    14.021664    -0.049080    0.002089     0.420387    
-1.746477    0.343442     23.242264    23.393288    -0.167354    0.032910     2.227156    
-0.979277    1.724847     76.916587    76.967334    -0.120252    0.211805     9.445080    
2.093064     -2.437133    72.712382    72.809930    0.128452     -0.149567    4.462366    
0.687345     1.652588     120.668714   120.698040   0.065818     0.158247     11.554882   
1.615830     -0.239923    28.655662    28.769608    0.318289     -0.047261    5.644648    
1.246566     0.751907     10.909526    11.180877    0.240070     0.144806     2.101015    
-0.489373    0.515710     25.692386    25.777492    -0.032244    0.033979     1.692822    
-1.356770    -0.767224    18.936375    19.102113    -0.230871    -0.130552    3.222255    
-1.192049    0.367233     103.606060   103.632265   -0.079856    0.024601     6.940608    
-0.109034    -0.028037    71.453607    71.480805    -0.006565    -0.001688    4.302550    
0.250070     -1.111598    14.865384    15.038377    0.065312     -0.290322    3.882470    
0.670735     0.402168     25.263913    25.352552    0.027998     0.016788     1.054579    
0.755180     -0.916681    12.762976    12.968389    0.102335     -0.124220    1.729514    
2.893494     2.019697     167.766439   167.815090   0.326095     0.227619     18.907182   
2.288137     -0.153982    53.374099    53.459599    0.120456     -0.008106    2.809821    
0.509067     2.309178     6.991846     7.638868     0.005315     0.024111     0.073005    
-0.029827    -0.542135    136.090648   136.105967   -0.006832    -0.124186    31.174037   
0.717405     -0.424205    85.222041    85.248846    0.069493     -0.041091    8.255196    
1.441351     -1.276766    102.837511   102.874372   0.294310     -0.260703    20.998404   
0.483655     0.942335     15.489226    15.649696    0.016855     0.032839     0.539776    
-3.654404    -0.839509    27.034909    27.364589    -0.132105    -0.030348    0.977299    
-1.483873    1.070447     44.971363    45.051594    -0.110512    0.079722     3.349250    
-1.315472    0.878070     14.748558    14.963168    -0.013038    0.008703     0.146181    
-0.496193    0.339179     45.040782    45.087784    -0.010250    0.007007     0.930446    
-0.689840    0.761224     26.509317    26.602146    -0.003619    0.003993     0.139064    
-0.806301    -0.284526    6.905671     7.231481     -0.129610    -0.045736    1.110062    
-0.514230    0.883836     13.552713    13.733047    -0.008459    0.014540     0.222950    
0.245950     -0.730446    90.724169    90.748795    0.005632     -0.016725    2.077331    
-1.231975    -0.407384    126.359748   126.381741   -0.130680    -0.043213    13.403403   
-2.038278    0.525409     52.524313    52.603317    -0.007864    0.002027     0.202639    
-1.484547    1.544316     115.079754   115.116522   -0.742980    0.772893     57.594656   
0.749474     -1.653674    15.237437    15.470966    0.045963     -0.101414    0.934463    
0.797434     -0.743676    48.103652    48.156259    0.100983     -0.094175    6.091596    
0.456057     2.524152     28.132741    28.317934    0.009229     0.051080     0.569312    
2.425468     -0.309240    12.821306    13.199976    0.055265     -0.007046    0.292138    
0.501889     -1.090445    39.451205    39.518521    0.005722     -0.012431    0.449756    
1.788449     -0.602680    65.757778    65.814300    0.079814     -0.026896    2.934614    
-1.102368    -0.333998    22.533447    22.648575    -0.002942    -0.000891    0.060129    
-0.017432    0.184005     16.362335    16.481357    -0.000712    0.007518     0.668487    
0.513460     0.913555     59.855160    59.896689    0.041530     0.073890     4.841199    
2.753114     -1.301879    46.523155    46.664263    0.634311     -0.299950    10.718817   
-0.065910    0.599737     5.973649     6.318501     -0.000625    0.005685     0.056630    
0.458404     0.932987     20.229933    20.352045    0.064566     0.131411     2.849382    
0.258365     0.081510     8.020745     8.263213     0.003990     0.001259     0.123853    
-0.443040    0.800876     15.248694    15.402445    -0.000964    0.001743     0.033183    
0.383830     0.775498     41.495550    41.551225    0.036907     0.074567     3.989970    
-0.736222    0.147597     18.762293    18.880212    -0.023623    0.004736     0.602025    
0.512571     2.174514     76.928044    76.985649    0.075780     0.321486     11.373253   
0.282662     0.970026     17.323496    17.464230    0.004922     0.016891     0.301658    
1.313671     -0.289653    31.780884    31.870193    0.030393     -0.006701    0.735289    
0.459350     0.109389     178.836312   178.847769   0.015949     0.003798     6.209146    
0.847583     -0.573085    74.238751    74.271892    0.078504     -0.053080    6.876048    
1.161035     -1.443230    76.905603    76.953088    0.013467     -0.016740    0.892008    
-0.457918    -0.688193    31.609084    31.681106    -0.045249    -0.068004    3.123457    
-0.389590    0.745014     41.126446    41.182112    -0.054440    0.104106     5.746863    
2.382533     0.479827     48.596157    48.696695    0.288405     0.058083     5.882544    
1.313498     -0.109327    29.933739    30.027336    0.278312     -0.023165    6.342544    
-1.310746    1.028552     28.908722    29.023527    -0.102276    0.080257     2.255714    
0.379312     -1.035077    32.703259    32.780991    0.024753     -0.067547    2.134161    
-0.866230    -1.295935    60.498199    60.550283    -0.009400    -0.014062    0.656476    
2.301472     1.113763     15.517739    15.849682    0.292855     0.141723     1.974586    
-0.079282    2.329575     67.997208    68.065619    -0.005519    0.162164     4.733357    
-0.613003    0.056632     12.755038    12.920717    -0.004410    0.000407     0.091770    
1.678142     -0.569182    37.919001    38.011390    0.010051     -0.003409    0.227110    
-0.947060    0.088465     9.442775     9.692559     -0.285573    0.026675     2.847345    
1.480424     1.011090     14.224505    14.471539    0.116930     0.079860     1.123510    
-1.191711    0.376600     90.648992    90.678976    -0.125114    0.039538     9.516943    
0.626102     -0.903340    26.716622    26.811581    0.061723     -0.089054    2.633790    
-0.192857    1.298715     47.050973    47.110433    -0.048641    0.327553     11.866881   
1.634855     0.923654     40.588543    40.679610    0.039383     0.022251     0.977773    
-0.889617    -0.828671    49.743344    49.797121    -0.017540    -0.016338    0.980760    
1.045331     0.310242     26.146660    26.243318    0.231453     0.068693     5.789293    
-0.958173    1.756044     35.703823    35.813959    -0.135211    0.247801     5.038280    
-0.197542    -0.883131    15.006144    15.161737    -0.010602    -0.047397    0.805366    
1.071403     -0.457339    7.411596     7.756531     0.013226     -0.005646    0.091493    
1.303192     0.799904     72.460391    72.503251    0.064620     0.039664     3.593045    
-0.823985    0.062685     15.283942    15.432327    -0.017273    0.001314     0.320400    
-0.589768    -1.711972    36.474844    36.572775    -0.025283    -0.073393    1.563686    
0.167788     0.108871     33.140481    33.199495    0.003174     0.002059     0.626816    
0.956337     1.990568     40.722894    40.830209    0.193282     0.402308     8.230387    
-1.319402    -1.616221    102.071940   102.112237   -0.327388    -0.401039    25.327513   
-0.514998    0.525370     46.560216    46.607616    -0.017187    0.017533     1.553840    
1.089477     0.586539     42.002691    42.066994    0.018100     0.009744     0.697804    
-2.234849    -0.433875    88.861780    88.912730    -0.142405    -0.027647    5.662296    
-0.507926    0.465144     119.199522   119.217764   -0.025873    0.023694     6.071820    
2.211523     -0.203721    16.453645    16.719143    0.060746     -0.005596    0.451950    
0.345297     -0.388060    12.904165    13.063776    0.051107     -0.057436    1.909921    
0.894872     -0.859445    21.760404    21.884459    0.013658     -0.013118    0.332127    
0.283135     0.133537     77.938264    77.963748    0.069628     0.032839     19.166446   
1.844267     -2.189765    43.241320    43.380676    0.012893     -0.015308    0.302288    
-0.213482    -1.493913    39.531241    39.608980    -0.018844    -0.131867    3.489399    
-0.001939    1.024826     13.517422    13.698392    -0.000007    0.003691     0.048688    
2.295514     1.313781     75.893659    75.965241    0.062860     0.035977     2.078269    
0.774199     -0.180599    100.482281   100.504705   0.070939     -0.016548    9.207111    
0.993304     1.590858     55.720868    55.787163    0.070870     0.113505     3.975576    
-1.173665    0.234504     66.942263    66.981893    -0.003874    0.000774     0.220984    
-1.759791    0.728450     77.690164    77.738433    -0.050191    0.020776     2.215781    
1.749089     -0.629900    70.060801    70.113101    0.126397     -0.045520    5.062919    
0.187441     2.265640     81.435674    81.491178    0.011191     0.135270     4.862103    
1.621802     -0.980272    11.130776    11.461252    0.045465     -0.027481    0.312039    
0.566449     0.940297     29.786317    29.871469    0.074310     0.123354     3.907546    
1.130287     -0.966092    119.013951   119.039516   0.030849     -0.026368    3.248261    
-0.928920    -0.308636    15.337164    15.493925    -0.028028    -0.009312    0.462762    
0.980848     0.235100     41.647457    41.706150    0.100687     0.024134     4.275234    
0.673037     -0.641308    19.337120    19.459276    0.002774     -0.002643    0.079700    
-1.424739    -1.627141    41.000510    41.104674    -0.339633    -0.387882    9.773817    
0.013647     -0.209556    37.634070    37.686102    0.000426     -0.006535    1.173625    
-0.220753    0.306037     13.693651    13.839560    -0.011305    0.015673     0.701271    
-1.279036    2.336293     71.941012    72.017209    -0.016227    0.029640     0.912686    
-0.255800    -0.108877    39.356902    39.407081    -0.016198    -0.006895    2.492252    
-0.828536    -2.235989    74.241153    74.305517    -0.059938    -0.161756    5.370763    
-0.739657    -0.190191    41.849402    41.902633    -0.070832    -0.018213    4.007646    
0.114763     0.223791     121.949727   121.965873   0.019170     0.037381     20.370092   
0.841764     -1.591336    74.316335    74.364195    0.023943     -0.045263    2.113829    
1.039138     0.937571     99.865642    99.894846    0.044032     0.039728     4.231626    
1.657437     -1.067989    123.292911   123.324388   0.037504     -0.024166    2.789830    
0.924294     -1.890484    95.619308    95.662716    0.048313     -0.098815    4.998011    
0.319607     -0.082977    13.860671    14.003649    0.001457     -0.000378    0.063195    
1.013874     0.736330     45.221332    45.281497    0.008013     0.005819     0.357386    
0.971572     3.250103     33.445786    33.674956    0.043357     0.145038     1.492536    
-1.045059    -1.328245    21.406926    21.563576    -0.001483    -0.001885    0.030374    
-1.392216    1.048273     36.220180    36.315473    -0.071551    0.053874     1.861484    
1.876658     -0.115149    14.300067    14.556853    0.503939     -0.030921    3.839994    
0.252331     -0.306092    33.562760    33.622778    0.007757     -0.009410    1.031764    
0.344713     0.149239     20.514843    20.612492    0.000718     0.000311     0.042754    
0.286314     0.589344     73.012035    73.041505    0.066475     0.136832     16.951669   
0.521826     2.461998     28.631973    28.809695    0.011376     0.053673     0.624192    
0.749748     -0.254635    135.432349   135.448968   0.034570     -0.011741    6.244559    
0.816658     -0.004514    86.265434    86.291756    0.036227     -0.000200    3.826792    
-0.942932    -0.205513    25.428563    25.522894    -0.091215    -0.019880    2.459843    
-0.093787    0.388645     15.198321    15.330485    -0.000091    0.000376     0.014707    
-1.824647    0.120841     22.469565    22.629632    -0.098188    0.006503     1.209133    
-0.404029    0.713796     26.904371    26.988755    -0.065656    0.115994     4.372039    
2.377650     -0.386318    23.102810    23.311311    0.150739     -0.024492    1.464682    
-0.203698    -0.343820    17.284778    17.401098    -0.008991    -0.015176    0.762946    
-0.262412    0.582636     77.664793    77.692363    -0.001603    0.003559     0.474474    
-2.355643    0.170201     24.495734    24.687932    -0.007340    0.000530     0.076323    
0.345294     0.824013     16.569257    16.709682    0.010661     0.025441     0.511560    
0.450721     0.047911     99.972631    99.993036    0.020168     0.002144     4.473488    
-1.560150    -0.297049    22.669093    22.809757    -0.221404    -0.042155    3.217023    
-0.403774    -1.012370    29.792972    29.877819    -0.001660    -0.004163    0.122508    
1.093670     0.210450     16.670699    16.823423    0.166577     0.032054     2.539123    
0.711279     0.739598     22.477472    22.586824    0.082935     0.086237     2.620883    
-0.555994    -1.325149    19.690354    19.840618    -0.090646    -0.216045    3.210209    
1.177471     -0.246760    67.202504    67.242092    0.124006     -0.025988    7.077482    
1.372741     -1.775722    26.047770    26.218293    0.131057     -0.169530    2.486806    
-2.107395    -1.264112    25.155161    25.351453    -0.139755    -0.083831    1.668199    
0.609166     -0.158575    18.268593    18.385121    0.006248     -0.001626    0.187378    
1.087010     -0.315607    67.420832    67.459060    0.018017     -0.005231    1.117458    
0.424950     0.284925     59.636834    59.671506    0.025773     0.017280     3.616918    
-1.105444    0.084773     121.250233   121.271279   -0.061804    0.004740     6.778941    
1.836439     0.085776     72.150914    72.201172    0.145238     0.006784     5.706185    
-1.873770    3.047305     29.232385    29.516171    -0.042615    0.069305     0.664834    
0.591977     0.587796     7.369174     7.673045     0.003439     0.003414     0.042805    
1.437905     0.024784     30.250124    30.348199    0.000571     0.000010     0.012020    
-1.231398    -0.516022    29.035947    29.133207    -0.066285    -0.027777    1.562979    
0.262022     1.723211     43.428186    43.507705    0.022505     0.148007     3.730059    
-0.355959    -0.085889    91.789963    91.811798    -0.032323    -0.007799    8.334985    
-0.268436    -1.055052    18.626834    18.762172    -0.055860    -0.219552    3.876170    
-1.400479    0.487592     76.468576    76.508282    -0.077916    0.027127     4.254367    
0.881320     0.521319     29.920501    30.002664    0.065738     0.038885     2.231785    
0.257687     -0.077866    8.782256     9.004190     0.004104     -0.001240    0.139882    
-1.529727    1.665148     12.153987    12.518273    -0.028110    0.030598     0.223340    
1.811389     1.646263     21.988831    22.212045    0.160635     0.145991     1.949976    
-0.563953    -1.462544    27.686249    27.800367    -0.077171    -0.200134    3.788572    
-2.027262    -1.520718    24.140856    24.353198    -0.305420    -0.229106    3.636978    
-1.545135    -0.351811    30.911638    31.014763    -0.003569    -0.000813    0.071410    
-0.631238    -0.251099    12.145515    12.322743    -0.027174    -0.010809    0.522845    
-1.666477    1.442892     19.439133    19.662500    -0.071829    0.062192     0.837869    
-0.374836    1.189354     30.625334    30.713858    -0.048961    0.155355     4.000310    
-0.748076    0.863027     67.678040    67.716294    -0.125758    0.145082     11.377222   
-0.357447    1.723730     17.976981    18.169915    -0.029651    0.142988     1.491243    
-0.140891    -2.004923    39.640728    39.740430    -0.000023    -0.000324    0.006399    
-1.644797    -0.853254    49.014401    49.088898    -0.015356    -0.007966    0.457598    
-0.271161    -0.760786    16.895861    17.029310    -0.011004    -0.030874    0.685668    
0.659692     -1.080120    23.971089    24.085056    0.021723     -0.035568    0.789353    
-2.258714    -1.985650    36.757888    36.933208    -0.014341    -0.012607    0.233375    
-0.780612    0.000963     19.240745    19.356926    -0.019405    0.000024     0.478306    
-1.292223    -1.759412    67.309732    67.373885    -0.093670    -0.127536    4.879130    
-1.187496    0.473764     64.819514    64.861999    -0.015005    0.005986     0.819060    
0.250859     0.799138     45.992741    46.042467    0.013567     0.043218     2.487315    
-0.667117    0.627456     124.353561   124.372512   -0.021405    0.020132     3.989922    
0.548841     -1.104216    101.797303   101.823800   0.047642     -0.095851    8.836483    
-0.992094    0.528418     7.924369     8.242211     -0.091135    0.048541     0.727944    
-1.088630    2.812123     81.208919    81.288724    -0.204336    0.527836     15.242940   
2.348689     1.918828     41.371398    41.529095    0.006301     0.005148     0.110992    
-0.628389    0.383634     46.113558    46.161426    -0.147769    0.090213     10.843820   
-0.677890    -1.028590    6.085042     6.513081     -0.095842    -0.145425    0.860323    
-1.110268    1.420346     69.795526    69.846549    -0.106829    0.136665     6.715690    
2.732966     -2.132855    27.549688    27.836638    0.166496     -0.129936    1.678363    
-1.163698    -0.015830    16.993249    17.146426    -0.219028    -0.002979    3.198421    
-0.065739    2.211389     16.841551    17.099923    -0.000123    0.004126     0.031422    
-0.095015    0.247250     143.300239   143.314003   -0.005626    0.014639     8.484411    
-0.407660    0.447728     13.903845    14.055550    -0.040978    0.045005     1.397599    
-1.411504    -2.190974    109.100966   109.149844   -0.248833    -0.386245    19.233321   
0.623243     -0.430339    15.281452    15.426320    0.035555     -0.024550    0.871783    
-1.313907    -0.462974    30.239962    30.335968    -0.013042    -0.004596    0.300167    
-0.347297    -0.066204    27.049128    27.122966    -0.039544    -0.007538    3.079863    
0.202815     -1.269280    21.535187    21.663136    0.020296     -0.127016    2.155015    
-1.197280    -0.293739    30.388116    30.476750    -0.035254    -0.008649    0.894768    
0.106042     0.543534     51.672059    51.712506    0.011697     0.059957     5.699889    
0.277240     1.854759     50.335691    50.409064    0.009504     0.063581     1.725509    
-1.463587    -0.711327    22.834391    22.976780    -0.094549    -0.045952    1.475122    
-1.340233    0.339930     123.809330   123.832697   -0.024028    0.006094     2.219700    
1.403967     0.417950     32.649478    32.741551    0.067738     0.020165     1.575261    
0.517886     0.292391     9.334320     9.558147     0.014397     0.008128     0.259494    
-1.260008    -0.896115    17.110390    17.292514    -0.091003    -0.064721    1.235788    
0.012937     -1.098983    39.483284    39.547599    0.000494     -0.041926    1.506288    
0.119019     1.924725     81.548778    81.595324    0.034212     0.553266     23.441344   
0.136056     -0.767418    53.047076    53.089309    0.002890     -0.016300    1.126692    
-0.431772    -1.024312    24.227959    24.333200    -0.007640    -0.018125    0.428705    
-0.339822    1.507987     7.462233     7.870793     -0.010813    0.047984     0.237445    
0.745949     0.826650     19.212961    19.345609    0.141903     0.157255     3.654908    
-0.208665    -2.208256    61.374091    61.445699    -0.026952    -0.285229    7.927386    
-0.201227    -1.923839    23.689274    23.849493    -0.000066    -0.000627    0.007724    
-0.550883    0.647575     10.316245    10.536731    -0.012928    0.015197     0.242096    
0.546620     -0.828732    38.994832    39.057105    0.107725     -0.163322    7.684888    
-0.302068    0.236649     56.374048    56.409710    -0.008032    0.006292     1.498955    
0.973861     -0.105709    24.320192    24.419383    0.195244     -0.021193    4.875816    
-0.575276    -0.911954    14.339220    14.513813    -0.017856    -0.028305    0.445063    
-1.226710    -0.460807    66.587446    66.629424    -0.003403    -0.001278    0.184714    
-2.314688    0.080416     39.228017    39.345604    -0.084483    0.002935     1.431767    
-1.105664    -0.213893    69.034877    69.072118    -0.174266    -0.033712    10.880715   
2.388452     -0.267956    44.345013    44.453702    0.330021     -0.037024    6.127315    
1.437222     0.868282     25.757756    25.887381    0.422540     0.255273     7.572726    
1.084604     -0.018318    14.721079    14.891670    0.128631     -0.002172    1.745885    
-0.211040    0.369165     63.577953    63.609842    -0.017907    0.031323     5.394532    
1.200501     -0.393233    24.324853    24.437047    0.186716     -0.061160    3.783293    
-1.267199    0.194074     34.194192    34.274790    -0.088413    0.013541     2.385745    
0.555607     0.899223     15.318085    15.480180    0.047466     0.076822     1.308645    
-1.739233    -0.220918    14.862360    15.094318    -0.015776    -0.002004    0.134814    
-1.306970    0.225567     13.679186    13.883593    -0.002964    0.000512     0.031021    
-1.424396    -0.848278    44.002212    44.077410    -0.101153    -0.060240    3.124798    
-0.436330    0.321201     31.541627    31.607638    -0.000596    0.000438     0.043057    
-0.864371    -1.131294    24.936457    25.054517    -0.062359    -0.081615    1.798996    
1.006134     -1.287368    138.942756   138.966305   0.113554     -0.145294    15.681270   
1.273055     -2.944420    109.958550   110.022943   0.040020     -0.092562    3.456694    
-0.845013    -0.136780    77.180713    77.210557    -0.019952    -0.003230    1.822346    
-2.441857    -1.369407    83.376618    83.446829    -0.672090    -0.376912    22.948342   
-0.497618    -0.857585    10.600715    10.827427    -0.043087    -0.074256    0.917887    
-0.700921    -2.704477    81.528792    81.600394    -0.001273    -0.004910    0.148014    
2.204095     0.013219     97.568544    97.613287    0.265466     0.001592     11.751352   
0.309337     -0.862308    15.233832    15.387782    0.003728     -0.010393    0.183606    
0.117840     1.498100     102.269918   102.299898   0.027877     0.354407     24.194068   
-0.418198    -0.626396    57.484424    57.523049    -0.002431    -0.003641    0.334142    
-0.612159    0.493139     6.450983     6.790292     -0.003930    0.003166     0.041410    
-0.275326    -0.564347    86.288623    86.313357    -0.054199    -0.111095    16.986357   
2.012839     1.326655     51.551081    51.644946    0.095792     0.063136     2.453343    
0.711727     -0.341699    19.809894    19.923106    0.142075     -0.068210    3.954446    
0.021685     -1.315387    161.155382   161.172774   0.001212     -0.073515    9.006696    
-0.849450    0.537360     44.599377    44.654112    -0.105535    0.066761     5.541006    
0.331014     1.311101     47.731525    47.791233    0.023458     0.092914     3.382595    
1.116003     0.754720     76.057615    76.095012    0.274273     0.185482     18.692164   
1.353370     -0.085774    33.682802    33.767515    0.227845     -0.014440    5.670617    
-0.788411    1.182358     48.299047    48.360030    -0.012641    0.018957     0.774407    
0.296933     0.434705     95.358922    95.380691    0.021626     0.031660     6.945121    
-1.268838    0.776193     8.269502     8.629719     -0.038636    0.023635     0.251803    
0.406543     0.018748     93.900472    93.921985    0.016671     0.000769     3.850565    
-0.180103    -0.163722    8.061886     8.302301     -0.004045    -0.003678    0.181086    
1.069652     -0.562574    11.800022    12.023981    0.087638     -0.046092    0.966791    
-1.156792    -0.771259    44.134414    44.200164    -0.174311    -0.116217    6.650369    
-1.022024    1.371633     63.218320    63.272085    -0.038215    0.051288     2.363835    
-0.274939    0.715173     59.054218    59.091985    -0.016416    0.042702     3.526080    
0.750719     -1.054386    18.016423    18.169804    0.078037     -0.109603    1.872801    
0.452139     -0.114221    12.031183    12.200074    0.084458     -0.021336    2.247390    
-0.447629    -0.348772    131.656271   131.672209   -0.050715    -0.039515    14.916309   
1.531709     0.174861     79.670124    79.709349    0.038908     0.004442     2.023760    
-1.427559    -0.182868    10.996972    11.264090    -0.213118    -0.027300    1.641717    
0.921807     1.056510     26.508164    26.618107    0.100516     0.115204     2.890502    
-0.900049    1.579382     58.776283    58.837326    -0.173700    0.304804     11.343190   
0.086841     -0.772923    8.377034     8.640290     0.006060     -0.053938    0.584587    
0.619166     -0.521687    28.891578    28.969877    0.003609     -0.003041    0.168391    
-2.122646    -1.359576    144.500359   144.535749   -0.642804    -0.411723    43.759290   
-1.134002    0.213162     24.787314    24.892113    -0.005776    0.001086     0.126263    
-0.453299    1.183277     23.738025    23.853185    -0.002532    0.006610     0.132613    
0.782263     1.381253     24.707573    24.836644    0.016435     0.029019     0.519092    
-0.929711    2.999928     111.926903   111.988260   -0.181849    0.586777     21.892573   
-1.060235    0.272620     11.463450    11.682639    -0.182908    0.047031     1.977635    
-0.231251    0.585229     121.908941   121.926457   -0.043467    0.110002     22.914489   
0.463918     0.457061     86.548746    86.573579    0.028615     0.028192     5.338489    
-1.272217    -1.038365    21.915897    22.065317    -0.386344    -0.315328    6.655368    
1.981984     0.216543     81.049438    81.097851    0.049379     0.005395     2.019279    
-0.079954    -1.506515    27.198630    27.311470    -0.005711    -0.107609    1.942781    
1.688346     -0.432793    45.921160    45.996366    0.381340     -0.097753    10.372030   
-0.432355    -1.095445    49.327466    49.380773    -0.037412    -0.094790    4.268377    
0.404796     -0.900813    165.631805   165.646446   0.000198     -0.000441    0.081056    
-0.675328    -0.164315    99.919232    99.941037    -0.011963    -0.002911    1.769933    
2.141177     2.184135     23.471112    23.751276    0.020076     0.020479     0.220073    
-1.223693    0.254064     42.209700    42.274055    -0.073068    0.015171     2.520400    
-0.547438    -0.692334    13.510533    13.681683    -0.005367    -0.006787    0.132447    
1.461008     0.051900     21.866704    22.003748    0.117685     0.004181     1.761374    
-0.189623    -1.098333    18.195026    18.335109    -0.022379    -0.129626    2.147385    
0.358239     0.160685     21.660235    21.753043    0.090013     0.040375     5.442474    
-0.023676    -0.155477    9.436278     9.640696     -0.000051    -0.000335    0.020346    
-0.402575    0.174271     45.574002    45.618604    -0.011578    0.005012     1.310732    
0.071569     -1.598830    45.187921    45.259083    0.002485     -0.055520    1.569175    
-1.205492    0.847328     22.231586    22.367153    -0.126226    0.088723     2.327845    
0.839567     0.908576     12.108239    12.329428    0.006621     0.007165     0.095484    
0.660403     0.163628     7.047595     7.348909     0.106458     0.026377     1.136086    
0.740801     2.293596     27.189968    27.367475    0.016101     0.049849     0.590949    
-0.061353    1.828616     59.949746    60.009954    -0.000878    0.026179     0.858246    
0.163722     1.692653     34.334298    34.432700    0.005727     0.059211     1.201054    
0.895661     -1.264937    20.007183    20.163447    0.021368     -0.030178    0.477320    
0.748957     1.127187     27.281635    27.386019    0.016186     0.024360     0.589586    
1.199355     2.568612     65.395908    65.486914    0.100226     0.214650     5.464899    
-0.945627    -0.030112    29.549582    29.630185    -0.232471    -0.007403    7.264394    
-1.815666    2.001595     36.770487    36.922170    -0.159532    0.175868     3.230801    
-1.521396    -0.833693    13.146854    13.406133    -0.145689    -0.079835    1.258947    
-1.287340    0.670329     69.034461    69.077770    -0.046807    0.024373     2.510082    
1.257478     -0.636009    36.401995    36.482406    0.224689     -0.113644    6.504393    
1.085430     0.110452     16.247080    16.402223    0.047455     0.004829     0.710318    
-0.257706    1.180550     56.181358    56.228819    -0.029594    0.135569     6.451615    
0.665836     1.487431     62.381886    62.434208    0.003471     0.007753     0.325157    
0.274158     0.455170     12.269605    12.437866    0.020604     0.034207     0.922093    
-0.594343    1.314446     50.538747    50.597637    -0.067720    0.149769     5.758408    
-0.142222    0.729015     5.405521     5.800543     -0.011864    0.060816     0.450937    
0.518890     -0.976497    44.071018    44.128815    0.140368     -0.264158    11.921927   
1.174232     -0.562988    51.459695    51.513794    0.650388     -0.311830    28.502662   
-0.187109    0.146952     37.309689    37.362340    -0.005182    0.004070     1.033360    
0.122844     -2.524809    9.409312     9.939812     0.011061     -0.227333    0.847210    
0.590931     -0.864806    38.231199    38.296170    0.057360     -0.083944    3.710967    
-0.885696    -0.378631    7.166277     7.493884     -0.058158    -0.024862    0.470561    
0.105335     0.412045     82.387886    82.412497    0.015833     0.061934     12.383568   
-0.943811    1.749085     39.687632    39.786093    -0.284105    0.526508     11.946743   
1.661240     -0.680144    51.504889    51.573741    0.186169     -0.076221    5.771955    
1.544388     0.978206     56.822371    56.885840    0.318173     0.201529     11.706499   
-2.195750    -0.953228    31.490908    31.643043    -0.074162    -0.032196    1.063616    
0.265503     0.878483     29.659586    29.739002    0.026291     0.086991     2.937029    
-1.813353    0.803234     24.068506    24.230175    -0.002577    0.001141     0.034204    
-1.088091    -0.253849    14.860418    15.031811    -0.049976    -0.011659    0.682540    
-0.547655    -2.160768    36.293508    36.415141    -0.067136    -0.264885    4.449158    
-1.234750    0.303451     25.645092    25.751940    -0.074004    0.018187     1.537026    
1.161133     0.047932     32.530598    32.610815    0.038009     0.001569     1.064872    
2.646283     1.117166     54.585629    54.696588    0.318821     0.134595     6.576406    
0.604495     -0.460545    24.070547    24.162858    0.041844     -0.031879    1.666194    
1.085869     -1.674816    16.331882    16.570741    0.050294     -0.077573    0.756446    
-1.238217    -0.861206    10.921935    11.199932    -0.111477    -0.077535    0.983304    
-0.111518    -0.535762    26.084515    26.164410    -0.007105    -0.034134    1.661886    
1.583538     -1.175475    96.725422    96.765550    0.023675     -0.017575    1.446140    
0.812992     0.105575     16.967692    17.101159    0.063000     0.008181     1.314855    
-0.789063    -2.314629    43.381856    43.495293    -0.025635    -0.075198    1.409404    
0.014342     -0.016945    8.210830     8.443529     0.000884     -0.001044    0.506114    
-0.027617    -0.649203    7.121417     7.416991     -0.000209    -0.004922    0.053996    
-0.699638    0.416082     79.225928    79.254560    -0.005814    0.003458     0.658371    
0.219450     -0.637685    31.667785    31.736073    0.065497     -0.190323    9.451523    
0.001378     0.562109     27.943730    28.018618    0.000070     0.028543     1.418925    
1.521639     0.385708     129.837145   129.861555   0.157024     0.039803     13.398441   
-1.427469    -2.746594    53.455084    53.580802    -0.002199    -0.004232    0.082362    
1.179890     -1.845068    23.140135    23.326749    0.002274     -0.003556    0.044602    
0.603284     -1.306496    45.933981    45.998657    0.023775     -0.051487    1.810192    
-0.205452    1.237570     11.108820    11.351416    -0.003417    0.020580     0.184732    
0.792495     -0.147718    47.256199    47.304050    0.096862     -0.018055    5.775844    
0.777354     -1.331884    47.223717    47.289879    0.057058     -0.097761    3.466241    
0.965106     0.762399     21.979127    22.101349    0.051488     0.040674     1.172586    
1.257523     -1.761046    14.472888    14.765571    0.114236     -0.159978    1.314752    
-0.007931    -0.531182    41.413365    41.463526    -0.000054    -0.003595    0.280287    
0.070555     2.852936     86.478366    86.547830    0.001466     0.059275     1.796753    
-0.586149    0.595791     38.868127    38.926916    -0.015504    0.015759     1.028099    
-1.499074    3.055180     52.089226    52.237379    -0.081771    0.166653     2.841340    
0.553278     2.093565     27.840710    27.994092    0.030634     0.115917     1.541489    
-1.091962    -1.954268    64.637067    64.705772    -0.040474    -0.072436    2.395797    
1.248000     -1.640456    62.881885    62.946445    0.102054     -0.134147    5.142107    
-0.505560    0.403163     91.908266    91.931618    -0.005150    0.004107     0.936246    
0.303169     2.116020     13.495041    13.804366    0.001010     0.007049     0.044954    
-0.809522    1.746784     50.244986    50.320375    -0.003751    0.008093     0.232793    
0.759280     -0.654110    29.848235    29.929859    0.080084     -0.068991    3.148191    
-2.388880    -0.669995    73.358687    73.427022    -0.187216    -0.052507    5.749102    
0.516739     0.388001     63.025206    63.059250    0.024506     0.018401     2.988939    
0.908099     -0.810543    12.423238    12.636987    0.036322     -0.032420    0.496904    
-1.446504    -0.477226    195.921035   195.936845   -0.249796    -0.082412    33.833476   
-0.492991    -0.752208    10.035134    10.265852    -0.017183    -0.026218    0.349768    
-0.135309    -1.475671    40.686488    40.761025    -0.001115    -0.012161    0.335290    
-2.930011    -1.193890    25.565289    25.835428    -0.370278    -0.150877    3.230797    
-0.214354    1.216347     93.554946    93.583804    -0.009618    0.054576     4.197673    
-0.489364    0.210672     74.916366    74.944117    -0.003296    0.001419     0.504509    
1.114437     -0.495277    33.492857    33.572812    0.157909     -0.070178    4.745734    
0.474415     0.920147     22.470583    22.580385    0.002173     0.004214     0.102917    
-0.461465    0.148685     16.573262    16.696797    -0.028004    0.009023     1.005763    
0.345722     -1.525659    132.524842   132.548692   0.006360     -0.028065    2.437838    
-1.413199    -0.847322    27.034759    27.156366    -0.115301    -0.069132    2.205728    
-1.563801    0.694724     48.333688    48.404013    -0.010216    0.004538     0.315739    
-1.069149    -0.883418    48.016397    48.076739    -0.023752    -0.019626    1.066724    
-0.445450    2.323285     125.748302   125.785955   -0.051183    0.266950     14.448734   
0.962603     0.709943     38.067949    38.137571    0.035997     0.026548     1.423550    
0.026527     1.723487     128.255438   128.282125   0.002390     0.155281     11.555441   
1.349663     1.492101     71.306218    71.361752    0.005173     0.005719     0.273291    
-2.062093    -0.117544    43.675593    43.768692    -0.159998    -0.009120    3.388798    
-1.471816    -0.976399    28.511764    28.634162    -0.048609    -0.032247    0.941646    
-1.477959    1.064810     41.046360    41.133889    -0.158825    0.114427     4.410939    
0.412701     -0.019104    10.854862    11.039641    0.011729     -0.000543    0.308507    
-1.301578    -1.802930    40.718758    40.826914    -0.093500    -0.129515    2.925059    
-0.108421    0.399969     10.629020    10.817706    -0.000958    0.003533     0.093881    
-0.217873    -2.332962    76.424012    76.485258    -0.009284    -0.099412    3.256574    
-0.089799    0.166242     6.664540     6.951744     -0.005787    0.010714     0.429500    
1.176297     -0.170282    11.355372    11.585857    0.012078     -0.001748    0.116591    
-0.782608    1.312934     59.294625    59.346978    -0.218196    0.366054     16.531701   
0.863593     1.285160     63.527882    63.577230    0.035350     0.052606     2.600413    
-1.477434    0.327751     185.686536   185.703136   -0.018955    0.004205     2.382267    
-1.435132    -0.332949    13.528357    13.749976    -0.006156    -0.001428    0.058030    
0.023887     0.562879     11.175051    11.361079    0.000770     0.018146     0.360251    
-1.870783    -0.384192    62.819730    62.879574    -0.310216    -0.063707    10.416860   
0.338425     -0.028329    29.686010    29.753143    0.009802     -0.000821    0.859809    
-0.820553    1.335030     98.405583    98.437743    -0.016030    0.026080     1.922389    
0.295809     -1.272575    15.500531    15.679552    0.054791     -0.235712    2.871078    
-0.812859    0.465014     17.945973    18.077884    -0.002942    0.001683     0.064956    
1.159367     -0.350773    61.840255    61.883433    0.041431     -0.012535    2.209931    
-1.366956    -0.780465    93.229631    93.263695    -0.084922    -0.048486    5.791890    
-2.174717    2.528368     52.262382    52.405663    -0.476053    0.553468     11.440403   
0.322097     1.443051     23.625598    23.753525    0.001056     0.004731     0.077454    
-0.544345    -0.467700    59.244385    59.281423    -0.103374    -0.088819    11.250801   
0.944475     -1.312236    24.646174    24.777466    0.100921     -0.140218    2.633553    
0.629619     -0.476632    11.490610    11.684719    0.031451     -0.023809    0.573991    
-1.164112    -1.113353    62.747920    62.799452    -0.045866    -0.043866    2.472274    
1.000228     0.673323     28.223135    28.317382    0.118426     0.079721     3.341599    
2.134857     -0.461443    28.127111    28.280379    0.023568     -0.005094    0.310509    
-0.330246    0.469669     47.200802    47.245320    -0.016259    0.023123     2.323817    
0.090264     0.373339     27.731539    27.803970    0.001807     0.007475     0.555273    
-0.010019    0.176657     19.186341    19.287870    -0.000456    0.008044     0.873634    
0.910901     0.822610     51.281950    51.334392    0.098810     0.089233     5.562805    
-0.773840    -2.260858    65.014974    65.088648    -0.030576    -0.089330    2.568843    
0.057811     -0.062450    4.943262     5.321469     0.012791     -0.013817    1.093699    
-0.045581    1.434762     26.696810    26.807746    -0.015562    0.489863     9.114942    
-2.233036    0.954471     52.616319    52.709102    -0.296746    0.126839     6.992131    
-1.664377    3.149394     63.020777    63.152055    -0.050904    0.096323     1.927469    
-0.721107    2.286108     15.050877    15.367177    -0.081750    0.259169     1.706270    
-2.068574    0.549588     17.101102    17.346576    -0.425889    0.113152     3.520866    
-0.054752    -1.050067    162.942427   162.957710   -0.013416    -0.257290    39.924523   
0.245195     0.154421     9.786435     9.986652     0.043636     0.027482     1.741650    
0.155037     0.782038     71.171933    71.203614    0.005977     0.030150     2.743878    
1.507881     -1.325210    61.185957    61.250520    0.025545     -0.022451    1.036558    
-1.958958    -2.069798    58.820131    58.922019    -0.010468    -0.011060    0.314308    
1.226229     0.378610     15.669884    15.845100    0.106977     0.033030     1.367048    
0.176275     2.845862     44.251399    44.386837    0.035221     0.568618     8.841664    
0.069447     -1.170700    18.770080    18.909422    0.022645     -0.381742    6.120552    
-0.128258    0.140626     27.167369    27.239257    -0.010510    0.011523     2.226201    
1.179495     -0.828651    10.538485    10.817232    0.113020     -0.079402    1.009802    
2.466527     0.227736     60.418035    60.500823    0.259124     0.023925     6.347278    
1.243051     -0.757557    91.871169    91.903785    0.190711     -0.116226    14.095037   
0.344507     -1.074970    58.788805    58.832583    0.140936     -0.439765    24.050211   
0.914472     2.584766     58.712000    58.808938    0.045297     0.128031     2.908180    
0.829855     -0.286801    29.849857    29.927576    0.036275     -0.012537    1.304802    
-0.073327    -1.299309    37.989930    38.063149    -0.003088    -0.054719    1.599894    
1.731977     1.123528     47.129543    47.215791    0.082644     0.053611     2.248868    
-0.117282    -0.199063    135.800835   135.815298   -0.019928    -0.033823    23.074181   
-0.412814    -0.066322    21.203680    21.298963    -0.006292    -0.001011    0.323182    
0.019185     -1.089324    22.203200    22.316900    0.002158     -0.122535    2.497584    
-0.751948    -0.653612    41.871412    41.929497    -0.044478    -0.038661    2.476700    
1.242846     -2.004739    78.613727    78.673735    0.023701     -0.038231    1.499184    
1.428259     -0.660464    21.504988    21.652150    0.053955     -0.024950    0.812390    
1.227272     -0.803603    41.956542    42.028305    0.156597     -0.102538    5.353547    
-0.445237    -0.808395    107.878279   107.900184   -0.052732    -0.095744    12.776781   
-0.794720    1.339707     53.531420    53.590244    -0.042818    0.072181     2.884167    
0.774603     -0.109748    5.211432     5.625480     0.036317     -0.005146    0.244336    
-1.427722    -0.948125    36.885677    36.977905    -0.029724    -0.019739    0.767920    
0.215643     1.498428     36.316616    36.401420    0.012115     0.084184     2.040320    
-1.095633    -1.264534    28.581139    28.697664    -0.088396    -0.102023    2.305941    
-1.002026    -0.015369    140.451769   140.469138   -0.194360    -0.002981    27.242993   
-0.924874    0.188458     27.634338    27.720435    -0.216962    0.044209     6.482606    
-1.948140    -0.625594    69.977133    70.034711    -0.024897    -0.007995    0.894312    
-0.912061    0.473804     16.997848    17.142291    -0.091311    0.047435     1.701747    
-1.509230    -1.829441    74.894564    74.957957    -0.196524    -0.238220    9.752370    
1.726314     -0.239239    44.255095    44.333123    0.016634     -0.002305    0.426434    
-0.714339    -0.466618    93.245630    93.270308    -0.017458    -0.011404    2.278813    
-1.142777    -0.085766    80.591492    80.623674    -0.147555    -0.011074    10.405979   
-1.287747    1.178741     17.803003    17.996377    -0.019914    0.018228     0.275310    
1.350501     -0.189287    11.407294    11.655943    0.026165     -0.003667    0.221011    
-1.831878    -0.434781    55.970580    56.036823    -0.171887    -0.040796    5.251773    
0.266438     -0.778177    32.193000    32.263614    0.012390     -0.036188    1.497104    
1.307288     1.571390     56.834270    56.905074    0.085679     0.102989     3.724906    
1.278001     -0.413084    154.910991   154.929319   0.006565     -0.002122    0.795785    
0.520899     -0.096389    72.291678    72.320414    0.063461     -0.011743    8.807241    
-1.677949    0.582708     26.861519    26.992058    -0.113180    0.039305     1.811854    
-1.470259    -1.108007    69.576483    69.628667    -0.002323    -0.001750    0.109917    
2.545093     -0.657680    63.709044    63.793631    0.159384     -0.041187    3.989727    
0.650856     -1.018542    31.246352    31.331622    0.006966     -0.010902    0.334442    
0.547769     -2.074876    46.921719    47.011996    0.088795     -0.336342    7.606114    
2.230639     1.467396     82.618444    82.685012    0.293894     0.193334     10.885251   
1.657479     -0.418769    34.531970    34.630254    0.042291     -0.010685    0.881098    
1.055884     -1.677260    103.597245   103.634899   0.074752     -0.118743    7.334246    
0.677688     0.683001     10.445219    10.672550    0.129910     0.130928     2.002302    
1.382726     1.500743     76.800962    76.853281    0.047222     0.051252     2.622842    
-0.207209    0.219821     34.302112    34.359877    -0.016477    0.017480     2.727620    
-0.371927    -0.630711    45.676820    45.725081    -0.020387    -0.034572    2.503776    
1.924541     -1.152637    73.572966    73.633475    0.124509     -0.074570    4.759831    
3.387119     -0.004249    174.970346   175.014198   0.854011     -0.001071    44.116130   
1.989426     -0.792092    70.795305    70.855030    0.068762     -0.027378    2.446944    
1.207654     0.963000     16.343443    16.533871    0.064653     0.051555     0.874963    
0.591889     -1.077894    12.568226    12.780746    0.001699     -0.003095    0.036086    
-2.218072    0.273538     22.896429    23.089307    -0.033634    0.004148     0.347190    
0.614524     0.449112     123.767029   123.785022   0.064244     0.046951     12.938912   
-1.592455    -0.591040    16.511519    16.714977    -0.017808    -0.006609    0.184640    
0.497726     0.234253     10.514371    10.711188    0.015425     0.007260     0.325841    
0.497425     -0.480457    5.693546     6.063802     0.029827     -0.028809    0.341399    
1.314452     0.302098     99.624515    99.653088    0.032150     0.007389     2.436668    
-0.861071    1.066651     30.617519    30.711344    -0.114600    0.141961     4.074889    
-0.107603    0.537644     7.132408     7.419356     -0.032223    0.161005     2.135905    
-0.785223    0.203789     30.563157    30.637227    -0.051141    0.013273     1.990562    
1.826854     0.759878     81.134620    81.182611    0.002929     0.001218     0.130085    
0.895771     -0.322201    135.950216   135.967799   0.020169     -0.007255    3.061005    
0.005161     -0.557364    15.301063    15.437233    0.000262     -0.028321    0.777477    
-1.032080    -0.773756    19.068360    19.213048    -0.056165    -0.042107    1.037685    
0.566268     -0.248833    12.002192    12.178265    0.010516     -0.004621    0.222894    
-0.074965    -1.626655    21.614563    21.765016    -0.008485    -0.184121    2.446553    
1.831250     0.304922     40.902854    40.992254    0.030879     0.005142     0.689725    
-0.078539    -0.539530    53.224368    53.263548    -0.002243    -0.015410    1.520152    
0.606816     1.725313     42.932810    43.016811    0.028622     0.081378     2.025009    
0.327488     3.016918     47.688396    47.825381    0.021120     0.194565     3.075482    
1.630933     -0.770174    19.487947    19.669981    0.405143     -0.191320    4.841032    
-0.692728    1.499069     20.232994    20.395491    -0.023979    0.051892     0.700386    
-0.782356    1.422885     46.732078    46.801696    -0.094378    0.171646     5.637409    
-1.706244    0.615014     46.504659    46.581625    -0.127426    0.045930     3.473059    
0.835210     2.824168     62.061408    62.162423    0.020552     0.069494     1.527137    
-1.395007    1.087279     68.911741    68.962535    -0.047023    0.036650     2.322887    
2.833938     1.287075     17.793169    18.170294    0.079552     0.036130     0.499476    
0.463533     0.350076     18.673370    18.785823    0.041213     0.031125     1.660255    
-0.628016    -1.869608    24.355534    24.514421    -0.004775    -0.014215    0.185179    
1.225852     0.706219     38.878911    38.954411    0.007761     0.004471     0.246134    
1.242376     -0.667001    48.186379    48.247181    0.226350     -0.121522    8.779125    
-1.501596    1.043393     57.249407    57.312416    -0.018936    0.013158     0.721965    
0.151107     0.620331     33.641729    33.705319    0.002747     0.011279     0.611682    
0.555558     0.266675     7.248413     7.536192     0.027686     0.013290     0.361223    
-0.625695    1.995717     38.007806    38.116173    -0.037790    0.120536     2.295570    
-0.652658    -1.576992    32.043281    32.149022    -0.002887    -0.006976    0.141740    
0.235264     -1.192469    16.820187    16.978544    0.026491     -0.134274    1.893987    
-0.277275    -0.205919    51.962766    52.001186    -0.000365    -0.000271    0.068362    
-0.230155    0.489610     10.451372    10.648889    -0.001551    0.003300     0.070436    
-1.594644    1.215137     58.424381    58.491903    -0.041911    0.031937     1.535522    
-1.839012    1.182362     56.991711    57.067591    -0.007961    0.005119     0.246722    
-1.308262    -1.314472    35.850550    35.952416    -0.006063    -0.006092    0.166156    
0.656546     0.822610     26.085773    26.181105    0.046194     0.057878     1.835354    
-0.585478    -0.512737    40.488156    40.543451    -0.032812    -0.028735    2.269087    
1.434012     2.588598     62.354556    62.455767    0.036014     0.065010     1.565974    
1.627169     -1.218389    40.183217    40.282726    0.023914     -0.017907    0.590571    
-0.617778    0.386949     25.282595    25.369587    -0.044084    0.027612     1.804125    
1.349886     -1.029100    28.239996    28.359365    0.009226     -0.007033    0.193001    
-0.354995    1.193278     49.322515    49.377478    -0.012734    0.042805     1.769292    
-0.524794    2.374598     126.573995   126.612659   -0.041266    0.186723     9.952943    
0.216674     -0.939372    27.029082    27.117809    0.015972     -0.069246    1.992455    
-0.400881    1.702613     51.830073    51.896927    -0.004879    0.020723     0.630832    
-1.023050    -0.386253    88.805530    88.834075    -0.055154    -0.020823    4.787613    
1.001362     0.150247     41.391389    41.450541    0.250334     0.037561     10.347558   
-1.446490    1.471015     28.981857    29.121800    -0.001373    0.001397     0.027516    
1.011344     1.920674     40.418659    40.524742    0.232597     0.441731     9.295793    
1.480205     -1.150749    81.530344    81.575653    0.054525     -0.042389    3.003279    
-0.110378    -0.874637    37.441767    37.503840    -0.013572    -0.107546    4.603863    
-0.611355    0.651021     48.947292    48.994999    -0.118940    0.126657     9.522797    
-0.735176    -0.247060    8.928904     9.176154     -0.024621    -0.008274    0.299032    
-0.133182    0.616750     9.431989     9.655852     -0.020247    0.093763     1.433926    
0.532774     0.003580     59.908108    59.942808    0.009424     0.000063     1.059715    
-1.055952    -1.052566    23.042841    23.174779    -0.005077    -0.005061    0.110793    
-0.432602    -0.807547    55.273055    55.315684    -0.005741    -0.010716    0.733485    
-0.498083    -2.466494    126.690489   126.730764   -0.097724    -0.483924    24.856560   
-0.778351    -0.295925    42.431945    42.485742    -0.059226    -0.022518    3.228741    
0.939524     0.651443     31.676447    31.758138    0.110262     0.076453     3.717531    
-2.107930    -0.074347    30.063514    30.201635    -0.051140    -0.001804    0.729357    
1.371400     -0.156008    53.590858    53.644758    0.035774     -0.004070    1.397944    
-0.282131    -1.458949    51.349632    51.408830    -0.017661    -0.091329    3.214445    
1.069963     0.947628     107.721121   107.748586   0.050098     0.044370     5.043748    
0.341886     0.327880     39.665825    39.717465    0.002229     0.002137     0.258584    
-0.407041    0.157062     157.466687   157.479595   -0.030697    0.011845     11.875361   
-0.984287    -0.111647    18.440345    18.571553    -0.021098    -0.002393    0.395261    
1.593587     0.414276     40.233836    40.315600    0.222770     0.057912     5.624348    
1.123342     0.025371     142.105661   142.123736   0.043027     0.000972     5.443069    
0.042291     -1.756549    106.904708   106.937266   0.000402     -0.016682    1.015282    
-0.675455    0.013376     20.414139    20.519952    -0.010131    0.000201     0.306194    
1.626438     1.079401     42.222719    42.313631    0.130376     0.086525     3.384584    
0.197228     0.171376     7.708847     7.960499     0.030258     0.026292     1.182671    
-0.415774    0.619592     10.827883    11.030628    -0.018103    0.026978     0.471459    
1.875965     0.028750     16.062319    16.290891    0.132372     0.002029     1.133394    
-0.364372    0.782725     76.325709    76.355971    -0.003029    0.006506     0.634438    
-1.264782    3.208785     28.821825    29.094132    -0.048434    0.122877     1.103702    
0.394542     1.984751     17.856984    18.078765    0.009713     0.048860     0.439601    
1.379999     0.643901     22.645221    22.781571    0.030383     0.014176     0.498565    
-0.841148    -1.051420    35.293340    35.373829    -0.049247    -0.061557    2.066316    
-0.580084    0.033750     14.974378    15.114384    -0.029551    0.001719     0.762835    
1.094583     -0.206440    13.877798    14.060902    0.041941     -0.007910    0.531749    
1.001258     -0.409394    8.949995     9.227539     0.017871     -0.007307    0.159747    
1.473167     0.511486     42.916078    42.989493    0.241343     0.083795     7.030774    
-0.837173    -0.221066    38.476259    38.536310    -0.225021    -0.059420    10.341920   
0.874758     -1.179963    68.114903    68.159170    0.125773     -0.169656    9.793599    
-2.529860    0.377334     125.073367   125.115005   -0.257014    0.038334     12.706462   
3.040243     -0.441774    58.869146    58.982112    0.302427     -0.043945    5.855987    
0.828170     -0.160428    23.045653    23.144950    0.091076     -0.017643    2.534388    
1.673403     -1.523212    16.446998    16.718228    0.006174     -0.005620    0.060682    
1.026808     0.527510     155.619016   155.635746   0.113687     0.058405     17.229983   
-0.482304    -2.605340    55.662981    55.760765    -0.023001    -0.124250    2.654593    
0.599425     -2.260134    146.512452   146.544332   0.079759     -0.300731    19.494810   
0.663089     0.283625     13.260193    13.424895    0.045814     0.019596     0.916169    
-1.433606    -1.345369    24.746290    24.902190    -0.062825    -0.058959    1.084466    
0.229591     -0.610495    63.261837    63.295816    0.013943     -0.037074    3.841748    
0.622392     -0.124701    18.131533    18.249120    0.023553     -0.004719    0.686148    
-1.501342    -1.795590    98.014079    98.061780    -0.024081    -0.028800    1.572088    
-0.718708    -1.465859    35.211614    35.304362    -0.039687    -0.080945    1.944402    
0.840327     -1.172773    14.001397    14.212516    0.016191     -0.022596    0.269770    
0.456303     0.623203     65.721751    65.755761    0.000441     0.000602     0.063480    
-1.646913    2.056812     101.334055   101.387418   -0.173171    0.216271     10.655159   
-1.575592    1.587022     9.905301     10.343648    -0.094988    0.095677     0.597162    
0.727791     -1.266412    15.244703    15.440512    0.128080     -0.222869    2.682833    
1.226304     1.483503     55.857457    55.925263    0.009012     0.010902     0.410503    
0.503262     1.207692     27.721545    27.822128    0.088103     0.211423     4.853037    
-1.448687    0.567512     48.428816    48.493772    -0.069350    0.027167     2.318320    
1.339668     -0.826711    34.329045    34.421453    0.028953     -0.017867    0.741922    
-1.337063    1.473955     77.380831    77.431442    -0.043479    0.047930     2.516290    
-0.832829    -0.083844    29.373595    29.451378    -0.226941    -0.022847    8.004130    
0.836621     0.162166     73.296517    73.327898    0.109087     0.021145     9.557162    
1.236677     0.340748     43.457431    43.520900    0.038186     0.010522     1.341877    
-0.706184    -1.191047    55.162995    55.215471    -0.018981    -0.032013    1.482695    
1.925973     -0.879764    158.286903   158.313303   0.077311     -0.035315    6.353841    
0.182320     0.128902     18.463456    18.569438    0.002301     0.001627     0.232987    
1.126938     1.221991     34.799062    34.894311    0.060920     0.066058     1.881158    
-1.339523    0.622725     57.983639    58.035847    -0.084463    0.039266     3.656145    
2.678440     0.270474     119.893250   119.939625   0.195091     0.019701     8.732734    
-0.643283    -0.399380    16.479380    16.613796    -0.043803    -0.027195    1.122129    
0.090873     1.292593     74.402932    74.440246    0.006286     0.089412     5.146658    
0.959888     0.678805     19.531574    19.665693    0.065243     0.046138     1.327558    
-0.504441    0.098378     29.599954    29.669788    -0.014596    0.002847     0.856462    
0.002682     1.040558     50.710957    50.759816    0.000079     0.030765     1.499314    
1.499405     -2.947080    66.446733    66.558071    0.074252     -0.145943    3.290512    
-1.056604    -0.505167    14.795235    14.971491    -0.110838    -0.052992    1.552025    
1.554984     0.015061     56.160336    56.216336    0.206377     0.001999     7.453571    
1.808655     0.714064     39.229220    39.326680    0.432547     0.170771     9.381829    
-0.638268    0.840612     43.285400    43.342991    -0.090246    0.118856     6.120206    
0.552305     1.334106     20.750188    20.893303    0.022327     0.053930     0.838814    
1.398641     0.697487     49.166649    49.230854    0.105736     0.052729     3.716948    
-1.008133    -1.155197    83.333539    83.370885    -0.064128    -0.073483    5.300918    
2.394840     0.208082     51.541887    51.635450    0.001050     0.000091     0.022589    
0.344578     -0.767896    84.594460    84.621546    0.087253     -0.194443    21.420642   
1.622620     0.384430     47.440094    47.510190    0.088211     0.020899     2.579008    
1.572584     1.466815     53.340447    53.420060    0.006249     0.005829     0.211955    
-2.352225    0.738009     24.917036    25.115956    -0.131123    0.041140     1.388987    
-2.162653    1.213074     108.735472   108.781554   -0.270644    0.151810     13.607660   
0.452844     -0.157271    34.620522    34.679754    0.013127     -0.004559    1.003571    
0.889476     0.113171     19.613122    19.732042    0.001487     0.000189     0.032784    
0.039470     1.164429     27.642082    27.736566    0.002703     0.079730     1.892689    
0.027796     1.715134     37.536737    37.627437    0.001485     0.091660     2.006042    
-0.510602    1.191012     22.802114    22.923582    -0.000088    0.000204     0.003911    
0.739817     0.120774     9.587085     9.815756     0.029227     0.004771     0.378744    
-0.266333    -1.026228    6.597698     6.966251     -0.016431    -0.063313    0.407046    
-0.251061    -0.903488    30.241894    30.320396    -0.027549    -0.099140    3.318454    
0.330670     -0.402383    5.085767     5.478251     0.039440     -0.047993    0.606595    
0.181154     0.012335     18.507859    18.613134    0.014726     0.001003     1.504493    
